-3.00165875332925,0,0
-2.88938981270142,0.557288290923513,0.0956968848451084
-2.92220584387391,1.0645639046594,0.086883510438143
-3.09111589803142,1.57279585017882,-0.028805679398735
-3.39945200501315,2.1288560334369,-0.265833967181121
-3.86965030247513,2.77696702429971,-0.658579429568306
-4.54660957614745,3.55737941763641,-1.27127217754942
-5.49997820486714,4.49500211823906,-2.21952153392482
-6.79947586643708,5.55118238049125,-3.6952946424026
-8.41039518853053,6.48340193748197,-5.97789341781753
-9.84911840069945,6.52759832238879,-9.22074251409707
-9.75978441827549,4.26719266377785,-12.6584171884025
-7.15334569541748,-0.753653847999844,-14.2055708451866
-4.0881600188836,-6.21631478609533,-13.0702610364082
-3.25342272414899,-9.72168947820356,-10.5851721867173
-4.52208570519424,-10.7386442385824,-7.87864540369659
-6.20432184599979,-9.93825406627227,-5.74698085343948
-7.12925228110348,-8.28170324683421,-4.52693926141193
-7.08028011625886,-6.42022238991852,-3.9303592772234
-6.34162360554342,-4.666064135896,-3.51950245056602
-5.29682567313557,-3.13788232270112,-3.07131082588553
-4.24656139610674,-1.8620689739797,-2.58205654818168
-3.36277127790531,-0.82657235924134,-2.13039352584437
-2.7128770059583,0.0023249216753276,-1.78074765435247
-2.30007560591863,0.672576334955788,-1.55728055649139
-2.10161193868661,1.23621745670176,-1.45626649310785
-2.09034141248298,1.74311816450045,-1.46305231576036
-2.24895841129977,2.23626112877923,-1.56663210591436
-2.5749686839649,2.75216855144254,-1.76812821844277
-3.08070690277263,3.3218033307931,-2.0870456227991
-3.79289949633838,3.96906297005486,-2.57080484520643
-4.7460799316623,4.70055137000769,-3.30870534552616
-5.95543654646873,5.47038319695197,-4.44463761048987
-7.33522247087769,6.09054040956488,-6.15962795054013
-8.50558191881122,6.06896117222135,-8.51741715085297
-8.60135244518991,4.58399095746782,-11.0302010870861
-6.84860766247596,1.27414279598971,-12.4295719752557
-3.98300495861989,-2.72560954207513,-11.9223441855677
-1.71518047735189,-5.86363321893716,-10.1836662339257
-0.795629986273888,-7.56887383234529,-8.07391179161465
-0.869548480918317,-7.98293551505059,-5.92838524974852
-1.3047016781833,-7.50828760313572,-3.89878824336181
-1.70627389927459,-6.61629051043796,-2.1046650304892
-1.98573472833878,-5.68715685168993,-0.591952333316543
-2.20943766074251,-4.94843476953623,0.664441873261367
-2.46820600268883,-4.50238049656082,1.72278403940475
-2.83071886939321,-4.37690583735288,2.6461405254681
-3.34968042557874,-4.56827311411234,3.48240475660297
-4.07959451413413,-5.05228678436735,4.24899350356532
-5.08830379579351,-5.77233345944372,4.90610433681348
-6.43043046056038,-6.58395903295626,5.31234014884871
-8.04431513753292,-7.1715108776853,5.18349758012151
-9.58091459183417,-7.03548623104345,4.1658374730106
-10.4141257654757,-5.79670001512634,2.19126482052183
-10.1599036627535,-3.68670544361534,-0.224124773712019
-9.11118930009927,-1.42923696146104,-2.38339203057971
-7.85717580772535,0.41093053140285,-3.99416522758959
-6.75705657960572,1.65932343351102,-5.12388735847
-5.87062649796415,2.35978584209579,-5.91031041233473
-5.10554535908398,2.61700092561776,-6.43084603630869
-4.34612994977761,2.54396964397587,-6.7082983774542
-3.51854243564608,2.2505463914927,-6.75279504393594
-2.60531829320641,1.83383662555004,-6.59839333709352
-1.62606473491682,1.35950202529232,-6.31267916324147
-0.608482588252195,0.851457245774525,-5.98681062437066
0.433407098249693,0.292982772244467,-5.7182554492415
1.50468791417724,-0.362936163611634,-5.5998122142337
2.62217304074867,-1.18830841106174,-5.71923634539509
3.79273552136773,-2.28749559130364,-6.16262136497887
4.96382316542936,-3.80971345607061,-6.99003326446832
5.91032027966237,-5.94595479728989,-8.14437145883948
6.02717273694161,-8.75768933478108,-9.19347741684538
4.30682407591876,-11.6365364525327,-9.07509181552779
0.421125851400923,-13.0596842183322,-6.92736876043321
-4.05508334787686,-12.2859158624525,-3.9018660609434
-7.28999160256484,-10.2497581706738,-2.02921433090455
-8.72744243482514,-7.8434794124243,-1.80613149612876
-8.64945254248735,-5.46359000278868,-2.45211300405279
-7.66899233550842,-3.37605843974454,-3.12752849695412
-6.37862081727847,-1.69946473403092,-3.48737575966033
-5.15823781963557,-0.402296117863308,-3.56829273569324
-4.18146631993723,0.600246388909926,-3.52112074798763
-3.49575299108516,1.38858346012365,-3.46786882604799
-3.08779665971797,2.02695164741817,-3.47285908906967
-2.92290555115622,2.56476639689074,-3.55938432754095
-2.96492784636514,3.03829986000313,-3.73269678549237
-3.18253928128853,3.47125467419416,-3.99608552359912
-3.54718234687318,3.87333797236295,-4.35896970831314
-4.02605862313664,4.23576305450807,-4.83902743668787
-4.56753233685534,4.52305808276531,-5.45577001637092
-5.08146615537522,4.66416536989303,-6.2106522094916
-5.42097478645935,4.54974927739685,-7.05348636866233
-5.39613058888093,4.06922998104072,-7.84340718015292
-4.8452659241092,3.18675709058192,-8.36251244143267
-3.75226142720392,2.01552067440515,-8.42829404757977
-2.28564031078683,0.769042611873444,-8.0445122108948
-0.685044969624913,-0.393407996611052,-7.41215697492859
0.867323103587165,-1.45568437545444,-6.80588284783901
2.2827561308013,-2.50649581345024,-6.44350744112065
3.51751431334475,-3.66772295404362,-6.43696975401679
4.49745838061943,-5.05100411071408,-6.7766087682814
5.04210611533179,-6.71011482407906,-7.28435350159772
4.82396417945015,-8.52148147475804,-7.5465536798495
3.5303570239954,-10.021622578478,-6.98800771335441
1.29609690178837,-10.5671933538299,-5.33017767773062
-1.16266340148868,-9.98382833534234,-3.02613344067981
-3.18662115374316,-8.76137185167552,-0.843416362951752
-4.61302265578982,-7.4714687839029,0.780168235226939
-5.56113396897945,-6.36732296475231,1.78576874769552
-6.16332552326819,-5.44340696125391,2.27648668508354
-6.49111331445066,-4.60341316566054,2.38506470290441
-6.58234254559994,-3.76229600168493,2.23675366835668
-6.47719429150794,-2.88059914510126,1.93617090294405
-6.23522093660301,-1.95690095255047,1.55610107771826
-5.93521856580694,-1.00543872657213,1.13137455108819
-5.6607885726711,-0.0342758798395943,0.658440604999223
-5.49247119235631,0.963099363478059,0.105610686020872
-5.50977645001206,2.00695581285289,-0.583201247801739
-5.79359059072845,3.11869823965082,-1.48878511214236
-6.42493097693854,4.29325681001221,-2.7314568189525
-7.44409264760842,5.43112396282618,-4.48855339407835
-8.69599344777053,6.17883412144027,-6.95224725291787
-9.49652150685184,5.70257062726089,-10.0184680420324
-8.59703982138993,2.97800584206077,-12.6238566723125
-5.78272068868975,-1.58678612270726,-13.1790958444934
-3.04088908516516,-5.87453024017963,-11.710877345611
-2.0173075599866,-8.44272824572358,-9.38368594157522
-2.46198730017472,-9.14923293624597,-6.88004520501479
-3.32944505135188,-8.50909934144451,-4.57721700394025
-3.91936405253301,-7.21763538423736,-2.7079535216346
-4.094276923663,-5.80423220400089,-1.28816056684356
-3.99540445802961,-4.54913042860652,-0.221607710001798
-3.79844279136042,-3.55786561481448,0.591804903851494
-3.61885739895756,-2.84296348943591,1.22413246853291
-3.50807458602902,-2.37462696665404,1.72723349063925
-3.47758657855933,-2.11261402962767,2.13955860261831
-3.5198441632741,-2.01690364870258,2.49164492905746
-3.6237403890992,-2.05697957083654,2.80610498531112
-3.78083204950297,-2.21022962403912,3.09950291841938
-3.98847608874366,-2.46044683530391,3.38254087239927
-4.25163597521369,-2.79610666830089,3.65955260429585
-4.58105064898133,-3.20345825622645,3.92682246485105
-4.99129937202091,-3.66136978458579,4.16887439013127
-5.49390498565282,-4.13186163171441,4.35344680290555
-6.08429314652571,-4.54885306247655,4.42655055778841
-6.72088176785706,-4.81264607448923,4.31722880893385
-7.30895444882119,-4.79856020957915,3.95597077630582
-7.71041075213591,-4.4004557890322,3.31918408503762
-7.80598286489652,-3.5930994060133,2.46540215253697
-7.57435518117093,-2.45618485636446,1.51404834089354
-7.12393989791717,-1.13396714820071,0.570442316097107
-6.63902930070067,0.243794933344743,-0.338402149044217
-6.30578209094789,1.60073469644023,-1.26582034808509
-6.26644165081039,2.90299195814465,-2.31142679551266
-6.60266067982695,4.1111189271983,-3.59955903080385
-7.29002885749342,5.10366099323544,-5.26296790824983
-8.08396691366159,5.56518469740264,-7.37164463541106
-8.36224546055849,4.923800367411,-9.6907341203575
-7.31895175800757,2.72018564710849,-11.3958251197481
-4.92896993224177,-0.553172803308138,-11.5875390656704
-2.32417698761938,-3.62791918631489,-10.4074025452151
-0.527189770671533,-5.73005152472424,-8.68021942614397
0.284884231728565,-6.80731386431246,-6.90766823777007
0.421171841303474,-7.07453842285824,-5.20860390767258
0.243059799504458,-6.79915281452088,-3.60907351487039
-0.0226974789701947,-6.25240569674951,-2.14186350057877
-0.301564474202001,-5.66312107966452,-0.825726958250658
-0.61110888646263,-5.19166437087773,0.352255823837186
-1.0037682188192,-4.93644061867688,1.43206142227568
-1.54131716090917,-4.9570792701409,2.46484235131589
-2.29824739397915,-5.29809547834118,3.49363451391926
-3.37874078624882,-5.99209335690735,4.52548071576524
-4.93176511444265,-7.02336388238628,5.4720650926351
-7.09738933226619,-8.19444696138106,6.02338414892501
-9.73590377516819,-8.87826485194621,5.49415102136652
-11.940454956616,-8.06332783875889,3.12275240865712
-12.4351898469763,-5.54297576498835,-0.746995085263186
-11.192681338923,-2.77895097214318,-4.48557770807113
-9.18624299307024,-1.17762994836962,-6.93944180237835
-7.01562351759794,-0.847119374934338,-7.95781742238026
-4.89204695227891,-1.18365072084853,-7.84999985558124
-2.9599353323344,-1.62996683510516,-7.08729905708378
-1.30596309842279,-1.95812152821004,-6.11820047481936
0.0661311124367382,-2.18252041452065,-5.24899759283505
1.20532936906512,-2.39531137496044,-4.63594617023181
2.17574410776184,-2.67825541526148,-4.33615545323276
3.03592594231649,-3.0880355813447,-4.35504348057575
3.82251102242731,-3.67283812241115,-4.67682992963866
4.5329611115639,-4.48989930878798,-5.26626289653149
5.0941781427633,-5.60476582076813,-6.03959859976855
5.31564300849293,-7.0400951729867,-6.79704627206233
4.87551495388696,-8.64178186585636,-7.15072155606202
3.49431422227632,-9.94030106585705,-6.61056561671791
1.32242679636285,-10.3461883473643,-4.99925063106768
-0.999175220697592,-9.73573339338231,-2.77942079766653
-2.91774187085954,-8.57561523481106,-0.65063575482142
-4.31836807083684,-7.39373280839689,0.985281165535327
-5.32440723527422,-6.42617523121253,2.05507622859852
-6.05276238799654,-5.65960841820506,2.62109758810423
-6.54943207733419,-4.97562759929296,2.77675435468472
-6.81465138646107,-4.25576234814885,2.62283785661353
-6.84539402819686,-3.43332563268977,2.26163288195152
-6.67237244040109,-2.50191731232201,1.7877745334923
-6.36815413540792,-1.49239333643927,1.26536966025318
-6.030958522527,-0.439260536338363,0.713766931090331
-5.76579564672611,0.639105595416714,0.11084526914874
-5.67137176272797,1.7461168306802,-0.597644879054601
-5.83923531460656,2.89503360671954,-1.49182226140661
-6.354403984567,4.08164679414972,-2.68731924021029
-7.25664170190141,5.22205574367908,-4.3442215465618
-8.41819043118283,6.01663234176921,-6.64119104495153
-9.25507474498324,5.74966665996695,-9.52309289472731
-8.62806938176909,3.46521577023009,-12.1225382969939
-6.08601425360915,-0.688819659088866,-12.9396205928995
-3.21035198487816,-4.88053316115988,-11.7430931512527
-1.71883374997438,-7.62435686919811,-9.5959399282667
-1.70572492729491,-8.65369888110884,-7.21251583617694
-2.34030181559834,-8.34646902170903,-4.91091219525483
-2.92036718378844,-7.30966772049684,-2.91233439328108
-3.21697345592636,-6.07634183058475,-1.30037852630047
-3.30006017482099,-4.97037984967595,-0.0380704498113121
-3.30762200942788,-4.13178213213024,0.9528524050184
-3.33969820437308,-3.59223911231693,1.7475163708573
-3.44626556795741,-3.33337193429507,2.40771563311289
-3.64729349276082,-3.32134441462833,2.97999364377369
-3.95393817466464,-3.52163461213036,3.494920408682
-4.38207985891646,-3.90067400566157,3.96437651676547
-4.95427850441131,-4.41471068626167,4.37546235865046
-5.69249555511032,-4.99328022702856,4.67815799795547
-6.58781222718294,-5.51118303886319,4.77392856164492
-7.55088447070639,-5.77029266897857,4.52115817174786
-8.37138168153244,-5.53708752347468,3.80102773404768
-8.77509617248747,-4.66793326390589,2.6341335293308
-8.61578774584476,-3.24991144780798,1.23582952071302
-8.01500464355265,-1.55796857918189,-0.129153489787267
-7.27593876715389,0.132106040165891,-1.33663416608972
-6.68982565937019,1.66226781779911,-2.43268542361351
-6.42608854531235,2.96791671647721,-3.53704184418996
-6.51239591216071,3.99964320246814,-4.76464300493746
-6.82532068189653,4.64996433650785,-6.1781828569652
-7.06473169908497,4.70890008081106,-7.72116830563608
-6.78196573088524,3.93960942940868,-9.10956767844547
-5.6302130658918,2.33214080453586,-9.86480700602777
-3.72905374810393,0.305957097753002,-9.69068994641409
-1.60454053617206,-1.58036957564356,-8.80805566044254
0.273919369309087,-3.0708473004376,-7.71903433043018
1.71238359530908,-4.21922189085582,-6.79345666178788
2.6915539597754,-5.15999037218443,-6.14563086962115
3.24226951616782,-5.97393581084053,-5.70626782869695
3.39310541087048,-6.66127125798473,-5.32064563640715
3.18306694493016,-7.16248786003881,-4.8240376729336
2.68414100328286,-7.40053792629131,-4.10518159453942
2.00724413938996,-7.34088696797049,-3.14427922622136
1.26517213724403,-7.03371613190589,-2.00255871478086
0.522106425352757,-6.60382767841582,-0.76931795331859
-0.227058918165285,-6.2073112633518,0.486559308806885
-1.04160934824422,-5.98671910250646,1.73519017050948
-2.01482311057279,-6.05799673124476,2.96975308019459
-3.26712913439123,-6.49896498306451,4.16788743271013
-4.94612213222828,-7.30953311171637,5.21992599235101
-7.16716559314779,-8.28159271990842,5.80199834851946
-9.74947901295575,-8.77670353698896,5.25330826484039
-11.7977202153953,-7.83547632928465,2.91807587952143
-12.1699111947112,-5.3272001706753,-0.770872415786494
-10.9246013843994,-2.61740846647267,-4.28186110838419
-8.9945732127485,-0.966380917977158,-6.59802802965843
-6.93818014520273,-0.490013048374608,-7.61002712095533
-4.92998953136113,-0.679766556948592,-7.59954589865344
-3.07644148319582,-1.04514418983862,-6.97367381404396
-1.4530787085499,-1.36054415266769,-6.12904593612362
-0.0723441045133321,-1.61472392210378,-5.35387772185987
1.10342095394736,-1.87933806138549,-4.8094112240309
2.13276514542095,-2.22987440129764,-4.56683187838933
3.07235192366978,-2.72837567960977,-4.64855260993646
3.95636116313834,-3.43804490126504,-5.05585895802527
4.77021244791022,-4.44106899259701,-5.76509561707079
5.39984643580435,-5.83178284940579,-6.68013811377685
5.55518433064755,-7.632625086907,-7.52708540459811
4.75986073807405,-9.57506896690687,-7.75005029896291
2.70252900644122,-10.9265010784273,-6.7327237202599
-0.159430626560187,-10.9884521261512,-4.53236572452751
-2.8419072651949,-9.91670660083763,-2.05872505890632
-4.77453196620294,-8.41879588013413,-0.147850888416162
-5.94684990368295,-6.95764967264341,0.968476239619982
-6.52301642372549,-5.62892105153847,1.43062965451877
-6.65542985136237,-4.39010750596206,1.47003900955733
-6.48194769915283,-3.20532136781189,1.28740884074261
-6.1365109692891,-2.07059644872196,1.0078563961218
-5.74494121524882,-0.990883897330525,0.682033813688815
-5.41238290620076,0.0410834013874107,0.306523084380964
-5.22099682236517,1.04943130410941,-0.153728939985964
-5.23943070681478,2.07016937705777,-0.752994845496566
-5.53427474959128,3.13836805893273,-1.56656404860903
-6.1728119966559,4.26308385505772,-2.70575680727216
-7.19107261466377,5.36842552012282,-4.33781602264397
-8.46129950044675,6.15180086309393,-6.65737789206365
-9.38427830425353,5.85986492278158,-9.62444128834855
-8.76143822843115,3.45680337906713,-12.3275028506312
-6.13775667589184,-0.913410728093451,-13.1621185094583
-3.26040426302397,-5.28167878184469,-11.8984418807324
-1.94195577535964,-8.07103792812667,-9.65957781064296
-2.17166954143837,-9.01709856860435,-7.18531566836264
-2.97729325240237,-8.55927609462782,-4.84592442183957
-3.6062910611545,-7.3695749418733,-2.88992857397274
-3.85306399992966,-6.00210948955867,-1.37375689712935
-3.82725734155414,-4.77020151032865,-0.222473179941776
-3.69533674721903,-3.79956556410197,0.659787856647738
-3.57300627432338,-3.11222923857592,1.3495108691497
-3.51471053194619,-2.68351611508749,1.90370994338426
-3.5356125364236,-2.47540844374372,2.36535290773811
-3.63254392770712,-2.44919263073119,2.76775151184803
-3.80042633371475,-2.57584084873322,3.13427636935678
-4.03820242715773,-2.83185915403166,3.4800278187328
-4.3530455958677,-3.19814434642586,3.81019594324676
-4.75970429440173,-3.65228282945742,4.11706404333468
-5.27460820652873,-4.15788157516431,4.37457995848411
-5.9050240518445,-4.65140951603154,4.5302850964448
-6.62364963873846,-5.02803403070612,4.50411332464444
-7.34130008921277,-5.14144043678313,4.20228956601791
-7.89867946174168,-4.84259220345482,3.56672513120879
-8.12553962855084,-4.06298136828759,2.63856961635063
-7.9519318405072,-2.87323524033609,1.56027089436277
-7.47436854404487,-1.4481825364172,0.486068792037566
-6.90630218028157,0.0357180827192056,-0.519637732894085
-6.47073052359404,1.46933851746906,-1.49955533125584
-6.32926232391337,2.8039460786456,-2.55678991169392
-6.56171242953281,3.99658666487541,-3.81452376657327
-7.12805709497832,4.93540056060502,-5.38948386666871
-7.78268826226208,5.3455765494633,-7.32542307962393
-7.96695317630967,4.75945134765659,-9.39465305849665
-6.99607673213249,2.83107673969922,-10.8970550189108
-4.8175309608923,-0.022382969663454,-11.0920717628884
-2.30658303768536,-2.77432782357415,-10.0713679635025
-0.346689286481392,-4.77303289208837,-8.55243898826826
0.797672998198853,-5.9706128447559,-7.03809005043131
1.27130569657797,-6.53471410546462,-5.65022950138805
1.32109242480959,-6.63561929881079,-4.35981914325765
1.15444593648553,-6.42764036490275,-3.13870061690992
0.896060662988234,-6.05764297504149,-1.98449851105361
0.59200295706222,-5.65587474924028,-0.899004045112321
0.234608279307204,-5.3268884823334,0.129410694773658
-0.212862033894864,-5.14971369981435,1.12996202169876
-0.804157746523427,-5.18825775869937,2.14194300284328
-1.61495911126325,-5.5069499970668,3.20211245586471
-2.75765428342423,-6.17090776055319,4.31946691750663
-4.40125536687131,-7.21252423330775,5.41496378696873
-6.74122242951654,-8.49510177008706,6.17573731819738
-9.72193578788705,-9.39839913567495,5.83132485954847
-12.3966130356654,-8.71524438068767,3.35050028882417
-13.1622263736923,-6.04663663593653,-1.06449092074617
-11.8493950258297,-3.19795706746779,-5.41103491331746
-9.5916617350514,-1.94261089036508,-8.14836797747405
-7.11207302214821,-2.21784686394809,-9.04021284852394
-4.78013007082716,-3.03555184918854,-8.54312911286639
-2.84119773805544,-3.65587191923125,-7.33324443100818
-1.34262133493616,-3.8897335004171,-5.95916536098759
-0.207381666092957,-3.85181115836159,-4.72668741929088
0.662215924587181,-3.71063674978229,-3.75659164051422
1.34150045206739,-3.58095366208082,-3.06895395857131
1.8867874210383,-3.51616366707278,-2.63780609861849
2.34056291958413,-3.53020832750355,-2.42398473971897
2.73510241017774,-3.61981339329185,-2.39030835971203
3.09408929230186,-3.77843773632194,-2.50636687330607
3.43275270791785,-4.00421982219972,-2.74956684947887
3.75731951424997,-4.30286038910886,-3.1014150974359
4.06214993096886,-4.68830508333235,-3.54199462033641
4.32509667279047,-5.17657319453743,-4.03874988246101
4.49961524025144,-5.77784959302599,-4.53568578222131
4.51161464891474,-6.47332222457952,-4.93790901512303
4.27038884516221,-7.18828728317851,-5.10921573160705
3.70835134455693,-7.77873234789702,-4.90018382106869
2.84371291069849,-8.07344167817409,-4.22233109570865
1.79972182100575,-7.97769919854934,-3.11700522939853
0.732552863688372,-7.55299431117085,-1.74020252121246
-0.273868183535042,-6.99392041275966,-0.27142349538199
-1.24326054886378,-6.523558713451,1.16869014635502
-2.26956668136134,-6.31856886032986,2.52334797511823
-3.47310691274416,-6.47745341941526,3.75541530596902
-4.97689401388775,-6.99539674477861,4.77564914104761
-6.85662824743493,-7.68547419497433,5.34943387468588
-8.97106712610694,-8.05637238395824,5.03260428441449
-10.712806151106,-7.38822326614229,3.38146858394342
-11.2437149678125,-5.40735686537561,0.603076018624331
-10.4269390331528,-2.85534841998086,-2.30342154818947
-8.93524829190024,-0.732950191308365,-4.5164870063911
-7.36728261869748,0.558039492091905,-5.87832352409774
-5.91160556636039,1.11902121778754,-6.53983011191549
-4.5582179996427,1.20865983226724,-6.68503381898115
-3.28206751765527,1.05717975478787,-6.48413330441533
-2.0823355042455,0.806930040592421,-6.10005913033122
-0.962561671805574,0.511944438612358,-5.67555721062097
0.0883892206962923,0.166682750272857,-5.32338815017324
1.10044235883079,-0.265319165328701,-5.12571244717772
2.11424749927053,-0.837967235322318,-5.14734337200349
3.16863864329167,-1.62525653114467,-5.450495595101
4.27596307518373,-2.73609346217406,-6.09740133080589
5.36498929223481,-4.33469125762242,-7.1202885402244
6.14304196881702,-6.6145012332,-8.3934525488956
5.87824565976496,-9.54303800857426,-9.33393680826221
3.54636538976707,-12.2426520685973,-8.76452391151775
-0.755529686466407,-13.1239012508742,-6.19257819096031
-5.11033722605027,-11.9087469066606,-3.29538269187458
-7.93330549208504,-9.70055919079399,-1.89756241529944
-8.93727473082129,-7.24551927750754,-2.04944355370947
-8.53620786835897,-4.9049025501737,-2.81705457314992
-7.38828003140221,-2.92622475707713,-3.44527820362168
-6.04967796101268,-1.37610968871395,-3.71383530728902
-4.84097732813848,-0.191561241170959,-3.71872743833119
-3.89400982129501,0.72014029909335,-3.62061593675321
-3.23419587700273,1.43591616975441,-3.53258851881929
-2.83836571955784,2.01483155780263,-3.5086490663422
-2.66861860071888,2.50178934054744,-3.56461711741618
-2.68890904795854,2.93006944186545,-3.70054917423699
-2.86880851192442,3.3227859069408,-3.91453214534851
-3.18460556654613,3.69194746894941,-4.21122421635312
-3.61151836884596,4.03646461570827,-4.6030441206775
-4.11516336930351,4.33630635119924,-5.10831194636014
-4.63613912186148,4.54524560510132,-5.73917861985494
-5.07367304494488,4.58377854725279,-6.48088974046027
-5.27795692705574,4.34963913998499,-7.25705605953987
-5.08036263921028,3.76250608492834,-7.91079132112625
-4.37444597574668,2.83606291434559,-8.24625955072652
-3.20561488157174,1.71076950847126,-8.15139806303909
-1.75363925947238,0.567977040657417,-7.69467969341505
-0.221297691546962,-0.494289945348157,-7.09191591027212
1.25665495323236,-1.50095035360105,-6.58715906475881
2.61869891418248,-2.55207955409907,-6.36161453072859
3.82312874767538,-3.76965576241711,-6.50409065941625
4.77387946472251,-5.2668919477142,-6.98469903691634
5.23489407215173,-7.09098558811985,-7.58482226704797
4.79520226709601,-9.05743379709719,-7.80411688110738
3.12068899705145,-10.5634632542479,-6.99979672776393
0.505844727986947,-10.8981201639055,-5.0152076987163
-2.14126340298256,-10.0422296379124,-2.55872828683141
-4.16032508822434,-8.63649868570578,-0.48322739975249
-5.4626304243293,-7.22092043069217,0.867330612039272
-6.19718438046341,-5.96053545415189,1.55277758321512
-6.50790646100988,-4.82139539259924,1.76169786410075
-6.50529072777081,-3.74198351392969,1.68126894774625
-6.29137712979744,-2.69345725271787,1.45076685947015
-5.96842972291401,-1.67321412748527,1.14850414349571
-5.63391399680563,-0.681864758960351,0.79920106059938
-5.37210929241132,0.291351433529226,0.388948792348904
-5.2547144034449,1.27140830267508,-0.12054874375245
-5.34932173163679,2.29189142675177,-0.787020087206874
-5.72794095821724,3.38138971494012,-1.69387599774831
-6.46334571774362,4.53299596609397,-2.96837919614041
-7.57765509111724,5.62757679115585,-4.79772676414318
-8.86367406279536,6.25755599318629,-7.36608511530327
-9.53172423132305,5.50474180659867,-10.481079989601
-8.32345394348706,2.40580083627327,-12.9054225663846
-5.35120346370563,-2.31722400601374,-13.1259559580509
-2.8072929777858,-6.4572809546193,-11.4531398605557
-2.09487014419832,-8.75742750015736,-9.04980835518935
-2.72417646554367,-9.21058440597024,-6.53686417007587
-3.61649763332276,-8.40071851452267,-4.29085148668021
-4.14969855540638,-7.02969377723135,-2.51390141274218
-4.25178904148934,-5.59103023434803,-1.18592241975933
-4.09183390299336,-4.33229230790306,-0.193516145033882
-3.84822822056234,-3.33965973236717,0.562478705607501
-3.63228941897105,-2.61648507990075,1.14872936275956
-3.49158306869972,-2.13076757256851,1.6110256147245
-3.43330306245203,-1.83833607839494,1.9849009458729
-3.44725644331673,-1.69915360280053,2.29756534877706
-3.51883269782265,-1.68111451468002,2.56995989886481
-3.63525003775902,-1.76029543110882,2.81782927956233
-3.78856697861343,-1.92061082153345,3.05232852921306
-3.97607344543132,-2.15109049116759,3.28075931860265
-4.20029847731184,-2.44366539181138,3.50641962061777
-4.4683921727831,-2.79011685458085,3.72766169963859
-4.79067817777876,-3.17796480945906,3.93578706099429
-5.17666317333196,-3.58491152740105,4.11229720727454
-5.62889311142601,-3.9730601859766,4.22607023625181
-6.13291752630936,-4.28163610115425,4.2310656651554
-6.64294477100357,-4.42883939056603,4.07576367901777
-7.078771339158,-4.32566844808364,3.72017134937416
-7.34170633293098,-3.90623982925392,3.16162520715014
-7.36096440903034,-3.16654786080458,2.45099848881096
-7.13920810232658,-2.16902192061384,1.66864629827912
-6.76525833750518,-1.01247923228258,0.876582343456095
-6.37855805462955,0.217057495804283,0.0820966109047202
-6.12695603479787,1.46986954565975,-0.76358224372862
-6.13741397944331,2.72586966432887,-1.74794221961346
-6.50606460971291,3.95994435614911,-2.99030922303917
-7.25758843998692,5.07461281970247,-4.63887702273035
-8.22982810720345,5.77625824811817,-6.827819593143
-8.84489363521489,5.43129175752236,-9.44350839226122
-8.1199068475953,3.30776288367272,-11.6771687917561
-5.72819345785479,-0.348814467099031,-12.306430333567
-2.94061197189183,-4.01954805825081,-11.1984826479612
-1.16306509206639,-6.52722879067151,-9.2799507660094
-0.625024713453821,-7.6719569632757,-7.18610313900449
-0.817218768028659,-7.71991302468123,-5.12597404496042
-1.20558782145191,-7.09213034985772,-3.22121004590621
-1.5330559690117,-6.21161386069691,-1.55758124141068
-1.78059230352781,-5.38796226924427,-0.152233963128151
-2.02352095821183,-4.79351786544275,1.03278844394934
-2.34084613505721,-4.50179209347038,2.05734580593716
-2.79414454619789,-4.53315093961568,2.97984326274283
-3.4413513621629,-4.88510557124504,3.83832146726611
-4.35394241153495,-5.53219688781082,4.62823077746222
-5.61699584509713,-6.39167874918163,5.26099212809441
-7.26661422278057,-7.23493156338981,5.49763239084816
-9.10917596193408,-7.58734386539458,4.92590767741755
-10.5373684412846,-6.85422541871145,3.20297351086915
-10.8432434792242,-4.91918575303578,0.598349795039451
-9.99687727904208,-2.49031356785778,-2.02642802157481
-8.62075073792076,-0.411267131976377,-4.04340000650022
-7.2455803366503,0.964888310903185,-5.37107129022982
-6.03357588000908,1.67808140634912,-6.1532638329343
-4.94189873984216,1.90362369835536,-6.52488841808572
-3.89843198841966,1.82097302625075,-6.5808412543296
-2.86755173502103,1.57177109272862,-6.40847012381885
-1.84692869147413,1.24396516902538,-6.10384082930244
-0.84305177209066,0.870921846024855,-5.76473904339486
0.147591641637872,0.443938211947586,-5.48148221792265
1.14406963721526,-0.0730928492851427,-5.33146095487023
2.17636592112315,-0.737693469351596,-5.38719666632963
3.27199718759476,-1.63148805763917,-5.72245567080642
4.42693607007815,-2.87685130467647,-6.41080401652418
5.5340045984502,-4.65583008132699,-7.48156380786514
6.21744494414354,-7.15414521125843,-8.75224980617065
5.61041417325833,-10.2273659713206,-9.49226576799377
2.72246685618522,-12.7363377515438,-8.45328989754157
-1.89614065865355,-13.1319588184191,-5.56895086501195
-6.09854133279186,-11.5728705380678,-2.90974125813824
-8.53960056768854,-9.22000774548575,-2.00550791335815
-9.13886271689529,-6.71944425903963,-2.50912222604386
-8.43687812611043,-4.43983464900092,-3.37265660258294
-7.12570739786535,-2.59969831231491,-3.93630713056849
-5.71767879108738,-1.20561354059509,-4.08876868264862
-4.47914086746113,-0.157039165514978,-3.98062810520887
-3.50754984633754,0.643549923458166,-3.78399507365439
-2.81109281902067,1.26695933116545,-3.60962882466434
-2.35974569728885,1.76354282073578,-3.5058870008007
-2.11104418738187,2.17214537497599,-3.48175332786282
-2.02745333599078,2.52200028592928,-3.52996517760836
-2.0778956031252,2.83572141286621,-3.63907829076035
-2.2405471256078,3.1293332899953,-3.80126935623092
-2.50002364742024,3.41300895004026,-4.0148671980963
-2.84395435335663,3.69045191669155,-4.28512642549851
-3.2582332038217,3.9568648851863,-4.62350338206471
-3.72021925202896,4.19505234512305,-5.04482875875557
-4.18891820828633,4.37032736269748,-5.55947014785545
-4.5946735148407,4.4267028852016,-6.1594368620422
-4.83238613218254,4.29029166306113,-6.79783064383706
-4.77754628497211,3.89564627577218,-7.37288701477917
-4.3293782293432,3.22690779735859,-7.74406502572415
-3.4751787664499,2.35267601916136,-7.79953548627663
-2.30607596758884,1.39577374465715,-7.53326643525516
-0.96901681007445,0.455038480275176,-7.06701268207206
0.410773729116905,-0.453250289643375,-6.58958291254301
1.76353641850048,-1.38967755122452,-6.28413549494618
3.05728314274408,-2.45883905411831,-6.28798089051822
4.2479178272846,-3.78550204039239,-6.66998561747562
5.19623316375822,-5.50178462440305,-7.38832361616128
5.55562381842485,-7.65672603338956,-8.15858455760396
4.73589462788609,-9.95238825847165,-8.31169391594528
2.35237683518609,-11.5033890532754,-7.07679703675367
-0.95936173209426,-11.4929540776277,-4.58930903696954
-3.93281166794123,-10.2034499142579,-2.04629720295677
-5.90084865721178,-8.45751957406431,-0.373067288436038
-6.86725195540438,-6.69587070883145,0.340406837292425
-7.05722760143246,-5.01234846722552,0.424853477454067
-6.73983101330275,-3.43140216893604,0.229980535140087
-6.18127052529795,-1.98482751950021,-0.037966429874003
-5.60170830138791,-0.68901042085925,-0.31854418135281
-5.15333011678564,0.473510189291929,-0.635356932177856
-4.92783478392832,1.54474870441283,-1.04197952260027
-4.98300537833335,2.57546605323268,-1.60119769499491
-5.3617596275196,3.60633491878343,-2.38913274750711
-6.09679166138016,4.63770812720037,-3.51650653708171
-7.16049041839073,5.564058552561,-5.13590585502944
-8.32120525314015,6.03824340429835,-7.3768506765761
-8.89098680793508,5.33335747572907,-10.0365663227245
-7.86114676088871,2.73671075141297,-12.111045822672
-5.21455110297147,-1.22002837842848,-12.3809183071527
-2.53345026815669,-4.85981386584376,-10.9988322764166
-1.09942541512782,-7.15038718694557,-8.94925093400816
-0.892078618414723,-8.01552949333395,-6.76854370391817
-1.27265246995785,-7.79980762455956,-4.65367238759106
-1.71463165000482,-6.9836826439333,-2.74728466032652
-2.02664412774721,-6.00579119224287,-1.12693646430824
-2.24156149698153,-5.15442120482136,0.213270076357936
-2.45399886256298,-4.57062910529844,1.3261926840104
-2.74309604038021,-4.30308474574175,2.2762514199709
-3.1628717466601,-4.35214908696729,3.12067245850832
-3.7607353663458,-4.69948663065515,3.89293109874542
-4.59379565549161,-5.30624607840197,4.58560328753931
-5.72510977305369,-6.08139570703371,5.11808006696041
-7.16683755137454,-6.81265427060526,5.29077366531125
-8.74271661105072,-7.10277074580773,4.78274848701254
-9.96798243920053,-6.47811016691264,3.34230802154179
-10.280889819619,-4.81092731885711,1.164091455344
-9.6143643922707,-2.59350269634507,-1.10828415862592
-8.45284508696811,-0.500074509808813,-2.96613996429927
-7.30207416215113,1.10264304065821,-4.32760400610248
-6.37698792001395,2.15156054928912,-5.31986394699052
-5.65289052117824,2.70656910885181,-6.05471399068248
-5.00505376651374,2.85512329850927,-6.57125734552251
-4.31013975632296,2.68871597092304,-6.85951745829791
-3.49889504521056,2.30945888998531,-6.9103853294108
-2.5639130028718,1.81228095737195,-6.74639358614189
-1.54050971497884,1.26640305331737,-6.44014619441165
-0.468744288723528,0.694617202710139,-6.09306236467939
0.628585369248364,0.0754756890161006,-5.81506750947083
1.75156263751989,-0.645778592043322,-5.70870195175528
2.91146352449712,-1.551478108557,-5.86901529853953
4.10162882098682,-2.75719416469119,-6.37937804210412
5.23407605332732,-4.42411425158505,-7.27676668983343
6.00249510300439,-6.72369442613613,-8.42140328176747
5.6894329359502,-9.58256193526739,-9.21547071686022
3.37200130097767,-12.1166316539784,-8.53389534286039
-0.750230099892011,-12.8620214137415,-5.97734988419814
-4.86224005485488,-11.6416982247961,-3.12587957726597
-7.54167600829675,-9.50903735081543,-1.6342765629368
-8.55027618217422,-7.15403635847143,-1.58206690817328
-8.26056924607953,-4.87538622268584,-2.17155964832568
-7.25881052759021,-2.88217614583076,-2.7288483021506
-6.06571415142742,-1.25976186011968,-3.0293987302494
-5.00174918701748,0.0221834120899382,-3.13691916125935
-4.20754213306475,1.03693421704745,-3.1814989834842
-3.71589717240868,1.85860301045254,-3.25823892377114
-3.51080871950355,2.54860175744532,-3.41608238248673
-3.56084024280109,3.15250079949222,-3.67792803060821
-3.83102658718114,3.69780322870914,-4.06046933962253
-4.28269395562225,4.18826556073811,-4.58660070196701
-4.85844226342846,4.59322730740773,-5.28525343593499
-5.45476910193711,4.83255341727175,-6.17082122036647
-5.8922483877205,4.76687254422662,-7.19827253519811
-5.91493644125942,4.23245802612915,-8.19845222102087
-5.29095762870513,3.16158655169987,-8.87450049764245
-3.99838087025736,1.71110769298203,-8.96564713003158
-2.28729624116072,0.195493614501357,-8.47796164893287
-0.498807257243679,-1.15752600236273,-7.6959421619998
1.13514553662485,-2.32882244646296,-6.96459417677095
2.51733938558721,-3.42689935202614,-6.51135972752325
3.60449862742069,-4.57328806098945,-6.40363133543415
4.32699807365837,-5.84195637690717,-6.55653621219323
4.54312352040367,-7.21040900648902,-6.73244364556479
4.07372576262899,-8.48770676938898,-6.56378659042639
2.86839322093017,-9.3116117442339,-5.71184953964271
1.18525309724655,-9.37736009266743,-4.14329100620007
-0.526799138938197,-8.74729314503904,-2.19826529913464
-1.98041365969686,-7.80954204611312,-0.295971680078935
-3.16691828757424,-6.95697503469633,1.3203463581555
-4.21091473304148,-6.39362195505294,2.57740717347561
-5.22228349101617,-6.13242208144197,3.45953975798775
-6.23970441067814,-6.04527435455089,3.93898926365524
-7.20846371861503,-5.91206661605015,3.96014608124839
-7.97554464676112,-5.48618150222721,3.48676617658716
-8.34825144542699,-4.60857041540383,2.58532700914107
-8.22909700917022,-3.30478575332691,1.45004837115892
-7.71957175518947,-1.75970025037319,0.302515802587033
-7.06759730124501,-0.179344879430624,-0.747166148782675
-6.52985155800751,1.30860350347644,-1.72836677599412
-6.28394287720832,2.65190832694984,-2.74503938662222
-6.40519833936136,3.81732404028968,-3.9165258514102
-6.85040519717971,4.71834208992991,-5.34651908294524
-7.39961788883843,5.14045723354762,-7.06983390241573
-7.58391644374168,4.71937674131576,-8.90637286602432
-6.81788271057341,3.16805867348242,-10.3070128357276
-4.94836272074471,0.753272717344992,-10.6349461821604
-2.57941990916802,-1.72532717313047,-9.8568539276507
-0.48313990942762,-3.66930533017178,-8.55135459513129
0.985511236465359,-4.99377708980942,-7.24895947575765
1.83138340536167,-5.83833079399497,-6.13391725611239
2.18533369994823,-6.32695475302691,-5.17074789940687
2.19726650971644,-6.53298381236476,-4.26791318803589
1.99693560092615,-6.50849124148779,-3.36197614006877
1.68126509570019,-6.31380289399588,-2.43239529111573
1.30628156924392,-6.0248531901385,-1.48448852732345
0.8870001927339,-5.72520136213346,-0.52661458450287
0.404784710554141,-5.49570642174278,0.44451465858739
-0.182984144925183,-5.41173334005759,1.44665091755362
-0.941316702820308,-5.54925335982795,2.50585429513218
-1.96482667877655,-5.98835102262073,3.63927369685754
-3.39909899904237,-6.80271188814703,4.81528987572624
-5.44176841015686,-7.97735618453023,5.85283302456764
-8.22739479172368,-9.1791852050825,6.21213807454735
-11.318231900326,-9.41358797037696,4.85578086324477
-13.2038704383582,-7.56719362173752,1.12367844563835
-12.7647540371799,-4.4710615037978,-3.63230884715903
-10.7886745715838,-2.39917330278757,-7.29148997511315
-8.31600258809475,-2.15925048780378,-9.02536606692573
-5.84974998424056,-2.94747155613366,-9.04988963583131
-3.72547670032634,-3.7623934306558,-8.02404099474307
-2.07770629904207,-4.16328437661031,-6.60600891178744
-0.847356301970752,-4.17786555537708,-5.21371641833251
0.0785607482187453,-3.99027516200146,-4.03878818105335
0.787947546681859,-3.75978199589033,-3.13890723658771
1.34189021966059,-3.57604274863559,-2.50255994152585
1.78363425372999,-3.47136278631888,-2.092197221009
2.14642052868714,-3.44643257776751,-1.86536306086356
2.45617212102601,-3.48935038453064,-1.78459931163183
2.73268934283675,-3.58641419948066,-1.82053383083917
2.99021221591413,-3.72796719572342,-1.95331015779479
3.23863670390792,-3.9091915557011,-2.16835763305441
3.48317310210969,-4.13166727269429,-2.45621163925495
3.72369043535774,-4.40230849647479,-2.80773772634358
3.95259037822245,-4.73211383406468,-3.21022932739393
4.15135027254504,-5.13316468805586,-3.6416324661472
4.28673645743108,-5.61098387700082,-4.06242707324172
4.30886325476787,-6.15277163524726,-4.40823011177858
4.15816155567223,-6.71169479746903,-4.58869267757535
3.78468448702209,-7.19869150587629,-4.50063191973059
3.18269287632953,-7.49978213628618,-4.06699035749525
2.40989967499982,-7.52961896134225,-3.28095038379285
1.56217509437646,-7.28949652438262,-2.21663310362971
0.713971105880367,-6.8801727106156,-0.989538941008114
-0.12465922423534,-6.45985790057327,0.300017811792006
-1.00702978866953,-6.18925838887398,1.59496756589084
-2.02792152526041,-6.20117263063823,2.87078301922458
-3.31005241997967,-6.58266510490634,4.0946386444711
-4.99773290379615,-7.33356649038841,5.15161217032219
-7.1964336115798,-8.24103875616222,5.71911006402061
-9.71252079702634,-8.6736232903496,5.16368178731492
-11.6757168254032,-7.71148526004217,2.88173333554508
-12.0116123343795,-5.24261459837063,-0.682436500641402
-10.7927400303245,-2.55529185141465,-4.07370362320014
-8.92140208877195,-0.846155583662273,-6.33868310730855
-6.94305571312999,-0.260525016561529,-7.37834686625008
-5.01502664489004,-0.351715596978993,-7.4534615966903
-3.22026900693607,-0.665614155979653,-6.92807535850492
-1.62489116690934,-0.972038008197462,-6.16572615659504
-0.247264906670636,-1.2396577762564,-5.4427484202388
0.943842504343014,-1.52577906587268,-4.92363348125033
2.00216236069609,-1.90104671251087,-4.68952607029208
2.9832815783034,-2.43074135494883,-4.77648770493832
3.92327227034089,-3.1841245331959,-5.19698717458811
4.80774193152113,-4.2562792488626,-5.94216765107803
5.51354912872145,-5.76065751231509,-6.92528204738443
5.70825135102681,-7.74165625471744,-7.85736664273963
4.82410934677296,-9.90325395817409,-8.10541322718594
2.4816739622049,-11.3848656388691,-6.95604463138072
-0.743005451228715,-11.3848227493571,-4.54378060732838
-3.66358365848223,-10.1456631905584,-2.0084756062811
-5.64030578328691,-8.46246885035638,-0.268126197449665
-6.67500210676053,-6.77777743037921,0.543894750612352
-6.97023034623011,-5.17739843864246,0.70701125170622
-6.76185641680841,-3.66557697107971,0.54890785680826
-6.28434927636649,-2.26224920070474,0.282945312515518
-5.74430166164667,-0.985465990219936,-0.00969174293640799
-5.29485720568163,0.1741839980784,-0.335823223051206
-5.03607548418505,1.25021392838539,-0.741343028139889
-5.03305578058809,2.28966533689332,-1.28555494537539
-5.33936967080553,3.3351559140042,-2.04366014909745
-5.99768510925416,4.39820745003172,-3.11966617855075
-7.01161393823763,5.40213998327139,-4.66632184453853
-8.21727260125269,6.05463678165255,-6.84441009677167
-9.02180505857255,5.67136638040181,-9.56851128103154
-8.35992753025169,3.39154700364777,-11.9743436507165
-5.87334422698342,-0.579014060829353,-12.6732238331457
-3.03818062817981,-4.54445861349801,-11.4923663183042
-1.42942348917515,-7.17612027804749,-9.43656320042155
-1.19594577267642,-8.24628396521879,-7.1707499408569
-1.64914848336211,-8.08385939941293,-4.95406141057707
-2.16061869720807,-7.21562392152062,-2.96654750577782
-2.48925124631398,-6.13479222682204,-1.3025225571177
-2.66803761129196,-5.16400024131217,0.0464241855017185
-2.80685695516994,-4.45834948568943,1.13852744476877
-2.99447336571266,-4.0632434508628,2.04444051946884
-3.28326286181063,-3.97296002396881,2.8248772531876
-3.70810218990106,-4.16333186246138,3.52207099819447
-4.30351702148181,-4.59731386063829,4.1515993347868
-5.11327142652885,-5.21735296245044,4.68570231706998
-6.17041103367076,-5.90737448174193,5.0285682599217
-7.43462377664101,-6.44304511980757,4.99359626580987
-8.68957281480636,-6.47909276589082,4.3429911409686
-9.51997091435054,-5.69488784883355,2.97229103545625
-9.57026894161812,-4.09891830612894,1.12952348011655
-8.897253902903,-2.09783236867899,-0.713992873464083
-7.91467651675435,-0.165156518648823,-2.25671069301846
-7.02851130227277,1.43725930021037,-3.49722545767196
-6.42865024517448,2.63523018938212,-4.56337748177521
-6.1021780141013,3.41762012772704,-5.55752035073481
-5.89965878585298,3.76940672470886,-6.50114580285752
-5.6044244661618,3.66746084576488,-7.3240344281368
-5.01467902559096,3.12923641570856,-7.88570981325632
-4.03874660500366,2.26433967154981,-8.05212502241789
-2.74186874718855,1.25722339352865,-7.80605297435773
-1.28413951737727,0.265417068732799,-7.28560644154075
0.185698279233905,-0.662387709804833,-6.71555991884723
1.58602473083586,-1.57978251935827,-6.30613195444245
2.88517828917183,-2.59113462971109,-6.20461571765943
4.05100959120258,-3.81536296633888,-6.47642907769844
4.97690818880511,-5.36825522177403,-7.07941914181563
5.38919581592397,-7.2979858160112,-7.77098321277088
4.81459731527335,-9.38316104178187,-7.99433050365008
2.88682641744694,-10.9220143011598,-7.05437368465282
0.0045037951573732,-11.1478717825295,-4.87914295706918
-2.79011736194697,-10.1335922079044,-2.35367532985999
-4.82048648268592,-8.60141953789835,-0.385991611413253
-6.02782603009157,-7.06406577819837,0.749269548520447
-6.58290334729759,-5.64717710883598,1.20576455074257
-6.6613529831226,-4.32599485154249,1.2391348180194
-6.42697724495889,-3.07739754852663,1.06268067109249
-6.0353498414188,-1.90226055766695,0.800828547664017
-5.6220781063021,-0.802559181682258,0.495879190577371
-5.29282850638818,0.235490164615707,0.136542545607169
-5.12693011984966,1.24303336830811,-0.317063398893738
-5.1872105903817,2.26095144895067,-0.920582070814688
-5.53706536041611,3.32547203100058,-1.75220154657246
-6.23901149672554,4.44102237132706,-2.92873430664999
-7.31469547176912,5.51386543937986,-4.62440932529585
-8.5926291142766,6.19893300430714,-7.02310862264301
-9.38898747225756,5.68086981596973,-10.0124269545419
-8.49559688375408,2.9822148648224,-12.540885769076
-5.7167796444155,-1.48847346018604,-13.06677890348
-2.97068443092331,-5.68793628390495,-11.620545495699
-1.86009200727947,-8.23019074404961,-9.33625155902167
-2.1888079860192,-8.97608276131858,-6.87221555524662
-2.98126302746968,-8.40675432908873,-4.57351798190401
-3.55964355022287,-7.18902228857726,-2.66476990869272
-3.77247442630648,-5.84546995634975,-1.18473946047455
-3.7430168650459,-4.66172545170498,-0.0556206363819791
-3.62954038403632,-3.74827235731913,0.813714439203177
-3.53715989139035,-3.11944120159622,1.49758732661725
-3.51285498838033,-2.74766928324036,2.05225582349417
-3.56839419271313,-2.59413567815162,2.52039955372402
-3.70192909210437,-2.62332844367231,2.93363993383761
-3.91077504060268,-2.80606707135874,3.31394118483146
-4.19886570929381,-3.11963859944307,3.67289763327582
-4.57815979990112,-3.54102869269837,4.00972706286249
-5.06607551934593,-4.03805057605503,4.30615998960317
-5.67590034349074,-4.55593692063743,4.51905407225617
-6.39637393335975,-5.00054572102312,4.57362890335554
-7.15954220357525,-5.2300336233966,4.37134931380179
-7.81951284216179,-5.07950604058295,3.82953726422306
-8.18620712739869,-4.43599913475261,2.95036582923907
-8.13693932092401,-3.3262275584581,1.8585166925783
-7.71877233787791,-1.9141647531194,0.730696433717264
-7.13083114988226,-0.39911487289215,-0.326180229308373
-6.61451337527384,1.07865880539191,-1.32492059812833
-6.35838942756373,2.45304846603427,-2.35911457695985
-6.46415686563622,3.68468537419602,-3.54924954911129
-6.92397810579917,4.68887492938083,-5.01366598877882
-7.55244060275384,5.24829680244813,-6.81943300986823
-7.88358855816078,4.95970742867409,-8.82897536498385
-7.24872819292528,3.42752022089752,-10.4839519583685
-5.3732689692594,0.835491604173805,-11.0156721413163
-2.89599543660263,-1.91730918078594,-10.2748012033982
-0.737699499037806,-4.06856076222695,-8.87500545996238
0.681646806697295,-5.46133425703234,-7.40812582622869
1.39909610140481,-6.2327270944176,-6.08108298658306
1.61827889299776,-6.5422029793121,-4.87560780604994
1.54113973959681,-6.516153336607,-3.73783849017994
1.31561550069847,-6.27187138440822,-2.64356524962739
1.02171041821737,-5.92404023455257,-1.59163146025628
0.68132989051131,-5.5765663456766,-0.580828498243996
0.277113908770439,-5.31548770269661,0.403130288613991
-0.231556875580057,-5.21159000241353,1.38890601441294
-0.904975901173723,-5.33186889246174,2.41278042970754
-1.82810438917151,-5.74521970423305,3.50319276947705
-3.13186447269965,-6.52024241929915,4.64872747316589
-5.00852690780952,-7.66724117502065,5.71514726344903
-7.62827292047524,-8.94138078501417,6.26049964184699
-10.7318155539212,-9.49235976970817,5.33050355908806
-12.9956786110719,-8.09493510709875,2.04349553861458
-13.0114880227899,-5.07111895615462,-2.6894997534997
-11.2444413025103,-2.65204083617986,-6.67994136202811
-8.82523300150061,-2.06486537653398,-8.8090976071095
-6.32917536484523,-2.7272684978344,-9.13976325847369
-4.11466921745598,-3.58832235135913,-8.27494221712561
-2.36517651143942,-4.08245348195891,-6.90081168450283
-1.05194847655117,-4.16805210261667,-5.48843665940046
-0.0669618148081802,-4.01459281988841,-4.26966255710952
0.686061723981813,-3.79258664476877,-3.32133686465943
1.2725834175032,-3.60410187661116,-2.64241167767
1.73862614798789,-3.49108616573399,-2.19997633371551
2.12051705733596,-3.45825805742557,-1.95000896996646
2.44553194152754,-3.49578885005316,-1.85467614867289
2.73471139899393,-3.5906493209498,-1.8837227335139
3.00347972724713,-3.73290135075441,-2.01543503254389
3.26229665337804,-3.91795882942123,-2.23460548969212
3.51659745663083,-4.14777434153791,-2.53093294855972
3.76588982275744,-4.43005203757375,-2.89440774405675
4.00129029507657,-4.77677503127302,-3.31072845582843
4.20191867172885,-5.20011446323112,-3.75475711094265
4.33029425906758,-5.70492053313338,-4.18210343843403
4.33114656695868,-6.27380925156505,-4.5205215641648
4.1407097883441,-6.850690023386,-4.67079616605181
3.71072000939949,-7.33430814621534,-4.5247098266028
3.04630871252949,-7.60367097584771,-4.01075021144844
2.22036244060195,-7.57976552951965,-3.1381102954381
1.33754361642835,-7.28520459310975,-2.00036150251048
0.467311212293803,-6.84291195513835,-0.722173435986513
-0.393381814942587,-6.42442776017722,0.597190892217773
-1.31060654573409,-6.19268904910537,1.90590209113743
-2.38818488483631,-6.27334485629473,3.1797341541115
-3.75462998314051,-6.73508890988889,4.37263713074902
-5.55039017735654,-7.53468073573669,5.33164967970313
-7.83169512833622,-8.36867436973574,5.6669547493605
-10.2586916016395,-8.50175258186325,4.71331338202206
-11.8328983564693,-7.11520528235396,2.06454838721132
-11.7055167347109,-4.476212881366,-1.50240523008043
-10.2700080728649,-1.96610347909589,-4.58569960079646
-8.39103017842358,-0.505842361826743,-6.51162524719211
-6.478120203431,-0.0570453071143947,-7.31568259084897
-4.63651693987684,-0.174102760076942,-7.27529561923316
-2.93116471321784,-0.467598931488762,-6.73379619492926
-1.41362920607627,-0.758276735899638,-6.01621293993424
-0.0911739009548426,-1.0322179543426,-5.36322733328554
1.0683073326021,-1.34513745242045,-4.91967466156761
2.11923474606636,-1.76360569136647,-4.75825261674567
3.11420983319824,-2.35304437010511,-4.9157757417039
4.08270890228057,-3.19228275135376,-5.41299885311195
4.99495237206091,-4.38983594847467,-6.24120308822248
5.68642754351205,-6.07361881033938,-7.29488676883146
5.73927918226378,-8.26092971607262,-8.21045370322401
4.49539379884895,-10.5212197529455,-8.23250447340359
1.6791977226656,-11.8176419545257,-6.67544603070906
-1.81682518703975,-11.457856185989,-4.01484706252194
-4.70664986986374,-9.95531055661948,-1.61215117264432
-6.4748151579929,-8.11791579668201,-0.241844728130791
-7.20703333337792,-6.28324256000592,0.184082161426119
-7.16918663820499,-4.52403647091466,0.0804733409013909
-6.670979727976,-2.88846496127884,-0.201533828781468
-6.00798910688717,-1.41917585497663,-0.496676376674003
-5.40227604899267,-0.123836851034313,-0.788401633412724
-4.99145736794084,1.02799932987525,-1.12598150804329
-4.85224167784118,2.08647073225608,-1.5737908502589
-5.02721441733461,3.10254491839324,-2.19901487314609
-5.54520675146966,4.10376172017433,-3.08602924817821
-6.40601529233351,5.05469677422947,-4.35439877182262
-7.50138961992941,5.7732169338659,-6.14224753259646
-8.43619451287869,5.79138387504761,-8.46720444531121
-8.38169492826582,4.38419865224009,-10.834944014417
-6.64154974983702,1.30075737313259,-12.0999333348245
-3.86851204397586,-2.39659688113256,-11.5953818837259
-1.56254878861355,-5.33131484021857,-9.95611384674068
-0.433303913620951,-7.00883990686472,-7.99470755170798
-0.253780189522956,-7.55330033554193,-6.02233594274049
-0.515338379079594,-7.29082421817362,-4.13765238721957
-0.855080720692761,-6.60273164293625,-2.42206103086827
-1.14908778377005,-5.82190027333826,-0.923181083313466
-1.42276818077097,-5.17475750931579,0.364573389783227
-1.7472407782155,-4.78095602912265,1.48766225395778
-2.19135223859588,-4.69543992015821,2.50290997979255
-2.82038864966214,-4.94022647809182,3.45874104844896
-3.71334910697022,-5.51774380818196,4.37073952837829
-4.9751267272131,-6.38794769004066,5.18074218205315
-6.70172993024152,-7.38302644140268,5.67746683424119
-8.80820571759532,-8.05584970642771,5.41017058280689
-10.7241706619066,-7.66841627178825,3.82875750215517
-11.4989348191505,-5.81968987506678,0.969352330047756
-10.8059619825623,-3.21414444179192,-2.17487029778492
-9.28949470200263,-1.00069877483011,-4.62388166002668
-7.61846887245223,0.303920872129444,-6.11769937136125
-6.02271744957447,0.806421362824259,-6.79539916370298
-4.51572740307176,0.817904453992666,-6.86884629865858
-3.09706647588426,0.609728400264399,-6.55616904473321
-1.78418758481252,0.332378451585501,-6.06586959802292
-0.5843634619611,0.0271801125776319,-5.57313729594206
0.520488996061128,-0.328601286504135,-5.20284739578257
1.56858329158069,-0.784702384460134,-5.03863738845153
2.60601125750103,-1.40398947366429,-5.14107827722275
3.6677450573015,-2.26934996043373,-5.56353702086091
4.74418728974412,-3.50446502340743,-6.34985074304439
5.70288161192792,-5.28016030993339,-7.47387760790141
6.12610197275227,-7.72867044498237,-8.6632953980946
5.16728363913417,-10.5613970472797,-9.11176937019889
2.11770014748621,-12.5719340215512,-7.75179643156197
-2.17956151474767,-12.5514104246613,-4.87385562942871
-5.85060200031486,-10.9156449678633,-2.36727924569731
-7.9388467077512,-8.69006791773415,-1.37688648453627
-8.47665463687361,-6.3630488191238,-1.58196467741568
-7.92353187235881,-4.17667703823284,-2.17849159890455
-6.85308099373119,-2.29962128863986,-2.65077382686775
-5.71741851666002,-0.777724399845779,-2.89238014577368
-4.77230221616918,0.431914375733935,-2.998190434496
-4.11768372629079,1.40327584809921,-3.0866409376806
-3.76850218342582,2.20588860754715,-3.2342057105729
-3.70387604382195,2.89578875993341,-3.48036276216959
-3.89174536354886,3.51096906235291,-3.84883728706203
-4.29431393723147,4.06577790802345,-4.36459918987396
-4.85862357369574,4.54014114675347,-5.0600834353319
-5.48943836960718,4.86203032454096,-5.96137585557434
-6.01185398079087,4.89088286151528,-7.04363262580067
-6.15514359242732,4.43907491184753,-8.1562857831519
-5.63712606601563,3.3900104603362,-8.98820187534306
-4.37604256760053,1.86898525222126,-9.21364789938515
-2.61635103241765,0.224816357438531,-8.77632945533263
-0.748807453181145,-1.24670937790401,-7.95713901092045
0.945041365740042,-2.48664619197337,-7.13813668628147
2.34616064385073,-3.59665450427513,-6.57723451887069
3.41485708459104,-4.70087327695691,-6.34908095793702
4.10031595972608,-5.86987032915712,-6.3701965212503
4.30432707160088,-7.07968063092947,-6.4203715134525
3.90937912576834,-8.16959091781938,-6.18642838072698
2.90418436083086,-8.85828896162054,-5.39338311365927
1.49890666240753,-8.91790349477224,-4.00107064303206
0.0351409085039557,-8.39553194812925,-2.25069638891526
-1.26089288970814,-7.59522554334392,-0.463553892762092
-2.37824785768758,-6.86088687899293,1.15029401925309
-3.42758333414733,-6.40994868873071,2.51026789132332
-4.52865459986271,-6.30536242459608,3.58295004473791
-5.75494826567781,-6.46470035760082,4.30868384459603
-7.09087630883515,-6.66344176618875,4.55596655028347
-8.36373913605527,-6.54950620731376,4.14840908831849
