4.49679976849145,0,0
4.28285898731267,1.37003942032309,0.0495985481592373
3.65023209461234,2.6939062553483,0.0760512176140236
2.63927568418906,3.84460462488027,0.0766722348309595
1.3262070897608,4.70486708027151,0.0604068706911895
-0.183809929671201,5.1788912481926,0.0425816382529892
-1.76503312369912,5.20079490854863,0.0307242693405358
-3.27797258884026,4.74094836676725,0.0240867088606452
-4.58017071540827,3.81313435329649,0.020357646645545
-5.53889840107733,2.47404353735204,0.0182468852500092
-6.04543405004513,0.822450927182239,0.0171997294539748
-6.0248607222652,-1.00882407677651,0.0170004143784293
-5.44743391181142,-2.86189726443532,0.0176229580905872
-4.33217825801276,-4.56768834856634,0.019213370843954
-2.74760240241251,-5.9589126897086,0.0221614944510433
-0.812627612943209,-6.88873961411969,0.0272932287915661
1.31535761835135,-7.2436486875943,0.0363971969384066
3.45064609705573,-6.95549650945104,0.0536207566631355
5.39303897950104,-6.01280748189993,0.0893966979585045
6.94338349555741,-4.46611064816798,0.17164964119819
7.91049470241777,-2.42752888815297,0.375076774843919
8.11677404545411,-0.0761088785442464,0.855526371535268
7.39644052969221,2.34649435401977,1.70849158745893
5.72490980600022,4.54709642424393,2.3269127165027
3.44794477092932,6.25983367902197,1.72755927878351
1.03936035140758,7.34552283183475,0.647323402855821
-1.34772445043257,7.75558835991178,0.138239778363283
-3.67103961977018,7.4595276880142,0.0328491215552817
-5.78459628929657,6.45332138472345,0.0189177376222138
-7.49303402174911,4.78787412388157,0.0156855264414877
-8.614320065958,2.57575435506644,0.014199794040118
-9.00999166951858,-0.0117599739291862,0.0136353176976958
-8.5997314976126,-2.75952512460234,0.0138453547040887
-7.36953365526329,-5.42403604381204,0.0149048156339676
-5.38430430264727,-7.7547409442775,0.017135804790259
-2.77973077534831,-9.51555146622288,0.0213496474212762
0.240748583368325,-10.5101155581129,0.0295748973705525
3.42291804222934,-10.5990939030599,0.0476971395241097
6.47784749938551,-9.72049503014135,0.0967333310957611
9.0969175471664,-7.90104309714455,0.27392546859171
10.9145025295372,-5.26968090759412,1.1542884924469
11.1298213788248,-2.12279290163063,6.21592798379928
7.33099848976753,0.74964486514564,20.6805332491664
1.11504237632127,2.05228489588874,12.5544941302985
-1.36455209571479,2.06365820749192,2.04478646494378
-2.17834591310682,1.62785194771359,0.236846578890736
-2.60598094146219,0.982493208923903,0.0430154607365221
-2.7956412504959,0.201524124015737,0.0251972101463149
-2.73634250265028,-0.648807757537208,0.0237273747207205
-2.42030375121899,-1.49393736382403,0.0242328952043577
-1.86167218369783,-2.25581040096241,0.0256343906869517
-1.0968476294913,-2.85913827154969,0.0279981333016555
-0.18386540351804,-3.23861179838048,0.0315691690055074
0.801826714288122,-3.34579492705997,0.0367094684153502
1.77342876633132,-3.15448933086931,0.0438740310720808
2.6397710881353,-2.66419481557544,0.0534913927011055
3.31388601193282,-1.902799223861,0.065577170127384
3.72132815237429,-0.924839243613547,0.0789633789326877
3.80822650780558,0.191725859537631,0.0903592043326323
3.54903531516078,1.35158184569441,0.0945974411491486
2.94705331481197,2.44967015404084,0.0876850900817877
2.04234902522061,3.38227508392166,0.0715552319037055
0.899369927161567,4.05338034971446,0.0533418866016573
-0.390940094849326,4.38778210160411,0.0391177230949567
-1.72088675527764,4.33408250721072,0.0300635898015169
-2.97169381157433,3.87458848328322,0.0246539671135981
-4.02392744143518,3.02676261137597,0.0214143083125602
-4.76909722732177,1.84546120940174,0.0195337735312597
-5.1190073557579,0.418716172878182,0.0186329258021667
-5.01908886963803,-1.13635819515448,0.018556679727532
-4.44907020693666,-2.68480441484308,0.0193107453453352
-3.43334740810947,-4.08321549498011,0.0210489826530738
-2.03840712510999,-5.19352851294475,0.0241386644922633
-0.369770183227504,-5.89550144252986,0.0293194792229318
1.43459111803231,-6.09926083780361,0.0380651845701505
3.2153311959793,-5.75746972407305,0.0533673207970575
4.80423996963461,-4.86814363926167,0.0815542210514712
6.03813432370928,-3.48274331494191,0.1355945363829
6.77005402396796,-1.70264576559458,0.238633902410155
6.88622740331805,0.321933391582254,0.41268286097652
6.31991302985874,2.40416692040436,0.619283674945993
5.09845119274365,4.33727351576637,0.6890406482006
3.36303598704993,5.92888905084023,0.494840662958963
1.29862578886904,7.02696423750948,0.217092974934565
-0.941425427841273,7.52341344667678,0.0693113873644807
-3.20508300921804,7.3493005537592,0.0287615356435217
-5.30609450968062,6.48340518040644,0.0196341496867634
-7.04562252788869,4.96413636162484,0.0162944230425925
-8.24196850123557,2.89148341693573,0.0146172660277626
-8.75088586128717,0.422250898867918,0.0139101465711094
-8.48425182949753,-2.23980172523138,0.0139899219568275
-7.41869403242219,-4.86152874036963,0.0148944505465463
-5.60232059156103,-7.19829486876938,0.0168939490542191
-3.15720563582747,-9.01689695657533,0.0206724428975216
-0.271343476877039,-10.1194855794012,0.0278947714433863
2.81586213125893,-10.3572892741549,0.0432129816630491
5.82737521109232,-9.65995588288578,0.0820095610722523
8.46750144652736,-8.03684396878335,0.209487988231539
10.4070393762922,-5.59385046653925,0.77572051973162
11.0748336830451,-2.5708026904519,3.83159015311917
8.74378460772572,0.454587747671942,15.271573157072
2.80500421218704,2.30044743103232,15.9914823209241
-0.698333698189281,2.67845977214976,3.63951094576096
-1.94229316663501,2.41195164426195,0.455417441327611
-2.64481866403731,1.84525762294105,0.0633665523121264
-3.09772788820233,1.06516738921034,0.0261055657865303
-3.28802611129482,0.135958110821813,0.0225999450407867
-3.1857780881594,-0.865394948195837,0.022389639073288
-2.78286235924558,-1.85081049773514,0.023124016055524
-2.09903944791754,-2.72900947845219,0.0247406773980094
-1.17860443970284,-3.41142902529767,0.0274510108988065
-0.0934000147984029,-3.82414964732274,0.0316162717559205
1.06652100925734,-3.91269286494029,0.0378105302997727
2.19830060862819,-3.64945407034833,0.0468555525808332
3.19533266469107,-3.03808633617377,0.0597426608250142
3.95482182685353,-2.11290325152311,0.0771889177735732
4.39288171079626,-0.943528282047978,0.0981658993427461
4.44791081518252,0.376473558272106,0.117693238939967
4.09354838601212,1.73271737826568,0.126041534296063
3.34206210933022,3.00146573720865,0.114770005135284
2.24423757889689,4.06138844528856,0.0874568397786981
0.882223129003415,4.80449714709875,0.0587407657633448
-0.636961918619295,5.14535011815055,0.0391561673593974
-2.18635560217804,5.02827827766322,0.0285393340376611
-3.62700473944442,4.43748609353289,0.0229169617061494
-4.8205463049377,3.39870961871204,0.0197562573516317
-5.64212360592899,1.98021986011759,0.0179951326335206
-5.99254121828323,0.289400455945548,0.0172091663795408
-5.81215968960336,-1.53389584718089,0.0172452442396984
-5.08442265243665,-3.33017451953459,0.0181272210032041
-3.84295622740539,-4.9324042548925,0.0200571978594688
-2.17022193201671,-6.18062201219319,0.0235138722395794
-0.194450634207494,-6.93744032930826,0.0295113361314251
1.91927534805853,-7.1043041191252,0.0402430058533724
3.98297796515336,-6.63021830622965,0.060838329014011
5.79951052628696,-5.52162822138439,0.104174923812763
7.17385411749229,-3.84359101514899,0.204509009240965
7.92683708631127,-1.72761928892012,0.445667271025108
7.89064641741847,0.635592483895052,0.970079232953576
6.93619595831252,2.99532745727449,1.73909426581882
5.1253926414508,5.0683320138956,2.01579665281634
2.84473076826687,6.62499833487792,1.25631694890448
0.461785323912035,7.55112655107521,0.405815796978904
-1.9224112571149,7.79569301971118,0.0839799477224709
-4.22481118094645,7.32644024830274,0.0260815617516529
-6.27166238944128,6.14957032009696,0.0177678434997597
-7.86481233806379,4.3308270684829,0.0151766194834707
-8.82994690467748,1.99855949206997,0.0139417187048363
-9.0394987577939,-0.66354125010635,0.0135671515886366
-8.42930644661826,-3.43033971765074,0.0139646413720851
-7.00331758848539,-6.0535998978626,0.015259504919553
-4.84240898352804,-8.28167872196823,0.0178634568246198
-2.102589848341,-9.88612838188737,0.0227747542822404
0.999511651809678,-10.6785544696608,0.0326087572856413
4.19716389668085,-10.5402134564017,0.0552125087939752
7.19460843820933,-9.42507888127134,0.120767699889768
9.67514885878903,-7.38454785462508,0.379240050995005
11.2235675434296,-4.57800457528182,1.76974435807906
10.7183450656152,-1.38206532919737,9.4936266259463
5.54427604462194,1.18821250563112,22.4528560338851
0.0656987284970566,2.02593124464101,8.4743806452946
-1.67770109737291,1.84821323224977,1.16228930803691
-2.30360765009037,1.33608886840809,0.137215699930188
-2.62536540663929,0.650460471977884,0.0339439159177204
-2.71186944788261,-0.141309626386568,0.0246182439932387
-2.55197765659616,-0.971331147335537,0.0240846665629695
-2.14627137165876,-1.76519886974389,0.0249405774671248
-1.51769064687694,-2.4476935120394,0.0266860258263159
-0.710423948030831,-2.94910576098714,0.0294549867879158
0.211828513086164,-3.21225397663248,0.033518163634046
1.17085056408605,-3.19900711460619,0.0392391997487277
2.08002223277055,-2.89305621983819,0.0470295288511532
2.85151423025383,-2.30530832698323,0.0571273719713414
3.40526917689132,-1.47391307714429,0.0691024418997805
3.67691636465089,-0.461670876979878,0.0810638156113422
3.62440176222299,0.648398255049564,0.0891369917133857
3.23464621160965,1.75919736273328,0.0887332927372452
2.52596928862963,2.76853683575419,0.0782828004433732
1.5456403209571,3.5774447556598,0.0618518594705189
0.36860206219676,4.1010653747711,0.0461166017737217
-0.91035945521503,4.27457687842834,0.0347848964541339
-2.18116478148201,4.0611268045801,0.0276896207702354
-3.32706361057875,3.45697302630298,0.0233824213372452
-4.23556046018993,2.49455357351321,0.0207863230538765
-4.8084740145918,1.24047833536913,0.0193409860134755
-4.97286577651743,-0.20733600175194,0.018785607682458
-4.68784511146018,-1.7274167973012,0.01903984067373
-3.95285240745789,-3.18389846736571,0.0201626257476957
-2.80794742970055,-4.43871514537151,0.0223776314560276
-1.3336261895966,-5.36380282440602,0.0261582299315034
0.353912827955964,-5.85399617337779,0.0324280744854449
2.11151193834376,-5.83773810813843,0.0430050340629215
3.77951193582832,-5.28534306443486,0.0615738173791711
5.19589093719503,-4.21766885113928,0.09551233814206
6.20731586081103,-2.70308158834577,0.158761359400432
6.68583883673003,-0.860776727355471,0.270313040713995
6.53979196100214,1.14969285396668,0.43084605226177
5.74116108028145,3.13909040285738,0.563102393178518
4.35641039373212,4.91185665545343,0.522369335054218
2.53489602462484,6.29380515553238,0.309766978380986
0.439774865340669,7.15281872645403,0.12032994462341
-1.78277339689296,7.39239125729197,0.043199608903411
-3.96427955879447,6.96042195049478,0.0237825315624381
-5.91142464627437,5.8575044614678,0.0182263624901981
-7.43189526002593,4.14389477558164,0.0156863522952909
-8.36025070132165,1.94085805838867,0.0144148978876549
-8.57389114418404,-0.578937887820087,0.0140145379059862
-8.011151344262,-3.20256275733747,0.0143942440751213
-6.67280315437955,-5.69432837811855,0.0156734901510157
-4.63717000879919,-7.8167359172637,0.0182382030295503
-2.04828351574894,-9.35085937616084,0.0230301541948255
0.888038086598435,-10.1194499791083,0.0324120213277965
3.92048208759597,-10.0060247099912,0.053213366049786
6.76952700674482,-8.96735835740587,0.109743959861155
9.13896965658474,-7.04831416551281,0.311289903460893
10.6741493697874,-4.39333195269987,1.25817937924623
10.6159280509772,-1.31072963624894,6.03135999685712
7.04670732491038,1.46166148638773,17.3569747229296
1.54375743384192,2.84596242979917,10.946491619778
-1.04496387434086,3.03546630956019,2.02208678221162
-2.17279429498215,2.71161732557014,0.245458407754531
-2.93179523965749,2.08436358559776,0.0422641013618545
-3.44207402205676,1.22097149034221,0.0235819414733131
-3.66365993169359,0.18923147562615,0.0215860310834862
-3.55988475546048,-0.925772033559334,0.0214779203984504
-3.12174350089174,-2.02632510171989,0.022226955466274
-2.36810505681865,-3.01000843664013,0.0238881838427106
-1.34982026348686,-3.77930389743818,0.026706212504806
-0.14452038934064,-4.25003813483602,0.0311261362727045
1.14762941960419,-4.36040559336742,0.0378885101493872
2.41194783355176,-4.07911950937619,0.048153788178012
3.52934809291431,-3.40909600549469,0.0635693351609701
4.38540718656952,-2.38836952142943,0.0859225162375243
4.88339756929337,-1.092209572326,0.11532226222936
4.95533316232916,0.374057678301268,0.146192263805163
4.56836074423865,1.88344357336989,0.163680183010757
3.73836713328504,3.29775040657476,0.151263181735672
2.52307836581726,4.48160459775265,0.111309097844405
1.01528251946008,5.31503775505102,0.0684616643230836
-0.667232950224409,5.70333706208461,0.0412459247687665
-2.38560115004177,5.58579682068538,0.0282571990891349
-3.98681907868729,4.94258912733417,0.0221339842647255
-5.31759115822717,3.80180781580817,0.0188769387109015
-6.23901653309111,2.2379415820897,0.0170974372865105
-6.64119603070427,0.369312875667904,0.0163059102976833
-6.45535473585851,-1.65048229738792,0.0163351651238467
-5.6629794947396,-3.64478508335026,0.017206546907028
-4.29783476366711,-5.42730420496641,0.0191400800812393
-2.45364545460176,-6.82249026373583,0.0226493233457092
-0.268949724405314,-7.67524380675729,0.0288946166843989
2.07321959690635,-7.87649429250528,0.040510700630884
4.36495553108564,-7.3676334646741,0.0642366137464329
6.38552221522577,-6.15287862005015,0.119412906633774
7.91586448808685,-4.30721368539176,0.266604615185281
8.7375477445611,-1.97725240392444,0.692798319481131
8.59077645486647,0.611007829281713,1.83318873043547
7.18906002971487,3.12756911099579,3.742595417617
4.66479896428078,5.17875282704312,4.14079386158442
1.93610819836112,6.51878538416259,2.04230292231531
-0.475366175561575,7.14483707082803,0.485484841922887
-2.6975731713127,7.09611751018469,0.0774054322050711
-4.74986846871802,6.38008661942197,0.0236031346157566
-6.48374445856499,5.02861212939238,0.0172131710202546
-7.72522833904081,3.12797015100194,0.0152265942441624
-8.33010063112119,0.819878836137192,0.014360521557019
-8.20430999936179,-1.70781413590124,0.0143043070168328
-7.31316236124221,-4.23583576609697,0.0150593987728902
-5.69230398586826,-6.53080216256241,0.0168429109545764
-3.44708252780352,-8.36749315208664,0.020220587957298
-0.745418640820965,-9.54722724338816,0.0265575013975795
2.1897844166445,-9.92287265256432,0.0393884476033245
5.09921554421858,-9.40841480027838,0.0696996956224323
7.70396206079653,-8.00283492176178,0.15885140579858
9.70593110352747,-5.78750144339638,0.503048459807805
10.6967108153935,-2.95592272663867,2.14195117918808
9.65264091686143,0.0879682870451777,8.96948879056059
5.11733689021372,2.46568993634971,16.1409905736976
0.637325599297936,3.44283851595504,6.47937609688411
-1.35308980003315,3.50741941009268,1.03586673734327
-2.48743018788333,3.1223672599532,0.127000521279119
-3.3436718937117,2.40830665886869,0.0305319691051619
-3.93248946067153,1.42462353706638,0.0216565989396924
-4.19311897981581,0.246494249187171,0.0203856785618209
-4.08314966052487,-1.02902856531727,0.0203234089479883
-3.58835139033564,-2.29029041949232,0.0210977773781779
-2.73296582513517,-3.42051235789671,0.0228180339929583
-1.57267484339391,-4.30743935168289,0.0257846365755377
-0.195775134298293,-4.85345235163531,0.0305621114309602
1.28279117506255,-4.98936543864869,0.0381381385595345
2.73229457434011,-4.67636922393773,0.0502777405062867
4.01603603593653,-3.91804576481811,0.0698985705948228
5.00240129684932,-2.75747279774403,0.101297608331149
5.57794932719828,-1.27982697278441,0.148264549262041
5.66058546399758,0.393532923295774,0.20646538019753
5.21398836977155,2.11515270289175,0.250856362992257
4.256031395909,3.72522261807143,0.241156537107047
2.86432405989886,5.07001143446535,0.171113214699244
1.14955189304071,6.01425684386542,0.0917581317808526
-0.755849158601521,6.45384697612965,0.0457394511211488
-2.69935427673024,6.32053036807939,0.0278846243734332
-4.51013368622993,5.59321164021258,0.0210554143378554
-6.01502682742646,4.30289154475223,0.0177495646709375
-7.05718149879148,2.53420959619861,0.0159936853514028
-7.51141621263277,0.420579252544801,0.0152269646842958
-7.30147177261325,-1.86370398539897,0.0152697696896404
-6.40444787304138,-4.1189199464884,0.0161501515139464
-4.86170393964844,-6.13561539765035,0.0181034934768735
-2.77481652823137,-7.71237474436298,0.0217185854185965
-0.304220469301705,-8.67781986378489,0.028342872704183
2.34513233902276,-8.90413868270298,0.0413567294915048
4.93690616871035,-8.32818037178006,0.0703173848238482
7.22005379875658,-6.95448556789989,0.147560726963305
8.93756448298319,-4.8695554249764,0.399352889245833
9.78607523706179,-2.24756098601163,1.34466081934334
9.23298070625331,0.603991027557688,4.52924045737593
6.51985932462478,3.14186860785011,9.29673819015234
2.68616174368453,4.757910486757,6.67547862920651
-0.0467888993756084,5.43157991099258,1.76547647118168
-1.93828336521119,5.45244062561652,0.258728342111871
-3.54504115117334,4.93828092658356,0.0414182497253108
-4.89670996926174,3.93167951799956,0.0206332735074694
-5.87712320019638,2.49798334170091,0.0177249000119019
-6.37532542601993,0.743662572160649,0.0167134849501211
-6.31537182237601,-1.189368517576,0.0165731067984056
-5.66931747814013,-3.1337030123308,0.0172585970434426
-4.46073261295105,-4.91114917990222,0.0189350219178656
-2.76579896604513,-6.34718421250354,0.0220319203695031
-0.71169101051257,-7.28871027774449,0.0274790111481582
1.5334756617995,-7.61932221071336,0.03734333084478
3.77269657400138,-7.27017419372946,0.056660691693938
5.79428402908786,-6.23376689520501,0.0989227434240303
7.3878201369458,-4.56846887324504,0.2033720763529
8.34847009992416,-2.39879204689034,0.484944793392273
8.46273957802242,0.0787860953416795,1.21320854880507
7.50245294816165,2.58582295287677,2.56435390263542
5.45058332957845,4.77725240373135,3.37753057410124
2.8837328737934,6.36953560400403,2.18314896064687
0.409592791475352,7.2726139324547,0.676090335756548
-1.92404257489817,7.48961677705787,0.122077327402106
-4.13719210960985,7.01418620540596,0.0290364404661713
-6.09309426886124,5.85908200867334,0.0181325017869452
-7.6060657602013,4.09043175226634,0.0154678946029528
-8.50971473248267,1.83331724084591,0.0142515425754423
-8.68382800718711,-0.733661365357672,0.0138971854012348
-8.0684368370248,-3.39311100073086,0.0143226159368954
-6.669553930531,-5.90534236607007,0.0156590797392213
-4.56985784104896,-8.03011993108548,0.0183170266566591
-1.91898750181864,-9.54687594181772,0.0232989208578393
1.07101463663748,-10.2794071335038,0.0331479602313341
4.1433232765802,-10.1119144419399,0.0554137538849751
7.01307885174282,-9.00691419630853,0.117721269018248
9.37800966302361,-7.0149612163344,0.34914443412846
10.861529307509,-4.29020204498904,1.48623732108462
10.5753886453966,-1.16984044446263,7.31131202088014
6.4013270673233,1.51029170894737,19.0421573125161
0.943280184210385,2.67807510284452,9.70859141741942
-1.30459026916652,2.72958166603733,1.59026083840907
-2.27087198170852,2.33343874055147,0.189026853372786
-2.90374523433395,1.67184454250285,0.0373875118990876
-3.28911155832459,0.810807837294603,0.0235442011821801
-3.39262299075365,-0.180598002380654,0.0221169352676767
-3.18927865496041,-1.21870046514597,0.0222769613941495
-2.67853294098979,-2.210557036536,0.0232924122987712
-1.88929831730914,-3.06196019490015,0.0252532714604553
-0.877701063390054,-3.68658922370756,0.0284250299775612
0.277259770321609,-4.01172068974305,0.0332689354309903
1.4768008270045,-3.99017871717323,0.0404885403453535
2.61224621800436,-3.60271823037935,0.051097670211186
3.57447906810424,-2.86446264349068,0.0662591328505531
4.26157775374653,-1.82159493314896,0.0866141186619024
4.59346071400321,-0.554629208527787,0.110250822459656
4.51700089066733,0.831912188939718,0.129985782757392
4.01800734938661,2.21582396533245,0.133886464110551
3.12187365245368,3.46895083012043,0.1148576246685
1.89229673300657,4.46868295015729,0.0819463796624561
0.423916698382029,5.11082194374866,0.0527462088071146
-1.16629062082627,5.31656106638249,0.0351465303824397
-2.74273546624087,5.04072861659611,0.0261784619988579
-4.16121797856202,4.28059378021724,0.0214562631876897
-5.28219823720529,3.07661448442981,0.0188041882658668
-5.98459339848634,1.51263767931958,0.0173834777377352
-6.17666889411788,-0.289639607019426,0.0168699471687647
-5.81157856109182,-2.17796706986702,0.0171670696887485
-4.88724268689863,-3.98380146810236,0.0183549625497019
-3.45551745469543,-5.53589622157046,0.0207135744591601
-1.61677375762189,-6.67530409945955,0.0248723657580823
0.483896236516598,-7.27110700984196,0.0321839701436703
2.6672220640703,-7.23650534393241,0.0456951798737429
4.73480691604507,-6.53706880624695,0.0729082831444156
6.48197671292368,-5.19751943848527,0.134027990017838
7.71259269623764,-3.3092443519203,0.284638104573714
8.23653583920752,-1.02600700814294,0.66357104119696
7.86941462122893,1.42871334708231,1.46576626558271
6.49028684698641,3.76721274803118,2.41730805563211
4.30961567911044,5.68904868318267,2.29399361299747
1.87273855234917,7.0024452966854,1.08829820402145
-0.528350821009639,7.64652227335911,0.269346896733012
-2.8736733147771,7.59486491072629,0.0519667051176861
-5.06720142457941,6.83331655499616,0.0214364405042157
-6.92444200960742,5.39208684852776,0.0165549387014676
-8.25656989771342,3.36277226184193,0.0146413295674505
-8.90846869179057,0.896271428163136,0.0137901888897273
-8.77905458796199,-1.8065540442146,0.0137370861177243
-7.83255155630394,-4.51164258369465,0.0144837252560555
-6.10390636370708,-6.96929834378813,0.0162562907615938
-3.70521448664728,-8.93698277201461,0.0196505768048342
-0.818136985011695,-10.2046308445331,0.0261190802412069
2.32084784886352,-10.6119737221959,0.0396264535016022
5.43426831242024,-10.0690883363236,0.0731807025773695
8.22160054295825,-8.57110422832839,0.181258531724675
10.3533378258236,-6.20904785515617,0.658795174460729
11.2899702688368,-3.20246615529213,3.34702715557633
9.31635973986468,-0.0932030633769892,15.0536683316611
3.11038157357731,1.87942297023861,18.4098101164804
-0.739538274239454,2.25761395259794,4.29072711517528
-1.93230950518185,1.95561572158551,0.527977367179228
-2.50459951570451,1.38320693487538,0.0711907529827934
-2.82409743021001,0.638610067132279,0.0275197976711246
-2.89712544069769,-0.213765332971179,0.02359461374242
-2.70624283255508,-1.10129516720662,0.0235734368710239
-2.25402181815802,-1.9443119708866,0.0245545493095339
-1.56606471465229,-2.6626379385177,0.0264333192659118
-0.69105257957866,-3.18215506504619,0.0294076012928713
0.301322458917959,-3.44310762016466,0.0338055069226457
1.32630148975969,-3.40513183493753,0.0400927024897156
2.29087678528051,-3.05507311003355,0.0488059147688407
3.10156828595177,-2.40581080228897,0.0603581669625187
3.67314136606787,-1.49980808439124,0.0744059626138705
3.93839968019079,-0.406536601517352,0.0887629391868882
3.85467380669151,0.783717085803805,0.098578952037675
3.4108289915177,1.96651029605746,0.0979004632156066
2.62806712642391,3.03200641874851,0.0847165291041413
1.561521012288,3.87599713476967,0.0647128031586358
0.292290672029255,4.4089472495532,0.0464919800758256
-1.07699532627702,4.56398763731003,0.0341615508091158
-2.428207860412,4.30422940210134,0.0268607776145307
-3.63669561432505,3.62851780341734,0.022583705981519
-4.5832474628692,2.57446185190484,0.0200594005426165
-5.16473629217405,1.21577976313576,0.018685345211604
-5.30492833655993,-0.341035901533996,0.0181983537490616
-4.9634077802377,-1.96429211412209,0.0185239641928722
-4.14356298673468,-3.50843547694317,0.0197357905196413
-2.89097225874503,-4.82642436837236,0.022090185614332
-1.2946449489963,-5.78283535780891,0.0261305643610529
0.51884885358093,-6.26724038474434,0.0329499138168442
2.394475540825,-6.20651782866474,0.0447949021410521
4.16123116334802,-5.57396283782108,0.0664754279267726
5.64565055437967,-4.39456505651109,0.108538597459966
6.68422787527672,-2.74660755805784,0.193136923274304
7.13809425250749,-0.761936597165979,0.356215596184083
6.90255202702404,1.38270875258669,0.613204694507534
5.94602428294278,3.4760290399733,0.841530185679578
4.36597730497607,5.30318375616542,0.77798361760612
2.36861834431865,6.68482401741207,0.430655789877488
0.142501073673116,7.49519329498354,0.145276524908328
-2.1734772938302,7.64873149471461,0.0438241709709884
-4.41514239465442,7.10180907414725,0.0226397777313502
-6.38432310104618,5.86338347305844,0.0174310822597114
-7.8848610432335,4.00579604988844,0.0151198954152321
-8.75029743367486,1.66258089541837,0.0139963948088631
-8.86146330218657,-0.980322383772168,0.0137123626678103
-8.16247437102713,-3.69766509572051,0.0142075314680633
-6.66657676038681,-6.24329881287788,0.0156332495228411
-4.46440021227427,-8.37281986798939,0.0184386508722959
-1.71383858853847,-9.86242597233591,0.0237328910242166
1.36273461129458,-10.537666356639,0.0343712489533872
4.49954979481349,-10.2841783710084,0.0592034238488693
7.40325735159737,-9.07349958638699,0.13211201331707
9.7609118228198,-6.96536717195622,0.421433775839051
11.1484723854269,-4.12957039302088,1.95650376724145
10.4098118599109,-0.962928824201671,9.91345228172283
5.22026753704114,1.51894959567879,20.9808359785954
0.09010075907778,2.33648918703769,7.61851564684126
-1.64109750406146,2.19336315880644,1.06283139078526
-2.36256816626571,1.70007386625533,0.127100053444984
-2.79135038441288,1.00230161289427,0.0324276630188344
-2.97728292660249,0.165365729674765,0.02384965327818
-2.89852505996445,-0.740855807255696,0.0231929979306112
-2.5470272966029,-1.6368672056772,0.0238241570551467
-1.93921848987077,-2.43977245068524,0.0253229906711318
-1.11454274214905,-3.06929213022383,0.0278344938731071
-0.13663410078365,-3.45723516248731,0.0316475259840045
0.913503448618734,-3.55372655234513,0.0371945469923825
1.94310817763785,-3.3314383429889,0.0450572368315106
2.85494212152624,-2.79192774290253,0.0558361848833606
3.55715603240383,-1.96696024014022,0.0697140032406857
3.97164047150888,-0.91610393973766,0.0854887583015142
4.04241940008269,0.276542390789094,0.0992496687891288
3.74275557234916,1.50846015643036,0.104403629538541
3.08261269002505,2.66827156440346,0.0959065849858632
2.10231753054915,3.64430188028806,0.0762219606052556
0.876031314243985,4.33793892327475,0.0547941145245368
-0.500087898156984,4.66994424101859,0.0389183540803167
-1.91089460193078,4.5871623157143,0.0293876936813406
-3.22985436609236,4.07342284262885,0.0239315028029881
-4.33111860852641,3.15040401952087,0.0207383455016461
-5.0991740326978,1.87700650133319,0.0189186911257337
-5.44394693100407,0.35029586331866,0.0180732484171599
-5.30775140641423,-1.3048803314524,0.0180527920716023
-4.67283750308655,-2.94381276880029,0.0188707400488372
-3.56803278514539,-4.41456098467278,0.0207005711053954
-2.06599178898724,-5.57122057928918,0.0239543618650331
-0.280903380371911,-6.28721215613827,0.0294783025673034
1.63871925962998,-6.47068434135923,0.038999430938627
3.52267478492149,-6.07189385350565,0.056255810530962
5.19209692354023,-5.09415092231457,0.0896153374137194
6.47205531831119,-3.59375626532976,0.158114368018789
7.20708897618952,-1.68478339859913,0.299693140604249
7.26777917025868,0.469467016577851,0.561378614202066
6.57547161046545,2.66144728520808,0.897663554948517
5.17022138584672,4.66267676410352,1.02081941856468
3.24887363134672,6.26743358841186,0.705488336705199
1.04807976765319,7.3285086217753,0.279164207744667
-1.28046200994966,7.75164737030836,0.0756552227081516
-3.59859879597762,7.47771928906737,0.0278216283647924
-5.7205504417318,6.49394244513357,0.0188193187109773
-7.44423129750597,4.84857176226248,0.0157494733820237
-8.58623971039283,2.65224038640058,0.014234516652152
-9.00709318063255,0.0745723995653038,0.0136434195099908
-8.62203140158629,-2.67086887551003,0.0138299102696794
-7.41823255316872,-5.34098825076344,0.014858663878953
-5.45593514619677,-7.68513549653609,0.017044553153873
-2.86964620424397,-9.46738531337724,0.021170978649336
0.140304150905275,-10.4888236558888,0.0292062061582458
3.32059079942471,-10.606961068949,0.0468459338480454
6.38319377997195,-9.75996575689644,0.0941410844835336
9.02099402454524,-7.97055383576675,0.262789232797699
10.8709391572159,-5.36207894372905,1.09455398687443
11.1654480063304,-2.22445198493042,5.88191774294473
7.54178916591149,0.678806673653558,20.3006924885569
1.26740702567856,2.0418291122506,13.1214671981109
-1.32031784951316,2.07982159372287,2.19243872194143
-2.15945842850279,1.6539415171854,0.254282881202185
-2.5978732256069,1.01431045466957,0.0446617111506683
-2.79775119250307,0.236252280991144,0.0253343702532412
-2.74899465854489,-0.614196715538285,0.0237134645674636
-2.44304267871591,-1.46270031982235,0.024179018863481
-1.89283791537835,-2.23099855296234,0.0255454690550338
-1.13419364152907,-2.84354461130152,0.02786708638156
-0.224225331542357,-3.23419995808792,0.0313858333513508
0.762019019496876,-3.3532687839214,0.0364626274219967
1.73777143067168,-3.1741210851392,0.0435499169080338
2.61192212964487,-2.69510602545785,0.0530865788604522
3.29705060311679,-1.94281436008161,0.0651248290183078
3.7177953700998,-0.970675353611698,0.0785719222004207
3.81887326456046,0.144131315106555,0.0902225634242589
3.57283121130341,1.306348577686,0.0948818796036769
2.98390127210667,2.41126461230258,0.0884403265509729
2.08860871378977,3.35407925689013,0.0724829315008392
0.952156847520369,4.039493126544,0.0541124816494164
-0.336530658505662,4.38957834113638,0.0396118539070273
-1.66958804425307,4.35227848705034,0.0303471889746281
-2.92831933745425,3.90863510298152,0.0248135285059426
-3.9930999053785,3.07471373190811,0.0215014338473824
-4.75400106669161,1.90334273617316,0.0195747844482826
-5.12308539445717,0.482327224005473,0.0186362910597975
-5.04111988116117,-1.0730055662376,0.0185289966666599
-4.48980599399043,-2.62731870096416,0.0192464529234535
-3.48975307583748,-4.03728735086248,0.0209391451506508
-2.10612506038464,-5.16398130472388,0.0239641249516316
-0.443430048381861,-5.88646042103802,0.029039730573558
1.36168241744858,-6.11304585284325,0.037600143932625
3.14992542486006,-5.79303861678139,0.0525807193875603
4.75314923059738,-4.92439820266614,0.0801288476303477
6.00715596227442,-3.55542062900953,0.132991330898289
6.7632541690436,-1.78554270735068,0.234290211122157
6.90590804926473,0.235951974061014,0.407322533300164
6.36650215363138,2.32317002023547,0.617969955185711
5.16696341535012,4.26953138965481,0.699599236853054
3.44411340451273,5.87968444436177,0.512423797187654
1.38652440407618,7.00132213493407,0.228814599498454
-0.851884898761039,7.52385944520304,0.0730089407358001
-3.12030693847795,7.37691257777128,0.0294925283873987
-5.23378122027465,6.5373740738054,0.0198214142425385
-6.99298696552206,5.04084825922274,0.0163779374839483
-8.21486547759717,2.98526084879083,0.0146547921275624
-8.75395265997038,0.525812726975176,0.0139141450934653
-8.51853219376114,-2.13560096258737,0.0139636561747691
-7.48251465212885,-4.76592168233503,0.0148332393750539
-5.69258316871728,-7.12086341365759,0.0167802980391878
-3.26767214860635,-8.96703010043187,0.0204623675326664
-0.391430239974903,-10.100646947046,0.0275063551944737
2.69579507344596,-10.3763751175882,0.0423298651194016
5.7194270883042,-9.71682586609873,0.0795284067358063
8.38269962456389,-8.12659623660605,0.200732564857928
10.3590435569589,-5.70981273800068,0.734642062937487
11.0956240458038,-2.69959945035776,3.61851656318659
8.91609289863566,0.345396169397082,14.8211053626727
2.99325369422702,2.24930578097599,16.5274666385089
-0.639555186384105,2.66020963345937,3.8921237703824
-1.91439850912706,2.40445265196847,0.490883765473443
-2.62004885071154,1.84527074528886,0.0669647372510585
-3.07455303032239,1.07267792125896,0.0264572088634975
-3.26809199659903,0.15060098773709,0.022676092442239
-3.17157005769823,-0.844471783044113,0.0224319504736797
-2.77542616008088,-1.82513558339861,0.0231509538370113
-2.0996291908782,-2.70055734843195,0.0247487978511422
-1.18805925966178,-3.38307327738263,0.02742950923701
-0.111025466607199,-3.79810851874313,0.031551639670038
1.04179098737647,-3.89163712683351,0.0376743877892027
2.16828946773137,-3.63548417955863,0.0466016204853849
3.16237994364663,-3.03282463980264,0.0592964760507954
3.92232548892288,-2.11788106934095,0.0764370891924752
4.363239854581,-0.958278755555372,0.0970232327088427
4.42524163809818,0.352455604686273,0.116212654416927
4.07902539965635,1.70134094807068,0.124497900402518
3.33835540161628,2.96535581392184,0.1136848026159
2.25210650234827,4.02384777226588,0.0870514026786828
0.901227876073187,4.76880530680636,0.0587814630269187
-0.608025722251103,5.11427178883713,0.0393335133167259
-2.14934130111583,5.00564822298154,0.0286923851265897
-3.58479999658725,4.42575429114185,0.0230332596678238
-4.77662533543608,3.39956005880751,0.0198464523753971
-5.6003567944391,1.99439126901762,0.0180667885446539
-5.95795736203625,0.316763322215804,0.0172642416197304
-5.78824889003707,-1.49561372534604,0.017285260133909
-5.07294278633308,-3.28388554609484,0.0181518881894633
-3.84532442244942,-4.88125851386059,0.0200621834395201
-2.18795417150648,-6.12925746510197,0.0234833000255003
-0.227370352150275,-6.89215920843182,0.0293993086477074
1.87411568136687,-7.06843400426312,0.0399618261848605
3.92906604826513,-6.6075321765132,0.060135281974891
5.74017871162204,-5.5132594492764,0.102444046602937
7.11672528372111,-3.85388968091744,0.199206048027581
7.87781486168557,-1.75494290077603,0.430020830847714
7.86073092359097,0.593916923172509,0.927983519169217
6.93832981402507,2.94634746396136,1.65984262360846
5.16694348850863,5.02296491758327,1.93914140660376
2.91349465040695,6.59430542408932,1.23074421962726
0.539343481726318,7.541750111968,0.406717311478746
-1.84614630314491,7.80967670385537,0.0857017855053009
-4.15658924393341,7.36390733095654,0.0264637615533632
-6.21807792357532,6.20845403407716,0.0178759048107438
-7.83176657179378,4.40704085466257,0.0152230421477465
-8.82139365836815,2.08589474447175,0.0139561482955089
-9.05787436441018,-0.572279802001912,0.0135558239637704
-8.47483027782795,-3.34330281542217,0.013926699732436
-7.07328055033964,-5.97910219535031,0.0151872549391243
-4.93181402859248,-8.22732412638697,0.0177356155569915
-2.20443472709251,-9.85818468275613,0.0225430454454673
0.893938660407536,-10.6809655345783,0.0321446027883495
4.09747370165235,-10.5754423032637,0.0540754699763322
7.11083759777068,-9.49118020715311,0.117194755306696
9.61713774650705,-7.47643441621236,0.364337852096022
11.2080845490478,-4.68775457094622,1.68645285783937
10.7984745129345,-1.49104922786833,9.121274812777
5.74017800639987,1.11904712177189,22.5745506806835
0.139774192766447,1.99694673413999,8.89250969966981
-1.65953249514549,1.82914735122566,1.23201103226576
-2.28875315154696,1.32054113661766,0.144621899296411
-2.60731497234326,0.639036165080741,0.034668845989326
-2.69119933155611,-0.147431654779843,0.0247351469224093
-2.53032147319645,-0.971236269634514,0.0241517830675859
-2.12569529197947,-1.75852805623266,0.0250057313866058
-1.50016386372717,-2.43470720749461,0.0267514228471494
-0.697692783774781,-2.93061540631909,0.029516783451371
0.218340808452634,-3.1894786085291,0.0335688583240106
1.17005352357362,-3.17359172370682,0.0392647480488352
2.07149665176024,-2.86746386170723,0.0469977153726015
2.83569753252873,-2.28202592111123,0.0569845393451418
3.38326770648298,-1.45516421990354,0.0687738620098495
3.65029328528688,-0.449310736618328,0.0804742040673238
3.59551416392023,0.652861923509993,0.0882781034777674
3.20627617906302,1.75505293772334,0.087747672328345
2.50015463344931,2.7555128756242,0.0774038835693968
1.52538125336692,3.5566641228147,0.0612814305217321
0.355676681783482,4.07364456472233,0.0458497859638628
-0.914287694966866,4.24286478739821,0.0347017994197562
-2.17520163386813,4.02762806538475,0.0276894382933264
-3.31125471231295,3.42491516558053,0.023415335402369
-4.21083921556207,2.46693166632729,0.0208341816188027
-4.77657223650246,1.220013428533,0.0193976706233732
-4.93589109634075,-0.218449288945517,0.0188491384731495
-4.64902146842223,-1.72739025823262,0.0191094205882396
-3.91610851980724,-3.17217589622269,0.0202375075957242
-2.77653650997002,-4.41567373751531,0.0224580162740444
-1.31078430052078,-5.33101574451924,0.0262411228136698
0.365687232107397,-5.81386960781716,0.0325034987591197
2.11027453257399,-5.79214717323323,0.0430600429653109
3.76460469638531,-5.23979948136067,0.061496813445437
5.16752967414748,-4.17559706209407,0.0950364252580932
6.16881291728926,-2.66963876546861,0.156907631967158
6.63924674508198,-0.838276131773036,0.264984083375893
6.49171153966836,1.15871149384695,0.418127184629786
5.69757905034673,3.13427033395671,0.541220038474862
4.32276350208347,4.89422563609202,0.498367151063851
2.51447760540053,6.26751176731203,0.29529403048368
0.430858226708314,7.1197475401403,0.115827258512248
-1.78057458076854,7.35632605699781,0.0425091763797711
-3.95113801011981,6.92456172254541,0.0237553003236678
-5.88776556920091,5.82483142229812,0.0182605878041568
-7.40003766840621,4.11848722768053,0.0157237439344326
-8.32176973361495,1.92461298577524,0.0144540734077229
-8.53270968855941,-0.583637969422141,0.0140547175525602
-7.9687166541871,-3.19447812336085,0.0144384008402869
-6.63581311423669,-5.6737220083598,0.0157195070795873
-4.60810996416527,-7.78448274912015,0.0182880531811711
-2.03049114905821,-9.3095009137685,0.0230813512337126
0.892299735731683,-10.0727598071717,0.0324445028479532
3.90996369041622,-9.95545322150713,0.0532102670758939
6.74402692779376,-8.91906587905545,0.109382786597693
9.10073989929852,-7.00744234378271,0.307965564712431
10.6290481607328,-4.36330201067018,1.23021718707471
10.5908623294683,-1.29112236398541,5.8306116389274
7.12852739493131,1.48860598210247,16.8883783054005
1.66824533737655,2.91162523550823,11.0425505790648
-0.980883448463372,3.13444271379992,2.09717344597911
-2.15222752425752,2.82951873317855,0.256716304386546
-2.9493903395997,2.21007881084657,0.0431928458177272
-3.49720197657522,1.34318774025044,0.0235311097947152
-3.75340731817698,0.296489746969927,0.0214082894341525
-3.67896113125337,-0.844248819675618,0.0212289324769665
-3.25931019303723,-1.97954524371071,0.0219120388712865
-2.51397210623214,-3.00478398914626,0.0234963929590097
-1.49021434622684,-3.81800611839911,0.0262288874261852
-0.266597090107027,-4.33234345862755,0.0305473146330662
1.0564410124908,-4.48194847203915,0.0372020646636131
2.36194663987914,-4.2296138080883,0.0474213987126246
3.52767027816318,-3.5770439271439,0.0629863773863336
4.43485691708345,-2.55919569008793,0.0860723222394875
4.98280384175465,-1.25078585181634,0.117491036441527
5.09690746452158,0.243244865509823,0.15242507079558
4.74083844621509,1.79345391624437,0.175342634063112
3.92650962476956,3.25844122217983,0.166158565068218
2.7105470890132,4.49851994384735,0.123810350497834
1.18617038470838,5.38886214409029,0.0751867589996484
-0.527949689350322,5.82997704553239,0.0436878340306795
-2.29164517068103,5.75649989376126,0.0289693987574669
-3.94941548922829,5.14471478353881,0.022317710975461
-5.34360338384845,4.01849062712915,0.0188709181135503
-6.33006898178581,2.4501255136603,0.0169906499423492
-6.79283374169138,0.557025024722938,0.0161259263364982
-6.65687978933327,-1.506108775946,0.0160877759077738
-5.89827977883856,-3.55930075098074,0.0168828383061669
-4.54975679253245,-5.41334170602608,0.0187089055305481
-2.69717055506732,-6.8835406853785,0.0220703430484968
-0.482803717352356,-7.81247654111308,0.0280650650502048
1.91124414359646,-8.08040489467024,0.0392692300424666
4.27307152984219,-7.6241573003529,0.0622735475583143
6.37680849639764,-6.44129653123106,0.116447778530563
7.99698063788273,-4.60301599146458,0.264415726079988
8.90297072597062,-2.25274104334424,0.713120681021839
8.8106960116366,0.379426522438635,1.99660778655894
7.36473136171309,2.94682854278393,4.33064154686057
4.66625682005883,5.01628047643344,4.91849313910487
1.81978881915897,6.32436632391608,2.36805642522053
-0.574560846002161,6.90275395660338,0.539591104964164
-2.72460630918854,6.81869438317256,0.0821941851309188
-4.69155588393616,6.09003176552588,0.0239690407805413
-6.33978845447617,4.75194798207346,0.0174085165696321
-7.5035576477291,2.89095202640398,0.0154704683724632
-8.046295598182,0.646791567965471,0.014647148653614
-7.88067514707491,-1.79706562282217,0.0146337931229356
-6.97709291346482,-4.22773968261559,0.0154424114129624
-5.37490749737969,-6.42069932681505,0.0172983648207452
-3.17745590494003,-8.15831997839472,0.0207862461230341
-0.552059769154624,-9.25270462003567,0.0272808063543089
2.28424919662084,-9.56416530402374,0.0403216587342575
5.08017919957172,-9.01678399809873,0.0705366977159379
7.56582519941186,-7.61019397724001,0.156878326903989
9.45806942947347,-5.43081670839494,0.471994107216478
10.3865479818527,-2.66588776565537,1.85494227959731
9.52515054610858,0.3161152170805,7.21055024176958
5.67366394811094,2.76759507588117,13.7782328552123
1.31081038099863,3.97791847826315,6.81223406292224
-0.983838818718879,4.23761481057748,1.26946647148174
-2.38972182624116,3.96982665615945,0.160043370298084
-3.51237034813218,3.29776590754866,0.0326843982972987
-4.36463235086489,2.27617247851287,0.0209958908421472
-4.86529652098343,0.979510723441899,0.0192102932677936
-4.94739754317868,-0.489640586431605,0.0187848847525208
-4.5769896178296,-2.00615675825727,0.0191926812066887
-3.76219446292261,-3.43313947426483,0.0204965413080601
-2.55013924063611,-4.63366269393659,0.0229576282462815
-1.02838809452161,-5.48318668864038,0.027112290984796
0.68124317683718,-5.88235245619815,0.0340033470096548
2.43186088648804,-5.76642768909441,0.0457001446343978
4.06250058809847,-5.11561289731988,0.0663751963203722
5.4123534143726,-3.95939605855351,0.104349737476027
6.33140805401086,-2.37531041498516,0.174817580280113
6.69836922775002,-0.49107389527187,0.295920589876798
6.43049695774623,1.52759114724951,0.458660700402141
5.51615271082842,3.48842981945256,0.5673296680536
4.03975645747908,5.19811487130619,0.486391800998774
2.15900813512629,6.49077744094211,0.264618710653571
0.0311519738463981,7.23937885299008,0.0976574049911617
-2.19527701471972,7.35650623392693,0.0371015836795988
-4.34615284434901,6.79862574086074,0.0222885657814398
-6.22597486155502,5.57648690320985,0.0176267540491842
-7.64695665594482,3.76323323086821,0.0153796801088604
-8.44860465941083,1.48851794513556,0.0142884649233595
-8.52070036436832,-1.06507023206128,0.0140334895624812
-7.81162334571194,-3.67986259902889,0.0145656351697982
-6.33716217424797,-6.11819467255604,0.0160437822956301
-4.1879676181315,-8.14502464513608,0.0189256605057767
-1.51969965917198,-9.54700291559366,0.0243222518803526
1.45171826805454,-10.1573622000663,0.0350730304158483
4.46898236316899,-9.87364017484497,0.0596276504629799
7.24903506199284,-8.66588381512298,0.129493724359083
9.49139499538771,-6.59692345923953,0.392622916278434
10.8133742365067,-3.83462178503558,1.67160981468141
10.2847274784712,-0.735507770874702,7.82167721292816
5.98131081160776,1.84934545361687,18.0894196584137
0.864036463604253,2.95882846354078,8.54785403754214
-1.29638813720131,3.02426921345417,1.39855953251731
-2.33001980791702,2.63992765328632,0.168007105766035
-3.05113542835784,1.96548402873531,0.0349849625042185
-3.51898831360584,1.06410375562323,0.022845453221925
-3.68919198467582,0.00654624461944635,0.0214504153877931
-3.52845761466318,-1.11900415842796,0.0215013756636053
-3.03312755901049,-2.21305071589008,0.0223933649194163
-2.22635012624299,-3.17228978773453,0.0242313127611553
-1.16546905700155,-3.90135188649371,0.0272849760687939
0.068561603329365,-4.31699908685859,0.0320559978174915
1.37106699851032,-4.36373238817994,0.0393454419753635
2.62588438708601,-4.01500375084342,0.0504171939493862
3.71252050611729,-3.27810962131329,0.0670574084471741
4.51970647107361,-2.20022242734571,0.090981229441663
4.9522748084982,-0.860419947551459,0.121806547773606
4.94775401219356,0.630147233328162,0.152429216557279
4.48202737838402,2.14098493180379,0.166373722758619
3.57720289756368,3.53268701939541,0.148194881071092
2.29914681258631,4.67119206570792,0.104924471447342
0.745813097935363,5.44024756505541,0.0631183299185745
-0.961361920612025,5.74853983036812,0.0383663287577203
-2.67938187821766,5.5417172564338,0.0268861492556824
-4.2537682855752,4.80887344971058,0.0214002081240497
-5.53105387852718,3.58434470216095,0.0184503833115426
-6.37641487998675,1.95213565584207,0.0168593125493129
-6.68475315265188,0.0371822128550107,0.0162123513122549
-6.3957671275439,-2.00098524056545,0.0163769193178881
-5.49902240140535,-3.98243235677812,0.0174054284321009
-4.03922822794743,-5.72070662868018,0.0195556291750032
-2.11709222262505,-7.04084435971425,0.0234250471413546
0.118355643468201,-7.79477216802797,0.0303415017023025
2.47863970323249,-7.87951137273366,0.0434081868206043
4.75177007703514,-7.24785450086815,0.0706842113784344
6.71478331168241,-5.91353193349037,0.136050146253586
8.14890258860823,-3.96531848912968,0.315132241844289
8.8288145150099,-1.56224826551671,0.84051033619289
8.47717109494709,1.05049289406265,2.1997418283628
6.81764101918634,3.51986843902842,4.1627104407964
4.14116176465649,5.45157907568711,4.00306254398244
1.4444030771547,6.64855393645647,1.694806815469
-0.913384979644557,7.13944002654476,0.357269451616872
-3.09584506472997,6.96063297640996,0.0574682092410189
-5.08634995079064,6.12163426198012,0.0215103992368225
-6.72573825044478,4.66364760956135,0.0167549168294815
-7.8449141045108,2.6837296934483,0.0150449128367412
-8.30855455995193,0.332308675858032,0.0143463153521087
-8.03552190893287,-2.19634515714339,0.0144418344746139
-7.0027128566199,-4.68017647313644,0.0153742299722513
-5.26100318508497,-6.88755128732291,0.0174096132995549
-2.92677399186995,-8.59805418277492,0.0212174393852284
-0.179151551158395,-9.6233985982433,0.0284083554880018
2.75254014266892,-9.82613854932569,0.0433051019016789
5.60522184790772,-9.13988053423625,0.0795869675501666
8.0994263835353,-7.57638823341476,0.190940568673085
9.93279356332795,-5.23656065703729,0.636814321337592
10.6506693543611,-2.33830622314236,2.75829904140115
9.07733160161738,0.656520975700276,10.5724911366197
4.22802886813647,2.81796865296472,14.8940425973483
0.244426727378341,3.6152720530222,4.92610431906928
-1.54087020136134,3.60957105709232,0.735533605775945
-2.66080317569033,3.1764863396976,0.0926852905170951
-3.52181322395989,2.41127166150671,0.0272625194561485
-4.10288601603931,1.37334755514692,0.0210805541897337
-4.33992987867407,0.142503024239061,0.0200538292701523
-4.19083867034534,-1.17933220025023,0.0200757617431943
-3.64616383997572,-2.47604639038465,0.0209331526941018
-2.73167198614536,-3.6269246951901,0.0227663989956081
-1.50802794450329,-4.51580521773631,0.025912986170183
-0.0707751337618024,-5.04583735594921,0.0309917091344852
1.46051118131144,-5.14620980106668,0.0391359547847995
2.94943965828138,-4.78192003440257,0.0523796182348186
4.25444037023451,-3.95899579076953,0.0742432473053501
5.24027678803079,-2.72643187763602,0.110102654147889
5.79179771612078,-1.17630388984965,0.165072727917807
5.82699971897933,0.562861456195914,0.234457457957303
5.31066457153065,2.33619912785195,0.287005366125719
4.27146976327266,3.97807387580676,0.272724351631487
2.79434964429694,5.32945321030567,0.186414242114378
1.00152832100588,6.25661528886158,0.0942935366279589
-0.971046284219612,6.65480712559957,0.044647230458867
-2.9655704963091,6.45867609440072,0.026874463948001
-4.8061956191659,5.65257710039207,0.0203818190006416
-6.3151804440309,4.27261857825257,0.0172668361842285
-7.33422016713256,2.41195396187392,0.0156287215710274
-7.73860681293798,0.212062643394086,0.0149496665819143
-7.45493785213773,-2.14469214297803,0.0150711861417782
-6.46483826592494,-4.45084704870623,0.0160416641094609
-4.81832766102887,-6.49121283337377,0.0181247026410406
-2.62514437809395,-8.06034123386288,0.0219761711115498
-0.0552385037642994,-8.98459936131641,0.0291240844985954
2.67595317797836,-9.14055719308361,0.0434749204920554
5.32341513802396,-8.46716409185209,0.0766822177703996
7.62782440037863,-6.97858679176177,0.170233347537568
9.31907108865195,-4.77152258501484,0.497820313863131
10.0492042679894,-2.03981778058879,1.81671016044187
9.11635658239568,0.858241057120561,6.2764573564874
5.69192150696124,3.26745717883763,11.1623345185397
1.72440390581041,4.59109830359335,5.98823791749164
-0.694668514540743,5.00490727720144,1.24992074671386
-2.34882474226457,4.83693041676544,0.165209603441243
-3.73820992625221,4.19053869419603,0.0324300529983275
-4.85210738190143,3.11374079397555,0.0201219801150232
-5.5851813496455,1.68114792910941,0.0180613823341157
-5.84802838612294,0.0033494027625403,0.0173891637051661
-5.58710830532309,-1.78028942262453,0.0175505066229813
-4.79487177092348,-3.51184540037984,0.0185759020142209
-3.51066259124972,-5.02795255613308,0.0206990862575339
-1.82395760324758,-6.17596079601114,0.024441772048341
0.13408814584189,-6.82788341470731,0.0308968645154615
2.19888067103357,-6.89294923926865,0.0424356892703621
4.18458177910304,-6.33059628995968,0.0645165844591937
5.89870058799599,-5.15561005306903,0.110615991823833
7.15507031489903,-3.44252125264659,0.2146945553257
7.78297121413664,-1.32643844049233,0.453364542157927
7.63377607611766,0.999138892243795,0.929236677629787
6.61401821669502,3.29004596308682,1.53007487864557
4.82154538064675,5.28247674241697,1.62084018752182
2.60174358171901,6.7681004602231,0.940656905629913
0.248167683387263,7.63322058636705,0.293054284141669
-2.13481528797363,7.81718864795657,0.0644669475237702
-4.43177976795761,7.28406161658342,0.0240304043636688
-6.45606703523793,6.04358808898953,0.0173920470875637
-8.00800630936415,4.16670501960004,0.0149924573451782
-8.91673423236786,1.78837211715679,0.0138425070587262
-9.05838597524178,-0.903366201446363,0.0135350636525537
-8.37443661166746,-3.67966714308185,0.014001180342856
-6.87480856648775,-6.28994703920023,0.0153862402687923
-4.64761901763416,-8.48227297914683,0.018137186471644
-1.85557603662167,-10.0302584639626,0.0233374031517567
1.27888498081883,-10.7498785637343,0.0338566527904648
4.48495931015374,-10.5276155711394,0.0584994936199449
7.46357783643415,-9.32484484534714,0.132056204848116
9.89306970638444,-7.20138684878574,0.433314566229297
11.3308597458423,-4.33062774963194,2.10311660695887
10.4830521514752,-1.12815908288795,11.1499701133955
4.797841675274,1.29296771770353,22.4448774921254
-0.283682400870203,1.95593943995669,7.11318558492635
-1.7853357901236,1.71107477275464,0.923148707987043
-2.33599863741361,1.17002082785069,0.11181699154111
-2.60282160868262,0.47257186052075,0.0317747280096089
-2.63595331987628,-0.314994994073546,0.0246083163434241
-2.4264963805363,-1.12449867282697,0.024380987442429
-1.98036537971166,-1.88270026990504,0.0254056029509785
-1.32369446783843,-2.51642240481677,0.0273310845352158
-0.504576916647783,-2.95982747148614,0.0303090189475174
0.411268834581771,-3.16038552269261,0.0346161644063132
1.34481372002933,-3.0846329680379,0.0406097058859462
2.21068900548652,-2.72387475941981,0.0486322278394483
2.92439489495415,-2.09403933389328,0.0587775707576015
3.41024080114465,-1.23742976310263,0.0703453743106115
3.60912344268642,-0.220036939830467,0.0811023744474263
3.48655608166328,0.873103339874741,0.0871131734737241
3.03597549614745,1.94560475419562,0.0844839716366713
2.28035341259113,2.89693360556403,0.0728893530234749
1.27417957535571,3.63402717556764,0.0570721334824003
0.0933889516946584,4.07562951886494,0.042892349160091
-1.16453066108184,4.16490139044986,0.0329514069008165
-2.38969778240617,3.87184202859646,0.0267169815544874
-3.46837276299853,3.2015509523743,0.0228894295064159
-4.29222131127079,2.19198480138239,0.0205883429306176
-4.77063384118132,0.916161417970814,0.0193515318811944
-4.83737911243306,-0.525157325972727,0.0189731958373017
-4.46200037469416,-2.00882603658154,0.0194024460334117
-3.65197970682758,-3.40096253327203,0.0207291548570369
-2.45493850770286,-4.56751899815086,0.0232146184977611
-0.957932477257782,-5.38741236394611,0.0273877281233725
0.719303273398356,-5.76239814306321,0.0342843107288821
2.4315481257644,-5.63318219143508,0.0458890331029174
4.0217456622399,-4.98073699151156,0.0661578394529199
5.33188610749936,-3.83417024765408,0.102801881432546
6.21808227186905,-2.27292983952065,0.168984178995698
6.56252905547356,-0.421365225334728,0.278817711931441
6.28738195106055,1.55801154468456,0.419384573149037
5.38577890143088,3.47788587769477,0.50395831313264
3.93811105592102,5.15070160312518,0.423597110468013
2.0910080551228,6.4138730477166,0.230296103150127
-0.00422056284629273,7.14182373051974,0.08796214032847
-2.19797934882002,7.24698428971502,0.0357415690289378
-4.31514806809538,6.68649885316852,0.0222486853458468
-6.16242225969508,5.47236745992334,0.0177108171002285
-7.55401616823255,3.67646194592644,0.0154847401289805
-8.33436333380431,1.42907835437317,0.0144025680873899
-8.39298757133022,-1.09064309348588,0.0141580645549179
-7.68260253987905,-3.6670305215984,0.014702288973992
-6.218043146634,-6.06587936490394,0.0161979794910181
-4.09024761146714,-8.05555233234888,0.0191042600337794
-1.45363152640766,-9.4259993851025,0.0245325900975941
1.47780990453578,-10.0143826389473,0.0352999957081507
4.45025290655222,-9.72055866481994,0.0597162894312754
7.18464833077636,-8.51624737263278,0.12828222791008
9.38560584834161,-6.46438359958491,0.380981905789724
10.6842713634078,-3.73100870103471,1.57038871115685
10.2269933422699,-0.659278853067551,7.1202793601907
6.24124616042226,1.9564876099232,16.9080574656182
1.18192989378994,3.17526495114536,8.82806672661259
-1.13680251435766,3.32757477948295,1.5483867492856
