-0.769012382504582,-0,-3.46055572127062
-0.640897872745033,-0.103488195423464,-2.97759224674383
-0.662817999771513,-0.199863013484094,-2.55912386688462
-0.790166043938557,-0.30777981357322,-2.19325871495737
-1.00917183251889,-0.441708372597804,-1.86777454684239
-1.32403457935547,-0.615689655787251,-1.5683060167974
-1.74875042523845,-0.844821818544127,-1.27514938537308
-2.3037312186778,-1.14716127727379,-0.958897149497056
-3.00841116286564,-1.544134364999,-0.57219111485913
-3.86419064380457,-2.05823760990311,-0.0391976149440524
-4.82230115181234,-2.70985772890173,0.761441597744215
-5.71480931191222,-3.50332302181259,2.00628954548444
-6.14537200420731,-4.40327134154625,3.92222849172987
-5.41170864735274,-5.29112490880324,6.68681988648517
-2.66760278634177,-5.92672162882978,10.2121006242115
2.28000027713873,-5.97862445876537,13.8336787081288
7.96551204109856,-5.20259836483771,16.3672718301483
11.7392186522955,-3.68477004785988,16.9014705662156
12.1309393673428,-1.85127074920464,15.6382885381398
9.98559767270322,-0.170120732715589,13.6206314680336
7.00819111124532,1.10739280697492,11.7784747141242
4.30844626908642,1.94962212950495,10.4900679611066
2.22645495929669,2.43234274354597,9.71922009656608
0.728803208791708,2.64769788724485,9.27934236044719
-0.298909238002316,2.67467532595197,8.98280559833577
-0.950453836745549,2.57660264134641,8.6967463672825
-1.29295639633564,2.40467001458762,8.3509105137435
-1.38606161694892,2.20079747937077,7.92549896958575
-1.29151773430493,1.99780632063376,7.43331363977134
-1.07014417321235,1.81926200566235,6.90251293169695
-0.775118322016038,1.68013763590154,6.36457664148243
-0.445818888345578,1.58836578965029,5.84736855680322
-0.106248225962799,1.54670997397928,5.37247945595757
0.232672729632372,1.5562685702815,4.95730310028524
0.568727813047244,1.6165031708838,4.61560192048344
0.903794821251121,1.72711476487243,4.36071964531291
1.23901018986187,1.88812208880439,4.20780528531942
1.56986598417489,2.098827618747,4.17419780388878
1.88011863680247,2.35831829199259,4.28526192732825
2.1353451423949,2.66084899786266,4.56774175899892
2.27690184942513,2.99399816614454,5.04879023439694
2.22044321075952,3.33475033098197,5.74632919847196
1.86498849694508,3.64572132655809,6.65311966027876
1.13427627467609,3.87604721340522,7.71066675002618
0.0292433082519722,3.96756812861522,8.7965668690939
-1.30815170844346,3.87296049069408,9.73003004213838
-2.60190142205363,3.57690694618419,10.322189112607
-3.54334592491768,3.10943610486122,10.4492047935417
-3.94293600865217,2.54019983419278,10.1070027936964
-3.81003924574776,1.95225156365054,9.40000519219676
-3.30794005686563,1.4146899958406,8.48179968826037
-2.64694972830729,0.966759435005038,7.49478062565609
-1.99302433413128,0.619401521163232,6.5363540123427
-1.43912497191771,0.363137143361067,5.6579467265649
-1.01778998394774,0.180363133055931,4.87923286247233
-0.723997136688838,0.0511247216263354,4.20095692843691
-0.536834184077009,-0.0423677043411352,3.61529130268549
-0.43343990477745,-0.114290062795982,3.11224697319449
-0.394054157133358,-0.175720932669825,2.68125897845449
-0.4051944673111,-0.235157464681273,2.31343637941805
-0.458885659590288,-0.299542533527858,2.00102609680347
-0.552264578027835,-0.374949146125107,1.73792876446785
-0.687203839635062,-0.46747188179958,1.52043632620796
-0.869143772528354,-0.583678299277278,1.34701590857976
-1.10691297549404,-0.731254050430345,1.21953300940737
-1.41172992553173,-0.919278417550097,1.14437991292584
-1.79679209064524,-1.15915468350927,1.13564431186743
-2.27233993330131,-1.46357060718867,1.21755707506453
-2.83934064572787,-1.84630378507597,1.43049833895049
-3.47432401443649,-2.31973715441148,1.83756379362024
-4.10185865484946,-2.88920345699521,2.52983216411319
-4.55047738722928,-3.54260710858315,3.62632611061977
-4.50780434762391,-4.23135901892377,5.24309599553458
-3.53676384582756,-4.84986016839856,7.41618156871023
-1.26522609534614,-5.22776747884745,9.97049445237271
2.18094989043429,-5.16990383032338,12.4110130887382
5.8340542158753,-4.56158519567501,14.0377626202966
8.29590729100408,-3.47843426789932,14.3670433228272
8.80192033280593,-2.17029919888957,13.4887813927922
7.70653629733891,-0.916529114649317,11.9460164020031
5.92768872127486,0.109922570155581,10.3120560214706
4.20599484261691,0.867019659897673,8.91887406307915
2.87417561947129,1.39326610697795,7.86365699614387
1.97670571708663,1.75230849564223,7.12077183340549
1.4301947274469,2.00437364085058,6.6258406503811
1.12776776816369,2.1939692904156,6.32053095930979
0.975424012448206,2.35048656339409,6.16187825745841
0.901157582018429,2.49076634944133,6.12174778950031
0.851507382752239,2.6223188495846,6.18124723501019
0.787013396205655,2.74570220804285,6.32587808277305
0.679639089632859,2.85648358375145,6.54011308753082
0.51214016180437,2.94675836949964,6.80485319166131
0.279954433652942,3.00695555288781,7.09471537037728
-0.00647932153398268,3.02813071594439,7.37836451882849
-0.322138945545982,3.00356376221837,7.62077145575313
-0.629954685698697,2.93176229266899,7.78873717413407
-0.889101563590683,2.81690755170856,7.85640708714027
-1.06440081092451,2.6689884088891,7.81037693013832
-1.13578236964338,2.50244838931168,7.65307055325039
-1.10079297823155,2.33323834319508,7.39995070407266
-0.971374347260493,2.1766985333573,7.07502273186402
-0.770318186860574,2.04520987536342,6.7076517634468
-0.521244496379043,1.94770121746205,6.32588326936335
-0.244568948962452,1.89010503432392,5.95516264082421
0.0443946896552434,1.87478685898296,5.6167639172185
0.336069207558021,1.90345250114781,5.32962095119288
0.624082246822836,1.97564282696228,5.1096907024992
0.902551872953921,2.0904501163811,4.9726301719298
1.1625384781499,2.24582294799754,4.93432694145091
1.38845704404522,2.43787150328101,5.0111030422516
1.55444032272901,2.6597722510828,5.2193440597916
1.62274628037566,2.89980398040366,5.57136237484262
1.54615852904286,3.13989559161656,6.06952067770257
1.27358654723005,3.35417159653776,6.69964460321712
0.776311830616734,3.51102405190108,7.4164206964405
0.0669387324912285,3.57679965421756,8.14316922793354
-0.775480287845596,3.52435990467151,8.77519112596143
-1.60930711844563,3.34420153758174,9.20441893825504
-2.27282971030168,3.04974526282892,9.35141938986719
-2.64507274262076,2.67644837862822,9.19214139442883
-2.69162222420047,2.27187983139036,8.7627862615686
-2.46439604903937,1.88188141954679,8.1399502373157
-2.06155213910263,1.54072703671491,7.41018153685425
-1.58519613401354,1.266511960572,6.64897777571975
-1.10934770768289,1.06453144911456,5.90910425968612
-0.674151392610347,0.931217975454989,5.22226837707908
-0.291365608530528,0.859414250723446,4.60462770709179
0.0458658545720758,0.84152151878437,4.06252177348379
0.353874232977057,0.871708452340182,3.59750083370778
0.652330851355806,0.947297761297449,3.21071972962524
0.96111778160017,1.0681467152232,2.90412472190169
1.29825528917708,1.2374372253383,2.6843962611699
1.67749359099505,1.46033744494509,2.56387456677713
2.10489530824729,1.74356804662269,2.5641680947935
2.57237864539471,2.09433360805255,2.72077192016592
3.04432753324903,2.51627429420561,3.08399666539302
3.43870998000292,3.00465622476025,3.71990397304094
3.60348016089577,3.53751235559852,4.70088053538495
3.31000392033818,4.06394769730522,6.07363357931062
2.29947781268483,4.49547671637185,7.80423408888315
0.437059576471364,4.71162610018755,9.70496938231767
-2.06342651513768,4.59421736877222,11.4094589498652
-4.54401551122413,4.09257776568555,12.4821297124095
-6.20527395148753,3.27136741753953,12.6510154066137
-6.62803844453052,2.29228515066038,11.9715263977168
-5.99930028906682,1.33409340544916,10.7617540303656
-4.84114361129174,0.517192375345485,9.38244879059144
-3.63817280351907,-0.117635015014389,8.08365275237123
-2.6618110741764,-0.586974720388558,6.97833413928757
-1.99535893258959,-0.932758538048618,6.08996479725437
-1.61761376816273,-1.20075391309067,5.40271476101839
-1.47005898166573,-1.43009502991907,4.89294506836383
-1.49116890123203,-1.65065648753239,4.543185042693
-1.6271180403913,-1.88367016118266,4.34664623717491
-1.82983350127944,-2.14265829591454,4.30689204507645
-2.05040199536246,-2.43408127984538,4.43810051786047
-2.22894422173027,-2.756319156202,4.76087460803991
-2.28664117139912,-3.0974265228631,5.29599998873877
-2.12614621260506,-3.43209191900903,6.0507834864057
-1.64845679736873,-3.72005592840283,7.00052335268835
-0.79389336276363,-3.90831637225723,8.06709257884471
0.395281414572037,-3.94150703966475,9.1069339501719
1.73170595034758,-3.7819872334259,9.93274140184754
2.92072360054649,-3.42889095984261,10.3723276788165
3.68508909520929,-2.92647100359879,10.3402405338874
3.89855656955418,-2.3502407585738,9.86932828512246
3.62996416756642,-1.7800026880052,9.08584503273813
3.06480085274755,-1.27496867498348,8.14178191453937
2.40066919867847,-0.864570439061966,7.16424932878373
1.7785210925166,-0.551954652778583,6.23425365828282
1.2684087214098,-0.324662403106048,5.3911796837618
0.888626268229599,-0.164399156177603,4.64785404334034
0.627014622605284,-0.0519123555922578,4.00136676304262
0.462057853705121,0.0287508673919509,3.44370701223834
0.370813906206724,0.0905045850534389,2.96402069139588
0.335688373475612,0.142932525501157,2.55278387182756
0.344074422060531,0.193476497903556,2.20088857352271
0.388984344946939,0.248087804323342,1.90093088439597
0.467969721049471,0.312005317031061,1.64690288919878
0.582429772820954,0.390352296039991,1.43442085841894
0.737673550205748,0.488989553908665,1.26154472782601
0.941286369748999,0.614343975043345,1.12810874366205
1.20427507909724,0.774591376815503,1.03812834598588
1.53968656216285,0.979684699449554,1.0008840787659
1.96056337192372,1.24135928075202,1.03360719310203
2.47605087662268,1.57310964306954,1.1659370190497
3.08223463976264,1.98930540591883,1.44656636243175
3.74218628189934,2.50141091729546,1.94985074005556
4.35243249824445,3.11056119110618,2.77929346228084
4.6914942873461,3.79498529803293,4.06438041943849
4.38725713163993,4.48756480509504,5.90858158557834
2.97121492430989,5.0567991042135,8.29650815635762
0.170486248585293,5.30959210987844,10.9417845299734
-3.59714379801646,5.05793536102292,13.227663875934
-7.0668005067256,4.24379324340769,14.4503721327577
-8.89412061583776,3.0197776710606,14.3004117725782
-8.71102391049508,1.6755904964619,13.0836480921168
-7.20687455627193,0.470250350114895,11.4269654530008
-5.32978614940543,-0.470528247334542,9.84448202117243
-3.68854461377039,-1.14259540207844,8.57459023438891
-2.48898749179488,-1.60075873636499,7.65173247632708
-1.70734896175641,-1.91117742269519,7.0225776292645
-1.24060248761627,-2.12925895615058,6.61786348683074
-0.982291908933756,-2.29408056446257,6.38091774159058
-0.84611972258126,-2.43025469979625,6.27172212628307
-0.76896856250711,-2.55108979929328,6.26407078747161
-0.705647666112831,-2.66184147212728,6.33968903956569
-0.624595895968626,-2.76208444491926,6.48303890525844
-0.50535384044396,-2.84745782822926,6.67809776206872
-0.338308613205606,-2.91140158218244,6.90536662135385
-0.125193133158512,-2.94682838325683,7.14137916887149
0.120999414637767,-2.94731125295739,7.35907507796084
0.376271689347574,-2.9099159656832,7.53109981416225
0.610822683179988,-2.83535446271365,7.63328921710384
0.794830760430257,-2.72902193925525,7.64913195793228
0.905374088899106,-2.60036408195018,7.57272026159106
0.931219111557965,-2.46140874724316,7.40942062725971
0.872811374805222,-2.32500893034607,7.17331292969443
0.742257967539142,-2.20295884848413,6.88599880707858
0.556325672639615,-2.10476294129354,6.57078034903223
0.332309223907911,-2.03785188710126,6.25081481640096
0.0863827346539951,-2.00620121647248,5.94739896002676
-0.16946171345242,-2.01240425999584,5.67936549647543
-0.425919811769947,-2.05714247019722,5.46331068505175
-0.674991691753441,-2.13988520579128,5.31436131356664
-0.907517701015273,-2.2588902086343,5.24696563240487
-1.1103591405224,-2.41088016670758,5.27543872992865
-1.26422317431618,-2.58993562553671,5.41230046165093
-1.34220681751844,-2.78676052646014,5.66691194217107
-1.31087410738738,-2.98754357424349,6.0415968888823
-1.13456655284084,-3.17309310913205,6.52660294396403
-0.789441486125376,-3.31977544323113,7.09185426668946
-0.276715108252787,-3.40182789527638,7.6849412879579
0.360469124071968,-3.39655199643262,8.23189589413156
1.03360369117146,-3.29168592672387,8.65020785262225
1.62807259972687,-3.09015888232871,8.86867134056636
2.03883378831158,-2.81198798953901,8.84839765699899
2.20860362462407,-2.48999032274121,8.5945526671731
2.13992998894436,-2.16080779549858,8.14809304278021
1.8859635784173,-1.85661774496019,7.57198193768359
1.51839906140743,-1.60003551847372,6.92979794590982
1.10375755103595,-1.40324264589067,6.27535228544255
0.687916108211339,-1.26876927182821,5.64688108984931
0.293541610520573,-1.19527861250476,5.06913851725297
-0.0746653049030508,-1.17922703709822,4.55742911999933
-0.423992553844773,-1.21684469033299,4.12088018863327
-0.767220724269185,-1.30632638804815,3.76733335632194
-1.1180482099146,-1.44766343101049,3.50564931560955
-1.48712614997225,-1.64308190775837,3.34961512139242
-1.87723517265613,-1.8953787579728,3.31888931986041
-2.27710178970317,-2.20710529923718,3.44286365353852
-2.65110211255089,-2.57782735266869,3.76274310706457
-2.926733071528,-2.99841363775436,4.3252531410644
-2.98240621669224,-3.44574727397705,5.1762954861283
-2.65221595479259,-3.87478631089225,6.33406617658766
-1.76815462689555,-4.21420920558395,7.7504703311205
-0.272028471204818,-4.37458432500947,9.2663250564458
1.65667436694647,-4.2738275746565,10.6094156932021
3.5641029893828,-3.87810453694159,11.4701451682977
4.90837109021261,-3.23209489249906,11.6464925378558
5.37665679119798,-2.44861399961165,11.1521646541296
5.03499652295539,-1.65870308010464,10.1840459913307
4.21571970775329,-0.960507957996355,9.00231966671933
3.27126009916239,-0.398640180475336,7.81180075509657
2.43914051770992,0.027716798398143,6.72887786970063
1.82208773621833,0.344698849607573,5.79740213799992
1.43308617093878,0.586394684794646,5.02095862392244
1.24462596809322,0.785138297982091,4.38796216740333
1.21859255130699,0.968257027988296,3.88442055828259
1.3219004349465,1.1575412409943,3.50112372744068
1.52967959137464,1.37044853621194,3.23632802886807
1.82272921759028,1.6211815656255,3.09761635047224
2.1811304992057,1.92113212734015,3.10390766673205
2.57396427670966,2.27799531090149,3.28715005791292
2.94516989263496,2.69302419048967,3.69225696783124
3.19497294111457,3.15639801458351,4.37512904786087
3.16781653261391,3.63875505970196,5.38306060536853
2.65983268840811,4.08352299458367,6.72656270003517
1.49451971916736,4.40459867928422,8.32305895143283
-0.340956537126214,4.49832926704375,9.95555526391651
-2.53603892212403,4.28359897301718,11.2868994261314
-4.49466656084828,3.74871576603924,11.9857089996303
-5.63946427709506,2.97527895568507,11.901792459851
-5.76936441209265,2.1067039822151,11.1448568221343
-5.11715431996606,1.28215698727841,9.9907694627117
-4.10743960004297,0.587626122966547,8.71989442358091
-3.10150084194026,0.0483324515382291,7.52024650071185
-2.29534028286629,-0.353962654980223,6.47728712324501
-1.7492854062454,-0.654333903737053,5.61225707251847
-1.44627196105929,-0.891430582048316,4.91524281234527
-1.3430026772492,-1.09862043483748,4.36964015505271
-1.39495208834693,-1.30248541667196,3.96255881537907
-1.56503717092187,-1.5234219898164,3.68924576804265
-1.8227227636774,-1.77685747971088,3.55531437666831
-2.1371034272222,-2.07365428815077,3.57736024959919
-2.46687105867157,-2.41946635616732,3.78393441988078
-2.74728846007425,-2.81199555965614,4.2127199698809
-2.87524151164484,-3.23688112952609,4.90676465338141
-2.70931593497012,-3.66088402309305,5.88999948203332
-2.08750381872193,-4.0276867202356,7.14398031942632
-0.903643704213557,-4.25938843512343,8.56285149980417
0.775403575968556,-4.27407005981529,9.932715285609
2.63163298079038,-4.01745348316082,10.9680711213814
4.17424632659578,-3.49944224283684,11.4249370891459
4.99684330944349,-2.80042312117377,11.2223704953361
5.00468788452397,-2.04015968432764,10.4749832973425
4.41045994415108,-1.32773378965098,9.40846774216622
3.54667939807103,-0.728955767888021,8.2431465967389
2.69095340897923,-0.262303991784287,7.12869235035836
1.99578472066423,0.0871034254826877,6.13699190571107
1.51071105048296,0.347789343885955,5.28917279701993
1.22710235038995,0.550951164652851,4.58127851838845
1.11285117223279,0.724739794778645,4.00009218251505
1.13636184894447,0.892066533164295,3.53440331626737
1.27170967023282,1.07157971420101,3.17659410986687
1.50184132934612,1.27866419624884,2.92655501901667
1.81498294737817,1.52677928589622,2.79345603075312
2.19761546847307,1.82726576125983,2.79672451718668
2.6257432499884,2.18905382112849,2.97022358432532
3.0496412605436,2.61556677765436,3.36262530323427
3.3731697817846,3.09993607895644,4.03734386653603
3.43645250725363,3.61570273951237,5.05445055387667
3.01297364861164,4.10748114821837,6.44429205835913
1.88006078677893,4.48508092348289,8.14323523953949
-0.0334162559582647,4.63250390160962,9.9386434698616
-2.43800600052613,4.44964008243928,11.4639684928978
-4.67598264641331,3.9087260442496,12.3294152962819
-6.04824290820674,3.08954548068219,12.3318016206261
-6.26893426376586,2.15090281762053,11.573386902417
-5.57864338736577,1.25287405589134,10.3640180343985
-4.46593780634015,0.496705820734114,9.02689905213895
-3.3533919645119,-0.0884228077916425,7.77716633302203
-2.46712714618043,-0.522020778198827,6.709325962482
-1.87209662977723,-0.844158726739695,5.84240994736571
-1.54485953039668,-1.09763610279064,5.1620308269592
-1.43240937598593,-1.31881580296811,4.64789007710679
-1.48044641233853,-1.53579374361224,4.28521877926065
-1.64274796701714,-1.76912995043991,4.06968143743062
-1.87796431300374,-2.03279529163148,4.00715742332894
-2.14289635037619,-2.33456329452857,4.11452673270006
-2.38152585409057,-2.67499846575903,4.41786943590123
-2.51429230510295,-3.04451320305119,4.94640714675832
-2.43445401152812,-3.41948247753559,5.71973808413706
-2.01762091681675,-3.75862438747537,6.72920669500397
-1.16918002049877,-4.00384177152869,7.90661680506717
0.106851464984068,-4.08804004751868,9.10584713550817
1.62872634418497,-3.95902543415709,10.1133368273822
3.05691528537023,-3.60364094559322,10.7125906790092
4.03234594137375,-3.06396134644875,10.7770454234679
4.36431727320423,-2.42533261866203,10.3266285595991
4.10856088370056,-1.78298267651399,9.50274114384433
3.48453090644689,-1.21015964437304,8.48760288961803
2.73891823529443,-0.742477881317771,7.43560313308309
2.04724625596505,-0.384813528716065,6.44289453072919
1.49591209711728,-0.120729220575878,5.55355934063388
1.10662154909291,0.0726637088876332,4.77976509934695
0.865667487042257,0.219029111826424,4.11677988452794
0.747949102870532,0.338789793211399,3.55406791891584
0.729552541285162,0.448596545263087,3.08053102063576
0.792855900606515,0.5619285221329,2.68675133489997
0.928572306920829,0.690322770078624,2.36709435020387
1.13358078750076,0.844245993110924,2.11925999582195
1.41062638911487,1.03436364006609,1.94702689451237
1.76454405432239,1.27169544413102,1.86105851504803
2.19905662413832,1.56836245925099,1.88329791668686
2.70759814734927,1.9358996525505,2.04952679532898
3.26018227787806,2.38374828015212,2.41591076467165
3.77912972994745,2.91322239284729,3.05977645368254
4.10423283068594,3.50896032066156,4.07838693613586
3.9674063793082,4.12282268130331,5.55445139168823
3.01963191765286,4.65973063651028,7.49463738575576
0.999131701538833,4.97566193255699,9.72624781536829
-1.94814854725433,4.91225477997832,11.828082752966
-5.03929667375227,4.38268536092114,13.235973941466
-7.18397992062212,3.44720454892473,13.5540961072593
-7.75319575770268,2.3056154309157,12.8274619999345
-6.96571943944738,1.18760442640312,11.4677225002484
-5.52193302478563,0.246310966515683,9.94511001974271
-4.05246503041866,-0.469816789442623,8.56753803032137
-2.88427319719038,-0.985865742235106,7.45449695261301
-2.09444865395505,-1.35510116976691,6.61245978009162
-1.6357288076451,-1.63151848241993,6.00617910161978
-1.42242162155037,-1.85860348120914,5.59653587619759
-1.37135427683219,-2.06679254379811,5.35556555690817
-1.41172813020299,-2.2749936956965,5.26789765097625
-1.4830686127758,-2.49228530076417,5.32739427506417
-1.53019787136281,-2.71914145240767,5.53336213991608
-1.49824549041124,-2.94782112006564,5.88473919775614
-1.33502560662904,-3.16246575776518,6.37027497207952
-0.998763908801051,-3.34008697057265,6.96203913512483
-0.474015874723055,-3.45290504553544,7.60750488431021
0.207193961647647,-3.47456181149342,8.2281388158292
0.958073339145948,-3.38716210975882,8.73007787129205
1.65094979893719,-3.1897880145866,9.02698732288841
2.15817688134659,-2.90084492104263,9.06476273698292
2.39926375044593,-2.55510105285538,8.83860344049589
2.36748584020463,-2.19405153347186,8.39077476196806
2.11749074919374,-1.85502962145884,7.78980514577729
1.73232191663255,-1.56497860968572,7.10833096114772
1.29227222219397,-1.33750040539955,6.4081500202818
0.853183618599106,-1.17690411205496,5.73290129282836
0.443616339717564,-1.07997128288292,5.10925088876469
0.070212990093377,-1.04180704475644,4.55230961536971
-0.274604278053296,-1.05739057290742,4.06996623624697
-0.60559986893892,-1.12353040418327,3.66734961069383
-0.939823600138167,-1.23952011896477,3.35013421221359
-1.29287801131702,-1.40690409349679,3.12682568538621
-1.67551742838219,-1.62926584889413,3.01182812329346
-2.08934991105104,-1.91156972846363,3.02913485483932
-2.51879370259597,-2.25722008262771,3.21257437489738
-2.91887322543377,-2.66629722820834,3.61175115275168
-3.1980818046611,-3.12793257899741,4.28343151520107
-3.20701089045204,-3.6133705817498,5.27830585205201
-2.74285311768722,-4.06734813064387,6.61320453027157
-1.61722817368202,-4.4036509819736,8.21541435476461
0.197423811900369,-4.51810010193275,9.87482761943764
2.41336891459422,-4.32397912947337,11.2551822356396
4.43464150347962,-3.80316228303648,12.0128149429205
5.65836996643209,-3.03282129895876,11.9791527848409
5.84815200302901,-2.15650384740849,11.250015289756
5.22157019840945,-1.31770137751295,10.1019206544142
4.20726452182068,-0.60757368932243,8.82287131911159
3.18163553194458,-0.0546476610571372,7.61006787394362
2.35348834363287,0.35778174709016,6.55497490422723
1.78819181567789,0.665418295437115,5.68024271048366
1.4709227748878,0.907274644080246,4.97662312224599
1.35801927723772,1.11740939612592,4.42724243706682
1.40370804419506,1.32303538731943,4.01891938080543
1.56885800169041,1.54489600682426,3.74605738350683
1.82165253602778,1.79853476590302,3.61416889313196
2.12976956768535,2.09479008945802,3.63979658521687
2.45042344002302,2.43883452419572,3.8503590532225
2.71750752730772,2.8280632711007,4.28358565497202
2.82991183930334,3.24723096442756,4.9775097502391
2.64499372107188,3.66293624634201,5.95745444893962
2.0090092700517,4.01886428524297,7.19844860847124
0.825798846703868,4.23877302796413,8.59237098240389
-0.830827340936754,4.24263329023704,9.92626139966632
-2.64111851296938,3.98105432707337,10.9227821855851
-4.13014662560458,3.46572810489169,11.3487045566039
-4.91221812351173,2.77666003968235,11.1311871464166
-4.90461138070957,2.0305924777086,10.3850824124799
-4.31724303306154,1.33287285514624,9.32996994046575
-3.47129154211186,0.746900559168293,8.1787978212854
-2.63412551774799,0.290108815284793,7.07638613420889
-1.95253002526264,-0.0518716066874545,6.09271505143522
-1.47474188976459,-0.306629879534534,5.24892893064176
-1.19196031216578,-0.504623663049434,4.54101759105936
-1.07485985725392,-0.672919793387072,3.95731868165407
-1.09147967795074,-0.834051741202976,3.48542337555219
-1.21793012721759,-1.00617603763892,3.11803114646604
-1.43831272880862,-1.20449993754252,2.85406910773448
-1.74234062145889,-1.44228995184603,2.70069730659298
-2.11998958320305,-1.73140947451531,2.67574143058665
-2.55261681020567,-2.08177399773275,2.81063068808394
-2.99926382798793,-2.49860833748362,3.15124454983956
-3.37638254528527,-2.97904091036652,3.76222740290818
-3.53750052399803,-3.50199742007102,4.7087616111728
-3.26124499181712,-4.01946533895262,6.03794717463115
-2.2998704878113,-4.44697749653866,7.71719266193381
-0.517176472450018,-4.66883703673785,9.57026493880367
1.89613227699691,-4.57015898344558,11.2488769751326
4.32470411572479,-4.09825404671724,12.3320799997094
5.99766087473893,-3.30979914111191,12.5442782719996
6.48511414652975,-2.35747452089366,11.9209153890946
5.93110899997335,-1.41511107233932,10.7555399551786
4.82833635961355,-0.60368526006336,9.39930359909308
3.65120981570082,0.0317752803222034,8.10313121237836
2.68026182110393,0.50323491314077,6.98789814905576
2.0066552654508,0.85144821545677,6.08123232953563
1.61834336065931,1.12035334474597,5.37194306843919
1.46112393947953,1.34904989091059,4.83767200226077
1.47647759786179,1.56777706826708,4.4613713798532
1.61270195208977,1.79850570706126,4.23570867759942
1.82449059982931,2.05588123098224,4.16409081472649
2.06622745202163,2.34791705947768,4.26090091391918
2.28161621267206,2.67510205238079,4.54864736482024
2.39475142097765,3.02801382905535,5.05175211473643
2.30526936032947,3.38410463612525,5.78699274248455
1.9010634925895,3.70441803404508,6.74193371253059
1.09928247497251,3.93506708447925,7.85049332525439
-0.0917931731195534,4.0149672435034,8.97672405294471
-1.50764588641585,3.89596100476146,9.92463064836194
-2.84237763606449,3.56608016519874,10.4960116296272
-3.77163675026694,3.06283493545873,10.5722422364035
-4.11520563824675,2.46317478609439,10.1646631473479
-3.90907775628714,1.85488801658081,9.39546084062801
-3.34592910230501,1.30721145977626,8.43153382311433
-2.64817276317292,0.856819387840275,7.41736878741186
-1.98221451621996,0.510093909831111,6.44724569290566
-1.4361309854339,0.255414859710351,5.56872401602583
-1.0341007107867,0.0716626249421192,4.79596833656716
-0.767473463023441,-0.0619929713386023,4.12761119765167
-0.613037937471266,-0.164376165464649,3.55417780419119
-0.547460732343367,-0.250526022691082,3.06477847563821
-0.552748982541394,-0.332328516233898,2.64956637074934
-0.617153120213759,-0.419466302324427,2.29999915442858
-0.735716509667888,-0.520352394306102,2.01018062113563
-0.909254190619942,-0.64316196096589,1.77723757947831
-1.14291495603309,-0.79641653647271,1.60175982225257
-1.4454874461019,-0.989847541346723,1.48982461543618
-1.82682090301414,-1.23449132770314,1.45481774229658
-2.29396541045742,-1.54261463629328,1.52095897073909
-2.84392848563656,-1.92759081401875,1.72981703758661
-3.44610650319202,-2.3994291939303,2.14280638497607
-4.01680148312589,-2.96085838074336,2.84896809008847
-4.37786714693502,-3.59531329793891,3.95787589044602
-4.22262179171234,-4.24988488426157,5.56755969127202
-3.14866849780286,-4.81735178932902,7.68659193874046
-0.860207626525226,-5.13398952104895,10.1132625196266
2.43570465534479,-5.02409247833992,12.3571678388955
5.78674509303041,-4.39943522696349,13.7798639455847
7.94527512496181,-3.34723261159909,13.9779683379128
8.30446403908083,-2.10518494893653,13.075107415716
7.24173680247305,-0.925369687454413,11.5770270060021
5.58843069433089,0.0402736084967194,9.99753328972429
4.00509422114659,0.756818614391161,8.63551097516444
2.78935121280639,1.26177062368096,7.58257036989887
1.98140229402549,1.61526494035723,6.82103133435049
1.50762551875725,1.87367696368292,6.29946576696373
1.26878417558929,2.07974555888089,5.96966381010922
1.17516790680057,2.26189461306868,5.79683867938539
1.15528879692999,2.43631642980036,5.76000990321018
1.15194760619776,2.6096384092184,5.84627748433611
1.11801100225612,2.7806945571822,6.04634425245838
1.01459623678555,2.94189362480873,6.34769605123815
0.812125125429763,3.08038107425117,6.73068388892699
0.497037302484643,3.18004310609581,7.16304346087414
0.0793002005448989,3.22462653401492,7.59938567177379
-0.403682708751569,3.20071456703461,7.98401905546567
-0.888049710609024,3.10316583445012,8.26015984164522
-1.29967974322229,2.93754725490555,8.38329549514858
-1.57514930190874,2.7197115936894,8.33113482106112
-1.68078367215463,2.47309023254891,8.10902258550933
-1.61862653266588,2.22344677148363,7.74534850148316
-1.42031690812224,1.99387045972788,7.28290106868079
-1.13023218977774,1.80143360033266,6.76689453032153
-0.790701603598508,1.65687910117087,6.23765276382384
-0.433631725409581,1.56482553730826,5.7273182644484
-0.0771487093137892,1.52676438521606,5.26004647442077
0.272255751699226,1.54141719190597,4.85290785553589
0.61549835422297,1.60795938478491,4.52032702256533
0.956434315308938,1.72612697952708,4.27669285952627
1.29717827989652,1.89526442058594,4.13668665858241
1.63296283171361,2.1155026524179,4.12074251335937
1.94639893522193,2.38460867748823,4.25241183187731
2.20014536877535,2.69698954801421,4.56135091562746
2.33156263431427,3.03918908593107,5.0751427614453
2.24852310227681,3.38635007118713,5.81324458759668
1.84841190839799,3.69851209953676,6.76228265207863
1.05403426289928,3.9216400508214,7.85751700228994
-0.119884993445333,3.99601325354974,8.96450848258532
-1.50909587674402,3.87470759877358,9.89153212342388
-2.81345790782664,3.5468650703551,10.4459848532567
-3.71893731660791,3.0499762452168,10.514385752552
-4.05070774812632,2.4592226167702,10.1076722575298
-3.84690288630593,1.86060407077208,9.34690608678349
-3.29423487573851,1.32141052557206,8.39424956632357
-2.60807381524497,0.877870802074544,7.3905475048331
-1.95159348055748,0.53690439113742,6.42909483233267
-1.40950562135131,0.286100650402666,5.55582100659325
-1.00767457115214,0.10635395975565,4.78655204451044
-0.736753596772741,-0.0231598333603668,4.11944558312348
-0.574894195478667,-0.12039631482562,3.54609234612411
-0.49857577516001,-0.200037332071463,3.05548926464879
-0.489389157057302,-0.2734576997659,2.63743856362624
-0.535394783973318,-0.349754122586909,2.28337770424954
-0.630820123448051,-0.436703167780254,1.98666532057893
-0.775461462796377,-0.541664577775808,1.74315558157042
-0.973601374845485,-0.672264993229722,1.55156119495702
-1.233395255601,-0.83714395254616,1.41477583211925
-1.56507412470827,-1.0461058815101,1.34106601275007
-1.98024021900593,-1.31140357197878,1.34838322400112
-2.48376307349575,-1.64524236883732,1.46529254927335
-3.06754153039758,-2.06129407899977,1.74115659421423
-3.68784932625167,-2.56831034270395,2.24720616426656
-4.23366179805555,-3.16515134337485,3.08502527923124
-4.48475938896854,-3.8252158715255,4.36706358824316
-4.07867849105102,-4.47894192236219,6.18285835287657
-2.6006221116795,-4.99622121437643,8.48603532746302
0.143599101367831,-5.19555697340815,10.9766082189172
3.68949769955223,-4.91180298452661,13.0664184760281
6.85054884191827,-4.10687626428057,14.1245024334466
8.45165477578178,-2.93427278863329,13.9050829509117
8.22390565854674,-1.66212450117068,12.7097346590191
6.81345439716167,-0.524381533160352,11.1099577560612
5.07709110519278,0.368078901590608,9.57077376664194
3.56330887188673,1.01226840685062,8.31278619288731
2.46467419760869,1.45933662201444,7.37598942495394
1.76195659354566,1.7722129336034,6.71850746351077
1.36171231482932,2.00358807526577,6.28352749606509
1.16332908066045,2.19122686868095,6.02388884938589
1.08299522969714,2.35883882361836,5.90799771406329
1.05483541460085,2.51903095072423,5.91552542288045
1.02773740147541,2.67563847042002,6.03339359188189
0.961124204615228,2.82565628315655,6.249497836698
0.824186058377647,2.96076167130104,6.54807071267335
0.59713488821428,3.06858530377773,6.90597568365175
0.277988770898533,3.13533728508973,7.28891142393972
-0.114018585389389,3.1485209870534,7.65357863506808
-0.53765507114674,3.09958942273838,7.95126381401208
-0.935261057901082,2.988293680949,8.13769734349477
-1.24775156619297,2.8229685152072,8.18191998254682
-1.43141462795932,2.62005372811262,8.07421841170648
-1.46823241156109,2.40052516482927,7.82592643809623
-1.36842538586475,2.18601262927836,7.46607005475522
-1.16133089781237,1.99484630429534,7.03212855169989
-0.882250835321082,1.84086618398808,6.56186119448609
-0.564578919449326,1.73196384114431,6.08942235046583
-0.231746022121119,1.67201974994807,5.64196428288309
0.102906301066784,1.66249624554581,5.24104124414779
0.434106234472532,1.70279784823726,4.9032964481111
0.761046300969428,1.79246110345238,4.64396025379703
1.08318537596632,1.93100407283055,4.47879482768454
1.3956352723357,2.11747571838593,4.42564543217297
1.6843440915758,2.34912247846192,4.50418120607229
1.92059381463938,2.62055942207733,4.73775389607423
2.05479173682874,2.92073436856366,5.15071678383332
2.01944094921939,3.22925882987985,5.75510748596722
1.73152497459215,3.51446359267491,6.54573678400674
1.12673919872814,3.73328484786676,7.47503534913176
0.199654650048218,3.83653267432097,8.44391920298417
-0.948074559624885,3.78197655291283,9.30435769877005
-2.10342102721414,3.55136853306232,9.89415872208393
-3.00958144497526,3.16295385149646,10.0940271389568
-3.47981456494601,2.66965104019815,9.87481580756467
-3.48034621013979,2.14164844971717,9.30386962993547
-3.11629473890341,1.64288839182764,8.50319152815923
-2.55632145135911,1.21561688289896,7.59979722450702
-1.95285451697804,0.877320081167235,6.69089720362394
-1.40429572472044,0.626391404406714,5.83558288257844
-0.953794836118434,0.450574240259936,5.06148054673126
-0.606927130605769,0.334582432880465,4.3767376165463
-0.349142827708841,0.263842714132754,3.77884208403364
-0.158450012151988,0.226449134945748,3.26022597754804
-0.013301146516006,0.214005605852968,2.81234161489424
0.105062666259649,0.221102381691973,2.42668238333508
0.212012872169029,0.24498858371551,2.09593616902636
0.32032815370648,0.284831124093449,1.81337030239292
0.44115449634374,0.341785687753307,1.57422037037702
0.585202278584698,0.418610266877346,1.3750926238309
0.763100036245605,0.519371409752096,1.214098625162
0.986520886235059,0.649886097859179,1.09230497576006
1.26964824387195,0.818540309028355,1.01535480724271
1.62637948005846,1.03496319255921,0.993717472104269
2.07036526593928,1.31129981840959,1.04732657235769
2.60936633435529,1.66134348372061,1.20975543377142
3.23418895783927,2.09907442037084,1.53500038170717
3.89621609409872,2.63446763488442,2.10443804798377
4.46936539937526,3.26478502146429,3.02913947327351
4.70000121946876,3.95963997833951,4.43694297702255
4.17890836673145,4.63867235277472,6.41852681963232
2.4459763170461,5.15348596171327,8.90741531049928
-0.654758346803185,5.30334831502916,11.5368743829491
-4.49317310391324,4.91866142245939,13.6348110119182
-7.68200653618712,3.98688374992366,14.5433719960003
-9.02685664817848,2.70592809979301,14.0969358530636
-8.44939050662233,1.37388130732886,12.7192371134769
-6.77789869870925,0.22335802888835,11.0427192460146
-4.91597275819369,-0.652441167873422,9.52120342430339
-3.36881635769661,-1.26906305169245,8.33426747275829
-2.27182908804675,-1.68713861985251,7.48655782638812
-1.57230491969654,-1.97146665840318,6.91643818155979
-1.16197963743191,-2.17379335692876,6.55602227220948
-0.937812696517896,-2.32963847952177,6.35223028437375
-0.81928290417595,-2.46065256052734,6.26861780375048
-0.748087012276107,-2.57801808868843,6.28142508934152
-0.682543995268078,-2.68554609466299,6.37313493251286
-0.594064331732471,-2.7818054483117,6.52836548429835
-0.464891226267844,-2.86187036165329,6.73052012417234
-0.288067532441328,-2.91899407556891,6.95935186456404
-0.0679775047793792,-2.94626571558666,7.1907068139221
0.179778509487274,-2.93798979937943,7.39739773085207
0.429806691738009,-2.89207725567575,7.55288199923162
0.652150546115269,-2.81031185265088,7.63473064948261
0.818510540471738,-2.6990531822394,7.62895127870871
0.908735145881994,-2.56836591950157,7.53236844906974
0.914074651496109,-2.43045423936473,7.35213110618158
0.838839823235855,-2.29787727014023,7.10498462476919
0.695135012901497,-2.18201448161433,6.81198269063514
0.500522057832558,-2.09179850251151,6.4968560692265
0.272381652224275,-2.03334895203035,6.18213755086988
0.0251641454648484,-2.01095353572325,5.88850075265305
-0.229558426417452,-2.02616451008127,5.63380926715032
-0.48301670451941,-2.07967461692051,5.43444387046085
-0.726962980318418,-2.17076952782808,5.30560216918903
-0.951466781864072,-2.29714280924211,5.26123369297438
-1.14221845007974,-2.45486754012385,5.31486456490086
-1.27829131619258,-2.63742330344653,5.47850250218676
-1.33117303265856,-2.83457337832633,5.7601979279232
-1.26680474493286,-3.03130532999827,6.15959743201278
-1.05287962597143,-3.20760880456994,6.66189035981878
-0.669222249831394,-3.33908605907471,7.23300981498087
-0.126821105917509,-3.40053759335826,7.81493799643221
0.519903009636757,-3.37190219887381,8.33147194422214
1.17568830745565,-3.24402219070139,8.70185761678296
1.72650310781717,-3.02412616549242,8.86224213900688
2.07745008815601,-2.73553292630891,8.78412613286361
2.18655401483364,-2.41235675044815,8.48246704707132
2.07001720009991,-2.09026424404181,8.00436226051347
1.78580507957305,-1.79920500577499,7.41270551152802
1.40591633466737,-1.55882688935282,6.76935015435605
0.991261986235252,-1.37870430166061,6.12368397411701
0.581449873748392,-1.26072363957048,5.51039528580368
0.194498942294909,-1.20290692840808,4.95193383106615
-0.168411835327039,-1.20113514607308,4.46135175703814
-0.515834236089374,-1.25256469554228,4.04788242877189
-0.860824278466878,-1.35598941032171,3.71993621728264
-1.21623498571598,-1.51173514305728,3.48726580888619
-1.59065505518983,-1.72234095988305,3.36556062299753
-1.98313988352297,-1.99016553392502,3.37608974474585
-2.37625907705804,-2.31783517418844,3.55364039368853
-2.72493211756026,-2.70174555179844,3.93837101717158
-2.9433039102584,-3.129661527848,4.57904480039136
-2.8977214787949,-3.57252145598945,5.51390441940659
-2.41733626515759,-3.97810705994856,6.74578380062143
-1.35792113583255,-4.26922462137128,8.19660212171206
0.278406444545016,-4.3565132744669,9.67335781214475
2.22844580943955,-4.1695977750459,10.8855023936143
3.99309416806183,-3.6967184572656,11.5451926192561
5.07861912627544,-3.00504095790252,11.5114613792467
5.28445497625009,-2.21634142545725,10.8586435109886
4.77462478324241,-1.45429980817637,9.81296630166103
3.9001364613164,-0.800648732786125,8.62117779521679
2.98278799566902,-0.285037568183014,7.46084543383916
2.21534906946462,0.102698392407664,6.42322409344022
1.66909010300051,0.391446795619524,5.53795803039286
1.34169600555231,0.614913757853254,4.80270849514983
1.20121547632193,0.803719067909835,4.20450707020549
1.21122851793885,0.983154633577437,3.73046525642793
1.34186011917385,1.1734527996046,3.37301735190025
1.57150666385292,1.39106792923979,3.13254509273581
1.88293596790926,1.64956918756731,3.01877847953057
2.25648416909102,1.95971418463809,3.05272494257675
2.65956008060865,2.32874585016743,3.26964912925696
3.03116403117764,2.75677255936884,3.71729699015317
3.2617493092097,3.23198148822262,4.45511530863258
3.18442497278385,3.72107895341247,5.5283749876291
2.58536078948399,4.16203831987801,6.94048379815765
1.29388952753357,4.46259333106231,8.59054908509711
-0.663996624295557,4.5168506368091,10.2350626648034
-2.91790485091451,4.24801633741448,11.517352009066
-4.82749130573534,3.6580315356194,12.1127375465061
-5.83565410489898,2.84421651821893,11.9076818379377
-5.81088003070553,1.9580722707338,11.0526702830186
-5.04952582031878,1.13632516672796,9.84504921449699
-3.99471587439071,0.45614614352311,8.56164100637737
-2.99244583281893,-0.0662107327197909,7.37565641524579
-2.21605170028152,-0.453908460961184,6.35969584423
-1.70650932789357,-0.745272974394716,5.52551550692252
-1.43912048030547,-0.978691344951685,4.86086068731327
-1.3665325737579,-1.18718488653808,4.34830285041201
-1.443127424249,-1.39651968280417,3.97597273697479
-1.63101000310292,-1.62610699488352,3.74085698971268
-1.89792589825186,-1.89027928131062,3.65118364971534
-2.20873061905615,-2.1982821694465,3.72585796065075
-2.51491036394451,-2.55336629272395,3.99529511421828
-2.74123413032594,-2.94958629963394,4.49729029417579
-2.77508558083361,-3.36698845711543,5.26736438980629
-2.47001123336106,-3.76595610101932,6.31724452125237
-1.68437506651633,-4.08473293965723,7.6008503286175
-0.362249256242254,-4.24473322239854,8.98132437029085
1.35238923643433,-4.17362166135438,10.2238365877017
3.08649295632179,-3.83769417167485,11.0566127318744
4.37379229268841,-3.2693228930126,11.2879362196479
4.91195213385683,-2.56211113255383,10.9033732535968
4.71358198128911,-1.83150408021876,10.0552736367682
4.03387671346193,-1.17081994913943,8.96579308678025
3.18355788001237,-0.628444949428563,7.8277922158742
2.3914593464328,-0.211496171942699,6.76125042458968
1.77190161703788,0.0985893410621399,5.81999143671219
1.35274498076163,0.330699672472465,5.01612640568844
1.11748350549398,0.51400744731103,4.34275933736451
1.03512039363832,0.673891309153535,3.78730324281418
1.07681500833842,0.831040117051644,3.33876430146056
1.22168507950057,1.00242221225321,2.99093199748584
1.45648284364402,1.20241711732384,2.74372396087155
1.77323717623864,1.4439384492212,2.60572194240095
2.16314069011486,1.73864006585245,2.59604427627407
2.60776718276793,2.09620694506649,2.7473639914385
3.06478820270823,2.52247297208866,3.11026055929165
3.44732002367347,3.01299966862153,3.748157304333
3.59986324636205,3.54624207573069,4.73302381477346
3.29172274804829,4.07106902124827,6.10983714000213
2.26496334994686,4.49861056900376,7.84170792863331
0.390172959513507,4.70847965651778,9.73729118158169
-2.1102065245332,4.5838507815867,11.4283712498218
-4.57444708682771,4.0762806855684,12.4820316874421
-6.20928531977225,3.25244006134288,12.6325128825034
-6.60860334864796,2.27463486748073,11.9412980082735
-5.96785441974322,1.32041409482584,10.7277625806159
-4.80906289607881,0.508425259447343,9.35027322420026
-3.61199685738626,-0.121991523964423,8.05555499825398
-2.64355997058315,-0.587896207861789,6.95451145628293
-1.98396272835003,-0.931502237614444,6.06933421988078
-1.61165903889311,-1.19820279334767,5.38439855578208
-1.46803949489966,-1.42696115273627,4.87610716087414
-1.4921526720837,-1.64745649411195,4.52738654721792
-1.63043498765833,-1.88078178062889,4.33143606924378
-1.83538021304862,-2.14044322761745,4.29239802349015
-2.05821309359652,-2.43282009182253,4.42426523589955
-2.23903210924959,-2.75640118654137,4.74849120068311
-2.29827968767413,-3.09916446565293,5.28640420234586
-2.1384214521939,-3.43565016935785,6.04493751818183
-1.65955411434713,-3.72549105198288,6.99984250490619
-0.799967764758802,-3.91504533713302,8.07310165524587
0.397572825325727,-3.94843374411376,9.11965657893717
1.7436820328934,-3.78782729428204,9.9506929693747
2.9407765294912,-3.43227584886518,10.3924979688231
3.70884071352713,-2.92649055855436,10.3591079335648
3.92125418559305,-2.34672461142005,9.88435947735405
3.64817669716746,-1.77339925728756,9.09582729002866
3.07786232011668,-1.26601399988603,8.14709363623417
2.40964631077431,-0.853998393419862,7.16595996818321
1.78542273147118,-0.540329057424254,6.23369289414167
1.27498264890838,-0.312056572640516,5.38930022939524
0.896255898700589,-0.150678053128401,4.64528874494273
0.637159074597385,-0.0368848564014295,3.9988100292293
0.475678216958915,0.0455826672418894,3.44139832595794
0.389275141147697,0.109699952412614,2.9625522000904
0.360072673853032,0.165328128604628,2.55225912782711
0.375891236785175,0.220067751869618,2.20161354320756
0.430268613936635,0.280144005004417,1.90350924610906
0.521178199245516,0.351110122106835,1.6520476863116
0.650914213389752,0.438608814293826,1.4435268189498
0.824942981141518,0.5487147220164,1.27615288390665
1.05268019662965,0.689045590794115,1.15180821910792
1.34522873669871,0.868229929548252,1.07591463599289
1.71560499326923,1.09695587966017,1.06070144761537
2.17569778187097,1.38785758140216,1.12829705127235
2.73009746241377,1.75502246994174,1.31597275011044
3.36243769551735,2.21163150546439,1.68221990859487
4.01095189893306,2.76550066431346,2.31355876112761
4.52647472123274,3.40953985611739,3.32646783940857
4.62485089610867,4.1041921406368,4.84355943817992
3.87709144732323,4.75612239068737,6.93094177656854
1.85720146106327,5.20401113750946,9.46800399522608
-1.4495708321875,5.24786168830692,12.0173660374532
-5.22902678441867,4.74415428293594,13.8831058414775
-8.05933606519828,3.72602066085186,14.4871463164703
-8.95527304037706,2.42279072116789,13.8005507249385
-8.08237780026231,1.12645070515799,12.3221571153506
-6.33393092136351,0.0393853718568101,10.6600447068404
-4.53552166960909,-0.773644673201127,9.20410297001835
-3.09877949780206,-1.34133693235393,8.08790118624717
-2.10694200298158,-1.72683078127103,7.29759854172194
-1.4887290849874,-1.99277285811683,6.76897110683275
-1.13557001890729,-2.18713598508299,6.43864942915192
-0.949302125595021,-2.34209469206375,6.25896039261849
-0.854051095587599,-2.47672755710092,6.19787782653276
-0.794205580046936,-2.60030666928857,6.23402281571326
-0.729706395953931,-2.71496821412721,6.3514607597746
-0.632562407181457,-2.81778594555016,6.53494042693123
-0.485465897852194,-2.90238268739241,6.76675271764664
-0.283022583575378,-2.96084904349136,7.02424090051455
-0.0318654751672444,-2.98486832273878,7.27991782985083
0.247352508219407,-2.96888886924509,7.5032284479143
0.524263836279253,-2.91073713143154,7.6644014335669
0.763886064247345,-2.81338427542165,7.73950585076005
0.934740489614264,-2.68485479874053,7.71481530945497
1.01611113789431,-2.53718810685166,7.58923664202292
1.00232080851521,-2.38449010987601,7.37419000505562
0.90134978474416,-2.24056879632717,7.08995100787262
0.729982069508897,-2.11737874573817,6.76133857620731
0.508779728840006,-2.02386990744338,6.41427831560569
0.256682042185927,-1.96598114695389,6.0726749893606
-0.0113885202631747,-1.94763431633976,5.75808570451676
-0.284508201334501,-1.96961934280014,5.48816024668474
-0.554927847370615,-2.03280915772714,5.28010356174481
-0.815388475543032,-2.13591413888144,5.14876554825042
-1.05624140860488,-2.27678918821141,5.10920667294793
-1.26238232617903,-2.45140965933829,5.17620206911363
-1.41038659914721,-2.65297490695165,5.36365122321557
-1.46733104465124,-2.87039976513209,5.68133051868639
-1.39310934891574,-3.08707454855446,6.1297289891744
-1.14747912068365,-3.28015934901825,6.69352983427796
-0.707103947808072,-3.42190195833673,7.33297337403851
-0.0851674070769955,-3.48348777207828,7.98099536402423
0.65225205574099,-3.44166763087967,8.54826551132317
1.3884327258854,-3.28758192535682,8.94194196792346
1.98841644302011,-3.03163846649734,9.09187760714122
2.34591048517193,-2.70272958923491,8.97173387055207
2.42321945167489,-2.34124162736866,8.60686502238168
2.25198875797415,-1.98761363345757,8.05738414877854
1.91038553634229,-1.67339858177938,7.39835994532151
1.4826711518327,-1.41808582673981,6.69707878984032
1.03678149709509,-1.22927341103668,6.00526183097908
0.612363114738647,-1.10581600868862,5.355970940225
0.224205386263322,-1.04347741836854,4.76861413303957
-0.130518276503647,-1.03676015528353,4.25324350281008
-0.464434322596263,-1.08153599960498,3.81553866936831
-0.794273370105821,-1.17603673077146,3.46050020678985
-1.1367292854622,-1.32064278926256,3.19450672941879
-1.505684908732,-1.51904725563916,3.03062313390617
-1.90695395766398,-1.77460174156931,2.98573464540132
-2.33429934597897,-2.09260995376355,3.09075858634325
-2.75756345346536,-2.47534125532087,3.38885789171219
-3.10854291049211,-2.91716685364758,3.93261423782203
-3.26234255808237,-3.39899802382022,4.78185529401754
-3.03608870888706,-3.87796691593535,5.97251586150876
-2.22071305515073,-4.28132532456101,7.47925237489141
-0.691329980701727,-4.50892699210933,9.15736932087969
1.41793996367779,-4.45918022158641,10.7162899150531
3.62289163831194,-4.07785855668304,11.7917283835827
5.26821269189582,-3.3998213049148,12.115293528126
5.91533047877,-2.54674436554686,11.6644674111684
5.5985293279804,-1.67218794572457,10.6588980864934
4.69475434994454,-0.894811770325331,9.40224778524664
3.63155817188797,-0.270142175064147,8.14002639192436
2.6965716184312,0.202265220542435,7.00783211660311
2.01137239156915,0.552363236909092,6.05344347250581
1.58848445261151,0.819536254388632,5.27749994271239
1.39175702242909,1.04074231390972,4.66429216827494
1.37345115481215,1.24639368933846,4.19778069916241
1.49068265367533,1.45994173064102,3.86871065615041
1.70875296235033,1.69910558684228,3.67807706864474
1.99553274285205,1.97650336475072,3.63685883871845
2.31364128147131,2.30000757244425,3.76888874087694
2.60774073548442,2.67020651233327,4.10665560955367
2.79173406476534,3.0776432349522,4.68985805954099
2.74100351317807,3.49688943879773,5.54963114764293
2.30043572316102,3.88104926717412,6.68614905580499
1.34437623318199,4.16174554987716,8.02685635394417
-0.133970184851836,4.25844371119479,9.40236852470711
-1.91579543166378,4.10603913278723,10.5543889231794
-3.57159620259703,3.68940947049078,11.2200534700836
-4.65512500393768,3.06268466368593,11.2554613955864
-4.95016567403657,2.33168377750602,10.702250597951
-4.56449987743783,1.61052307416788,9.75030818786782
-3.79436569045165,0.980106053684099,8.6232846683335
-2.93757961287451,0.475354197555672,7.49457515673051
-2.18800659208767,0.0924353877279778,6.4613720031159
-1.62946917223886,-0.191473741102346,5.5621777976107
-1.27059257268447,-0.406833118847898,4.8002611591174
-1.0878568572639,-0.581910684870647,4.16597623176487
-1.0498223128071,-0.740771003505994,3.64699166668158
-1.12906942639477,-0.903019714048441,3.23327015080096
-1.30704828693513,-1.08476075277151,2.92061780901258
-1.57229458948834,-1.2998647727874,2.71191639542616
-1.9165982963692,-1.56079561770711,2.61929440524478
-2.32834000711151,-1.87883818506207,2.66730476053547
-2.78087703801957,-2.26226517021139,2.89471780158241
-3.21679617090325,-2.71318050326057,3.35613886764748
-3.52418180152417,-3.22192699098705,4.12181247624857
-3.51924752073979,-3.75608309062747,5.2541223723574
-2.95359034243149,-4.25088165618024,6.77322072972413
-1.59681186495908,-4.60317106025455,8.58934130825255
0.561724408467862,-4.68931644975039,10.4382417136015
3.11869075370051,-4.41379167938227,11.9088802528969
5.31342999166282,-3.77107321346685,12.6107747049616
6.46126783903979,-2.87148519910439,12.402888606657
6.40207444058898,-1.89210705446846,11.4671576526171
5.5024677458813,-0.991244546910659,10.1588944058274
4.29559010791299,-0.254653769748783,8.79888604773374
3.17948123882095,0.303461097009203,7.57650586587019
2.33675600755211,0.713872427111106,6.56031735417059
1.79961624397952,1.02075673879729,5.75424364488367
1.5265954754556,1.26755244534078,5.13723557243528
1.45707666833171,1.48938794939818,4.68783833108229
1.53376244892723,1.71243359427136,4.39309783270642
1.7069184377711,1.95476938261345,4.25029701243166
1.9309755467324,2.22755910084347,4.26868288293975
2.15458019324648,2.53470859514761,4.46611952004238
2.31204816535927,2.87132596445803,4.86481770285423
2.31473538980478,3.22125085940154,5.48614190173328
2.05881535696716,3.55351799126068,6.32933108981216
1.44716005076381,3.82172489030732,7.35489972078516
0.44392021676258,3.96861653869794,8.46076357317345
-0.86083523538785,3.93976720381247,9.47870529912439
-2.22466668154639,3.7069517315778,10.2111960456808
-3.32750611975951,3.28492780841233,10.501905702357
-3.92158939741615,2.73353686677411,10.3046193391681
-3.94820772572954,2.13608483450728,9.69382319309193
-3.5352875564726,1.57017996297952,8.81823217242892
-2.89580054337139,1.08575355370739,7.83233198247699
-2.2184338922509,0.702249609626283,6.85024030071586
-1.62196638336728,0.415275052406745,5.93786175471686
-1.15626374585983,0.208433022355435,5.12333051601532
-0.825401589002268,0.0613575743784865,4.41178871579785
-0.611046010283873,-0.045182228562667,3.79679519913821
-0.489959939012267,-0.126833605835129,3.26853406864122
-0.441312056263308,-0.195945811621479,2.81667924539526
-0.449500434109719,-0.262183192325024,2.4314155919962
-0.505376036514302,-0.333297428407817,2.10480208270709
-0.605641389111482,-0.416181410821566,1.83107164885419
-0.751462009863564,-0.517474774608222,1.60623216609087
-0.948399480729453,-0.644414548542551,1.42942107248603
-1.20511022103491,-0.805155374185922,1.30329006752176
-1.53362983488127,-1.00997802669678,1.23677425347264
-1.94486437014858,-1.26999559286975,1.24575497568422
-2.44641548453881,-1.59824784721111,1.35883311605256
-3.0331453740384,-2.00896232864873,1.62434628775483
-3.66594409434969,-2.51161671035671,2.11184764179255
-4.24176541237136,-3.10712876656947,2.92272593760211
-4.54874258039423,-3.77225202298088,4.1735617465512
-4.22948656238703,-4.44180585726279,5.96321199916834
-2.85132435141284,-4.98942993649455,8.26683683130266
-0.166263818288459,-5.23171747242438,10.8089198903541
3.42624274473318,-4.99216714647926,13.0061971585281
6.75061201830316,-4.21609849320066,14.1975980718599
