0.0995303705320405,0,0
0.0969807708391588,-0.0171269086691062,-0.0176330749196683
0.100461746113063,-0.0303550549134585,-0.0314197743363368
0.10848422210139,-0.0414910448239582,-0.0432173062988762
0.120223383609965,-0.0517191661632453,-0.0542674036348184
0.135325573294553,-0.0618437750240374,-0.0654467084105682
0.153630530288399,-0.0724220728244782,-0.0773922238669837
0.175299342463427,-0.0838824264417222,-0.090644921039635
0.200664406366982,-0.0965963301595937,-0.105727079147472
0.230086688740696,-0.110859251235093,-0.123110687309596
0.264045923351814,-0.126947565833679,-0.143294812340881
0.3032875523834,-0.14520509692207,-0.166950455857352
0.348732859138982,-0.166015393453296,-0.194902296857991
0.401193311576551,-0.189688488156317,-0.227946094867045
0.461734006650404,-0.216617895277013,-0.267121204781588
0.531849694480232,-0.247349343074565,-0.313894969698184
0.613215479022376,-0.282488544950562,-0.370018529748696
0.707923268405824,-0.322807191286675,-0.437777909321367
0.818266240261289,-0.369187964199349,-0.519849475009537
0.94712313693577,-0.422825272037262,-0.619707850847535
1.09883071933251,-0.485678219912809,-0.742636657994836
1.27734174267058,-0.559900124007562,-0.89398250280675
1.48919535048126,-0.649390604895406,-1.08241292610456
1.74230489626742,-0.759941388227694,-1.31900392585094
2.04610315682545,-0.90022688825086,-1.61767456414492
2.41400567413256,-1.08514411776893,-1.99888806457984
2.86218268988043,-1.33875506878604,-2.48950188701959
3.41012795680512,-1.70174032786945,-3.12628452874647
4.07721776876301,-2.24407450604238,-3.95812035274344
4.86680165206355,-3.08181747418559,-5.03958214008764
5.72095272701891,-4.39885477420578,-6.40406967227103
6.3923997784974,-6.43016564891318,-7.95619976073453
6.20966921867472,-9.23306829922526,-9.19429327745699
4.09313384400655,-12.0653623901258,-8.9853122760685
-0.158038997095552,-13.2652553810821,-6.62012449903116
-4.74275074876123,-12.2497715754679,-3.6169066224802
-7.8659290704722,-10.0761792110131,-2.04035265317316
-9.08635503531791,-7.58723152637181,-2.14891577612131
-8.78057667918563,-5.19191987402981,-2.98830122945667
-7.62751430952607,-3.1745712948086,-3.70187725288074
-6.22538066500656,-1.61624270898984,-4.00646654731716
-4.92324736537039,-0.44348934435578,-3.99098651992102
-3.86897783814457,0.446594899866197,-3.83264726729468
-3.09474537635,1.13552385889176,-3.66464776452791
-2.5801243983828,1.68095340069872,-3.55389942064233
-2.28585301731552,2.1260989307757,-3.52086565886432
-2.17138627644789,2.50428000443822,-3.5626343020057
-2.20412422322419,2.84025245994567,-3.66995002108933
-2.3596787390257,3.15179926804446,-3.83550568001108
-2.61983356887747,3.45003092953439,-4.05768292834653
-2.96997486194533,3.73850877364537,-4.34228540283867
-3.39275577781717,4.01108556602724,-4.70113423279938
-3.86092535818178,4.24745808379356,-5.14895043666118
-4.32606554926375,4.40773343711307,-5.69370660259578
-4.70776535013666,4.42933156904115,-6.32013430433269
-4.89167521723196,4.23624275774244,-6.96780651843409
-4.74793072956131,3.76679161367961,-7.51922374481855
-4.19054316230108,3.02537236335237,-7.8289667040414
-3.23240389576894,2.10156265031482,-7.80085613523648
-1.99045109076135,1.12544102339803,-7.46362357021565
-0.616807724611774,0.181334688018619,-6.96665073505212
0.772742748463168,-0.735688532216842,-6.50814709886942
2.11930415289601,-1.70197007990353,-6.26518483746911
3.39269072246791,-2.82935644905816,-6.35865771377391
4.53216697795664,-4.24625438623008,-6.83290166753143
5.35484734676147,-6.0735341687404,-7.59302023208362
5.44558293172434,-8.29611165994414,-8.257789756837
4.21215153903895,-10.4604561656624,-8.0771354028502
1.49958459056425,-11.6026930130511,-6.43549140935548
-1.7836357113028,-11.1691956140279,-3.82065968058297
-4.47491326497559,-9.70048036829053,-1.46186660170066
-6.14744262228439,-7.95613615051156,-0.0396400020754306
-6.89808366141894,-6.24984507404305,0.504785814847932
-6.96384907916288,-4.63057680717172,0.51822565618134
-6.59903962673295,-3.11610866044103,0.30804244844125
-6.04849170945558,-1.73275503667626,0.0402914117565738
-5.50876406304685,-0.48814285510316,-0.246142546259756
-5.11308958412018,0.639464962486764,-0.580779594859564
-4.94481386143977,1.69342311013101,-1.01769349827428
-5.05854104548728,2.72352458917846,-1.62015857551017
-5.50040204782524,3.765606742376,-2.47023378075016
-6.30260026413106,4.80786722405989,-3.68837476867252
-7.42292065984579,5.71326120338303,-5.43822201959552
-8.57000548039954,6.06471654910164,-7.83151580301476
-8.94425949246328,5.05110099993214,-10.5518950966695
-7.55268696069764,2.05134417031322,-12.4237857359319
-4.71989429556639,-2.08047958362324,-12.3383849151702
-2.2213362025238,-5.59222495333796,-10.7317587513895
-1.1256623269156,-7.62203277505094,-8.58288299963263
-1.17913519234745,-8.20791726678704,-6.3443637431799
-1.66854568024175,-7.76531332553913,-4.21614024332167
-2.11130330939455,-6.81312714078536,-2.34672310885146
-2.38435740875091,-5.78140997034218,-0.792789439247136
-2.55830006843528,-4.92726365568883,0.472321140713661
-2.73646922478683,-4.36177372622704,1.51229313714585
-2.99274008916144,-4.11186135403153,2.39370478783794
-3.37293961006219,-4.16548315543464,3.17117811546001
-3.91633353485318,-4.49730236361017,3.87563523870142
-4.66792733394119,-5.06239965487375,4.50183996749718
-5.6783040062457,-5.77478946924335,4.98182539328525
-6.95379409779388,-6.45011380507701,5.15363938498231
-8.35448809112006,-6.75792658987996,4.75752840078487
-9.49379154386183,-6.29389234273452,3.57527196865266
-9.89106703645198,-4.89176221653352,1.71769981592525
-9.41156708446312,-2.87763657109768,-0.322847635496096
-8.4150361480846,-0.814907688848557,-2.08844275004016
-7.38284155025079,0.917563707117243,-3.46589917484715
-6.58727625313272,2.19820256660652,-4.56363915908145
-6.06110232060652,3.02546291626157,-5.50206161857033
-5.68617048238025,3.41981845619511,-6.32704054582985
-5.282572744042,3.40231638151869,-7.00342595812788
-4.68731075575602,3.01988789232023,-7.44470814893627
-3.81948864951596,2.36996223231349,-7.5708860128437
-2.70674057149286,1.58728032147591,-7.37867962551618
-1.44586013436153,0.783522852979801,-6.96585920649282
-0.136773796336779,-0.00256538061667735,-6.4967172012298
1.16146661651513,-0.807091267159949,-6.14001464554322
2.42886961124245,-1.71271530254689,-6.03328628168532
3.65273228627562,-2.82972776603009,-6.27409805474749
4.77091096180556,-4.29171688742087,-6.89698273496449
5.57369149385111,-6.23085125877529,-7.79341020401344
5.57236222223601,-8.62555535154888,-8.53369743102544
4.0743219639414,-10.9262295782064,-8.26613811789792
0.967568912744589,-12.0150493972299,-6.37842878125349
-2.6084795631434,-11.379253363171,-3.61393637308101
-5.37235424924801,-9.7166294695858,-1.39036735144912
-6.92573682839615,-7.79157412997915,-0.302578520261475
-7.4177778410525,-5.87764628613828,-0.105386188260479
-7.16310207407596,-4.05603723746678,-0.326703784519145
-6.51550771299047,-2.39478183534412,-0.636278713391426
-5.78403625741613,-0.934346719846814,-0.919478260111525
-5.17910974977537,0.33323029305683,-1.19741132922868
-4.81736828032132,1.45114440762979,-1.53492632090057
-4.75626253042946,2.47528495901448,-1.99876064267392
-5.02397411673681,3.4536354730973,-2.65623316202208
-5.63128793094414,4.40096583540372,-3.59260462224939
-6.54609663140307,5.2539583983372,-4.92435910757139
-7.59748768821335,5.78000325093015,-6.7625018176849
-8.29968200186734,5.47377164121827,-9.01728057408974
-7.83815010572415,3.71678629042436,-11.0466208681996
-5.81877829532609,0.586467544440939,-11.7966916099204
-3.11959363908716,-2.76215035449988,-10.9759175601544
-1.00337164452083,-5.26861757841533,-9.32536035648605
0.0723598810803483,-6.68263304684812,-7.51222867253858
0.332788619401244,-7.17050310364586,-5.74557759312184
0.178551533495309,-7.00434280232465,-4.06603589580475
-0.102137547495209,-6.47497234048494,-2.51355889889459
-0.392669208634065,-5.84408737080946,-1.11961144355548
-0.695825807692783,-5.30297242361174,0.117913747537897
-1.0633261313087,-4.96877978582036,1.23450282416704
-1.55858635454178,-4.90958506308694,2.28079159397544
-2.25126372180962,-5.16725811286107,3.30386873592616
-3.236211172142,-5.7739067886626,4.32127163008993
-4.64679175683466,-6.72155409144933,5.27252501713357
-6.6257810966176,-7.8607367000482,5.91362597857534
-9.11857357098204,-8.68382292916147,5.67094509751172
-11.4293325721906,-8.25442781739585,3.78117807307193
-12.3095701340917,-6.08266420975028,0.268603342453413
-11.4023663235055,-3.25500248497559,-3.48116707064677
-9.56152794766553,-1.27626425965347,-6.18268209227612
-7.49625922149038,-0.556661408730585,-7.52924640446906
-5.44381849721459,-0.661107287175743,-7.74067479721989
-3.52156669168348,-1.03940000080011,-7.21362503208056
-1.82203615648167,-1.38828745515174,-6.3701453966329
-0.374778730726064,-1.65644264315885,-5.53787415105804
0.848102783620312,-1.90875982931491,-4.9111310957362
1.9040459371954,-2.22582909896809,-4.57809980372671
2.85239500140385,-2.6722941314163,-4.56703107097366
3.73438096776147,-3.30841107975828,-4.88181263320404
4.5519038294432,-4.20583389492452,-5.50194887253293
5.22656287892339,-5.45299876625329,-6.3554330058428
5.53054489604985,-7.10155116505691,-7.2312083837467
5.05075667259913,-8.98824700736004,-7.66786754868891
3.39866153010909,-10.5266139548974,-7.04262759135811
0.777422228921837,-10.9587106901273,-5.16219911091286
-1.93948316817522,-10.1729016543234,-2.70772869966576
-4.04986014006738,-8.78440358414085,-0.579306611452011
-5.4293644206074,-7.35904278961276,0.823506243519583
-6.21902050507255,-6.08255012741604,1.53746916758513
-6.56399389853967,-4.92406591150683,1.75159268914098
-6.57600582084021,-3.82046792356215,1.66081930350912
-6.36005127922922,-2.74348242632597,1.41346467874939
-6.0249281460534,-1.69339433240058,1.09476910372277
-5.67490521662509,-0.674014999744617,0.731814931520212
-5.4001460252512,0.32348849791233,0.310143245315215
-5.27648978597759,1.3234161131013,-0.210598411231892
-5.37330730044415,2.35902439761065,-0.890176087068377
-5.76309896613242,3.457710001667,-1.8146746882102
-6.51555103533115,4.60804411216368,-3.11430643982361
-7.64029640932384,5.67908794410828,-4.9755693148361
-8.90082358266479,6.23821124979673,-7.57038619530829
-9.46566227731535,5.35267450107915,-10.6508253720491
-8.11671730558066,2.13929931904485,-12.9280375432825
-5.11953203019219,-2.54287465386676,-12.9898236446665
-2.65741791269868,-6.5341305642762,-11.2595222710142
-1.99155887159101,-8.70023864815762,-8.86424246069778
-2.59300695843169,-9.08242860499175,-6.37863935516124
-3.43227553419951,-8.26477506763719,-4.1508870779608
-3.93558497830951,-6.92379350094646,-2.37075386071274
-4.04620999533926,-5.53721204230722,-1.02366508034649
-3.9259828064922,-4.34197724827606,-0.00701873478368767
-3.73833612543479,-3.42006071458715,0.771755929207934
-3.58325979526873,-2.77178184335038,1.38079262972518
-3.50111420448626,-2.36335111850786,1.86957730337314
-3.49812932390344,-2.15439091720317,2.27525597091722
-3.56583801097314,-2.10708638507272,2.62695864368923
-3.69448200515378,-2.19315766926072,2.94602883813535
-3.8783442543819,-2.39185341107526,3.24746575607853
-4.11827412030468,-2.68774600868155,3.53975426306253
-4.42296067517112,-3.06787155455473,3.82362122660694
-4.80623178937812,-3.51383473864426,4.08918420789624
-5.28265753439574,-3.99428436623844,4.31103550552483
-5.85674217578172,-4.45353563995717,4.44255339920108
-6.50359674699416,-4.80111933750822,4.41477131680115
-7.14697714686381,-4.91314509308103,4.14939132512142
-7.65471932022021,-4.66355687690991,3.59696638326364
-7.88197147020056,-3.9858447829904,2.78421819531349
-7.75990570115554,-2.92619475466368,1.82226302022111
-7.35572787849027,-1.62274667028131,0.839693927937133
-6.84367692802014,-0.22617319589352,-0.100718263534673
-6.42439235307179,1.16185879711166,-1.02755429226465
-6.26196162372377,2.49407611727605,-2.0305231381252
-6.45876715292027,3.73791691135832,-3.2278992184817
-7.02721793491013,4.80820896899563,-4.74979941700566
-7.80511028466673,5.4662928870852,-6.69592415822507
-8.30213228741021,5.22927001286589,-8.95801272592253
-7.72220226801405,3.54860727429751,-10.9107322197985
-5.70070843538998,0.566692472455229,-11.5908296562756
-3.05075124234399,-2.60770868187822,-10.7740507138711
-0.927985918857505,-4.99648148784539,-9.1790632355801
0.234351852636633,-6.3828572652547,-7.4513175387728
0.614199281997632,-6.92849097424018,-5.79329577603126
0.556035037542888,-6.87054636009165,-4.22636236407631
0.327591031938418,-6.45477554224158,-2.76714396505384
0.0565609808437871,-5.90818506382648,-1.43700799850702
-0.239243222165136,-5.40654679817511,-0.237047757368717
-0.59605537588606,-5.06671843745224,0.860837436926499
-1.068913098311,-4.96247079301494,1.9019999311238
-1.72437583388639,-5.14774909604395,2.93419243048588
-2.65172757624252,-5.66906431289745,3.98643370805003
-3.9839554563634,-6.55369984305698,5.02809543833183
-5.89133577604448,-7.72826608164933,5.87525165581293
-8.44262839487037,-8.80792442444371,6.01486350980925
-11.1430335597841,-8.86443902516771,4.56693862933612
-12.6542851644375,-7.02998221217352,1.12670074796123
-12.1336539258634,-4.08926226961471,-3.06728469055518
-10.3113525476516,-1.88810448656241,-6.31471459570047
-8.08677975726821,-1.16368058811117,-7.99289495144339
-5.82577434133698,-1.43556911781644,-8.26711389297702
-3.72795524928227,-1.97581895738034,-7.61609098644796
-1.93028845485554,-2.38452232829477,-6.56993358544395
-0.460278057408945,-2.61118159431315,-5.52741822420062
0.726130654669783,-2.7527809376402,-4.70440800795272
1.698289350739,-2.9121703878495,-4.1826455656718
2.52223987835427,-3.15491925172303,-3.97148001344067
3.24846763739315,-3.52044620082622,-4.05221347365704
3.90494552334162,-4.04116987590456,-4.39228016768346
4.48382249973694,-4.75757194909256,-4.945937500464
4.92038915545972,-5.71172118930813,-5.62645834471403
5.06676811316395,-6.90342413422238,-6.2595845943215
4.69317157292675,-8.20069376069817,-6.54428152096671
3.60960657819998,-9.257280178725,-6.11809108919393
1.90968602805189,-9.64559398029816,-4.82367405273181
0.016425649299027,-9.23065136498256,-2.92721333499265
-1.66148060325348,-8.31873273203343,-0.922430793849303
-3.01113508820632,-7.35863872773348,0.831139752231261
-4.13257122354704,-6.63568970053712,2.19772944892805
-5.14986682316694,-6.21238522570507,3.15250708625161
-6.12052656723974,-5.98671530249265,3.68553786982214
-7.01140234182944,-5.76064943507007,3.77234539197155
-7.70430177162396,-5.31353019366754,3.40480185665454
-8.04772268825916,-4.49674210391824,2.65058539843599
-7.96413310956009,-3.31240618104063,1.67327797932956
-7.5301300801914,-1.89535741368879,0.656785493422356
-6.94966878899325,-0.412192232905421,-0.299958157178453
-6.4493562552031,1.0255974033177,-1.21372096287904
-6.20670647577765,2.36988909711511,-2.17429132545552
-6.32139934249872,3.59625969728154,-3.29748844900363
-6.80092518604171,4.63856269350049,-4.70281793593386
-7.498905687726,5.30297032536589,-6.47975341275427
-7.99333924890724,5.19054015163916,-8.54912165726372
-7.58668074468568,3.8233870625275,-10.4080973790522
-5.85465608675537,1.23259104266553,-11.2128681706225
-3.34313903310767,-1.70302846485787,-10.6312049750774
-1.08020584488325,-4.0666935264535,-9.22904700564696
0.398454016202682,-5.59119039838115,-7.67072862138776
1.11286868096128,-6.39564708934799,-6.21709284065782
1.29961207744105,-6.66104681861565,-4.87557773025511
1.19467146653285,-6.54928623033269,-3.61182243931017
0.960889632357296,-6.21682583140712,-2.41633459157156
0.672588042912181,-5.80522953909678,-1.2934934898821
0.339271400790938,-5.4322331650273,-0.237414579599452
-0.0678717503863346,-5.18678180712034,0.775074946285101
-0.59731769677114,-5.13724672772601,1.78126740827069
-1.31580044610761,-5.34652130965751,2.82133113239055
-2.31965972305985,-5.87942687004985,3.91886549999394
-3.75536283270354,-6.78677611897534,5.03754445252463
-5.82010341589301,-8.0180020888796,5.97407328369672
-8.60694539194997,-9.16959461927919,6.14480543780819
-11.5611260008426,-9.19597250928749,4.52222214181242
-13.1420777159148,-7.14552186938765,0.653174572083914
-12.4699258578308,-4.0874709456485,-3.94692697247187
-10.4420858243811,-2.15935105165644,-7.33593491009009
-8.00281602781211,-1.95502619296619,-8.86851770536899
-5.58665185144194,-2.66913701985817,-8.81018135962082
-3.48569046060053,-3.39955608695699,-7.79886256944946
-1.82288834275048,-3.77157711325681,-6.45178173768268
-0.554762017528419,-3.82330617163877,-5.16133644769509
0.413299363622952,-3.7189742150804,-4.10643304671574
1.16556195300072,-3.59430960234669,-3.33561879651799
1.76500218101105,-3.52147581419026,-2.83543317016222
2.25909675155065,-3.5258532932208,-2.5702885947219
2.68454740679378,-3.60865797672472,-2.50063290486623
3.06772724510468,-3.76523901149692,-2.59443653840271
3.42604238703372,-3.99393825060485,-2.82645531253668
3.76690628883088,-4.30070174982438,-3.1760812309105
4.08506200555479,-4.69907890758456,-3.620516362739
4.35649005783194,-5.2071853508006,-4.12534743484258
4.53244160461725,-5.83316918776259,-4.62937674806555
4.5321915363453,-6.55624733434158,-5.02985481853889
4.26094393194966,-7.29261993635691,-5.18156449549809
3.65169753360831,-7.88624382872381,-4.92900835011871
2.73306638090949,-8.15768867262123,-4.18777277216937
1.64479673217889,-8.019821710844,-3.01668115238585
0.550326197870563,-7.55598949768369,-1.59018299679818
-0.472547997777758,-6.97755706385823,-0.0932312600792239
-1.45846347298952,-6.5139458931495,1.35550339133844
-2.50814515676813,-6.33567686089078,2.70210833695467
-3.74424809983795,-6.52870398320396,3.90514823291666
-5.28345989676315,-7.06168797323914,4.86170570821307
-7.17632711703326,-7.70711953147073,5.31544266611049
-9.22310475878449,-7.93504580585543,4.81981783859624
-10.7684921801641,-7.06597138060223,3.01463783435803
-11.0615554402143,-4.97642536471339,0.244031293778555
-10.1226407103893,-2.47075079562829,-2.50327355639613
-8.64155282282175,-0.445156115947543,-4.5440233737565
-7.14947076175603,0.789120897271147,-5.80217141872878
-5.79109688508821,1.34195713367018,-6.4358259492524
-4.53688770730799,1.44568739398325,-6.60921813712801
-3.34860142226936,1.30621884488149,-6.46449154840811
-2.21716045720548,1.05675287205074,-6.13671237083457
-1.14466808682798,0.755416663672241,-5.75111668162774
-0.123475896809928,0.404804867156137,-5.41227632995638
0.870018189657153,-0.0252847606844594,-5.20135272496435
1.87185884406082,-0.585025421982741,-5.18604028168972
2.91972268776169,-1.34362712245425,-5.43077316879839
4.03172952600034,-2.40276139362726,-6.00336191331545
5.15840084957335,-3.91876251682379,-6.95483805637452
6.06121130011128,-6.0942254602339,-8.21432912016078
6.08802181029899,-8.9859637891492,-9.31125970547736
4.16899131746971,-11.9101122370525,-9.11707802723596
0.0371881628654916,-13.2460343976944,-6.816663470253
-4.56074402723011,-12.3291560096597,-3.78587101896107
-7.75972221133236,-10.1887200998649,-2.11940933657619
-9.0565614896435,-7.70567085466595,-2.15892085019841
-8.80328411338057,-5.30277975505738,-2.97460387521347
-7.67349783608312,-3.269834486837,-3.69097033973501
-6.27347004733498,-1.69490519271883,-4.00269790453685
-4.96237046915603,-0.508409476832948,-3.98892931288559
-3.89492456123208,0.39274055758079,-3.82696005861439
-3.10769522700812,1.09009811515271,-3.65259466832787
-2.58119842147627,1.64219784552281,-3.53496047655475
-2.2775869505531,2.0921862831733,-3.49598292571346
-2.15542918952437,2.47420068618683,-3.53276139737559
-2.18263462233979,2.81326238140589,-3.63616425411303
-2.33391079080339,3.12787403253679,-3.79815203372493
-2.59203153075302,3.42960052745629,-4.0172184959827
-2.94202236905165,3.72280932189664,-4.29850744831068
-3.36828781354104,4.0020991407657,-4.65479613796028
-3.84455005919791,4.24812434309083,-5.1015295912682
-4.32416676960272,4.4218204913049,-5.6486734974378
-4.72838581204766,4.46056079245431,-6.28431256156852
-4.94015705444321,4.28367156095481,-6.95134325139412
-4.82586833523169,3.82504492535828,-7.53219350100432
-4.28857178370584,3.08086084405527,-7.87430909117195
-3.33467709986907,2.13996944843852,-7.87048163135507
-2.08104492790015,1.13924221106437,-7.54010447893835
-0.688353224396451,0.172851567093778,-7.03385223961328
0.719403294543828,-0.758452241640779,-6.55606463083412
2.07808280010238,-1.72983415843653,-6.29003090092448
3.35583195184153,-2.85293470499662,-6.35882023223206
4.49258980843918,-4.25571984165154,-6.80804057763622
5.31225845791458,-6.05459740394282,-7.5421582944107
5.41385556558938,-8.23545953012557,-8.18911929972802
4.2289387442914,-10.3614595227603,-8.02066448813079
1.6002078094548,-11.5026573404544,-6.42831091050291
-1.60983120954206,-11.1068559643475,-3.85405534186686
-4.27298600782385,-9.68145532036141,-1.47899270205762
-5.95986291598158,-7.97905338481286,0.00679698494578057
-6.76250103730568,-6.3230656525794,0.629492805631207
-6.90056890718503,-4.75860282630161,0.702688095429851
-6.60667237298846,-3.2908874836936,0.523141468688723
-6.10754762982367,-1.93845118686233,0.264529107441658
-5.59070211812694,-0.710842215261094,-0.0207626739064162
-5.19077605140458,0.408632307904441,-0.351868508168419
-4.99391681433304,1.45937191673817,-0.776846489495826
-5.05986611198787,2.48910801611782,-1.35604490951996
-5.44129809873352,3.53724225413747,-2.16870075487662
-6.18002658918211,4.60453017822919,-3.32822473204429
-7.26588116236106,5.58559181371558,-4.99919683856899
-8.4787897726745,6.11942120938158,-7.33290926125502
-9.10637877818414,5.42621039689501,-10.1387314749403
-8.05615819705327,2.70146691460218,-12.3532017065227
-5.31395452291785,-1.49679715893779,-12.6477132965085
-2.63652683146051,-5.32812351973004,-11.1901879175782
-1.38593728058199,-7.66098891638963,-9.02510425458661
-1.42765560016054,-8.42257517054246,-6.71355614049772
-1.98527579040904,-8.02246737708305,-4.50296868923896
-2.48460917976256,-7.02107029681686,-2.5729143394218
-2.76406472259345,-5.89547538792686,-0.989849216488882
-2.8966766812099,-4.93070951566378,0.275497612164929
-3.00074108486571,-4.24794263117722,1.29343811174801
-3.15868630339504,-3.87380014997174,2.13416327993838
-3.415060418659,-3.79201853791545,2.85614127561754
-3.79751430450424,-3.97330298905783,3.49923540543623
-4.33370762409312,-4.37973991082347,4.07908251503625
-5.059074108416,-4.95711032611849,4.57453188600624
-6.00209252113745,-5.60540207610916,4.90845952623412
-7.13595123794651,-6.1376604681857,4.92864369271166
-8.2951358877038,-6.26255080026577,4.43247204085362
-9.14098830621932,-5.68345219667726,3.30201463905701
-9.33287627106549,-4.33397712360228,1.68929416477244
-8.83531838298639,-2.49896338280043,-0.0214361046992333
-7.96689612881107,-0.598603156824239,-1.52481479128763
-7.1240739526175,1.08359751666226,-2.77383427863972
-6.55065045866395,2.43932358223089,-3.87970067097129
-6.29816620305714,3.4347890662847,-4.96205172294213
-6.2610097391456,4.02606955442159,-6.07771435578059
-6.21213813543682,4.13391676647504,-7.18506449187227
-5.86498923494495,3.6820255669989,-8.12031635842178
-5.00404389633269,2.70716835879364,-8.64163320108639
-3.63185328389185,1.42351883526561,-8.59184003552967
-1.96923797998556,0.115874923529492,-8.05785025262123
-0.278991009931733,-1.05434345892072,-7.32343136495175
1.27403862055871,-2.10286990148309,-6.68848643526021
2.62469287271754,-3.13922203740141,-6.34751855153939
3.73820299586702,-4.28242318103586,-6.36520043435898
4.53706078785292,-5.61794402696906,-6.672056788249
4.84431780227324,-7.146797504683,-7.03576512273941
4.39716423942161,-8.67888891392887,-7.04185884398102
3.04257450678201,-9.7664468164171,-6.24300811550009
1.04315623155263,-9.96026039701774,-4.55182273169368
-1.00780448749039,-9.27566112611054,-2.41039595433225
-2.69150736403338,-8.17950458636453,-0.386227614943215
-3.96539259794656,-7.13422025797754,1.21498365027637
-4.95932294730824,-6.34323877614266,2.33263385529547
-5.78041339120095,-5.78881169361237,2.997493394305
-6.45836463091524,-5.33919604373207,3.25364807571554
-6.95876700166065,-4.8372140067713,3.15035812796577
-7.22149252509333,-4.16523422287081,2.75789374520115
-7.21224838160188,-3.28297719367629,2.17562553760518
-6.96396646762804,-2.22645827648311,1.50789441425328
-6.57811490703932,-1.0678208463557,0.82207583956953
-6.1914524689938,0.130307037362556,0.125722379734882
-5.93822313075689,1.3376901273979,-0.625942636317919
-5.93567875973029,2.54977652100281,-1.51362321843289
-6.27510234335054,3.75971963632836,-2.64591577796718
-7.00003296379784,4.90324436532172,-4.16496343221566
-8.01354945126313,5.74914775871668,-6.2275755865639
-8.8568276788667,5.73635053355579,-8.82838251566362
-8.56722606424851,4.04022412560695,-11.3456344799769
-6.48346129403067,0.533934292334318,-12.4814153387339
-3.59536664158688,-3.40392749758348,-11.7029968553124
-1.54973914847073,-6.30628161348844,-9.84778854006078
-0.856474317702029,-7.75215433387902,-7.70088537826364
-1.040091091752,-7.95332949528769,-5.55070654968707
-1.47934833083907,-7.34989671820687,-3.54975621272556
-1.84260768829375,-6.41139101021795,-1.80738828987463
-2.08624833361621,-5.49284619110178,-0.351266313112537
-2.29049087147766,-4.79342763717684,0.854976505259582
-2.54357000732384,-4.39568959054914,1.87349919585932
-2.9084878770451,-4.31736505470575,2.76659577001791
-3.43487870018577,-4.55040452633714,3.57923186739704
-4.17632210314308,-5.0672597246783,4.32435176060584
-5.19999440410734,-5.80647192269671,4.95537076710798
-6.55519371670161,-6.61398126112338,5.32133482438663
-8.16346432913711,-7.16095597588784,5.13039033457923
-9.65176847750877,-6.94847136364141,4.04111836419324
-10.3977337593923,-5.63563039381622,2.02777006414108
-10.0684516859192,-3.50245724734013,-0.365527537142938
-8.99542568090245,-1.26974441902315,-2.47044571058002
-7.75810961423026,0.531660356530656,-4.03395562015308
-6.69069634266146,1.75053718362279,-5.13936391295092
-5.83814232414611,2.43221189293147,-5.92012365147814
-5.10167112014509,2.67661970607562,-6.44675043544231
-4.36244221570057,2.59163303947153,-6.73529816813062
-3.54525965365336,2.28470086771289,-6.79044644234483
-2.63278462451638,1.8525036621598,-6.64149335677352
-1.64736306603418,1.36297117975154,-6.35573488173708
-0.619336168401748,0.841057599822814,-6.02540676817777
0.43400159048225,0.270944675345035,-5.75073579511269
1.51591079165845,-0.394999875739234,-5.62669400040482
2.64190727519211,-1.23058645241974,-5.74388504842444
3.81695370396246,-2.33992374129337,-6.18707815582387
4.98558062387517,-3.87487588469694,-7.01632112474346
5.91573072565059,-6.02338997646095,-8.1658846001471
5.99249060560903,-8.83479535492572,-9.18798188279185
4.21922200077942,-11.6742750050112,-9.01443897939589
0.321001558468524,-13.0264142899076,-6.82776356992983
-4.10552514162137,-12.2085275650926,-3.81789276891719
-7.27765633074421,-10.1682589497526,-1.97096847190412
-8.67576075492213,-7.77503027913968,-1.74455532053254
-8.58766832910544,-5.41019523598864,-2.36733387016492
-7.6180928879307,-3.3299798000666,-3.02278819251529
-6.34978246179482,-1.6507371625989,-3.37819170538034
-5.15655325231349,-0.344081683136877,-3.47047772313099
-4.21027893061017,0.670298979085203,-3.44491279894877
-3.55768067316006,1.47200592284421,-3.41906675718316
-3.18569264916953,2.1254141266288,-3.45469393731569
-3.06029578003153,2.68013792327526,-3.57492575461072
-3.14616100218404,3.1717804666165,-3.78708363284998
-3.41126304137852,3.62190538739413,-4.09798506578609
-3.82399435795034,4.03519519309453,-4.52152738245828
-4.3430646629685,4.393074763431,-5.07873841405079
-4.89864603290521,4.64303695684003,-5.78645875012585
-5.36951865557302,4.69060512617766,-6.62785840863593
-5.57274167896136,4.40994747994463,-7.50969861044604
-5.30449648087193,3.70602384756517,-8.23567612924196
-4.45208148002231,2.61211990076456,-8.56864139491292
-3.10030864951701,1.32052918071078,-8.39283081092274
-1.49151063541987,0.0558463817982325,-7.82735149154024
0.135217343989514,-1.08351152751084,-7.14612275098502
1.63935922370735,-2.14435947501292,-6.61721121348457
2.96134658669084,-3.24302057665515,-6.40768332987724
4.05106788753615,-4.49813010113204,-6.5607367329451
4.79079685608046,-5.99087044416972,-6.97526681817534
4.9365097137346,-7.68935818834232,-7.35247626466449
4.16989540255716,-9.30326792127126,-7.18885105164456
2.40096828934715,-10.2609460864937,-6.03848007153305
0.0928076011261162,-10.1491249813657,-4.00939292220217
-2.05161771175762,-9.18772597893006,-1.74982933193655
-3.68350824703565,-7.95324570765039,0.160916472107506
-4.84212695422145,-6.84811090256488,1.51297167290556
-5.66861363144157,-5.97307847731909,2.32808477292676
-6.25047285006974,-5.25413732923407,2.6948117002678
-6.61349590110822,-4.56959066504118,2.71341042253888
-6.75658220847141,-3.82615691491876,2.48219761940775
-6.69091198014732,-2.98477550397644,2.09520473675422
-6.46313580870588,-2.05419685767071,1.62875138102401
-6.15184266431913,-1.06394248040929,1.12383512871112
-5.85132119502842,-0.0376045324686786,0.580428724944925
-5.65728961998014,1.01909440245398,-0.0358497793436069
-5.65958361438051,2.11736116674338,-0.78556105714487
-5.94845266971902,3.27088882976399,-1.75863765848587
-6.60199794610121,4.4603001487046,-3.08347913760262
-7.63463553703778,5.55375329003934,-4.93948272351623
-8.81793190023437,6.1367732394569,-7.48427150343735
-9.35732037617598,5.32630832908244,-10.4840522992952
-8.07761798421468,2.28288532540024,-12.7263337223247
-5.15505811721817,-2.21691364271641,-12.8482893494618
-2.61630878373582,-6.12753554881596,-11.2030022707163
-1.74175033114314,-8.33272619687795,-8.88791968676336
-2.1413101451351,-8.83683925605993,-6.45816137430717
-2.87925463343323,-8.15872098270269,-4.22054183629781
-3.38519472653122,-6.9383608646487,-2.3661766594612
-3.56747254999032,-5.6543625592035,-0.917356219864101
-3.55475632823543,-4.56030761608485,0.198551502755597
-3.49070220734298,-3.74734477166107,1.06806794514033
-3.46364527830194,-3.22192965908878,1.762155950575
-3.51147428365974,-2.95504399626715,2.3362123721277
-3.64461110970473,-2.90977977842159,2.83193104712547
-3.86549093247917,-3.05249728330269,3.27854626122071
-4.17972894166942,-3.35379613869088,3.69239602800657
-4.60151403041771,-3.78489213383855,4.07385932284111
-5.15112208311713,-4.30551578521971,4.40108079309287
-5.84178243859249,-4.84607143389849,4.62047710204037
-6.65243358246874,-5.28806390064829,4.63989533959149
-7.48785934402923,-5.4574314863615,4.34248876221988
-8.15979169490403,-5.16684922493151,3.64612057340135
-8.45071277534173,-4.31999093702731,2.59058900513162
-8.26394839446896,-3.00333157708096,1.35692141230096
-7.71660209375559,-1.44064457682697,0.147352137548107
-7.06779393331385,0.147994537972468,-0.953137763812016
-6.57151722962755,1.63338953737425,-1.99340725483613
-6.39209509230982,2.95922837449492,-3.08684905402226
-6.58099629985537,4.07537015773671,-4.35424445206871
-7.04827759147813,4.86142301050273,-5.88561003192453
-7.49908753888833,5.05450701779255,-7.66491798063023
-7.40100693768731,4.29157434949053,-9.40069303262701
-6.25322174445094,2.43471427970605,-10.4721254772436
-4.15423981164215,-0.033487947818811,-10.3961217287273
-1.826557221796,-2.3238951285535,-9.39040973756142
0.0862549772344777,-4.03148409484696,-8.07368191447298
1.37158266150393,-5.18589564609818,-6.86351329045415
2.08294072785483,-5.9339900447412,-5.85458885040305
2.34873879948266,-6.37587109975154,-4.97691624895167
2.30276890525864,-6.5625766882151,-4.13360902595789
2.06212591562803,-6.53274644072485,-3.26477306783025
1.71532330465968,-6.33905734347334,-2.35495375169699
1.31327132443825,-6.05302972172158,-1.41359358823299
0.868164972175563,-5.75779737444108,-0.452473103023625
0.359556426033093,-5.53508098791989,0.529019391624007
-0.258767392609027,-5.46413858298362,1.54690994301766
-1.05490316912445,-5.62324689866688,2.6246290926884
-2.129077168612,-6.09471265648585,3.77431519742663
-3.63431951292102,-6.94822011005759,4.9512531246052
-5.77026243077283,-8.14419820969932,5.94133830654929
-8.63279108442145,-9.27932084777433,6.1417079511328
-11.653419557316,-9.27804887334958,4.48757068884372
-13.2473530325306,-7.16923805064505,0.52344569258889
-12.5375685746138,-4.09197442388531,-4.16211552656553
-10.4626740318066,-2.24432313786931,-7.57103787187825
-7.97998773069984,-2.16889066348378,-9.05978567842949
-5.54709318794154,-2.98040177815373,-8.92222159226418
-3.47488126909237,-3.74165084326882,-7.8317848364862
-1.87040997228284,-4.08965452986961,-6.41831390721765
-0.667122695540884,-4.08336950361516,-5.06645720154048
0.242285992506094,-3.90459450556495,-3.947527934706
0.943056634802913,-3.70055367170085,-3.10583609535113
1.49339145033232,-3.5495946295064,-2.52690651318947
1.93741644362261,-3.47735201271452,-2.17066118334709
2.30799856756901,-3.48277313413031,-1.99693450393289
2.63120020360181,-3.55432502681853,-1.96968466457045
2.92610858029547,-3.68111692863568,-2.06262867187128
3.20615187189366,-3.85686497486306,-2.25709440873609
3.47918713757662,-4.08195498256265,-2.54024343833828
3.74668792036971,-4.36328894223084,-2.90070385553731
4.00133980335189,-4.71316920521679,-3.32387434622741
4.22308355650857,-5.14563508623758,-3.7849350882792
4.3736685773668,-5.66858036907417,-4.23911875850932
4.39459033286408,-6.267492379815,-4.61166368463022
4.2148727085806,-6.88660021487303,-4.79626095079881
3.77718045331344,-7.41829990909207,-4.67291964714628
3.08081028447189,-7.72675066675751,-4.15670395854527
2.20493979795906,-7.71906151278301,-3.25426981990634
1.2683181849372,-7.4135330772604,-2.06767195069563
0.352949444499639,-6.94354881232142,-0.737663606484401
-0.540812416970299,-6.49547876148197,0.624000253218667
-1.48170671434164,-6.24180689572282,1.95890019367437
-2.57714627068769,-6.31008069390732,3.23874698667075
-3.95553264209396,-6.7604319530042,4.41227513987132
-5.74810197102787,-7.52968079980751,5.31829643462151
-7.98362866414318,-8.28776715385027,5.56443929612317
-10.2852323738692,-8.30352589903872,4.52683396213649
-11.6837760328527,-6.84166669629663,1.89964038190977
-11.4527721080695,-4.23607050565144,-1.50719042198431
-10.0278629179288,-1.7761356092853,-4.40972134665001
-8.22803496054831,-0.285952477710386,-6.23885028009741
-6.42850305771913,0.258347880266493,-7.05342882830596
-4.70710914932008,0.237009796856782,-7.10317779649807
-3.10104548560995,-0.00281155086311065,-6.67804244004829
-1.64797378088744,-0.28060828459633,-6.06006403387615
-0.357910923013135,-0.562795643691099,-5.4684106124096
0.794202296215476,-0.888157361104946,-5.04518167874676
1.85583187437716,-1.31645315850111,-4.87284764164754
2.87880577701485,-1.91268868872957,-5.00030073241252
3.89739381703324,-2.7583667676347,-5.46431288633832
4.89345558290167,-3.96948043453406,-6.28080141069736
5.71835647583656,-5.69882639640382,-7.38320720880175
5.94967009261806,-8.02167235543196,-8.4465358444699
4.83038253718126,-10.5689558470568,-8.67878553605009
1.88151964145526,-12.2066110732658,-7.20664957859066
-2.00565968462095,-11.99710966544,-4.43366285331598
-5.26351844223046,-10.4206543420631,-1.97298521307525
-7.1800027926313,-8.38665479678002,-0.764383872437733
-7.81570992795889,-6.29428626625766,-0.622412437707688
-7.52426726131127,-4.28702964695471,-0.959585803956988
-6.74402884292193,-2.47627315990623,-1.34655868923573
-5.85845772764625,-0.921757405856252,-1.64270926791988
-5.11792387299395,0.386355875552122,-1.88527698046501
-4.64823108929431,1.497865412688,-2.1580833807342
-4.49477737256486,2.47483663499258,-2.5330535130477
-4.66573548379643,3.36858346952897,-3.06809132111863
-5.15026763988685,4.201355187873,-3.82585672475222
-5.90382738273957,4.93726054733288,-4.88628661074499
-6.79032601363675,5.42887074747199,-6.32451576493699
-7.47766139105706,5.35490722734063,-8.10022974403521
-7.39708371562196,4.28374146787611,-9.84178187131854
-6.08351126744673,2.09130523542875,-10.815637483461
-3.81419537546382,-0.616997886489277,-10.5487699520628
-1.46870873187454,-2.99399677980398,-9.38263932881225
0.31001321762362,-4.68228913487683,-7.97390354492214
1.37959949792903,-5.74749532602112,-6.68198398232283
1.86241433801716,-6.34285554433639,-5.54898532878086
1.93745044603355,-6.57732217728878,-4.502700442356
1.76974441473184,-6.53604850247822,-3.48122346864022
1.47773573564399,-6.30522619762694,-2.46438436330887
1.12628703640545,-5.9803091902836,-1.45650719562111
0.730364482139471,-5.65584171188185,-0.462457859981492
0.269407964093411,-5.4169190832866,0.52656456095286
-0.300853805389251,-5.33772236761981,1.53387227292459
-1.04712719949116,-5.49226117816809,2.59019078577219
-2.06378691634172,-5.95527649887938,3.71481895175847
-3.49619636983737,-6.79386193910908,4.87554187179467
-5.54241001288578,-7.98409906457872,5.88637243974729
-8.32666795629412,-9.17430320533541,6.19658974812841
-11.3811432882453,-9.35609938992925,4.77167109823551
-13.1865214074745,-7.45648709440936,1.00453397870332
-12.6852167147399,-4.36934979440969,-3.70863961231954
-10.696119318389,-2.33247245895774,-7.29502033479804
-8.23347569674195,-2.09688342254668,-8.97631773793574
-5.7806533863307,-2.86088724739115,-8.98097312642678
-3.66061943401764,-3.65088938939122,-7.96123173178066
-2.00521033077238,-4.04417612528348,-6.564423868274
-0.760836267357609,-4.07100785697903,-5.20175385758759
0.17942642366038,-3.90917257470048,-4.06160394280309
0.902416546717035,-3.71072424539705,-3.19915137491335
1.47010005706708,-3.55980505862222,-2.60228637622707
1.92744357179196,-3.48628326303643,-2.23382437671496
2.30894141911863,-3.4908337519157,-2.05274758299126
2.64136586284401,-3.56302314264057,-2.02302782779304
2.94455630527168,-3.69222749183021,-2.11744853447545
3.23224911275792,-3.87269806039079,-2.31709924178092
3.5123412484176,-4.10520136886653,-2.60822702807114
3.78575906172946,-4.39752782023028,-2.97883634346369
4.04385256567421,-4.76268577532335,-3.41266910865595
4.26400675631593,-5.21491835783435,-3.88196993139013
4.40440489236088,-5.76024888876394,-4.33716037929825
4.40175264841237,-6.37966080346828,-4.69651864592152
4.18118785517944,-7.00777490878479,-4.84502967701492
3.69044330954308,-7.52592768530727,-4.66149933131397
2.94102723550952,-7.79432836150371,-4.06922192248355
2.02693198446312,-7.73155222304325,-3.09345067828385
1.07135633427833,-7.37852204279551,-1.85279519993737
0.147118912952715,-6.88803867753109,-0.492591546874117
-0.75945412219127,-6.45341313057945,0.880678594077366
-1.72698359756721,-6.24255073439896,2.21493671255313
-2.869431811455,-6.37430174762247,3.48076758545337
-4.31602712682529,-6.8866596412148,4.61332957342317
-6.18890498332937,-7.67520297783416,5.41543592520802
-8.45948941789521,-8.33322037497156,5.4465695210389
-10.6303685392479,-8.0791158502577,4.09563837513458
-11.6990923977108,-6.32639330643425,1.25574376500048
-11.1644456159405,-3.66558841748393,-2.08067400052477
-9.63252339575098,-1.36170694961268,-4.74784516893
-7.8505567171906,-0.0455359697690738,-6.35490055221132
-6.10535899550831,0.40071845184106,-7.02219709266727
-4.44623291837431,0.349813639093663,-6.99975378434896
-2.90170663384595,0.111959908586952,-6.56342838631585
-1.50275612403028,-0.162225874521697,-5.96996853977459
-0.253621199828753,-0.449939767465381,-5.41845863513604
0.872651619061398,-0.791071965941241,-5.03896315574849
1.9243463146521,-1.24306276853761,-4.90653579649777
2.95093078265474,-1.87274394320893,-5.07294545320315
3.98329359649553,-2.76527731334421,-5.57710731079382
4.99416941737948,-4.04676045534979,-6.43846605475769
5.8118320233858,-5.8753954646418,-7.57874551426526
5.95992313921563,-8.31474003942495,-8.63076870999571
4.6247922968662,-10.9104453151695,-8.72646541068437
1.40206903273559,-12.4215299272532,-7.0223388678366
-2.6116830176353,-12.0010825744666,-4.15466058443125
-5.81114004130322,-10.285994480868,-1.84049877812783
-7.56873714516889,-8.16678794414415,-0.883285678371091
-8.00858533005123,-6.0035051674029,-0.944249625386258
-7.53707983032359,-3.9574249769936,-1.37813654716502
-6.6345378182316,-2.15167112175573,-1.77716847093722
-5.68837892786501,-0.633254564137634,-2.04792874587601
-4.93088499252106,0.623248474423332,-2.25734045090896
-4.46450322335635,1.6777169718001,-2.49758260416072
-4.31856196092608,2.59320039171297,-2.83797848653827
-4.48615221009949,3.4199850134221,-3.32865680814279
-4.94507909002336,4.17848061499215,-4.0218627662743
-5.64236429604732,4.83699242405983,-4.9816563585127
-6.44822395227719,5.27053721782168,-6.26472609906344
-7.0750028333828,5.2168498141104,-7.83036528608834
-7.04946275373622,4.32985296303431,-9.3753886357459
-5.96140598151331,2.48872957988018,-10.3052241515233
-3.95025752686596,0.131560120362548,-10.1832268453567
-1.69063014819096,-2.05052640887879,-9.21861912200871
0.220765171745355,-3.71440547183904,-7.98681637723295
1.56616845942544,-4.90144058819268,-6.88666219299116
2.36186307873343,-5.74940992846037,-6.01292885359472
2.69989493064893,-6.34323711124993,-5.28310613178706
2.68124985361286,-6.70294060748901,-4.572740585085
2.41130104320463,-6.82679781820659,-3.79016377234793
1.99141170325404,-6.7323843660813,-2.90394514853624
1.49972686842535,-6.47526248579402,-1.93030456606576
0.974458422136937,-6.14350893749887,-0.902674515829505
0.410454919617195,-5.83952054895099,0.154133904612233
-0.232704810137748,-5.66184751820885,1.23647156393866
-1.02317310756924,-5.70430848804313,2.35697428859008
-2.05770454023015,-6.05518788013626,3.52551659001299
-3.474053688041,-6.78332244285519,4.70741528763904
-5.45591166570355,-7.86807331656727,5.72867553036002
-8.11693706053446,-8.98461083317259,6.08858321236934
-11.0485955348412,-9.20695650424855,4.84622162604957
-12.8773774973257,-7.48884054428671,1.39928803869145
-12.5323751864751,-4.48054093670413,-3.0699455618668
-10.6904453709666,-2.23186719625155,-6.61685492943129
-8.35137346167375,-1.6322689465638,-8.43437176461179
-5.96481081843291,-2.10839884962806,-8.66989673873899
-3.80027999884691,-2.78949581084568,-7.87600820745643
-2.01429642389498,-3.22298895060546,-6.65743552151713
-0.611017664776697,-3.37731531394226,-5.44325386151819
0.481132822742092,-3.38524583850964,-4.44889973800199
1.34275039584471,-3.37332776552796,-3.74607326559351
2.04225295119166,-3.41464855577164,-3.33269310330027
2.63298525229634,-3.5398518200063,-3.17853853930264
3.15370677886181,-3.76002130305864,-3.24808600278713
3.62795425230154,-4.08396147844646,-3.50801634873257
4.06089194682315,-4.52736114476512,-3.92503392428615
4.4322077114602,-5.11282938100916,-4.45433853313013
4.68468921084365,-5.85696602283951,-5.01947387093917
4.71567830431224,-6.73860669531003,-5.48838740370662
4.39039852861297,-7.65157790391013,-5.66300442873342
3.61512783398212,-8.37935383399975,-5.32997523932437
2.44267307801716,-8.67232098841647,-4.38613242902932
1.09385930305274,-8.43384962146779,-2.95001854216063
-0.199671591547587,-7.81601145521776,-1.28825720624464
-1.35163138066113,-7.11501877077804,0.354860640599875
-2.42494238733909,-6.59777506460647,1.84649508657213
-3.54035610599886,-6.41451662228492,3.1309706318142
-4.81119158895642,-6.58248856076545,4.15367439596488
-6.30007067791344,-6.96703757855352,4.78653214407549
-7.93701869264776,-7.23830506226792,4.784893351981
-9.39159357617378,-6.90482160819238,3.8781570189515
-10.1244399508081,-5.61569876815195,2.07706234805834
-9.84694539746245,-3.57241427429903,-0.114276373335071
-8.85389054812468,-1.39015407469011,-2.082844042441
-7.69050936573301,0.444742329195424,-3.5849182449372
-6.70404726989416,1.76848587788186,-4.69527395756822
-5.96825372350527,2.59576471930306,-5.54822687646762
-5.3934606440358,2.99040909038625,-6.21581700885792
-4.83920851678999,3.01977532977496,-6.6996846481887
-4.18679642795001,2.76160669471674,-6.96744868447031
-3.37923910678403,2.30783908036333,-6.99650907013698
-2.42479851115706,1.75080955684979,-6.8094139495238
-1.37047958553529,1.15534930941301,-6.48290909270089
-0.264462700203971,0.538766893249122,-6.12709020222921
0.867412694218591,-0.128170811100809,-5.85943254780885
2.02330115229003,-0.908809680283667,-5.78839982992655
3.20926641361249,-1.8941915952571,-6.01001082836358
4.40232507234147,-3.21157766950109,-6.60137102336361
5.47169298740882,-5.0283711417964,-7.56553038943851
6.01986465991295,-7.48222880454734,-8.66662917828508
5.23481685515634,-10.3303875965418,-9.14373625791509
2.3719936443137,-12.4461509243205,-7.90878892325703
-1.85305065678308,-12.5765796516475,-5.08999966460935
-5.57936423028076,-11.0281675592634,-2.49866758848219
-7.77336421965895,-8.8380635675576,-1.37138404120931
-8.41804574264969,-6.52673954482045,-1.47984924195329
-7.94575970598668,-4.33500925937196,-2.04175203907618
-6.91883763814648,-2.43438043073856,-2.51813229932071
-5.79880812078671,-0.880984446021745,-2.77613241852184
-4.85463397335836,0.360462629781304,-2.89839788038078
-4.19707544867792,1.36087116887904,-3.00131064577433
-3.84785400918405,2.18974714774078,-3.16355202779164
-3.78883064973911,2.90443719789832,-3.42717624052842
-3.99004619330407,3.54338517427453,-3.81896892546685
-4.41415523885676,4.11996068544621,-4.36767223747751
-5.00498930592276,4.60988490757425,-5.1093434119075
-5.65819606166026,4.93080082437703,-6.07158644785403
-6.1788621958364,4.92396589500088,-7.22158506581574
-6.26782886187796,4.38396358389296,-8.38094576506974
-5.63219055585913,3.20346825155811,-9.1986756315146
-4.228902527437,1.55754327515176,-9.34127508712276
-2.36694556366625,-0.158455794371441,-8.80093210506742
-0.468669316594494,-1.65169086815435,-7.91595827273291
1.19356198726659,-2.89011080618456,-7.07962411095299
2.5204873303355,-3.99036951644529,-6.52210757397313
3.47968624800798,-5.06903333227673,-6.2814226272294
4.02943252868375,-6.17544651438384,-6.23872764925728
4.09086630542522,-7.25879832453485,-6.16236757986945
3.59933099615536,-8.14958913949562,-5.77161071807396
2.60688708977065,-8.61214235154584,-4.86865057542461
1.33691863770881,-8.51418725015009,-3.4786533237457
0.0607143509664907,-7.96007162032815,-1.82376714864949
-1.08045612438925,-7.23634194294953,-0.154885369330868
-2.11414630956486,-6.63118499949434,1.37730445156569
-3.1515096801772,-6.32839143629605,2.71373551239524
-4.31110271532806,-6.38663156737907,3.8185015218271
-5.6773968762861,-6.7294996889305,4.60749709982484
-7.24733660914253,-7.11325208082293,4.88911155814758
-8.81324881121604,-7.10354569065553,4.38339268931753
-9.89729540739468,-6.24317308603753,2.93861724627439
-10.0419956836064,-4.47459098468913,0.853471892516475
-9.29703986924871,-2.28941388341988,-1.24403619766896
-8.16044447346688,-0.273662412677674,-2.9359383989106
-7.09125241451055,1.28097190494786,-4.19591658010721
-6.27264591836552,2.32951827895343,-5.15652918131617
-5.67037069310976,2.9191157021272,-5.92160698246804
-5.1522123388529,3.10979272272778,-6.51797122509651
-4.57698609659562,2.96790342584787,-6.91794054784142
-3.85092735465516,2.57587759819548,-7.08055985848263
-2.95231312775261,2.03185589589956,-6.99793925791797
-1.91905307863986,1.42292281567384,-6.72210625606989
-0.808079783097115,0.793937913680548,-6.35369806266491
0.336680407970183,0.137876056937601,-6.01644738795947
1.49967807069417,-0.594727281753571,-5.82831397202049
2.68429491586502,-1.48473816768915,-5.89572725617207
3.88500996785276,-2.6415821153579,-6.30552962868949
5.03037658583481,-4.21643088626352,-7.10315296615209
5.86359407995097,-6.37463567586721,-8.1808576624123
5.76182050151287,-9.0969039942598,-9.03380224342587
3.84028843116845,-11.6697650422482,-8.62502218795871
0.0584216733479087,-12.6986894989355,-6.35039163913487
-4.01405050745267,-11.752163469864,-3.43753047276157
-6.87891224011489,-9.77080753874918,-1.59674212951413
-8.16774574793853,-7.51524225835597,-1.18751225406771
-8.15744607597225,-5.27908869247524,-1.57886799125664
-7.36043692277795,-3.24981939877706,-2.09960398215414
-6.28645650504048,-1.5372105631037,-2.45204106042971
-5.2861331842793,-0.145391342032177,-2.64188758356308
-4.53549822325408,0.980084548518055,-2.77627370328728
-4.09294518306609,1.90926643227451,-2.9492582792675
-3.95817241982107,2.70513414760341,-3.21780443987836
-4.10783772206283,3.41381340853273,-3.61735661825609
-4.50813363414252,4.05594468802618,-4.18169676533986
-5.1079825723236,4.61206153423304,-4.95468020895455
-5.80390373829159,4.99987472273745,-5.97381736845603
-6.39248682712895,5.04600705035792,-7.21923303570691
-6.54197816096743,4.51020661172082,-8.509436218851
-5.905060787742,3.24494810207945,-9.45023506515503
-4.41639145490135,1.43586328847819,-9.64192185002595
-2.43734505445199,-0.449590291200954,-9.06110447263376
-0.463465197003999,-2.05731883956605,-8.09084544474835
1.20186598088794,-3.34328640914976,-7.16198683776817
2.46079653147765,-4.4272966896126,-6.50418697791344
3.30297228623961,-5.4225267919799,-6.12959685019952
3.71705192074234,-6.36383306158707,-5.90672440509223
3.6838668256085,-7.1959727042341,-5.62698687460478
3.21487391102097,-7.79003645277279,-5.08522012676663
2.40475772973351,-8.0097744593241,-4.17128489911266
1.42796424276524,-7.81957598748414,-2.92735862938141
0.446883432701259,-7.33451498613228,-1.50034564775828
-0.474982748919806,-6.76759638682941,-0.0403079898745974
-1.37821886414455,-6.33170915384534,1.36368168873616
-2.36125201169328,-6.1831841612506,2.67689098682121
-3.54183560084176,-6.40323336528439,3.8725740357908
-5.04034034369971,-6.97543112699243,4.86285468964956
-6.93103256582236,-7.70338321107672,5.40526731196401
-9.0618771686312,-8.08169581319827,5.04191919583134
-10.7999276507775,-7.3800982648669,3.32153789625045
-11.2924576234217,-5.35041905881367,0.478104135877593
-10.4318224582211,-2.783701111328,-2.45652698268905
-8.91166211658198,-0.690903832943225,-4.66434213145831
-7.32140803274005,0.546677561348102,-5.99961729234171
-5.83782525738241,1.05433714552358,-6.6198737247981
-4.45201131085834,1.10518765033728,-6.71615120322485
-3.14631690173926,0.933292936885001,-6.4701308791424
-1.92532324683837,0.675245731490135,-6.05361011172099
-0.79257261920426,0.376935282883469,-5.61548305931454
0.266852049342894,0.026040451152528,-5.26843863496572
1.2859128011735,-0.418752236758629,-5.09344414914699
2.30736238797571,-1.01456071473053,-5.1535966375109
3.36859761257137,-1.8390865519419,-5.50904868205114
4.47400980830872,-3.00891234966948,-6.21864233871958
5.52831879927147,-4.69595550811207,-7.29719879301169
6.18504823455428,-7.07786847530472,-8.56430211881405
5.63650782968993,-10.0291227072441,-9.33153931548018
2.93948317760201,-12.4979112916087,-8.41383298091457
-1.47256725265786,-12.9838379672834,-5.64638567510762
-5.59990325015374,-11.5397330611988,-2.90929265451687
-8.10526677810853,-9.28059530653928,-1.76024994053532
-8.85920034374561,-6.84548459237173,-2.02300199743063
-8.32799188645617,-4.55802410971034,-2.76465539624664
-7.15616742146263,-2.63493010524428,-3.32855772334143
-5.85885508536728,-1.12352056162217,-3.56021869776075
-4.7237281440211,0.0399221899904072,-3.57008044550089
-3.86238551420018,0.943560165584724,-3.50778567709605
-3.2909028311114,1.66116970196195,-3.47152868084609
-2.98354370377564,2.25056532924122,-3.50609043049506
-2.90333361472578,2.7555446914193,-3.62483412624463
-3.0159811222857,3.2072016393797,-3.8306199483953
-3.29093895630302,3.62416779250552,-4.12766807960598
-3.70043101046176,4.00959352293212,-4.52893703187212
-4.20647812927496,4.3461361993328,-5.05339699711858
-4.74623143485737,4.58692314226614,-5.71623751926863
-5.21116720648092,4.64641414641236,-6.50515040136196
-5.43779203226811,4.41189803810284,-7.34014864198558
-5.23635224205754,3.78964765213852,-8.04917028862666
-4.4888237823862,2.79467651960892,-8.4136950200405
-3.24764314230065,1.58628568685253,-8.30749593489391
-1.71913852901624,0.371450934544165,-7.81073463624103
-0.129829069901164,-0.740825854727712,-7.16489899071692
1.3756298902571,-1.78018830062426,-6.63138851884245
2.73251682421327,-2.8533224514362,-6.39314897602586
3.89611848114911,-4.08213374482873,-6.52283820512959
4.76348129256425,-5.56757278647255,-6.96290796501674
5.09819737956243,-7.32513206925792,-7.46207266128039
4.53546482621837,-9.12757012154968,-7.52115819224692
2.84811400833474,-10.3901093941176,-6.58264865680307
0.403559194937181,-10.5370860034647,-4.60218768048227
-1.99205418330473,-9.64941757986075,-2.24434342971017
-3.82704954055688,-8.33417644925869,-0.226937449655134
-5.07149839123238,-7.07234843483231,1.16123786896537
-5.87122210215963,-6.00721219385477,1.94916121889166
-6.3406899560254,-5.08648222895859,2.26762419686359
-6.5414976016463,-4.2156875231776,2.256818436507
-6.51906035705763,-3.33173324298466,2.04076525033252
-6.32891606813977,-2.41552026580821,1.71239459315501
-6.04414459709416,-1.47395334398354,1.32593586341018
-5.74690373984901,-0.517066870509085,0.895942601478586
-5.51890104633645,0.456923731531897,0.403116468406736
-5.4364449243654,1.46433087396471,-0.195443249336642
-5.57671575374321,2.52993072339457,-0.965597237094275
-6.02216758670808,3.66946983773715,-2.00467368958339
-6.84370908719742,4.84743789419722,-3.45794246909264
-8.02237824829889,5.87430094297547,-5.52586914316266
-9.20711953513109,6.19541585815575,-8.33188125486661
-9.37999615793074,4.76192720734574,-11.4060520004517
-7.46418822881979,0.969212297497351,-13.2169258848511
-4.36980005473896,-3.7690648759863,-12.7048625947563
-2.35351500088217,-7.36318312858411,-10.7026611364758
-2.15599981253829,-9.03165902824684,-8.22763340406722
-2.94888491471209,-9.01422827682804,-5.7702433294397
-3.74881294588812,-7.97220649199327,-3.6589358344309
-4.13566762191272,-6.55647708113418,-2.02125527306901
-4.14572918951027,-5.17625945578272,-0.796375473309967
-3.96219451175586,-4.01745635354153,0.126954600503939
