-1.85204083061787,-0,-0
-1.77223202602388,-0.565196388217393,0.0238480067807648
-1.52651571817579,-1.11526154959328,0.0269403863744875
-1.12487145768527,-1.59887108296277,0.0284786994236194
-0.594860769183081,-1.96779255856499,0.0305042128808579
0.0228921189110044,-2.18027188292257,0.033322867832354
0.676184761470817,-2.20841584112877,0.0370385724626962
1.30700817941525,-2.03795715123231,0.0416805644577458
1.85546699722034,-1.67259710051792,0.047100706922666
2.26579710435056,-1.13471181002311,0.0528185381030206
2.49207247576264,-0.463872126354413,0.0578833229000576
2.50202915924534,0.286079985241893,0.0609238524503459
2.28268452316075,1.05051817946982,0.0606505579293098
1.84061459481715,1.75971926569787,0.0566640455305961
1.20424957190936,2.34528991452718,0.0499833497322161
0.420556584430639,2.74608430498015,0.0424887504013067
-0.447360701791714,2.91493573533286,0.0357850053911727
-1.32531885435927,2.82138946350466,0.0305735652066851
-2.133492507463,2.45934492054757,0.0268395839030691
-2.79333658205267,1.84532051768441,0.0243280779310148
-3.2352139137205,1.02082927726462,0.022794846112108
-3.40549829810802,0.0491476610453667,0.0220842985569733
-3.27141247913767,-0.989336155857929,0.0221338038740679
-2.8274655620763,-2.00302435482874,0.0229642580662679
-2.094242828486,-2.89635901068884,0.0246990784713133
-1.12339780089005,-3.5805312464438,0.0275728664650848
0.0106228120157404,-3.97966950873736,0.0319961517680884
1.2130329907354,-4.03888222498301,0.0386235524603428
2.3759741671511,-3.73228837855154,0.0484104283856486
3.38899902549034,-3.06740419719952,0.0625378653254841
4.14835268490761,-2.0844415083402,0.0818914945750107
4.56644284953615,-0.855613550918484,0.105412808103857
4.58497848487835,0.518238401647074,0.127260851134925
4.17784072576575,1.91789723995242,0.13588068244468
3.36358331503545,3.21480995623704,0.121732902794392
2.19828422482042,4.28425340067172,0.0900792833484322
0.770175377587591,5.0168510726692,0.0585163792903994
-0.808448939383252,5.32645145143223,0.0381851349955921
-2.40494714704888,5.15993102397171,0.0276820644698251
-3.87550059546085,4.50450306424244,0.0222619472106134
-5.07778638044721,3.39085327505408,0.019247795667282
-5.88500577518804,1.89379645762808,0.0175915055399908
-6.19921793174503,0.127950048052632,0.0168881070431161
-5.96030739890695,-1.7608379338885,0.017002855007342
-5.1561274543815,-3.60556429834076,0.0179757840266045
-3.82665660861729,-5.23323732499422,0.0200361323607298
-2.06310157042835,-6.48135527520793,0.0237118288824904
-0.000751027872084413,-7.21045031766641,0.0301461136311831
2.18705916728246,-7.32262527576058,0.0418734624697454
4.30418330370242,-6.77007064200758,0.065048690044738
6.1465540648245,-5.56594868211025,0.115836276529779
7.51227445919612,-3.78360915625905,0.239740431074485
8.2124036077115,-1.56606907982156,0.554729421077938
8.05624966437328,0.879338929366866,1.26945688074524
6.89141145787756,3.27565127268449,2.29709964489127
4.82909653542927,5.31289892962796,2.51057806592292
2.39591454471951,6.76573713114279,1.38658794935561
-0.0190891531132542,7.55457689458852,0.388271284711008
-2.37719560653448,7.65354997676991,0.0728100271561762
-4.61380722242132,7.04370122323443,0.0239485755746389
-6.5562676787936,5.74384200457457,0.0172022697309186
-8.0128033931332,3.83228440499353,0.0149564501817783
-8.81925215020521,1.44732582964697,0.0139137014285806
-8.86125001107163,-1.21991720174903,0.0136973702088286
-8.088868824403,-3.94076489772505,0.0142642791673988
-6.52269231773031,-6.46795072128319,0.0157851379824357
-4.2580066706219,-8.55631336138016,0.0187518194547859
-1.46128927377993,-9.98636206128514,0.024360370437512
1.6413172516416,-10.5856180559642,0.0357710611493169
4.77988513741859,-10.2502389932298,0.0628204405231391
7.65818645509613,-8.95352765310552,0.144622312859635
9.95833896316753,-6.76630715609229,0.480993738371911
11.2279957833527,-3.87273061227457,2.30857168314729
10.1483346269568,-0.70825339583949,11.4606031815874
4.53584130710637,1.62811498040518,20.7245083646743
-0.22376845021661,2.28980037348168,6.43476714322125
-1.74877863372253,2.08538381393459,0.853187857708269
-2.40729821333532,1.5628819066417,0.104601575247239
-2.78967717324282,0.849883711529885,0.0304948518577257
-2.92904365013152,0.0111723832099566,0.0237923036609829
-2.80545280481588,-0.882691544054379,0.0233883079563867
-2.41523870102534,-1.75257671247602,0.0241553679254551
-1.77783886588509,-2.51671921287667,0.0258006251212364
-0.937316796468025,-3.09836271758521,0.0284837841535555
0.0411038974218983,-3.43289470985546,0.0325064859770996
1.07539922493942,-3.47461055475496,0.038306968639668
2.07314132791219,-3.20185456086896,0.0464408363236249
2.93928387906998,-2.62104962254947,0.0574172235783707
3.58538246975991,-1.76804547025077,0.0711998316792627
3.93766669444879,-0.705618895196372,0.0862044383832303
3.94578573168408,0.479898341096661,0.0981651720258516
3.58893523096984,1.68546981007627,0.100771883070774
2.88304393375909,2.80120239690717,0.0903520161341455
1.87330193361182,3.71899133848894,0.0707274626389777
0.636113162174406,4.34421371878889,0.0509354069668132
-0.730148743041376,4.60274978238225,0.0367962567690977
-2.10956774287457,4.44912586203774,0.0283231432967743
-3.37721119884339,3.87286814220913,0.0234038849207538
-4.41045438775598,2.90180415512666,0.0205017841353453
-5.09898127864429,1.60041658225329,0.018869833744637
-5.35932627806917,0.0694946572832961,0.0181703326214926
-5.14141124388101,-1.56418346804302,0.0182866269956611
-4.43546416617891,-3.1565161983289,0.0192569585159568
-3.27645197816974,-4.55789528919584,0.0212867086874298
-1.7439952148375,-5.62750428428445,0.0248330249726071
0.0431585464813811,-6.24650078384242,0.0308216780249761
1.93512050247,-6.33115479504895,0.0411396203283236
3.76237937458433,-5.84049639617801,0.059841612033532
5.3482587011678,-4.78552279193185,0.0959364053375156
6.52545093196524,-3.23383232847745,0.168817841602041
7.14360212221181,-1.30334459304046,0.314534008460065
7.08710528120625,0.836795609183257,0.565286858367975
6.29789931661779,2.98004927553053,0.844771924971562
4.83699172941738,4.90517400949954,0.88108340436234
2.9022822990149,6.41865208953056,0.557523273362688
0.704308475707895,7.3825031972394,0.207524047828055
-1.61321689848982,7.70390892575806,0.0586774851242072
-3.89932049499784,7.32817232336359,0.0252895711269732
-5.96164683038054,6.25059039384423,0.0182582274395371
-7.59958650260659,4.52762634944297,0.0155171288361339
-8.63716193768633,2.27931957761246,0.0141543278305733
-8.94230527509134,-0.319538422719723,0.0136788178853067
-8.43968322635973,-3.05118385584853,0.0139795092300327
-7.12837913244014,-5.67156534211125,0.0151506196618204
-5.07872479240371,-7.93250431802055,0.0175537352863619
-2.43431363881434,-9.60334746959798,0.0220784207398048
0.596904079120062,-10.4938804128421,0.0309774062637456
3.75712277018301,-10.4736478421159,0.0508913881991463
6.75701293210908,-9.4916845228617,0.105932786452943
9.28824585260607,-7.58460180825534,0.309612179133397
10.974117683421,-4.89294866089051,1.33679369881428
10.9370910131029,-1.73769113055072,7.0672997822323
6.75747893174584,1.03570578385855,20.8515935304064
0.839173673936109,2.20833603016398,10.9768357101743
-1.41845694705968,2.18787141540601,1.72208485478712
-2.22848400301921,1.74568824327902,0.20065285529631
-2.68559565801066,1.08772027529018,0.0393637600779279
-2.90319583371268,0.284167101505113,0.0246185057776936
-2.86416306949679,-0.597673553502622,0.0233686547407445
-2.5581149879844,-1.4810969103964,0.0238458288539422
-1.99711107628943,-2.28485464405464,0.0252017143056306
-1.21690476443439,-2.92959314341319,0.0275275439667897
-0.276790216790208,-3.34663524761119,0.0310792200134928
0.746228273820837,-3.48397335102814,0.0362472222857856
1.76263767178462,-3.31178649746051,0.0435527806925592
2.67733624126948,-2.82697617927098,0.0535472658665224
3.39908166074738,-2.05649706835803,0.0664348468207118
3.84906537086307,-1.05498468219562,0.0812451102890179
3.96889538757849,0.0983905314195542,0.0946444541428399
3.72906768582249,1.30552218321951,0.100782409340361
3.13110699296762,2.45760463625075,0.0944684650201858
2.21341702113182,3.44579816239917,0.0770271288719837
1.04225459961229,4.17043773029952,0.0565535574028882
-0.290926017441683,4.54997808222417,0.040520011868862
-1.67518254787261,4.52940113834873,0.0305208340240242
-2.98761230929882,4.08666194971636,0.0247073441114113
-4.10364498375903,3.23709600985912,0.0212843894272396
-4.90897911374374,2.03454688783999,0.0193021016414005
-5.31083214879872,0.568296618317074,0.018328024895861
-5.24664098235948,-1.04296502132126,0.0181901979026986
-4.69445294357153,-2.65928465342615,0.0188779162841881
-3.67522743885517,-4.13213874408792,0.0205374052074722
-2.25419295550732,-5.31696166162742,0.0235300788182443
-0.537946568772849,-6.08683065511242,0.0285946763185525
1.33267856351506,-6.34507122340271,0.0372321350905659
3.19322051848338,-6.03797157661804,0.0525807473411539
4.86886154390035,-5.15972957757739,0.0815308597994101
6.18880277880454,-3.75957320567608,0.139112960625271
6.99485086744821,-1.93774412008168,0.255526925832548
7.16174964005508,0.150590896779571,0.468712699854261
6.60787581874542,2.31062425920012,0.753147624603643
5.35090609968064,4.32314215648391,0.893761858219824
3.54940841068098,5.9823165115365,0.669104858261486
1.42318210367767,7.13129300938917,0.29307855492854
-0.866479281210681,7.66494369019026,0.0857992212617775
-3.17874985378243,7.51538307241499,0.0305702058535538
-5.33182664214366,6.66010565367643,0.0197046911575876
-7.12423819514901,5.13590312384626,0.0162095321319818
-8.36899718748875,3.04172273631831,0.0144928649973779
-8.91796922814657,0.536087106328837,0.0137571040847209
-8.67773597860198,-2.17513160089263,0.0138089527991533
-7.62310916815346,-4.85486659134462,0.0146769456764142
-5.79971761361436,-7.25412862436507,0.0166232749245843
-3.32856192730266,-9.13393230423748,0.0203175796359615
-0.39877686260917,-10.2892748625386,0.0274141113796792
2.74629871375628,-10.5702109798443,0.0424891855973834
5.82647404200946,-9.89809383780081,0.0809487627896566
8.53907012368849,-8.27833634777806,0.209641421046264
10.546163313858,-5.81705775359415,0.800318330777174
11.240186903794,-2.75828015026092,4.14283527425234
8.6852711875806,0.283725199356181,16.9506717217646
2.39546709248103,2.03490925934974,16.3454799816729
-0.949343953353193,2.28869921767694,3.35228997821482
-2.01866793896111,1.94840726701448,0.402518972051684
-2.5702533171062,1.35262049178568,0.058684559373121
-2.87603886080789,0.587842579888256,0.0263148049408916
-2.93108161361351,-0.281110944416211,0.0234006282451143
-2.71841497200251,-1.18007805297666,0.0235091993421931
-2.2412235894742,-2.02778187764486,0.024563050243854
-1.52813702087424,-2.74319113066236,0.0265280216070346
-0.630325244870922,-3.25236525693009,0.0296191056268966
0.38061677873461,-3.49566091783288,0.034187066863254
1.41794039447329,-3.43484513934349,0.0407204625633396
2.38707758201991,-3.057179640738,0.0497991079824708
3.1938695934451,-2.37888346906217,0.0618461744928159
3.75332874511837,-1.44491109304139,0.0764717443462711
3.99730199660923,-0.326409452010002,0.0912888865676225
3.88524133927943,0.882890009771373,0.101041844735496
3.40908968482965,2.07642426052209,0.0995297187452438
2.59246632117467,3.14288198840435,0.0850663561728165
1.49404777671366,3.97812614451866,0.0641283458652292
0.196926320440579,4.49187539398564,0.0456672180564725
-1.1930758794605,4.61928902767031,0.0334838746888914
-2.5555428541432,4.32463969991171,0.0263796255282432
-3.76451065230235,3.61071500623126,0.0222388950128849
-4.69941366668494,2.51719170736409,0.0198099524640522
-5.25756424880026,1.12200227015721,0.0185079216256983
-5.3652314906289,-0.464495393072085,0.0180813175674327
-4.98423624122681,-2.10818884149109,0.0184672025821398
-4.11960376038017,-3.66090646600502,0.0197541437620829
-2.82173597959263,-4.97402536032451,0.0222160747436994
-1.18353391942583,-5.91136854246925,0.0264361581767574
0.663925806849189,-6.36397523556536,0.0335879146154497
2.56206914598975,-6.26013598919218,0.0461256564674744
4.33701750628816,-5.57755546433498,0.0693533945930106
5.81287026916543,-4.34449252806334,0.115177112988069
6.82547201589387,-2.64521078819215,0.208865518535908
7.23374377011333,-0.616692719417464,0.391961057953265
6.9346604841554,1.55727503134863,0.67965384088712
5.90139315996301,3.66002917258608,0.924137589162497
4.24640914902298,5.47285571414362,0.828643205223078
2.19490174064713,6.81894345496587,0.437039217956435
-0.0635710185680515,7.57832563575932,0.139824485415016
-2.39429255175555,7.6706694138578,0.0413931098705969
-4.63215337815579,7.05682206448809,0.021924223640978
-6.57748845516387,5.75148040541946,0.0171043086832154
-8.03523826436248,3.83347725004588,0.0149296560416533
-8.84126983845483,1.44179072998771,0.0138918425687837
-8.88055792058645,-1.23224887671043,0.0136785840583767
-8.10350343651927,-3.95916464049737,0.0142484093905206
-6.53102787259976,-6.49108266078498,0.015773091439963
-4.25894748157904,-8.58239124841567,0.0187466259837279
-1.45422012119472,-10.013080405092,0.0243721504122007
1.65619802206247,-10.6106380700265,0.0358319711381924
4.80162073752884,-10.2709104746518,0.06307259389308
7.68507528137583,-8.96793420693825,0.145770487174815
9.98755859798127,-6.77290555171985,0.487721817065272
11.2518880902659,-3.87123866618757,2.35691442578269
10.1289671973153,-0.704150908458703,11.7288651950453
4.43720486801946,1.61273329817188,20.8021211068264
-0.282131104889015,2.24733113193874,6.29836004010777
-1.77000466361493,2.02866450981439,0.82663428610014
-2.40707195218758,1.49948993374376,0.101810001892795
-2.76985132527652,0.785661153355302,0.0303188684544346
-2.89049657756919,-0.0479951831842766,0.0238669444200722
-2.75096978389379,-0.931049473936021,0.0235198737136074
-2.34819906584977,-1.78492016279777,0.0243363117017477
-1.70444783343025,-2.52948074782038,0.026031267242281
-0.863497778530169,-3.08900014199774,0.028771684690749
0.108599718877757,-3.40090934614512,0.0328576140592222
1.12993887547202,-3.42141030744526,0.03872049465567
2.10886017040079,-3.13127247496729,0.046889434058285
2.95175747613369,-2.53857398185454,0.057816378417567
3.57147321885868,-1.68012025288201,0.0713570980263123
3.89723604758168,-0.620450169281277,0.0857655935477649
3.88133823142779,0.554097914448064,0.096734532791215
3.50683004859676,1.74162096717572,0.0983333155452469
2.78739937673861,2.83265234218758,0.087393661814681
1.77357830214871,3.72228262589306,0.0682318372356881
0.540681189086012,4.31771583025906,0.0493746224665481
-0.812814651227955,4.54660877364028,0.0360200551695265
-2.17118737463629,4.36695950653385,0.0279762047843865
-3.41084359010038,3.77057997521296,0.0232641273194847
-4.41091755316744,2.78730230984049,0.0204733789548953
-5.0646858732958,1.4841137040615,0.0189112745090901
-5.29123963479522,-0.0381144648238104,0.0182670149879754
-5.04357857848693,-1.65268404046252,0.0184362110272134
-4.31516679730318,-3.21655554586428,0.0194662389766665
-3.14344811574987,-4.58221435566621,0.0215729747565985
-1.60976986801632,-5.61169141869039,0.0252286129982203
0.166285166832728,-6.18957955609258,0.031383149414102
2.03512390708819,-6.23613936226327,0.0419586786078531
3.82848061912688,-5.71341069670045,0.0610694109126754
5.37212115811833,-4.6363908057235,0.0976961107331591
6.5017996720064,-3.07495606671931,0.170710306716031
7.07277981739294,-1.14944133096289,0.313081825322614
6.97499258274782,0.971701630489974,0.54848442398984
6.15910513642008,3.08390510179185,0.792039783239215
4.69431677895085,4.97156650196153,0.796303772101895
2.77001345339796,6.44663486619367,0.488432416577386
0.583663466827397,7.3727439583615,0.179790060648369
-1.72108747799569,7.65807795990128,0.0530324709959644
-3.98756756549285,7.24887412247162,0.0245472570857423
-6.02140894103742,6.14292634944087,0.0181150415520188
-7.62414117768396,4.40042269952797,0.0154730677346852
-8.62209211810996,2.14281960048563,0.0141597347758292
-8.8852785008605,-0.453697259702074,0.0137237067948981
-8.34513729162254,-3.17011900489798,0.0140632667809116
-7.00174813830312,-5.76341498252777,0.0152855099177639
-4.92997006235593,-7.98721225276532,0.0177677026548792
-2.27565540570556,-9.61335249199318,0.0224354859694617
0.751165269495365,-10.4561305833761,0.0316342796457184
3.89246113153985,-10.3879191893424,0.052339512195896
6.8593093094446,-9.36348034944468,0.109954370415593
9.34434616234557,-7.42348350566456,0.324506711955077
10.968429916089,-4.71354219026369,1.40490483456215
10.8326591961631,-1.5626466310327,7.31054494686257
6.57198178456659,1.17251200936226,20.5583893271936
0.798579323997485,2.31652878216057,10.4434108850199
-1.41264612131864,2.30085051688346,1.63673184224766
-2.24733431222701,1.86427166285994,0.191619628356257
-2.73867818900141,1.2025949117284,0.0383190518925882
-2.98881010848635,0.384675265874739,0.0243199921725064
-2.97654455325727,-0.52171487596857,0.0230840113181782
-2.68799061724259,-1.43810099326953,0.0235029679682749
-2.13413560199082,-2.28083422923094,0.024790590034595
-1.34895805575426,-2.96753335795485,0.0270445692652718
-0.391042636616114,-3.42524857808432,0.0305295550133225
0.661324389104417,-3.59849869513095,0.0356524968128781
1.71666853115157,-3.45383731436936,0.0429811546492906
2.67693899604341,-2.98520239869636,0.053171137724668
3.44712493303616,-2.21737513046355,0.0666199103586041
3.9440673440908,-1.20386585273122,0.0826245522584541
4.10449218128518,-0.0239433915970213,0.0979839345366769
3.89324335334616,1.22230699052086,0.106312174052804
3.31245784706597,2.42345267563335,0.101268239863324
2.39440790656018,3.46558162436026,0.0830014425820729
1.20736805629008,4.24516091315972,0.0603545260205955
-0.15693213648546,4.67610605705171,0.0423349644602552
-1.5861032151332,4.69822598258617,0.0312281683234115
-2.954325689593,4.28548147846944,0.0249235432336616
-4.13258757762184,3.44917503198112,0.0212761007774165
-5.00130945491775,2.2410954345943,0.019167079191494
-5.46143107752986,0.74972037856006,0.0181047737208378
-5.44588707793768,-0.904646561370255,0.0178883669084384
-4.92713321600941,-2.5797106269695,0.0184924940071695
-3.92120682943047,-4.12212223344975,0.0200516988395741
-2.49164138832843,-5.38150551185843,0.0229117024175299
-0.744630273047929,-6.22461753177544,0.0277917599143712
1.17772171414881,-6.54823480671878,0.0361713647107041
3.10767574823976,-6.29157609833943,0.0512111497298995
4.8648663910178,-5.44306791991283,0.080067486004296
6.27157147947853,-4.04837171045424,0.139123324485521
7.16103084478214,-2.20584191787814,0.264196691061502
7.39552979133683,-0.0717052046381133,0.510136459581497
6.8762966283331,2.15338284110153,0.875380545518132
5.60318685805906,4.23788286946494,1.11114230126199
3.74949356597141,5.96189690990624,0.876083285755959
1.57481560353906,7.16430786672918,0.391290903588838
-0.747936908958905,7.7415080855162,0.108712116433426
-3.09190389467353,7.62869450749141,0.033359991126139
-5.28378351164359,6.8015247334844,0.0199671677236157
-7.12122305185455,5.29379651345854,0.0162369183251584
-8.41427678191559,3.20296572169128,0.0144574404071527
-9.01046716225362,0.686031070321443,0.0136797112889633
-8.81252423528177,-2.05111328652915,0.0136904738537499
-7.78953869586982,-4.77004749046774,0.0145095877468096
-5.98409434093357,-7.21853984722642,0.0163852639952299
-3.51500168556563,-9.15355914853058,0.0199639326907632
-0.570676289224938,-10.3663858447961,0.0268320721630218
2.60599956582251,-10.701006076063,0.0413944601993664
5.73272762799126,-10.0730204398497,0.0785021313897014
8.50433605404769,-8.48455497893083,0.202651095857987
10.5797591414296,-6.03648867330416,0.777894295560461
11.3492002688343,-2.96947346144971,4.11510265883666
8.80450775553779,0.0993706616273361,17.5016729318076
2.32189413663982,1.8472427886706,17.0039814925324
-1.03883503266438,2.0590553788709,3.38574899917369
-2.03517236753431,1.6875723541994,0.400024594655904
-2.50623155282992,1.08282330809275,0.0588064061679448
-2.73273913621335,0.333405387618945,0.0267250680576519
-2.71680573188222,-0.49577643245887,0.0239354856069319
-2.4485922493462,-1.332704936458,0.0242141575576497
-1.93756630076927,-2.10057448002798,0.0254549454256068
-1.21650611848293,-2.72462848404406,0.0276220618757696
-0.338917477279406,-3.13850062332178,0.0309289588071815
0.623573467682043,-3.29144075861722,0.0357021841141657
1.5871586839447,-3.15376687651289,0.042358910876808
2.46232951415309,-2.72016685151815,0.0513114585935493
3.16223015532966,-2.0134920080359,0.0626377445219823
3.61121064546348,-1.08326979565212,0.0754155450115966
3.75248718498067,-0.00253574976685705,0.0868446351152466
3.55537044880436,1.13739400809735,0.0922090105584169
3.01979155687279,2.23471614614225,0.0873775613905641
2.17647482033439,3.18554921091041,0.0730526930295399
1.0870636841741,3.89503638489697,0.0554832924998997
-0.164152350668943,4.28400227736129,0.0409371797932453
-1.47328391077734,4.29785815658872,0.0313332704163823
-2.72472891810613,3.91339296242124,0.0255072319257991
-3.80008889704052,3.14119013158387,0.021997036017662
-4.59076817517183,2.03003852719631,0.0199251626129005
-5.00500898948522,0.66038670182506,0.0188748006142764
-4.98393769639132,-0.8562113740146,0.0186610921041087
-4.50062570321496,-2.38956574205522,0.0192666070942904
-3.57244131422114,-3.79911627081251,0.0208142704967412
-2.25761094365689,-4.94740611793866,0.0236223587484141
-0.653788522877246,-5.71244509049092,0.0283341615203378
1.1081659194462,-6.00046508820066,0.0362130627575871
2.87461666207714,-5.75711458653209,0.0497816333454732
4.48047191687818,-4.97138691384812,0.0742907463601986
5.76301985358853,-3.68518330698927,0.120364205605433
6.57677283739581,-1.99151401279639,0.206766653439483
6.80157287034085,-0.0282960113286638,0.353752135662541
6.36779677882761,2.02597523097926,0.537840208898955
5.28233621734941,3.97174243971419,0.627023525764957
3.66032495082198,5.61587413135119,0.487157139105435
1.67505341850699,6.79958163356085,0.235071166814855
-0.51739228912523,7.40649049226102,0.0798349557039632
-2.7665889306864,7.35954354808037,0.0318091641876114
-4.8914534284416,6.62774512794561,0.0206651851811703
-6.69389458731312,5.23678124406065,0.0168370167220523
-7.98951107599331,3.27550401797924,0.014931443604602
-8.62713349901558,0.8890940838251,0.0140638863174892
-8.50844524702792,-1.72810224020096,0.0140005652785495
-7.59690447680584,-4.34905208215288,0.0147424092489686
-5.92884722763824,-6.73251237528243,0.0165060911541296
-3.61107522413848,-8.64418186850459,0.0198676704654307
-0.81750436089816,-9.87827408007714,0.0262265541745529
2.22197873510198,-10.2807495155407,0.0392897764863741
5.23914404919348,-9.76257468532471,0.0708863291657059
7.94384097365843,-8.31927374931688,0.168047933215141
10.0231920467671,-6.03677826256727,0.56862663221956
11.0112158313342,-3.11899673744409,2.64732915721499
9.58362117358569,-0.0290403779348059,11.6646070316536
4.18840505905486,2.18060970311051,17.9170225487813
-0.106373676429492,2.85673339693271,5.4669175470139
-1.69360969321344,2.72116234027529,0.752047905479412
-2.53694225843157,2.22764801360732,0.0939910599354824
-3.11466603886466,1.48556138678034,0.0285598847294002
-3.43249621633124,0.5575444306672,0.0225134203286432
-3.45245517516218,-0.481384237746562,0.0218549906896929
-3.15431500913339,-1.54225531586377,0.0222744531038269
-2.5465954085223,-2.52839627048635,0.0235492805655092
-1.66670687852137,-3.34455189508355,0.0258417171379205
-0.579281337922227,-3.90561622286549,0.0294793144498806
0.628404469316787,-4.14307766960754,0.0350165718963047
1.85125469787975,-4.01644758360168,0.0433002639313087
2.97673931751186,-3.51573920235299,0.0555288431034144
3.89391597690646,-2.66497691663363,0.0730340847101304
4.50357752166507,-1.52225815773676,0.096238327224825
4.73001729350079,-0.177421723811928,0.122051626893666
4.52866997788305,1.25598537079609,0.14082450786541
3.89689147732723,2.64934707719135,0.138956859468027
2.87356398114869,3.87189989355056,0.112353400834193
1.53413651272229,4.80259605388474,0.0757016751959924
-0.0178051895868374,5.34152428182897,0.0474238367490513
-1.65691958597917,5.4159486841377,0.0319750484475076
-3.2407375887734,4.9926913228898,0.0243644148124074
-4.62130246627153,4.07992230476099,0.0203369457459788
-5.65948256748519,2.73238832564285,0.0180853913333652
-6.23964529030649,1.04816032724148,0.0169431123705875
-6.27951815618693,-0.838818303853491,0.0166617348638841
-5.74181685240898,-2.76681518569047,0.0171971967305769
-4.64080683341495,-4.56013469479789,0.0186807983033469
-3.0446538217341,-6.04583919803901,0.0214768206311668
-1.06947860150989,-7.0677469098765,0.0263877996526577
1.12514806297288,-7.50297152877084,0.0351728318418965
3.34860288647471,-7.27670415084063,0.0519634280671067
5.39479184776667,-6.37105083550708,0.0874240810275925
7.05373062160724,-4.8284025752289,0.171985360896417
8.12505596304284,-2.76222159416542,0.392707202555455
8.40832776160579,-0.352191053379434,0.960063730495966
7.6926061444385,2.1469422038473,2.08515238114975
5.90167869695238,4.41167892986172,3.03924158901417
3.45373213909714,6.14385961241869,2.30148670175003
0.97007512060989,7.2094654083172,0.840188667744709
-1.39965176009779,7.59082069105971,0.168503023237257
-3.673767628331,7.27573607154258,0.0352559028759294
-5.73131679431323,6.2657005301937,0.0190918704769937
-7.38500447627673,4.61359929870626,0.0158083794379421
-8.45842383655538,2.4318939592492,0.0143503017034096
-8.81730205760954,-0.110315214914989,0.0138104509845289
-8.38522860418667,-2.80079488553686,0.0140488034455948
-7.15254662338156,-5.40064705731841,0.0151451326900482
-5.1842967142161,-7.66472881092644,0.0174313915554029
-2.61676605177208,-9.36388285436033,0.0217257759187184
0.349992954841656,-10.3060639842073,0.0300821797612411
3.46474644929226,-10.3585355450943,0.0483794159932214
6.44445672815993,-9.46402848834303,0.0972324181549021
8.98698747457196,-7.65061271330485,0.269682836425194
10.7399182663974,-5.04830632207961,1.09208348235806
10.9717352509217,-1.94374059348982,5.58076045237435
7.56477021594644,0.937879385488129,18.5584689385303
1.58431275981268,2.38230268239734,12.7893402364993
-1.13447452112621,2.52316281878047,2.31231184537145
-2.13546555970652,2.15712531417886,0.274769212367233
-2.73063556001831,1.53205980579868,0.0458534766311865
-3.08229734115062,0.721447200530532,0.0247169438598457
-3.16841190591268,-0.20828837009427,0.0227152677843317
-2.96629710650429,-1.17836245752567,0.022849594474285
-2.47847543158625,-2.10179577411198,0.0238647539831834
-1.73208435983502,-2.8909589085834,0.0258038542730145
-0.77974536669685,-3.46461918439422,0.0289095898719659
0.302943128634905,-3.75656530587649,0.0335832411197998
1.42352350176289,-3.72353336414422,0.0404151789867155
2.48022438820993,-3.34820493862464,0.0501984642203606
3.37098925806813,-2.64580424331835,0.0637069534056985
4.00293661378041,-1.66212705457691,0.0810111439642821
4.29946165612897,-0.471011010759804,0.099933850563895
4.21481309835724,0.827750414901905,0.114295184999768
3.73573413798765,2.12012955776545,0.11528510421858
2.88709517918269,3.28670311316433,0.0989037271527332
1.72769467342575,4.21290014203076,0.0726704336511318
0.346646138900032,4.80137323928709,0.0493053814371194
-1.14515164338875,4.97860621033254,0.0345051627886816
-2.61964525225258,4.7045108339741,0.0263992873110246
-3.9411724241582,3.97647382582221,0.0219066375440381
-4.97997182891771,2.83518970273699,0.0193230281126519
-5.62170479234471,1.35916767937647,0.0179341089484533
-5.78432990542179,-0.33476380458984,0.0174403669516432
-5.42341983835216,-2.10417036710958,0.0177592757459705
-4.53972197808121,-3.79068095044684,0.018970425797062
-3.18288312205281,-5.23385475214287,0.0213467666048616
-1.44907880364937,-6.28603702737801,0.0254828910413962
0.525084899049366,-6.82470781338741,0.0326332855801381
2.57052687457926,-6.77150065275038,0.0454819494708249
4.50054702491684,-6.09330178798977,0.0703544130035326
6.12492380313431,-4.81816320436852,0.122692847797662
7.26269626625277,-3.03166565610205,0.240453336275859
7.75099766694154,-0.878342696543362,0.502590486380443
7.4484599196453,1.44170493274743,0.989588908328182
6.29319422538329,3.68079176519202,1.50657896604942
4.42811615536179,5.58495834236991,1.4345646374334
2.19599680765232,6.96461549687924,0.744859088564711
-0.158190947624706,7.71652017744425,0.213490475423995
-2.53598496859589,7.78027260821352,0.0493242322298712
-4.80145112394035,7.12460946861635,0.0220078695373774
-6.75967245274939,5.76871408654594,0.0168451587861522
-8.21414087828573,3.79533704190936,0.0147249332014751
-9.00064569017228,1.34865829420175,0.0137324439513994
-9.00480952158513,-1.37535722297509,0.0135550402822576
-8.17769664217135,-4.14216138611846,0.0141623908857128
-6.54585608107009,-6.69939160239506,0.0157371971746451
-4.21038330345692,-8.79940169134936,0.0187955041504725
-1.34163780562824,-10.2183081009783,0.0246152429482993
1.82605398626482,-10.7850407950044,0.036603961349138
5.01597736829884,-10.3945276467474,0.0657771411471235
7.92645874968559,-9.0296640876868,0.156942574104082
10.2270947960113,-6.76237186108327,0.553049589689299
11.4163110975903,-3.79384019170093,2.82610222386529
9.88501803110487,-0.618581102888948,14.067385914249
3.60863431253667,1.51798174239984,20.8109039321271
-0.700740264935421,1.94419554694315,5.18384079423023
-1.91172841938133,1.62605269365986,0.634771564292674
-2.39688945017572,1.05228555932393,0.0822616649384273
-2.62176472714312,0.335181845138043,0.0290959740231924
-2.61184540566707,-0.460199915523434,0.0244175769671363
-2.35922896441631,-1.26456637944841,0.0245115809992992
-1.87326760168532,-2.00424352249559,0.0256958165434441
-1.18456125636603,-2.60721128918588,0.0277927414430198
-0.344286369188306,-3.00962105373861,0.0309828480755258
0.579171994775497,-3.16267862131809,0.035554787291017
1.50537700335539,-3.03572027044525,0.0418788399869158
2.34858333081062,-2.62532855170881,0.0502691348080326
3.02549356332595,-1.95209146283081,0.0607228489116102
3.46287828882832,-1.06258554540172,0.0723197571273493
3.60542513667339,-0.0265388607604649,0.0825005034561329
3.42403109226822,1.06842468929559,0.0871645961126987
2.91615488316483,2.12451509434978,0.0827783391567745
2.11271060933246,3.04264356260679,0.070038630576331
1.07021944330339,3.73025133707821,0.0542100653480666
-0.129797474534238,4.11158057610904,0.0407680720887871
-1.38797739075945,4.13337566671125,0.0316050038227613
-2.59322098774203,3.77228178610364,0.0258954904895087
-3.6318193990604,3.03814985242842,0.0223962805712708
-4.39874350553638,1.97660671257821,0.0203103495574817
-4.80581595762216,0.664746017766032,0.0192392980855517
-4.79497184491795,-0.791094556764766,0.0190043598046458
-4.34016428921193,-2.26582527499243,0.0195844526728953
-3.45726987274414,-3.62467180282316,0.0210940221062369
-2.20100573274573,-4.73525395544941,0.0238326095471007
-0.664636876448448,-5.4802286397193,0.0283955165288375
1.0270589710961,-5.76809256052334,0.0359361908408222
2.72620754266003,-5.54471925635735,0.0487068932422308
4.27477512852882,-4.80108622985797,0.0711410599376765
5.51685789240367,-3.57516976287487,0.111758790602423
6.31281368955135,-1.95441995447753,0.184415787267151
6.54871023541394,-0.0696590226800815,0.301326704385212
6.16173876439554,1.91001931219539,0.439029414304725
5.1558353192906,3.79633435552526,0.498665981604909
3.62751722547385,5.4041579594003,0.388478205084139
1.72853344711217,6.57842908015464,0.195830474053517
-0.39298595870719,7.19977797538575,0.0728486072226441
-2.58415718719092,7.18778491692007,0.0317982056695471
-4.66487962431789,6.50850298862334,0.021138116851058
-6.44161223125185,5.18495890513374,0.0172117820520326
-7.73281909698474,3.29963521747868,0.0152318020451614
-8.38964713799147,0.991843432820527,0.0143119925505573
-8.31368416445335,-1.55135793718831,0.0142050531788992
-7.46513550975678,-4.11030739174619,0.0149021976692184
-5.87556677030199,-6.44969503965092,0.0166046465555504
-3.64660689997016,-8.34096981116624,0.0198509900042403
-0.943759955980249,-9.5810795443112,0.0259397272353508
2.01104670644019,-10.0170217325856,0.0382372547299361
4.95822878428591,-9.55951749103961,0.0670732199553279
7.61631455218528,-8.19837387415394,0.151645239812807
9.68652426588071,-6.01255757527782,0.477711562139482
10.762078883978,-3.18847313824766,2.05378590836435
9.81771146107334,-0.123259536263298,8.91098729905108
5.24697086665921,2.29415848758955,16.872595390187
0.618696822560087,3.2750860758114,6.86376101275847
-1.37061623741533,3.32098334554693,1.08727807473073
-2.45328729928151,2.92644176953043,0.132500365448066
-3.25208536184759,2.21971397611039,0.0312696989084185
-3.78758173317814,1.26096127752949,0.0220021660708325
-4.00533195410889,0.124569384207866,0.0207594500293104
-3.86590466709436,-1.09554036108424,0.020762496229339
-3.36229773806709,-2.292136250963,0.0215990478141635
-2.51613487488021,-3.3529298738375,0.0233912167214119
-1.38641220700308,-4.17253599427206,0.0264309160713446
-0.0594989858198386,-4.6603960334743,0.0312624788852522
1.35380829406942,-4.75215443187047,0.0388219785401772
2.72730431820468,-4.41322030991642,0.050722981098628
3.93097481903719,-3.65231402175479,0.0694298167965064
4.84081974085644,-2.51364350541792,0.0981787384215102
5.35076929966454,-1.08116020817682,0.138752466409979
5.38776019038801,0.526556947738762,0.184784675342672
4.9216452188067,2.16824916415036,0.213955112798539
3.97419555727129,3.69249987518824,0.197784269599213
2.61641770430322,4.9520593038808,0.138476225756985
0.955992042590317,5.82055783578234,0.0770357023113635
-0.879019686844408,6.19842277000867,0.0417752216711051
-2.73845546631612,6.02373059315975,0.0272100305339945
-4.45677361121504,5.2797522323849,0.0210692679948241
-5.86854751300189,4.00086781006175,0.0179425879663585
-6.82529990165375,2.27216480895828,0.0162719050309988
-7.21057721758422,0.225282982447931,0.0155665544279131
-6.95460983980037,-1.9702762154894,0.0156710265932819
-6.0420704561569,-4.12180825130688,0.0166240430212055
-4.51403806973563,-6.0271515375942,0.0186811547927482
-2.47657683470238,-7.49675091563692,0.0224407548453459
-0.0854985880204606,-8.3676679270206,0.029277933077591
2.45903641117961,-8.52306105620066,0.0425531465072004
4.92944184471153,-7.90755086648072,0.0715026632176718
7.08429431863323,-6.5293624424146,0.146179287452677
8.68086552041767,-4.47890619233703,0.375650456781613
9.44523971178103,-1.92666883759764,1.16460961473511
8.95423929846938,0.84217915919579,3.56997611876033
6.66965227561168,3.36392019957991,7.134916027789
3.26411470804065,5.11748894717754,5.79025668815559
0.473555965456194,5.99235342022933,1.82228903514995
-1.63238764972037,6.17710402652614,0.299460729635648
-3.47936649836632,5.76619224156329,0.0462527057988355
-5.08698727738174,4.79230906334129,0.0206339993347013
-6.321001641045,3.3137782525994,0.0171559104075084
-7.04705829894979,1.43648449848685,0.0158912716368479
-7.1685613164778,-0.690602310023185,0.0155314887277935
-6.63454535259912,-2.88721640198805,0.0159792014682665
-5.45636348094325,-4.95491489305329,0.0173513110764096
-3.7019592887852,-6.69493173066967,0.0200206942915758
-1.49845767729879,-7.92717804606536,0.0248338501931944
0.978131084105204,-8.50748419907911,0.0337503948614237
3.51461742255752,-8.34044989655909,0.0518412310710496
5.87658531909716,-7.40012284576726,0.0938618630412505
7.82257876376866,-5.72767734077357,0.210227242139629
9.10389488595469,-3.44408900754307,0.589837359999436
9.40870583168842,-0.762385084097483,1.87762583643785
8.22335036527707,1.96732459723925,5.10526698278155
5.28558817657503,4.21993315859421,7.3203356885069
2.01106983433136,5.59872102671171,3.93087942679569
-0.430501588969005,6.17457968650213,0.913028900021704
-2.41370901264362,6.11339233171699,0.130563929681105
-4.18531006938604,5.46757745910758,0.0286118564288892
-5.66752097073724,4.27415647778954,0.0186120285902046
-6.71663855433905,2.61075044147612,0.0164671409137419
-7.21026998510231,0.602188478134715,0.0156032975559282
-7.06902293770922,-1.58750313591776,0.0155682236211085
-6.26806773921189,-3.76803878586112,0.0163610960427545
-4.83730451304392,-5.73680317011246,0.0181951324079018
-2.87343556403369,-7.30049782091242,0.0215888782495069
-0.523725713281789,-8.28936537272031,0.0277346858464415
2.01762153492998,-8.57716848531722,0.0394966417903633
4.5258045335953,-8.09639402362309,0.0646037823035508
6.76046710457976,-6.84413175716384,0.127514496544361
8.47783208673042,-4.89574197344112,0.316339052841782
9.41334539868654,-2.40759480013382,0.963552891223569
9.17473973249279,0.357699641172291,3.04982175983328
7.18320026964016,2.96486168669928,6.82950181747971
3.79567336366142,4.86509177371659,6.5426903165755
0.842809912860713,5.86280719908754,2.3473517718839
-1.32572539001273,6.14189350345266,0.415819723173334
-3.19057213034458,5.8209092395343,0.0597951509380245
-4.82946169391703,4.93543242021322,0.0219806904371971
-6.11914314315657,3.53761285597633,0.0175280133455011
-6.9228417588069,1.72530135040513,0.0160830956679626
-7.1370391887448,-0.359627242665488,0.0156005608303517
-6.70611984536693,-2.54172446001643,0.0159230050543684
-5.63088984047813,-4.62639530506886,0.0171380299593932
-3.96801047132473,-6.41403172369957,0.0195735754528255
-1.83778014455536,-7.72297538100081,0.0239690812772159
0.592454165907923,-8.40288996954717,0.0320315238200431
3.11556817612284,-8.35222897658224,0.048041904242655
5.50148895413962,-7.53417555005929,0.0841037136679554
7.51013097561406,-5.97686053327667,0.180535536847458
8.89964908249653,-3.79036124783155,0.484184593543571
9.38316265157262,-1.16849822941026,1.50627697501768
8.50505488140007,1.57143054552546,4.2608826248664
5.88706962372469,3.9409966596443,7.01954472811288
2.59121019586079,5.49400936161666,4.53634094385697
0.00875013499165556,6.22005754326018,1.21756010406809
-2.05379297097372,6.28455892189397,0.185113011151642
-3.90045965461669,5.74973874898648,0.0340587180552372
-5.48228137793978,4.64729663900564,0.019236774038805
-6.65379599521403,3.04609392473886,0.016614572376132
-7.28363138730378,1.06354397496713,0.0155580987532726
-7.27882804055684,-1.14149548889765,0.0153594734506514
-6.60373962649461,-3.37896560871437,0.0159702850709144
-5.27655154197432,-5.4444506372795,0.017557522461327
-3.38179253218157,-7.13788147299693,0.0205631528864037
-1.05797854891316,-8.27898009083491,0.0260117135373723
1.50530834418275,-8.72942602729107,0.0363334791510403
4.08451154107764,-8.40663667234365,0.0580141216726167
6.4370536906387,-7.29326461349051,0.111311476752263
8.31438999937206,-5.44912449671434,0.269696969007276
9.45213486452083,-3.01628247830856,0.821494325364237
9.46436887107608,-0.239439862021484,2.74472939529721
7.69755487716334,2.45878259306844,6.96636381342457
4.21851244114569,4.48288619573401,7.75073598071167
1.05537289116396,5.55165573307687,3.0384817002549
-1.13681679264174,5.86972822335982,0.560242981744505
-2.94546749429296,5.59846382081594,0.0768419053724659
-4.52964951788354,4.78389122280627,0.023721277071938
-5.78715303198637,3.47515421540402,0.0181055088391067
-6.58756010243889,1.76328482043124,0.0165405344180299
-6.82876536043889,-0.218871714087744,0.01599884347003
-6.45477998060845,-2.3048205254663,0.0162675559228464
-5.46204386383776,-4.3086161228882,0.0174205305847273
-3.90509751101744,-6.0411830737286,0.0197489496154293
-1.89119280177906,-7.32478604291758,0.0239347906019695
0.420235040326882,-8.01433033767219,0.0314912038478698
2.83313988549189,-8.01048109062546,0.0460671777339452
5.12889629915455,-7.27320316090969,0.0774629086867878
7.07880251612375,-5.82475294730287,0.156066518442241
8.45786297669239,-3.7656743277354,0.382559811098001
9.02185739368126,-1.27008884207047,1.07707329668307
8.44462285559409,1.38965923052945,2.8678649153265
6.4279393654326,3.81712547490425,5.08079507439522
3.50634345016659,5.60175843457777,4.15336960180765
0.830317185742903,6.61021667929592,1.45418732615684
-1.43663189280236,6.92243912192129,0.264560584072065
-3.51631479891834,6.58352039007967,0.0439140664690588
-5.37106311738986,5.61085413648184,0.0200781578411591
-6.84143919507198,4.05822117707192,0.0164885181387008
-7.77113076885075,2.0339786165146,0.015070926503124
-8.04036291480683,-0.304802309878321,0.0145789332909036
-7.58398692319005,-2.76132528131242,0.014878437248313
-6.40095484443659,-5.11670631687932,0.0160581903130955
-4.55424093551919,-7.14772020057225,0.0184579488532397
-2.17283011333662,-8.64575119703128,0.0228946639597595
0.554409136029407,-9.44123538720555,0.0313248676742601
3.39603511353703,-9.41922946726663,0.0490403635597619
6.09238504489789,-8.53040591541615,0.0932338877037452
8.37125652619116,-6.80979453487675,0.23129004792809
9.93507695002446,-4.37835608750714,0.777685843599678
10.3111507706886,-1.47627403736132,3.18304981436335
8.38900670604974,1.40859390251072,10.3963390361626
3.82726834756778,3.42441533674537,12.1674819814216
0.279192352398798,4.21642785796507,3.86930607046916
-1.55042401938323,4.25909949692777,0.589425609477346
-2.85064208781853,3.83666974803147,0.0768511611856665
-3.90237255029611,3.02411524759913,0.02508041125799
-4.65243182204481,1.87958636009842,0.0199377997079174
-5.01848587921139,0.48901300244174,0.0188285314967208
-4.94420250092696,-1.03434326476809,0.0187017351794317
-4.40817933122547,-2.55821886719501,0.01940715494468
-3.43290638469471,-3.94220652620398,0.0210795426998804
-2.08092322341615,-5.05015643081513,0.0240657944068563
-0.454032569354056,-5.76297032433924,0.0290594948632985
1.31392543525374,-5.9912146296216,0.0374216117084417
3.06777265688456,-5.68521809186467,0.0518814771352671
4.6419280707515,-4.83946946492314,0.0781250367578468
5.87513153704071,-3.50212196172418,0.127535115679565
6.62490026580888,-1.77178390416371,0.21955327562636
6.77595139308438,0.208751918759188,0.372281230887886
6.2658220895159,2.25801748658801,0.552206220673906
5.11325433849209,4.17593574298692,0.617452194626534
3.44350981808833,5.77254833258725,0.454551010472041
1.42972167961972,6.89375321632196,0.208339785981927
-0.774948275559078,7.42841074306963,0.0699607211980851
-3.01752453174462,7.30355327139902,0.0295884958002465
-5.11337853598694,6.49419266093704,0.0200591003664768
-6.86498198706228,5.03370595287946,0.0165578528494342
-8.09102642387966,3.01729550696596,0.0147941763476768
-8.64585155449269,0.596158892919565,0.014024832170854
-8.43574417303662,-2.03118669979654,0.0140511476647801
-7.43606648967756,-4.63492386109882,0.0148933541894942
-5.6884035277139,-6.97385872071733,0.0168007392423123
-3.30769299262991,-8.81524749185359,0.0204128722262267
-0.476182418788543,-9.95998850061274,0.0272748246977796
2.57216148489162,-10.2590273605368,0.0415865815105228
5.56551673442425,-9.63382176030279,0.0770101021973176
8.21286463617362,-8.0898921812902,0.18923678163619
10.1954258314532,-5.7235524031508,0.666694458122527
11.0045476237466,-2.75693336843485,3.16578875101648
9.15820465551809,0.297290978027142,13.150970046886
3.54074593182692,2.3376134140026,16.8011231867326
-0.357786632384946,2.88527937495718,4.48998939149849
-1.80243754301942,2.7013941473788,0.593726335738073
-2.61588780524255,2.17832785701828,0.0772995630494678
-3.17321991446848,1.41189080768128,0.0270179398249469
-3.4656329174967,0.464900706628035,0.0223123087158423
-3.45538101200273,-0.585565246526054,0.0218156750117335
-3.12600563642283,-1.6490926510593,0.0223149401182965
-2.48672682275068,-2.62803311101112,0.0236807372732029
-1.5794431803697,-3.42771626510399,0.0260888150863473
-0.470572055934022,-3.96299636699545,0.0298932689908325
0.749477111846975,-4.16833978479305,0.035674331130296
1.97427804349319,-4.00531368152843,0.0443278484295132
3.09058907400945,-3.46733281884846,0.0571039236697341
3.98682502034967,-2.58082322705869,0.0753753334394558
4.5664009702369,-1.40892924280346,0.0993981849759584
4.75359246290264,-0.0432005384666336,0.125585136977451
4.51028164083363,1.39940417129251,0.143489236488092
3.83510549289856,2.78924133579587,0.139242597987934
2.77219284836943,3.99507477074592,0.110275374767287
1.40046951759226,4.89662243627997,0.0730503993827842
-0.173384577126529,5.39628819808142,0.0455950408575441
-1.82166222000142,5.42405398971062,0.0309939603587896
-3.40018065068972,4.95063194180098,0.0238295464531007
-4.76042473744891,3.98852876514882,0.0200170999340483
-5.76479335305752,2.59754059908395,0.0178892225396427
-6.29802682615105,0.878804239814371,0.0168383783905007
-6.2831017154942,-1.02859587391514,0.0166352817348325
-5.68772111798729,-2.96068042671049,0.0172526716429925
-4.53126836534487,-4.7412253117991,0.0188394503642317
-2.88460303532517,-6.19581045894734,0.0217978364500771
-0.871200721576651,-7.17146582461289,0.0269893826711983
1.34570481056331,-7.54842364081193,0.0363295562293835
3.57238264204886,-7.25547172539716,0.0543892598210432
5.5999349002437,-6.28005244734018,0.0932043960645753
7.21938019664647,-4.67430613487104,0.187182178083828
8.22897868815223,-2.55658376191107,0.435537996571666
8.42275897023422,-0.11450459055323,1.07355499904203
7.58548365173814,2.38594543943439,2.29138487667506
5.67023777847804,4.61222966365902,3.16629246163797
3.16831142930491,6.27487936483909,2.21406764701995
0.690040141607858,7.26028245680397,0.74474840764306
-1.6651883218626,7.56018040866855,0.141732520003016
-3.91429850016538,7.16435785532617,0.0316574417022011
-5.92660365658149,6.07959779271847,0.0185532930088415
-7.5144838701065,4.36506968620978,0.0156124283096006
-8.50578959750364,2.13992843553282,0.0142785161874726
-8.77358858036848,-0.421174025711895,0.0138318176226437
-8.24911227899781,-3.10312095363717,0.0141621428724462
-6.9313813436304,-5.6665414008948,0.0153732724384928
-4.8920754671677,-7.86709699934082,0.0178378814937933
-2.27593778847674,-9.47948779889227,0.0224629107120903
0.710161642011308,-10.3196239297881,0.0315331740245961
3.81193191626964,-10.262428665665,0.0517293404445004
6.74456482785761,-9.26043915856793,0.107050370213597
9.20563460607734,-7.3535306834793,0.307940039716037
10.8298191040217,-4.68315413850389,1.28648090703621
10.8015631345417,-1.56222397869291,6.50527348062913
6.94533798869849,1.21954324578372,19.1632339272139
1.19076407021634,2.50398244354089,11.1234056144755
-1.24604414604154,2.58357899808726,1.88654960744179
-2.20690353261711,2.19548709926245,0.223316548372175
-2.80457894157611,1.55044878381848,0.040859424149393
-3.15793919090475,0.717716036668604,0.0241266057982021
-3.23904562823339,-0.235162795266284,0.0225012811963801
-3.02578793579746,-1.22722608518776,0.0226822041976043
-2.52041409417574,-2.1695949454785,0.0237283827342249
-1.75146855216438,-2.97263640963321,0.0257115957539298
-0.773041094722958,-3.55284440596533,0.0288930819428114
0.33621647443235,-3.84420707396335,0.0336919159481386
1.48190674152391,-3.80223631154464,0.0407482377921214
2.56000990092206,-3.41076956464365,0.050924585733765
3.46639481196297,-2.685595398632,0.0651096411019289
4.10427201171903,-1.67272799426984,0.0835073699022215
4.39923313795112,-0.451224616864049,0.103845504032842
4.3030279519648,0.878049988501914,0.11946520936445
3.80292511701666,2.19784064426943,0.120585515762868
2.92554121793715,3.38539430163299,0.102722337367719
1.73355583429537,4.32476796398422,0.074398613426002
0.318003646430433,4.91726361284838,0.0495980812492548
-1.20780081630318,5.08729387433226,0.0342942006257387
-2.71242125902631,4.79556951353633,0.0261100655602236
-4.05764075035044,4.04101844601461,0.0216347019057306
-5.11007448472047,2.86468380481321,0.0190825395721842
-5.755912411511,1.34996500380474,0.0177168741770132
-5.90960592350382,-0.384992817127077,0.0172458500977871
-5.52790662027138,-2.19341351214134,0.0175867745358972
-4.61180295643606,-3.9129304340145,0.0188265321069355
-3.21383674626946,-5.37938895014617,0.0212501960882762
-1.43395679201441,-6.44267316059826,0.0254797920959226
0.587104658926115,-6.98037365521907,0.0328261804462301
2.67683282568409,-6.90949592573234,0.0462071240889206
4.64438469887798,-6.20243325746848,0.0724732832059179
6.29370629431785,-4.88464344815741,0.129240551716598
7.4407042041446,-3.0483251111212,0.260955467405602
7.91408568307996,-0.842269143313936,0.565387438848001
7.56183621494088,1.523959993318,1.14920135884667
6.31178412356709,3.78987060237792,1.77401338519015
4.33488426120798,5.68917837974112,1.66053534230281
2.03082526326685,7.03371244644617,0.82268189087138
-0.347031791372579,7.73420342919899,0.221318936295742
-2.72199927945802,7.74057655550027,0.0483486188768177
-4.96665781773235,7.0276705494678,0.0215196322439667
-6.88769051348096,5.6199564317793,0.0166328658214793
-8.29080853126648,3.60521346375234,0.0146243749943482
-9.01614027983421,1.13234310936071,0.0137031950075927
-8.95268193429969,-1.5997313838777,0.0135889891015037
-8.06010176569383,-4.35420946274064,0.0142647649174859
-6.36912736624167,-6.87891102859194,0.0159350778959143
-3.98680769932456,-8.92751441998479,0.0191548268361298
-1.08938613179577,-10.280273990671,0.025300137744781
2.08537827068692,-10.7707539196318,0.0380853484977847
5.25856206250577,-10.3017571776462,0.069665101233408
8.12719517197196,-8.86139229201745,0.17071594812722
10.3579890814645,-6.53169668892516,0.619664332130792
11.4165208120445,-3.52574503425759,3.21670536930317
9.55219607973733,-0.37758566345697,15.3213273601591
3.13442406447176,1.62677608205601,19.6481559105167
-0.835673580037961,1.96955406781641,4.4890186278161
-1.95619801027512,1.62942466216463,0.541011645160112
-2.42946493804654,1.04444525113299,0.0728428641691541
-2.64934404004238,0.317496181164408,0.0281906908678306
-2.63277476422665,-0.486538446573911,0.0242789770631389
-2.37108868396658,-1.29766064406367,0.024459321187828
-1.87440599127123,-2.04141514218011,0.0256772913235559
-1.17435947799734,-2.64535841503916,0.027812333751569
-0.322910480965973,-3.04517326249403,0.0310572820004089
0.610374750798412,-3.19160353545769,0.0357136326405052
1.54415063331673,-3.05642703672194,0.0421526954016128
2.3917719214895,-2.6345108223893,0.0507182738610744
3.06908506391787,-1.94803770605425,0.0614080260232221
3.50285824961283,-1.04514297958899,0.0732656155768214
3.63839332674382,0.00323034368616972,0.0836423875917076
3.44555815978114,1.10859193451039,0.0882656408609026
2.92494174321275,2.1721886940072,0.0835779133456623
2.10603810664449,3.09332680043612,0.0703454169741715
1.04852598406036,3.78001124019775,0.0541421423337565
-0.165636775222047,4.15534165871478,0.0405515602735415
-1.43545002516059,4.16684028955736,0.031382454434447
-2.64876606280891,3.79200547674495,0.0257076056986931
-3.6907281425212,3.04117909366456,0.0222439829139388
-4.45567389387852,1.96160779000428,0.0201882083175599
-4.85564742448546,0.632208311610562,0.0191413231354686
-4.83244557894675,-0.839327966280029,0.01892942434531
-4.36132795435055,-2.32624918541365,0.0195342281862505
-3.45903854167737,-3.6924750920915,0.0210761018981624
-2.18201401037634,-4.8046231744032,0.02386383778313
-0.625367126915931,-5.54482763083655,0.0285121482209268
1.08417257451037,-5.82181908884009,0.0362157850327723
2.79694625413691,-5.58181379248427,0.0493298347458309
4.35330594373133,-4.81721137775899,0.0725267993296821
5.59621735956965,-3.56780061591256,0.114883194306356
6.38466319398987,-1.922835339437,0.191415524290526
6.60462375672102,-0.0161062794131312,0.315587055080674
6.19302832601374,1.98062019161443,0.462287148862347
5.15631151381653,3.87624082640045,0.524224493207109
3.59795898580351,5.4851903824855,0.404440650711407
1.67264951291998,6.65074812005398,0.199916532643171
-0.468785238697081,7.25586070638454,0.0726666839823106
-2.67345980881145,7.22157481838715,0.0313778903544058
-4.76039488698539,6.51578128057917,0.0209035750820382
-6.53492294868714,5.16323276678779,0.0170645675152042
-7.81546016955307,3.24930092284582,0.0151296693039411
-8.45313910604901,0.915554270500255,0.0142412103795036
-8.35069415619166,-1.64819532715236,0.0141613241469344
-7.4706377548141,-4.21980018815588,0.0148879067221331
-5.84779125095258,-6.56279005104266,0.0166298838122757
-3.5853822941434,-8.44699125185845,0.0199475983737439
-0.853252208069695,-9.67069859235309,0.0261829022277713
2.12464787073396,-10.0809823846563,0.038852125590852
5.08537387551236,-9.58854491657142,0.0689649321271784
7.74530110262787,-8.18913560716704,0.158759912278306
9.802118402215,-5.96468770730559,0.512245114386223
10.8299224270679,-3.10775840755427,2.25492231044015
9.71395599238981,-0.0375962723504355,9.76572755076534
4.87894345321603,2.30742511543665,17.1374677702233
0.372979749476272,3.18687159115072,6.31581825830055
-1.48306764547859,3.17459180922317,0.953642291020709
-2.49919539830719,2.74701119725133,0.116679078512213
-3.23942083407952,2.02387834959193,0.0300217277601251
-3.7157807691386,1.06606854028298,0.022048314295139
-3.87747982668183,-0.0514173365291381,0.0209937747005607
-3.6904405853827,-1.23523145890872,0.0211106994067907
-3.15164115072548,-2.38020836079838,0.0220663894689158
-2.28893617600702,-3.37859013186281,0.0239935239212448
-1.16197883524985,-4.12941781836555,0.0272025029072265
0.141290661124968,-4.54807016135826,0.0322492343079894
1.51076197943309,-4.57595016584241,0.0400748620808079
2.82357261613453,-4.18796565119414,0.05219944672351
3.95308251143174,-3.39353169917925,0.0709135171942456
4.78244308298254,-2.24404068545184,0.0987192359336798
5.2144156599856,-0.82566008820219,0.135878204787532
5.18129598849334,0.744630919206036,0.174306243501148
4.66283221025101,2.32737303441725,0.19285319360565
3.68571122946705,3.77602237470683,0.170556807805069
2.32334742791888,4.95032371269489,0.116531816961665
0.681618218581827,5.73011640583296,0.0661088216128861
-1.11129951887648,6.02330717858349,0.0381550846425703
-2.90618103446673,5.77537369219982,0.0261873659796735
-4.5410808708024,4.97672071897088,0.020768556528359
-5.85631978102483,3.66727151979592,0.0179082559378762
-6.71245827843319,1.93745000717531,0.0163859119853232
-7.0006644001309,-0.080190825517838,0.0157954152807152
-6.66171880724543,-2.21648901343755,0.016010512529481
-5.68695109638176,-4.28226306602343,0.0170977623443717
