-3.29096764750522,0,0
-3.16412719756565,0.615385412313681,0.0608942085607435
-3.19438786926391,1.18297476671795,0.00960961689902515
-3.37613973000678,1.75747493151152,-0.160850208788258
-3.72005577456558,2.38941486103163,-0.47344809424937
-4.25649151803041,3.12495141676671,-0.973998329787236
-5.04043008116296,4.00047342967196,-1.74721587656259
-6.14442313781119,5.01764119749688,-2.94188497952628
-7.60353050777625,6.05910055763259,-4.79452696140505
-9.20797313609633,6.66205459765102,-7.56682947563055
-10.0412207294967,5.69510687868729,-11.0636055785167
-8.61316675614906,1.92918668158173,-13.7409864778554
-5.36475851694625,-3.62114052993529,-13.7971548110286
-3.23895654909648,-8.18201111191563,-11.8021772007479
-3.55704131125557,-10.3610107677455,-9.11364057408814
-5.13768184602266,-10.344515875064,-6.59395426520955
-6.45369687281704,-9.02787978616612,-4.83476169925959
-6.86796740311601,-7.22810770562554,-3.85648608811645
-6.47130694968985,-5.40307796139904,-3.28545568130216
-5.61513124067549,-3.75443642494594,-2.80938774157884
-4.63650639782495,-2.35312410164429,-2.33165574503327
-3.75781344139052,-1.20503200513787,-1.88747743270086
-3.08533461648998,-0.282297018041443,-1.53393454018383
-2.6463666703622,0.46331483339732,-1.30169380815404
-2.4278425684961,1.08897088225425,-1.19348753035189
-2.40782590024644,1.6498094575829,-1.20068466161577
-2.57103656201695,2.19499313021231,-1.31706153857757
-2.91745806793813,2.76715047980475,-1.54960409836275
-3.46244757818088,3.40218514583598,-1.92576086599945
-4.24034519404489,4.1272373783333,-2.50873940795234
-5.2886578838108,4.94216461515169,-3.40917275616678
-6.61489198879975,5.76872972417347,-4.80598560431086
-8.06422579353894,6.31605373414467,-6.89499240661839
-9.05188407178414,5.87820685382959,-9.62672208782458
-8.48341521710884,3.51493653169469,-12.120134173335
-5.97380189354346,-0.628889847976602,-12.8801942154715
-3.10962590353194,-4.77713000247343,-11.677285884491
-1.58547070230144,-7.50265793642129,-9.55427451189928
-1.51743980758474,-8.55407129783634,-7.20264586974027
-2.11460078538672,-8.2943089758228,-4.91811645664438
-2.69140681642381,-7.30608900408923,-2.91266842984728
-3.01223115848171,-6.11585038645069,-1.27656160294062
-3.13569622829667,-5.04922226364527,0.0169234809711031
-3.19172228504877,-4.25085797980587,1.04043289347115
-3.2770898796411,-3.75617341302662,1.86812329178662
-3.44228399983855,-3.549368750884,2.56208717963115
-3.71095342557751,-3.59815968943016,3.16804518622529
-4.10054997645865,-3.86719056996708,3.7128234160584
-4.63386510819445,-4.31590255607747,4.19913231976297
-5.3379693562507,-4.88387207743873,4.59501852921762
-6.2247164974451,-5.4644033788149,4.81823852022337
-7.24272039574353,-5.87443292236245,4.72958006796934
-8.2169483626703,-5.86077387331618,4.17240435940903
-8.85417755407255,-5.20393644701269,3.09209965974416
-8.90925058819496,-3.89627540718129,1.65390136728942
-8.40588558376644,-2.19166258736089,0.165513533641148
-7.63060533157074,-0.420210266092757,-1.16110223733216
-6.92023941010409,1.19828236220033,-2.31738025534926
-6.49413086193274,2.57179152704445,-3.41324955243613
-6.41562666779283,3.65684147377148,-4.56964488704508
-6.59716942041689,4.37906516249594,-5.86031514033891
-6.79499662370316,4.58696181857736,-7.26113258436038
-6.62884476959492,4.08842293868136,-8.57169357881173
-5.74900303409387,2.82858585117761,-9.41011132530415
-4.13303420309936,1.08324672935695,-9.46030536613012
-2.14866814329252,-0.675311042632911,-8.79770384765596
-0.233362382497801,-2.15216413108875,-7.83022826244896
1.36919403411521,-3.34453168644129,-6.95660505086889
2.59128704648405,-4.3792913008724,-6.37162390812269
3.42302366422225,-5.36279862343563,-6.07594681798223
3.84643883488662,-6.32665413740362,-5.93366697187172
3.8239808702757,-7.21201123598752,-5.73116772436702
3.34448977812909,-7.87663894371316,-5.24675955618613
2.4903445953028,-8.15880428826689,-4.35204720603931
1.44408785650061,-7.99700462160781,-3.0847960233911
0.391452028174584,-7.50155568820057,-1.60900785952011
-0.585783971388928,-6.89922104534455,-0.0977551342791963
-1.52429983983323,-6.42137479064852,1.34340462216354
-2.52471952852457,-6.2327300164588,2.67209743518734
-3.70603471297221,-6.4134815084121,3.85758293387002
-5.18199742530275,-6.93520731268521,4.81095896636487
-7.00903043079227,-7.58857184764205,5.29873970750148
-9.01870817186461,-7.87886379274921,4.89987069662775
-10.6078920879695,-7.13776307803459,3.23779956484629
-11.0189444915346,-5.1657104052892,0.570246521537364
-10.1839693108071,-2.67765712997693,-2.16806073591555
-8.7520218461117,-0.578790170874792,-4.25996441302231
-7.28528751098555,0.761775728830829,-5.59066957852898
-5.95924787711538,1.41248974120085,-6.30811414780996
-4.74730298172167,1.58484302974434,-6.56944457264131
-3.59944080954846,1.48117675573791,-6.50380989630322
-2.49693665294172,1.24323893713183,-6.23191066599972
-1.44020214674593,0.943748096244568,-5.87146857744951
-0.426909455149756,0.597603307174411,-5.52610596883977
0.560072808471834,0.182791603357017,-5.28092299494305
1.55187838618365,-0.344817103033737,-5.20588296496656
2.58506496226981,-1.04760349467689,-5.36611439288141
3.6854022876716,-2.01753898794511,-5.83267378206508
4.82978043432623,-3.39318555319638,-6.66871084836214
5.85164639730485,-5.37369041128597,-7.86198954264746
6.23839499265807,-8.10056755499266,-9.09628641044828
4.97613916158233,-11.1792896589462,-9.41307251399017
1.35332083686612,-13.1439667203767,-7.67534131824878
-3.38547757595173,-12.8057625044562,-4.59299291919955
-7.11175051850583,-10.881196330599,-2.427605287337
-8.93852417344593,-8.42856929058842,-2.08601697480831
-9.04423125634561,-5.9589162267656,-2.82664162377148
-8.06918573412187,-3.80781625881657,-3.64427954966497
-6.67498641469579,-2.12351793262092,-4.07032371285482
-5.29247727795533,-0.859517862310036,-4.11340889173452
-4.12322966988387,0.0932997651852691,-3.95103248696627
-3.22987784528496,0.823941702152817,-3.74154605069438
-2.60341886125354,1.39567107903097,-3.57548778905124
-2.20699563570847,1.85397905236164,-3.48623367633905
-1.99969495056347,2.23324318183871,-3.47604818684701
-1.9438768921335,2.56071833483974,-3.53406292534035
-2.01140335225881,2.85656732586997,-3.64858243232066
-2.18233006412829,3.13520191872036,-3.81196964501714
-2.44298183176996,3.4056648640719,-4.02285306187269
-2.78216011523208,3.67111405755409,-4.28631946529611
-3.18701492005711,3.92689827675318,-4.61324591544076
-3.63671410340957,4.15712108658492,-5.01745679828333
-4.09362326387883,4.32946598592565,-5.5095166446342
-4.49381904102389,4.3929066876877,-6.08246001863208
-4.74015457214522,4.27839609066186,-6.69539689487093
-4.71613639294928,3.92333403232613,-7.25662513438504
-4.3233337978509,3.3074002169165,-7.63677320169372
-3.53717103256229,2.48520526642906,-7.72402469748803
-2.4335059476674,1.56840791078645,-7.50072409438601
-1.14588967528769,0.654132687320716,-7.06812671105336
0.203849137791563,-0.232679082593881,-6.60064057034824
1.5432741065838,-1.1426997879862,-6.27702332983075
2.84024915852855,-2.17366377286221,-6.24067950972062
4.05920203110958,-3.44762659026471,-6.57559795147275
5.08597723101061,-5.10133235373861,-7.27160996411754
5.61284954339993,-7.22197279749368,-8.10676705069861
5.05706459240431,-9.60735700436158,-8.47268683108533
2.89179220288474,-11.4409064222472,-7.51910656348607
-0.452784618480119,-11.7473279580183,-5.14250344521779
-3.65809665971858,-10.5964748155608,-2.49209712889061
-5.85758487759974,-8.83261689472677,-0.676407340687399
-6.96494661529022,-6.99226681440021,0.10432470440492
-7.20111500960459,-5.21369098382889,0.188640223536537
-6.86197756130627,-3.54071228103581,-0.0283010105585177
-6.2499597296878,-2.01843253487944,-0.309397772580624
-5.61400629591581,-0.668345346972411,-0.587751882164827
-5.12089362647432,0.526612341713741,-0.891793072112931
-4.8672921174193,1.61051046757314,-1.28057258933802
-4.90751375294515,2.63671491650947,-1.81829774177218
-5.27785506113206,3.64696250707447,-2.5795903202995
-5.99786375585921,4.64186947710187,-3.66691557795845
-7.03005767586463,5.51945918445792,-5.22296651327788
-8.13927757298388,5.95164229869089,-7.35979717377138
-8.67550058534841,5.27360635604725,-9.87404975255355
-7.70614651122068,2.84352014506752,-11.8384452764123
-5.18019258522364,-0.864624465287098,-12.1277413136246
-2.49546840678691,-4.33645610894358,-10.8456374147936
-0.877279245822644,-6.60775652892981,-8.91779930076785
-0.417250634304268,-7.59436640023012,-6.8777617783635
-0.610666175316477,-7.57887688364505,-4.88720417417432
-0.978129008385494,-6.96069730073775,-3.04732765051323
-1.29935706034991,-6.12847244987173,-1.43187890119289
-1.56306808747864,-5.36690199547497,-0.0547101774411711
-1.84011370287224,-4.83509103046629,1.12242381363549
-2.20536912949703,-4.60461846899889,2.15685738141059
-2.72188621920564,-4.69949131543625,3.10419739460802
-3.45561956475653,-5.12263125235346,3.99688888229585
-4.49086914739213,-5.84843975579637,4.81642365260128
-5.92443127512815,-6.77516256560259,5.43868164720284
-7.77019921078129,-7.61046263530766,5.55528625684208
-9.72812280805655,-7.77165489266403,4.67315397553282
-11.0279909952661,-6.6497459478828,2.50747906077826
-10.9952101426331,-4.37418356329567,-0.414855381991279
-9.85500303581894,-1.90895675704136,-3.08708258165431
-8.32849133013124,-0.06480662851559,-4.97443447450899
-6.84890739773069,0.969869210465598,-6.08894130430684
-5.49441236164865,1.36191940778647,-6.59931423230206
-4.22443577365002,1.35728948865572,-6.66718139661715
-3.01293762218746,1.15415465279213,-6.43936877084402
-1.86126027545892,0.869122082388689,-6.05989021549264
-0.773045251025206,0.541911561611437,-5.65839185557247
0.263158455393005,0.160416700222197,-5.33858828514881
1.2761618664015,-0.315568193709427,-5.17988453869469
2.30458242086583,-0.944554198004932,-5.24931248635497
3.38181264307276,-1.80674374410489,-5.6115230624473
4.50687905454548,-3.02309976845935,-6.33009889532822
5.57351941576823,-4.77124644892113,-7.42074046868691
6.20713752685559,-7.2297493957347,-8.68755256484541
5.5569537644938,-10.2363677710747,-9.39570412658416
2.68541435563091,-12.6590530799059,-8.33713819640287
-1.83739334978596,-13.0095348571953,-5.47871106753746
-5.93833948853473,-11.4628501826463,-2.82205745321848
-8.33837609808415,-9.1508550855043,-1.84183144202369
-8.96449277886589,-6.68978811098624,-2.2363906467366
-8.32600995703542,-4.41514816894985,-3.02619604485859
-7.08598707693881,-2.53866490310842,-3.57614213039425
-5.74939074087934,-1.08600031791444,-3.76632174820231
-4.58661540268446,0.0217454284529571,-3.72702629167778
-3.69737723559143,0.876680705880107,-3.61486900320392
-3.09160691245055,1.55099852808857,-3.52921251065611
-2.74042800561466,2.09973345573339,-3.51343697743426
-2.60558755842533,2.56458631596589,-3.57798266316498
-2.65135445739609,2.97673589845199,-3.7205277364208
-2.84960621048449,3.35715897063922,-3.93927843866262
-3.17711047796382,3.71640994816524,-4.23889099122446
-3.6102171901832,4.05195292123444,-4.63232407148472
-4.11468904696107,4.34274161131357,-5.13754795307255
-4.63085098976476,4.54109660947569,-5.76651309529475
-5.05798061261694,4.56851698934047,-6.5016872406283
-5.24713561200281,4.32373883369882,-7.2653466207662
-5.03379057364314,3.7307540301739,-7.90055967852672
-4.31928022906162,2.80831856154607,-8.21736657475102
-3.15152931754988,1.69558883906749,-8.11030191158043
-1.70884671602579,0.568498123412206,-7.65242827419361
-0.188170302647333,-0.480964774956431,-7.05750476424889
1.28088044075824,-1.48052210403972,-6.56437279264108
2.63832169499611,-2.53047178610527,-6.35298314921082
3.8434002988908,-3.75262264222498,-6.50984736718738
4.79817081889839,-5.261562114299,-7.00611440727536
5.26138237011077,-7.10628140265743,-7.62190651617233
4.81084632046644,-9.09989042738647,-7.84908544434935
3.10158155941212,-10.6249330356005,-7.03190443263747
0.438674359352556,-10.9554734191691,-5.0186896785979
-2.24505955775374,-10.0780284017265,-2.5442257871441
-4.27676845553289,-8.64861130665428,-0.479463767966565
-5.57029292743399,-7.20731766674328,0.839147578475157
-6.27534288032609,-5.91420887603669,1.48407033944823
-6.54354639274213,-4.73619808086672,1.65982135294748
-6.49521180355837,-3.61931762397734,1.56027878142739
-6.24252803304093,-2.54174220279984,1.32339635546907
-5.89661671673876,-1.5028426196075,1.02224870918554
-5.55770913389131,-0.501170844870596,0.6741731993696
-5.30971825884849,0.478358208768113,0.259710515038884
-5.22362943909376,1.46490831370027,-0.26395255218731
-5.36438651515232,2.49388070710401,-0.957025273232225
-5.80409181508139,3.59191672962302,-1.90903195435269
-6.6108031134397,4.74111636058023,-3.25658871355787
-7.78270985751788,5.79012348022118,-5.19372611167328
-9.04030498784996,6.25768239299099,-7.88048750982822
-9.47050225714655,5.14991001447871,-10.9861005456577
-7.88373666726871,1.66630053664104,-13.1009614588312
-4.81491891278161,-3.09410005330788,-12.9212507809365
-2.53723216763344,-6.95408772717118,-11.0593638451517
-2.10408387277422,-8.91773669404569,-8.61354067077576
-2.82996735113864,-9.11540418184135,-6.12660004321189
-3.67740730476154,-8.17639910432245,-3.94944661720172
-4.13292412261456,-6.77870573972824,-2.24481975229945
-4.18596541513009,-5.3709543469525,-0.969924891448119
-4.0146596702743,-4.16703154764198,-0.0125197099223871
-3.78513331252025,-3.23535111811162,0.719868472717457
-3.59519994943502,-2.57157338748468,1.29005885628877
-3.48222689582081,-2.13825361128404,1.74392523709371
-3.44992756289409,-1.89409249223073,2.11518483423269
-3.4868150193995,-1.79980870917219,2.43102603322272
-3.57946836366656,-1.82574060408739,2.71170529492223
-3.71748541463076,-1.95038932824214,2.97217234874797
-3.89607595251576,-2.15961860833349,3.22262733704793
-4.11604824842413,-2.44288526434858,3.46879955973639
-4.38394362366306,-2.79102341300548,3.71101700218905
-4.71113384018246,-3.19194453186285,3.94210627652095
-5.10928156513897,-3.62361453603923,4.14427407978359
-5.58468935890298,-4.04773092667925,4.28513331300795
-6.12600580091403,-4.40138721860303,4.31564859935308
-6.68843507208909,-4.59341744052226,4.17447135569804
-7.18421822796595,-4.52144378286907,3.81165283369957
-7.49896208411274,-4.10490101534962,3.21781105496906
-7.54381859476517,-3.33285852163935,2.44807713296162
-7.31466165555805,-2.27630775448929,1.59831054291863
-6.9079453325045,-1.05052763435976,0.74626237339574
-6.48188587162037,0.240890137290701,-0.0942212889676655
-6.20021526261649,1.53844374850996,-0.974619715355193
-6.19521007998307,2.81664800339936,-1.98756937182842
-6.55814403137118,4.04405375041088,-3.25546021067049
-7.29362797826352,5.1108934135967,-4.92232422438057
-8.20049241726912,5.7081134929532,-7.09613517335291
-8.6681904713348,5.21413711687877,-9.60511319958134
-7.77756244804954,3.01142646160058,-11.6101895982956
-5.35682502304745,-0.515763278958627,-12.0216522467104
-2.64968220992721,-3.93149042060568,-10.8532347813434
-0.884819678194391,-6.24627542756593,-8.99934739611756
-0.249755687888493,-7.33639908778743,-7.02755899609728
-0.314079607552076,-7.45321550726735,-5.10253493119196
-0.620575471809108,-6.95386508023068,-3.30592005151444
-0.927940257438607,-6.20226573526642,-1.70449798048264
-1.19722909094002,-5.47758350183105,-0.318265029168116
-1.48256397483503,-4.94979255090912,0.880342947069861
-1.85427130072991,-4.70281358363061,1.9450291575132
-2.37769685303606,-4.77487874404124,2.93146241099886
-3.12225550143954,-5.1808537386033,3.87714117497824
-4.18217409992398,-5.91434451601787,4.77112955661039
-5.67293600562906,-6.89560756621977,5.49654255207743
-7.64808720589323,-7.84799209558374,5.72999924611907
-9.83389899135315,-8.14858556052885,4.90306035522599
-11.3811631446739,-7.06149316742791,2.60243355352606
-11.4493391866511,-4.67049951698059,-0.636825551068472
-10.2366700466307,-2.11117346072891,-3.61113145812893
-8.54568297934937,-0.341341465778832,-5.63783555619178
-6.83959471958738,0.483285328328897,-6.70006301117814
-5.21408331316562,0.646014366377259,-7.00234638481269
-3.6783968397453,0.482669993470072,-6.78526901391294
-2.25576912646956,0.21394882554483,-6.29338628166042
-0.964282762310534,-0.0780278598149827,-5.73998893183704
0.203841228687498,-0.401973054939651,-5.28198349896526
1.2842501977622,-0.804880932283079,-5.01949757703094
2.32442424407646,-1.34803817104488,-5.01915489305285
3.36729667700711,-2.10444368127946,-5.32931190803935
4.42364811977233,-3.17978090249108,-5.9929963406621
5.41468289565433,-4.72514523751823,-7.00865710601983
6.04437048738628,-6.89695990493169,-8.20485673430677
5.63225848510311,-9.59694546922958,-8.98297988377648
3.33996377281868,-11.9552222372807,-8.29110463692442
-0.597558154326643,-12.6114348942073,-5.80307533037427
-4.50631148147255,-11.422009206783,-2.98271542726833
-7.09807412546618,-9.38187793168548,-1.36591653341406
-8.16267508497851,-7.14207477370737,-1.09739055719725
-8.02140768528976,-4.94902984021034,-1.51493107583464
-7.1853868083821,-2.97300356519859,-2.00856618280326
-6.13596328815906,-1.30659544660113,-2.33912209996746
-5.19364012221616,0.0520321509127671,-2.53223797761457
-4.51318014028576,1.16076014450001,-2.69340291004906
-4.14553559273867,2.08661223680373,-2.90921387330051
-4.0876129377515,2.8903834260551,-3.23340702284887
-4.31555010747698,3.61337918345428,-3.70342797961565
-4.79495007613333,4.26581750823327,-4.36129680504614
-5.45971500624673,4.80914428688139,-5.25531939482028
-6.17344175088719,5.12339263673357,-6.41810850231036
-6.66871934996076,4.98558442756961,-7.78314667799962
-6.55491928628316,4.13903746150046,-9.06865660748725
-5.52903656075586,2.53217639042146,-9.79787114793859
-3.7143052979731,0.524987153906412,-9.65351085604741
-1.62402874309979,-1.36317852620185,-8.81579437966997
0.265307555211718,-2.87948789796548,-7.76427615804487
1.7418172757392,-4.07287283444758,-6.87237833536744
2.76791845383348,-5.07573612610243,-6.26456332449487
3.35667727367187,-5.96886941131723,-5.87451698307763
3.52046750714237,-6.74810484547052,-5.53567341124628
3.28246354645915,-7.33785814037319,-5.06121232451348
2.71218922518241,-7.63613950553747,-4.31974732737599
1.93729136747192,-7.58920630564854,-3.28983835874487
1.09722045088953,-7.24987298743727,-2.05217885905947
0.273764784226884,-6.76699405638168,-0.722857596847944
-0.536915917471895,-6.32289111366318,0.61109483937624
-1.40260898622026,-6.07796657554769,1.91056047277619
-2.42502754005792,-6.14971395029236,3.16232746136662
-3.72863013988666,-6.60115310056197,4.33139550188008
-5.44809758252296,-7.38957299690913,5.28277553904578
-7.64735322750217,-8.2359918750607,5.65971753876879
-10.0334178503693,-8.45205128518216,4.83154620481793
-11.6737463729818,-7.21596513096264,2.35655928017686
-11.6826696907115,-4.669391643348,-1.11055841519795
-10.3467636512339,-2.10549148233914,-4.21118148282211
-8.52412449945249,-0.503441016367123,-6.22238499796239
-6.66211188969988,0.084777939711237,-7.142226583704
-4.86809680653128,0.0566779171040769,-7.22284605773269
-3.19253868800654,-0.202270834453625,-6.77872431709558
-1.68341853141931,-0.490101891102266,-6.11751135915487
-0.35476023816461,-0.769328909353746,-5.48082508963293
0.818914073092162,-1.08292199990085,-5.02125340436984
1.88650415612593,-1.49430719586666,-4.82371711958388
2.90149297552417,-2.06851710112125,-4.93333272296124
3.89904817585433,-2.88411983031818,-5.38080754053998
4.86306359437578,-4.04979123118333,-6.17335114840812
5.65397004539266,-5.70668888139139,-7.23890591685386
5.87985675183045,-7.92114475686081,-8.26480462489562
4.84603529939469,-10.3514346322078,-8.51199725611194
2.09828991448791,-11.9542614417258,-7.15217362494242
-1.58514955450296,-11.8232993554354,-4.48454962212885
-4.75424252334684,-10.355628093753,-1.97138298898943
-6.71026610893714,-8.43166112724905,-0.567720889520986
-7.4893971408498,-6.46132622517542,-0.206330340457523
-7.38583254841588,-4.55955038206389,-0.399230522894288
-6.77293145396185,-2.80699869489268,-0.735420673698667
-5.99834250288998,-1.26155451799167,-1.04078110192557
-5.31275673109417,0.0702386678815747,-1.31522183061336
-4.85780349484558,1.22719716611212,-1.62457676656666
-4.70071492808759,2.26515753098759,-2.03908469860111
-4.87035184954122,3.23631232175486,-2.6240648127332
-5.37538487533469,4.16650837837983,-3.45452141712891
-6.19177668868311,5.0196231415183,-4.63115299629627
-7.19390373165379,5.62616400348615,-6.26389683680842
-8.00665484197605,5.58514403145954,-8.33502777275707
-7.92363299060638,4.31884500180608,-10.3997064762454
-6.3664657336619,1.65104871883325,-11.5116425076723
-3.80373597304759,-1.57551453353863,-11.1065060706991
-1.42953478829778,-4.24992934893687,-9.68364693192959
0.0599308100004667,-5.95344108763864,-7.99095798111229
0.68113976510503,-6.7749566164801,-6.34601570758967
0.745734868423135,-6.93009732674131,-4.78872502874333
0.552968574466103,-6.64825314738096,-3.32128956238807
0.279338723323417,-6.15231145376186,-1.96405442262085
-0.0191819237042624,-5.63303088105485,-0.727938382633929
-0.36091270760453,-5.22725987996733,0.401120325657881
-0.794701867426082,-5.02444697693744,1.46072006062901
-1.3827229160772,-5.08704764066736,2.49791904688861
-2.20356819545087,-5.46595243822549,3.55112111070577
-3.37330027838824,-6.20454752365223,4.61937429779559
-5.0549166639422,-7.28758492494742,5.59321511866751
-7.39359974707642,-8.48641593667969,6.10593890829278
-10.1841067175419,-9.07948525141886,5.3763514869014
-12.3512874693355,-7.98721618452852,2.62468500312491
-12.5966850843433,-5.23594316235037,-1.55404214658829
-11.122955634635,-2.5792581840296,-5.33466999447495
-8.96587022676349,-1.33661623497143,-7.62692991898618
-6.67029734371083,-1.36467064295759,-8.3721046404629
-4.47441461610882,-1.90290728915013,-7.97652255983992
-2.55150481134827,-2.39159688434043,-6.99179140675402
-0.968013314648853,-2.67247532209388,-5.8866035033093
0.302956982532036,-2.81589919864303,-4.94332549045622
1.33025579606184,-2.93690532690919,-4.28261139038778
2.18309029196733,-3.11630555668289,-3.93240149741972
2.91953813771659,-3.39904227376834,-3.87757151805425
3.578165039134,-3.81499444340843,-4.08962183113879
4.17098791414418,-4.39574392645667,-4.5301035265175
4.6688729804109,-5.18015638920621,-5.13916227930584
4.97900177690286,-6.19523373944547,-5.80212539544584
4.92662168942685,-7.39680714451726,-6.30422249447102
4.29557470672259,-8.57734591761247,-6.32314028010868
2.99830458306555,-9.35406579275491,-5.567643290291
1.26105965666862,-9.40214190929787,-4.04213261810537
-0.489982019951006,-8.77158578820096,-2.11200035510171
-1.97874925430366,-7.84263044621511,-0.211702377427454
-3.20336398697218,-7.00569362168225,1.40654933126982
-4.28788765263601,-6.46189532932204,2.65921424185952
-5.34053904184586,-6.21417366059832,3.52457563539094
-6.39240678537175,-6.12183146779557,3.96479428705113
-7.37442256461316,-5.94974816729494,3.92062699717435
-8.11617950326175,-5.44624925000542,3.36328432016641
-8.42282407562685,-4.47104799200102,2.38550704474276
-8.22309932914614,-3.08440187533537,1.20656921461791
-7.65609748395139,-1.49378367465042,0.0480521936858695
-6.99026725765305,0.0960243105079291,-1.00045325301194
-6.47793490016189,1.56989338197325,-1.98733602007735
-6.28190927675583,2.88187234376594,-3.02423255409036
-6.45259055400218,3.99564382170597,-4.22863197406014
-6.91517276340819,4.80769056830749,-5.69360359016405
-7.40512241662393,5.08229192586096,-7.42091807090557
-7.42344785723243,4.4633138117333,-9.1680037100339
-6.44284263918221,2.75655518344111,-10.3520136588213
-4.45764299834645,0.349939805889207,-10.4358641962889
-2.12685309965155,-1.9798444458863,-9.53326497656092
-0.133434044347576,-3.76290017656181,-8.24136259744298
1.25355040508447,-4.98929401221548,-7.02273308256589
2.05767344941813,-5.80298903224804,-6.01093611315098
2.39543789514816,-6.3102285970293,-5.14827917717218
2.39647751098815,-6.56236562544315,-4.33156726440997
2.1779985049749,-6.59029201427942,-3.48871063397516
1.83449389326377,-6.43630831083988,-2.59500936972368
1.42788035970032,-6.16720340835832,-1.65859316042321
0.98001042542965,-5.86436530018766,-0.695058478056161
0.477540190660808,-5.61269463296544,0.290009910389718
-0.12027427776126,-5.49384650354627,1.30713633359936
-0.877099944836452,-5.58797826944476,2.37771205370056
-1.88587900781829,-5.97838910671434,3.51781912068944
-3.2851834213482,-6.73991140166127,4.70010909546098
-5.2694509408102,-7.87077545409426,5.76046790512493
-7.98285401562203,-9.07378394530909,6.20047522880708
-11.059211482362,-9.41748640778318,5.02750713082117
-13.0774001277735,-7.75089902132525,1.50671284686121
-12.8148034404698,-4.68580138437183,-3.19434620054509
-10.9343580820522,-2.45066062492387,-6.95302773770996
-8.50337234129898,-2.01964346039484,-8.84197255231864
-6.03743328226815,-2.70581582097103,-9.01243475428885
-3.86748916834273,-3.51281851837367,-8.08434348744557
-2.15171940954286,-3.95355256105738,-6.71777320553559
-0.85445376674049,-4.02192263411453,-5.3523293727441
0.125647916697461,-3.88623214886284,-4.19853652903614
0.879744470265606,-3.70293965159967,-3.32119781171447
1.47202505465071,-3.56109071037909,-2.71412830425103
1.9495896424226,-3.49492913377139,-2.34285674158162
2.34946101654736,-3.50683054098694,-2.16497563450018
2.69900529857778,-3.58859050623316,-2.14598708713907
3.01902382654334,-3.73068625084132,-2.25771462561425
3.32329453304799,-3.92916355405944,-2.48098363425419
3.61883922906133,-4.18692168095475,-2.80088201438579
3.90410075326726,-4.51431814316356,-3.20307025290109
4.16545286875186,-4.9263412677104,-3.66619006209834
4.37148766852039,-5.43685658893309,-4.15273946579731
4.46858918038876,-6.0441385015454,-4.59715834361002
4.37963370405094,-6.71086993025215,-4.89528074118815
4.02869323482494,-7.34105570891136,-4.91548916445624
3.38265598174903,-7.78808721714637,-4.53848905599953
2.49742683192928,-7.91643631809741,-3.72760661918094
1.50235481260565,-7.69397916554087,-2.56454961225122
0.517218343677427,-7.22840296718836,-1.20393459043972
-0.422045068248494,-6.71625072195586,0.209599871658752
-1.36766967117786,-6.35461519160627,1.59111297168567
-2.42112276600237,-6.29003248753396,2.90266578729228
-3.70714355486717,-6.60221529943751,4.10240459034677
-5.35204356777719,-7.25675836381347,5.06886122265857
-7.41333803727622,-8.00127379039566,5.49361214988112
-9.6461970021172,-8.22547288791982,4.8363369145279
-11.2557498934889,-7.1693545732773,2.68916728601972
-11.4104703485392,-4.82716253407294,-0.453801434159457
-10.2607666050463,-2.25636285258713,-3.40527363653517
-8.59878895120801,-0.419491915619982,-5.451338903075
-6.91528230360931,0.489633037780349,-6.55315313967688
-5.32021548190622,0.726256263023201,-6.90858306248436
-3.81797653973083,0.612939431367391,-6.74766437820257
-2.42347100956295,0.37218973909085,-6.30130647347265
-1.15244785841755,0.0962009094222866,-5.77422576286243
0.00225017759278326,-0.213475278998864,-5.31998609950114
1.07231055410901,-0.597535193424876,-5.04061818394181
2.10406339733109,-1.11226665513568,-5.00346934900808
3.14247809991727,-1.82758787081824,-5.26172349648826
4.20779342232455,-2.84256453285347,-5.86435677401521
5.24599019876341,-4.30352629446875,-6.83109175361241
6.01434835468601,-6.38517385542723,-8.04808015238192
5.89263263057085,-9.08765849600099,-9.01707679270178
3.96015667127058,-11.7063195541616,-8.69453234373824
0.116157674203778,-12.7992128443467,-6.44162369130342
-4.05927768437509,-11.870277484204,-3.50422452745982
-7.00207063070919,-9.86680632944002,-1.67168441053716
-8.3148412874375,-7.57156426289502,-1.32036780898215
-8.27850156706122,-5.29634249889332,-1.78062614662036
-7.4312817055935,-3.24683248491017,-2.3429493761511
-6.30439218370592,-1.53590945280031,-2.70231725288557
-5.25519929658906,-0.161781967317637,-2.87316897974402
-4.45759592711223,0.937241280388348,-2.97286759644669
-3.9662638187164,1.83322563485048,-3.10036463450938
-3.77566258969459,2.59034792987962,-3.31246872148257
-3.85833888090032,3.25630905880533,-3.63977241404405
-4.18038838299904,3.85691914821865,-4.10793679066853
-4.69708893440573,4.38734528434547,-4.74957210634575
-5.33097458569165,4.79611848696397,-5.59852942678049
-5.93617242107723,4.96346085076406,-6.65840438389718
-6.26211701657191,4.6995627672817,-7.83040811171669
-5.99620061363672,3.83238826568912,-8.84260820979759
-4.94971685304456,2.38828193480488,-9.32267690673162
-3.27124610409334,0.681959752908926,-9.08496013208349
-1.36031640784089,-0.915792070886667,-8.32313427518851
0.429019394623209,-2.25436251637006,-7.43559280089163
1.92616905674275,-3.4007343364819,-6.74190364530597
3.07857994620203,-4.48412274965955,-6.37109218153983
3.85288787533417,-5.59305329047887,-6.27828330420722
4.18046856009127,-6.73152450699356,-6.28220438093688
3.96732232295808,-7.78645140433305,-6.10638141171004
3.1831004959043,-8.52897401572545,-5.47787537030855
1.97021692487171,-8.73285598671701,-4.29219712097394
0.616350138930155,-8.37169455296885,-2.69863352611453
-0.639456212784553,-7.66968574514038,-0.974928140672618
-1.7412793217501,-6.94889360594301,0.65845078863368
-2.77329718998222,-6.45842198322918,2.0989438640782
-3.85840742676386,-6.31553541264323,3.30807254125306
-5.09809290789761,-6.50283193903041,4.23521434584391
-6.53264882440553,-6.85642673453857,4.75263012150545
-8.06185701087656,-7.0361523662939,4.63221053890948
-9.34433307021854,-6.58834649007666,3.65841210543498
-9.89978548609724,-5.2479123185973,1.91008046037713
-9.53354734316687,-3.25213456741034,-0.124381798461551
-8.56483151239657,-1.15336718587761,-1.92979763230635
-7.4933140252259,0.63567328440166,-3.33387606675468
-6.63177615376563,1.97386191358965,-4.42887829358749
-6.04541279968432,2.85933388822878,-5.34315270235783
-5.63853845069603,3.32191697538523,-6.13916150049796
-5.24677538754071,3.38987407158428,-6.80104181341466
-4.71004554651228,3.10467652350447,-7.25856792461589
-3.93354120194281,2.54846628727662,-7.43636535533728
-2.91872988094634,1.83902960046939,-7.31523536099226
-1.74012072441022,1.08447029426955,-6.96491313791917
-0.488253972207725,0.335408402749304,-6.52384530214946
0.774739489493896,-0.427205052912862,-6.14979496472644
2.02540965940453,-1.27308936050756,-5.98342672111571
3.25706952772092,-2.30168306164268,-6.1317781671773
4.43461449838178,-3.63966739135894,-6.65927866814795
5.41095967554941,-5.43692724060353,-7.5322430244189
5.79054573692934,-7.77002560119094,-8.45900590151388
4.85777216706582,-10.3182070345005,-8.6874385574028
2.11919471350694,-12.0316319882233,-7.32556539894706
-1.64337665202453,-11.95477124784,-4.62526333182954
-4.89979403890089,-10.4739548900982,-2.09418254817274
-6.88984178677618,-8.49937007786695,-0.728803027516888
-7.63846314325288,-6.4618144224252,-0.437482864831416
-7.46567137511004,-4.49718827033027,-0.68473321784181
-6.77688194101851,-2.70369821126474,-1.040453893996
-5.94421188160362,-1.14216380710219,-1.33778113118618
-5.22337005860185,0.187108794319474,-1.59159719056476
-4.75157564990954,1.32797659210379,-1.8763637907686
-4.58730469730607,2.33974355992026,-2.26371599473797
-4.74935708437423,3.27536517200087,-2.81507817841374
-5.23800181809621,4.16059944285841,-3.59921643469016
-6.02102218508077,4.96226426392596,-4.70689648645774
-6.97169132595663,5.52787953242657,-6.23119034226283
-7.74601722540677,5.50188158799456,-8.15346942035127
-7.70897490602137,4.37499041111284,-10.0810537419494
-6.31750833014259,1.97117162888385,-11.1768694129303
-3.90460311355283,-1.0131684608713,-10.8883345682495
-1.50788104063513,-3.58226408294499,-9.60727216751774
0.167008125933902,-5.31971825786682,-8.05069409046677
1.03551657312933,-6.29443343072774,-6.57044855374795
1.30793952436917,-6.68271233036451,-5.20532943671655
1.23507847009259,-6.64959071026467,-3.91740813288465
1.00291431899521,-6.351605401913,-2.69259983256737
0.708269607557895,-5.93897433354626,-1.53689302373438
0.373269273610353,-5.53986918153964,-0.45054747422495
-0.0252660901202799,-5.2526408326688,0.584277739146433
-0.534435657718352,-5.15261207248431,1.60169977408548
-1.21755432094994,-5.30309266117891,2.64184212789703
-2.16533259099563,-5.76915392457283,3.73277911327388
-3.51362922708068,-6.60511365528525,4.85260811018377
-5.45245798936944,-7.78566431940698,5.83716186125789
-8.11048851392024,-8.9883709898462,6.18718827961359
-11.0901332641447,-9.2791755270381,4.93499763169227
-12.9822939668929,-7.57569287631818,1.42354635343753
-12.654279590655,-4.540009337246,-3.15854365999377
-10.7853034646203,-2.30985019761519,-6.79247763031596
-8.40118683250295,-1.79931961286509,-8.63031974649444
-5.97564968685382,-2.37723432691554,-8.82652876572661
-3.80501410955161,-3.11784243281915,-7.96522279188737
-2.0475884607229,-3.55608134251465,-6.67721239531557
-0.690322974029529,-3.67440268311679,-5.39590234852403
0.351216663777754,-3.62145786167405,-4.33276189034178
1.16246527881399,-3.53570848971883,-3.55500034685452
1.8108024937538,-3.49585720129641,-3.05747101128306
2.34792356719282,-3.53246499235164,-2.80696813942751
2.81263349449937,-3.65162619151178,-2.76601475687544
3.23248645291872,-3.85286028676675,-2.90159524566461
3.62346939104898,-4.1396094118261,-3.18658530959596
3.98795797257077,-4.52335995377232,-3.59510314386962
4.30957789171365,-5.02230732257875,-4.09320521461601
4.54542997982498,-5.65140382119467,-4.62400562185341
4.61685531930746,-6.40199248249464,-5.08886123888883
4.41933568585664,-7.20455546580576,-5.33796310964449
3.86056020322656,-7.90517966884141,-5.19274986771734
2.94040665074715,-8.29839732089949,-4.52958245606927
1.79387725840785,-8.24931545143233,-3.37658229601626
0.615147016810606,-7.8086166054848,-1.91336141995362
-0.478836278699153,-7.19147032698462,-0.356367027612591
-1.50212241734065,-6.65196554566936,1.14568372475872
-2.55241352729786,-6.38362162576808,2.52296080972333
-3.7515061791468,-6.4797977019496,3.73422597631943
-5.2114661005508,-6.91596756191966,4.69029874192679
-6.98053756552343,-7.48494529431259,5.17254339672715
-8.89238118068078,-7.71487474503957,4.80037211719596
-10.3904957912907,-6.98572334635583,3.24722194127133
-10.7865855834411,-5.10124057704712,0.756454264395491
-10.0130725975176,-2.687313688209,-1.82637164388348
-8.66654015991919,-0.570428285449478,-3.84405076455407
-7.29891312549974,0.874277581498196,-5.18824609460376
-6.1001820034626,1.66654938851639,-5.99921381943784
-5.04024684181615,1.96424523206158,-6.41248433222718
-4.04214391022723,1.93887629166484,-6.52124901417201
-3.05945134515293,1.72911761517905,-6.40333857724493
-2.08137986976699,1.42583688242466,-6.14111140272588
-1.11183451242959,1.07136612130219,-5.82348128205531
-0.149759811678718,0.666317558138095,-5.53555106238595
0.819639513065707,0.182401438004782,-5.35326821418034
1.82338904403426,-0.430055570883115,-5.34728280628948
2.89091508432559,-1.24207085515091,-5.58934201521448
4.0334948243085,-2.36279705036051,-6.15948079096417
5.1898342897229,-3.95384209848543,-7.11371506826715
6.09724989838404,-6.22216901000661,-8.37560781079965
6.05173424573124,-9.20678624866196,-9.43473405123343
3.94901114157723,-12.1398994618093,-9.10498198389071
-0.368193729185085,-13.3437307616783,-6.6510135135407
-4.99705282678099,-12.284435858461,-3.65139576773498
-8.09932364513922,-10.0646455525781,-2.18103547742248
-9.24463532743985,-7.53991108349232,-2.41626389339755
-8.8479462175721,-5.14766220470722,-3.32616243050066
-7.61878743308935,-3.17942866845567,-4.04058451729963
-6.15605678224331,-1.69147417471129,-4.29836704399979
-4.79759084947252,-0.586587658414438,-4.21086952449207
-3.68301506246702,0.247450242582729,-3.97154544593594
-2.8430087271587,0.888662120713382,-3.72355496921778
-2.2536488236626,1.39006779992306,-3.53847580142992
-1.87477298032117,1.7889452767448,-3.43753635966499
-1.66238907768191,2.11540803728141,-3.41491891702318
-1.58032555958731,2.39233008899898,-3.45611376180348
-1.60067705601171,2.63715340846921,-3.54618015061595
-1.70371667418014,2.8626391991774,-3.67379599670127
-1.87608704472253,3.07776536800187,-3.8324020850434
-2.10885319544793,3.28816323262164,-4.02034433972108
-2.39478347308349,3.49599986845053,-4.24022669250554
-2.72680552491163,3.69895900926124,-4.49905911960547
-3.0925249217212,3.88870884882245,-4.80506984296113
-3.47165513135166,4.04825922192912,-5.1663216758402
-3.82972400832406,4.14986170811623,-5.58404670766102
-4.11323591295633,4.15412624421321,-6.04432233311977
-4.25137053452797,4.01726172563523,-6.50756007855049
-4.16673599987145,3.70458680964551,-6.90568437359414
-3.80037653356687,3.21163365457844,-7.15485142155045
-3.1432624092622,2.57738782399251,-7.19245668803948
-2.24138363839385,1.86666991155438,-7.01403749902481
-1.1747065513858,1.13351165117657,-6.68736944093006
-0.0182052985419479,0.388842754974987,-6.33039516007415
1.18143141728679,-0.405257194273784,-6.07565040090356
2.40669847215574,-1.32582273091248,-6.04760072398889
3.64285439629809,-2.48103998419659,-6.34925532024412
4.82374367018104,-4.01651066856285,-7.0401466739137
5.72264497471289,-6.0938609345233,-8.04029296204983
5.78068790291378,-8.72795636631463,-8.9111856572287
4.14817318829706,-11.323990315664,-8.68517404551731
0.631551992612475,-12.5600475350306,-6.63624323588282
-3.39387738919254,-11.8317665227726,-3.72345041661178
-6.38438038385246,-9.96732336190901,-1.65850366259868
-7.87056078415231,-7.7832286864865,-0.991497748509547
-8.06197555167278,-5.58966134171912,-1.2229650371028
-7.41823585988005,-3.55650394106301,-1.69697556172373
-6.4321100622308,-1.80058311511005,-2.06853016157125
-5.46979030198935,-0.346702289181091,-2.29927075927549
-4.73230379349426,0.84533156260538,-2.47743813271022
-4.29826013342119,1.84097871003988,-2.69564702625927
-4.18127107269055,2.70344574974186,-3.01668590051885
-4.36577075562516,3.48012691293063,-3.48402876059084
-4.82458364776589,4.18857068008126,-4.14423383695034
-5.50031960543631,4.79760623853692,-5.05293402751921
-6.26625852363061,5.19103720946624,-6.25751906533354
-6.85569733210409,5.13401944604027,-7.71432591469747
-6.84111808956087,4.32108020167373,-9.1486510973855
-5.84966918910763,2.64365088353421,-10.0318038595638
-3.97503056673728,0.471351812161027,-9.96133929187797
-1.79285152821972,-1.5879451099625,-9.09390217120176
0.143046354565443,-3.21095494626236,-7.95314720038742
1.59594414832512,-4.42855384304075,-6.94371918968083
2.5419991457099,-5.37506135340478,-6.19168404492586
3.03053542941668,-6.13550104783468,-5.62619394858343
3.11826943774851,-6.71550998707097,-5.09963546158056
2.87734176477083,-7.07452647149127,-4.47236234440541
2.40137827768513,-7.17186861857099,-3.66704139448083
1.79759667856855,-7.01593819218967,-2.68537482059339
1.15048335740153,-6.68166766883412,-1.58239001953869
0.492035868395761,-6.28962174031993,-0.420609773546654
-0.200759576880677,-5.97197770013612,0.760249218082269
-0.992034431887287,-5.84974022205063,1.95056853866782
-1.97414142974111,-6.02388414645392,3.15284286316973
-3.27139296442789,-6.56888794263998,4.34388471227306
-5.04344712963904,-7.48317780101283,5.39839942285898
-7.41685606996155,-8.53416630246883,5.9405870999172
-10.160083061438,-8.99789868219296,5.21311460190419
-12.2226207736902,-7.84006413935636,2.51833737419164
-12.407118602752,-5.11670845622211,-1.50961939163452
-10.9518671708473,-2.47990337231679,-5.13571801961137
-8.85655481127593,-1.16267183481726,-7.35376661299241
-6.63949868907445,-1.05896022251625,-8.12173477848835
-4.50564327742532,-1.49005499126631,-7.81200847254825
-2.60481405505401,-1.93494636554688,-6.92925517256544
-1.00744145772383,-2.22698765329983,-5.91551649926437
0.302048141671649,-2.41622129823829,-5.04934930767672
1.3816376682517,-2.60287804578951,-4.46063747060948
2.29795412393185,-2.8645526578221,-4.18755126863713
3.10767111044562,-3.25113077324122,-4.22447943175451
3.84449541902152,-3.80524735166905,-4.55022622453475
4.50534676050555,-4.57624978912262,-5.12380758847568
5.02206805154101,-5.62092045881745,-5.86175694983241
5.22374211652586,-6.95441559173017,-6.57669536133257
4.82857756330388,-8.43657281948931,-6.91984400130655
3.58843650953959,-9.65476988298622,-6.45120748666941
1.61670657131206,-10.0815571056252,-4.98709822544608
-0.542304705033286,-9.57021723393312,-2.89356173419921
-2.38446940771695,-8.51393169883516,-0.790090969024997
-3.78666799730379,-7.41888629181778,0.924080896035585
-4.86141075441043,-6.55103087786075,2.13884872352918
-5.72702103914685,-5.92814413698561,2.87172401987925
-6.42830185774295,-5.42779645774983,3.17359991795233
-6.93964110464165,-4.89260623043104,3.09971856932679
-7.20692154868483,-4.20117731148057,2.7272152918308
-7.19930617207556,-3.30930757556351,2.15962316614875
-6.95181365439885,-2.24990992929029,1.50381006694326
-6.56611851103789,-1.09247863560184,0.828418304145405
-6.17862514401482,0.102114607489249,0.141950353970159
-5.9223099977286,1.30483749821165,-0.599235297935994
-5.9135844769168,2.51231312113815,-1.47455569347441
-6.24368961028431,3.71972169802996,-2.59096881012657
-6.95931884446067,4.86742243144877,-4.08959968014467
-7.97292400436598,5.73437354833362,-6.128999921843
-8.84472549230182,5.77200736744745,-8.71943143474772
-8.62521113931705,4.15339202760634,-11.2716511322937
-6.60389432146607,0.690548959581323,-12.4896617798488
-3.70897396455083,-3.27776093851328,-11.7764800310287
-1.61473192228717,-6.24361856663393,-9.94010563602145
-0.883691144675202,-7.74627321064055,-7.79036578888812
-1.05715622618985,-7.98216613571232,-5.62990723881618
-1.50170870549215,-7.39150221778489,-3.61552778490616
-1.87162743477729,-6.44933831185445,-1.8602256657596
-2.11652902751959,-5.51824396140065,-0.394605411628216
-2.31641784752684,-4.80256413034118,0.817342450206521
-2.56107095142232,-4.38814818396872,1.83733805582031
-2.91446265584317,-4.29315350799627,2.72857302247835
-3.42467195090606,-4.50763781113077,3.5374148321708
-4.14438652051783,-5.00600106878687,4.27862767386463
-5.13811946537271,-5.72855530223753,4.91089098139421
-6.45611951209966,-6.5304058817271,5.29411331770788
-8.03364947605022,-7.10046973981161,5.15043838203765
-9.52613855994086,-6.95468086766347,4.14205954107558
-10.3291272177515,-5.73192604939655,2.21097594281071
-10.0761160311961,-3.65611138070012,-0.144598139689101
-9.05208023324335,-1.42064065943694,-2.25889341652521
-7.82954300835441,0.426286324285304,-3.85144438384156
-6.76740082469447,1.70663219666234,-4.99087453924482
-5.93071117422347,2.44976206432,-5.81250298886659
-5.22491758044989,2.74732644590192,-6.39118361747519
-4.52405781254151,2.69683544032116,-6.73890608783194
-3.73999138855712,2.40261699124399,-6.85108505217487
-2.84610078421458,1.96447551845985,-6.74513866258904
-1.8619762434377,1.4587781760878,-6.47781314910327
-0.824179279735114,0.921938348333185,-6.1414849432612
0.242618723210631,0.345534071282356,-5.83983916649836
1.33496266372064,-0.31379873161245,-5.67334951477827
2.46517645598536,-1.12689455650427,-5.73625337902668
3.64039272803532,-2.1934969814216,-6.11588726933989
4.81728691256378,-3.65751983745181,-6.87801357684128
5.79899213064314,-5.70215333026012,-7.98175865486121
6.04266258168558,-8.41388508664162,-9.05320998401113
4.58856742959031,-11.2947409648178,-9.10971996975733
0.972117424252938,-12.9159367836133,-7.19721480791497
-3.45587324754044,-12.3689709991357,-4.18142381401635
-6.82892782990137,-10.4512792214345,-2.07974657681947
-8.47323308357233,-8.10482715551754,-1.60239359888574
-8.59197149625766,-5.73868077653178,-2.10953156096091
-7.74825849557737,-3.60870818246503,-2.76548243677397
-6.53193820799529,-1.85569235187985,-3.16865203518438
-5.34823207293591,-0.475515923489258,-3.31163832965136
-4.39670244815184,0.602328894422906,-3.32725324958898
-3.74033636888388,1.4572756898002,-3.33557703915562
-3.37374669003443,2.15638660946176,-3.40383576663432
-3.2658725939322,2.75188977910812,-3.56012733970411
-3.38154503283536,3.28063469216563,-3.81620879361461
-3.68790005489931,3.76261424550286,-4.18438626979978
-4.14743494712619,4.19694572211459,-4.68373221089453
-4.70581115803069,4.55221672678369,-5.33832995660626
-5.26724394894085,4.7538844640793,-6.15791001475827
-5.66991706095346,4.67886141566447,-7.09731134713658
-5.68988677719746,4.18774310926274,-8.00507255886267
-5.12516717708786,3.22323880507521,-8.62418370226439
-3.94782028177018,1.91384398942877,-8.72717992940966
-2.35877141356373,0.522293785675849,-8.30639137526317
-0.651247916122455,-0.749843206169509,-7.59914853796888
0.960364525166511,-1.87852683654256,-6.9201873814261
2.37775452797551,-2.96044692189818,-6.49967271434969
3.55417134768973,-4.11965825421275,-6.43489858147714
4.41670561236391,-5.45119826770184,-6.67950082868506
4.8014396315304,-6.97072135891906,-7.02232628788311
4.45447179031498,-8.51492195922733,-7.06602553238939
3.20490852733656,-9.66440542767398,-6.35490677356241
1.26697321140732,-9.95614066886399,-4.74674991683169
-0.784400438340171,-9.34799516639711,-2.63216190238486
-2.49946028034624,-8.27737976272073,-0.58158896820203
-3.80451108676876,-7.22121283799628,1.07201463711603
-4.82184312473672,-6.41308181504246,2.24740701779071
-5.66672254567942,-5.85390666800019,2.97064549442506
-6.37697769728421,-5.42015278672741,3.28164003251353
-6.92154876751993,-4.95093156234971,3.22237508494337
-7.23629696279723,-4.31625469307308,2.85644082926418
-7.27567085313273,-3.46240978536128,2.28003900605559
-7.05791652181699,-2.41677200908127,1.60175488013922
-6.67829360803185,-1.25409085693503,0.900465190527412
-6.27415345421548,-0.0440724469762558,0.194323005193067
-5.98622881241962,1.17510066898851,-0.555460069685581
-5.93592488206747,2.39475580081624,-1.42590583049828
-6.22054708384252,3.60945171470073,-2.52356444577482
-6.88943058213341,4.76560224503957,-3.98466499939725
-7.86932510472365,5.66126937556513,-5.96578216078226
-8.75817283948465,5.78564703390758,-8.49629931349368
-8.65119583555818,4.33550746065181,-11.0550326362724
-6.77807451410328,1.03747617050353,-12.395844034944
-3.90542353160033,-2.89429410972415,-11.8234862772909
-1.69018517370774,-5.93356607602013,-10.0632984214962
-0.805580066135442,-7.55293016776793,-7.95630689737431
-0.874251663931868,-7.911637497066,-5.82595298931863
-1.28025866012429,-7.41820088562692,-3.81949995858846
-1.65333952054643,-6.5331285998977,-2.04905465513721
-1.91545281873662,-5.62411978190404,-0.555052259978728
-2.13309837413477,-4.90968324797114,0.689617351915358
-2.39390912446271,-4.48767152380004,1.74343472066737
-2.76441107225841,-4.3855141596287,2.66907358462483
-3.29764194178776,-4.60121826697422,3.51395271026688
-4.0510288330437,-5.1131044802419,4.29417898462261
-5.09766326368974,-5.86551347412245,4.96571759013639
-6.49644895954122,-6.70847749178352,5.37606102830677
-8.18051898179784,-7.30509642860856,5.21528005983563
-9.76651719464616,-7.1242972770859,4.10692859885547
-10.58265794989,-5.78377170000295,1.99835575603453
-10.2533652670058,-3.58116354197098,-0.526680350691209
-9.13003222401308,-1.30492132736531,-2.73264814534442
-7.82186976926249,0.477235228561051,-4.33518027962083
-6.66611087663292,1.62454032736612,-5.41635076299798
-5.70027104691211,2.21347708840233,-6.11495008042773
-4.83320030274218,2.37722424971548,-6.51335796001519
-3.97068267281005,2.25014334503502,-6.65285941849096
-3.06526469572244,1.94886488076679,-6.57328425149184
-2.11373284709169,1.55844467253162,-6.33555277722231
-1.13310645267309,1.12290503376459,-6.02282976629642
-0.13604526821475,0.644414113620802,-5.72492840427523
0.880751967030693,0.0922977408440948,-5.52902439948781
1.93545520055451,-0.587922255109995,-5.51646588111898
3.04987023470698,-1.47684264099063,-5.77007931824904
4.22144609077961,-2.69089712596208,-6.36916313221562
5.35952952789576,-4.40196362202489,-7.35565270197326
6.13502913401894,-6.80024742732093,-8.58939203884336
5.75765534933281,-9.81108557195435,-9.43018331612723
3.21015353477648,-12.4524078558502,-8.6614403922005
-1.22992824275579,-13.1398962028167,-5.94522815983869
-5.5314776611344,-11.7776454340386,-3.13138552614374
-8.20023594181338,-9.5057025646389,-1.93597625107076
-9.03374778558767,-7.02745916153896,-2.2415845402521
-8.50239161254772,-4.70725573882166,-3.05608483806775
-7.28155785374268,-2.78340668455072,-3.66056817150468
-5.91095457766702,-1.29823775817703,-3.88077090819471
-4.68861566942495,-0.171717676960703,-3.83730300877834
-3.73088083523487,0.692002123023758,-3.69644021659649
-3.05516554835242,1.36779778778907,-3.57029113003247
-2.63523608185198,1.91118706267894,-3.51031184377537
-2.43224547441091,2.36433700649887,-3.52967546166968
-2.40793949199318,2.75973820527351,-3.62432010202096
-2.53356056188072,3.12037856414559,-3.7885430318835
-2.78649637606709,3.46119206706291,-4.02099943066363
-3.14843269251293,3.7876679699721,-4.32851592793726
-3.59761888363929,4.09315631155841,-4.72479452918825
-4.10059017126223,4.35297159460506,-5.22740521622074
-4.59738819667917,4.51825121408383,-5.84400243953803
-4.98753723740361,4.51036198869127,-6.55257084605962
-5.12979609774634,4.23748620147764,-7.27032116076651
-4.87454013144683,3.63644589543619,-7.84517661342854
-4.14294892509956,2.73696938252505,-8.10557221757342
-2.99132233162736,1.6727927457324,-7.96847503766138
-1.58695701205857,0.600296414065831,-7.51443998783719
-0.10853919832223,-0.406573791517989,-6.94898331895326
1.32944726025452,-1.38168771632323,-6.49503699270789
2.67393072120764,-2.42454634229297,-6.3236000902642
3.88569002900211,-3.6566102239787,-6.52128366251657
4.86366293722582,-5.1980150355282,-7.06567852555011
5.35249224611808,-7.10830043541842,-7.73927983386805
4.89234500254469,-9.2014190708548,-8.01302262708223
3.09082380899786,-10.8182464922799,-7.18298804885685
0.267132545972461,-11.1668187419314,-5.09079777517295
-2.5574652682653,-10.235485374283,-2.55668667560504
-4.65311357790095,-8.726821036754,-0.520634095446901
-5.92526411542017,-7.18806135645844,0.69251912292694
-6.53350543867755,-5.77093635483953,1.20685930562255
-6.65606486408732,-4.45390307024047,1.27628535423821
-6.45366604094276,-3.20958400777182,1.11777638415607
-6.07864974865943,-2.03640251542956,0.863413831530293
-5.66765821040654,-0.936585165802708,0.563602297266098
-5.3280321651624,0.101425111809226,0.212114136110703
-5.14057586841339,1.10660131725959,-0.22767306120567
-5.16993979319913,2.11889833212939,-0.809595140281881
-5.4788527261581,3.1759688353773,-1.60782119941654
-6.13159370762158,4.28872555217748,-2.73291551704473
-7.16157829392002,5.38285825430856,-4.35160617348666
-8.43996712112572,6.15894813605382,-6.65762257097407
-9.3692322294083,5.86555313628535,-9.61378865711053
-8.75705489051028,3.47285457079795,-12.3126062433047
-6.14298276109346,-0.884757099181542,-13.1527697146939
-3.26276593692477,-5.24825696785671,-11.8970943788251
-1.92889940518453,-8.04250329786653,-9.66450939118817
-2.14253756471012,-8.99969568938973,-7.19450429759653
-2.94029326648173,-8.55306256532622,-4.85484856964854
-3.56867244341004,-7.37186246183128,-2.89437425313418
-3.82044279291465,-6.01132642223797,-1.37066771122622
-3.80207140001765,-4.78505525013609,-0.211669133094554
-3.67823347292561,-3.82050439652851,0.677113299973558
-3.56427750297538,-3.14063191462436,1.37238419800298
-3.51445662136811,-2.72065229083299,1.93194840603506
-3.54358966531361,-2.5216783412955,2.39952154782228
-3.64976156330557,-2.50705682812277,2.8078738416097
-3.8281646462413,-2.64642742641,3.18067510085329
-4.07945153543377,-2.91712121878519,3.53221900321129
-4.41202538268521,-3.298639252796,3.86642393945906
-4.84121294129243,-3.76579648638427,4.17312332147925
-5.38399693699724,-4.27786331359945,4.42142864737247
-6.04260050014228,-4.76296658786137,4.55336962670696
-6.78036464301282,-5.10522230854968,4.48187651430681
-7.49138447677792,-5.14962900819746,4.11297128942992
-8.00421601351468,-4.7541035949393,3.40358756220399
-8.15428434709585,-3.87221112136816,2.41785489385697
-7.90265619801238,-2.60547055832849,1.31500253464973
-7.38037333989302,-1.14261550231852,0.241181424186725
-6.81525492553196,0.347247819757539,-0.761639187667345
-6.42324241194313,1.76862510892772,-1.75355960737785
-6.35276533377355,3.07761696857874,-2.84574910606404
-6.65772736605046,4.22407032888572,-4.1610102662761
-7.26182661554497,5.06836175346604,-5.80785624914541
-7.85538666095692,5.29404918106709,-7.78855106950455
-7.82289443452236,4.42693673367139,-9.77892869071781
-6.55678845668779,2.25188772527968,-11.0134505414165
-4.23004796725523,-0.625933461468289,-10.8937677085938
-1.79446233615345,-3.2079381289304,-9.71308109165733
0.000933921638619896,-5.00797841634477,-8.18968918636508
1.00706069221769,-6.06045285168123,-6.73050391858285
1.39668285131654,-6.53684529581685,-5.40330441531566
1.40623695611348,-6.5956838875458,-4.165870795773
1.22213482716332,-6.37704235738116,-2.98984594000271
0.953860806182215,-6.01576377154053,-1.87263255767901
0.639616062835134,-5.63264772546597,-0.81482638603402
0.269166328344942,-5.32502849477415,0.19620801961195
-0.194891548356042,-5.16865656104023,1.18907177008086
-0.808240558674506,-5.22890617925703,2.20208362971895
-1.64804720972558,-5.57068954755966,3.2697766172815
-2.83151896476832,-6.26136928236189,4.39647509711512
-4.53413677592156,-7.33029938014445,5.49086267518681
-6.94858691650263,-8.61851284315755,6.21036527094174
-9.97819407732857,-9.45115821526767,5.73552077929708
-12.5787051590193,-8.59473287018741,3.0472244122098
-13.1612613331673,-5.809467214215,-1.48365595779523
-11.7198302098377,-3.04772248706635,-5.76993932457163
-9.41001870081525,-1.97279939869813,-8.36269006678758
-6.91577279884012,-2.37306173333351,-9.10588493825334
-4.60717070992468,-3.2224491072228,-8.50053938098485
-2.71837007563998,-3.81765533644957,-7.23386512707946
-1.27533019624668,-4.00970415236126,-5.83803563122022
-0.186586550666795,-3.93366431781513,-4.59783737673301
