-1.54328769982384,-3.08657539964769,-1.54328769982384
-4.88503048271286,-10.6636665637892,0.650057004834109
-14.4273034257688,-27.0358814417671,17.1010702760963
-18.6317641061508,-7.80583839236811,49.4427605084261
-2.92622293249072,10.2189611267524,35.0763549167043
5.04992260068476,9.11356765134804,28.5001343253772
7.37179236795742,8.60698568993224,26.8035793817338
8.22645310491905,8.84501130363326,26.5438911403352
8.69916370503929,9.01314755272644,27.0183555580124
8.81400794153868,8.72287413939985,27.5630647463287
8.56335120129135,8.20513545641137,27.5689029421893
8.22358998531157,7.96331560740887,27.0282497792311
8.12419694572541,8.20152733288298,26.455963656431
8.35595186304289,8.70556462593076,26.3698127499344
8.71567972881633,9.02128742854908,26.8806671018756
8.85936506235243,8.81043034883101,27.5236797364184
8.63101911094308,8.2666842841318,27.6475506268475
8.25615879853523,7.93820079558966,27.1396494633212
8.09449551851921,8.11468016343904,26.4966941254415
8.29045921525791,8.63168459362189,26.299297938
8.6738866325074,9.03280283680156,26.7565294315331
8.88442454654866,8.90291695468741,27.4679830907657
8.69904260191282,8.3446390007005,27.7168791793863
8.29895238212994,7.9265828521436,27.2610293619634
8.07268454817399,8.02857017646584,26.5572229438911
8.2231178281357,8.54483931138333,26.242234534744
8.62094545912504,9.02755524057081,26.6252648033815
8.89911270393428,8.99279803308518,27.3890973662605
8.76864070024187,8.43757986065155,27.7715049962851
8.35316600596013,7.93105319048902,27.389341053751
8.06076080767291,7.94574692378551,26.6382205116942
8.15578095934033,8.44621305016968,26.2018269781869
8.55718327311659,9.00351312335669,26.4905313661119
8.90159705924452,9.07647161158122,27.2866592501307
8.8375867405555,8.54452249079009,27.807279389718
8.41842149195518,7.95306501074923,27.5219161635235
8.06039890780007,7.86901831785568,26.7398243555523
8.09064856154753,8.33752053063231,26.1815502751828
8.48341572160513,8.95918996803024,26.3567157657632
8.8901105053995,9.14986867495874,27.1610560571382
8.9033658188245,8.66375848399499,27.8201447825916
8.49428402450414,7.9951360852422,27.6546979387349
8.07306482275489,7.8012494617252,26.8615587740403
8.02972013377694,8.22080715023043,26.183771530951
8.40088198492938,8.8942069674689,26.227919512727
8.86304219154172,9.20841473290949,27.0137516795253
8.96306963360132,8.79273958564988,27.8059719761043
8.57970423007217,8.05858809982002,27.7837620889712
8.10018449701248,7.74563531177875,27.0024305688823
7.97565056141981,8.09878261598783,26.2114940682571
8.31113647717787,8.8083797339027,26.1088956669727
8.8197328769741,9.24860955507122,26.8473985627228
9.01358905138263,8.92798045603204,27.7611154457222
8.67308934418753,8.14512983234196,27.9034775184957
8.14285190974326,7.70531580732058,27.160780972985
7.93030187949597,7.97387453937501,26.2659067390927
8.21634710552263,8.70207397482583,26.0053397406603
8.7595726379402,9.26651510342336,26.6654822361216
9.0516543393159,9.06506606760441,27.6824944546216
8.7723709849016,8.2551806371582,28.0086912083578
8.2020170169764,7.68377385462925,27.3342719026841
7.89654970065372,7.84954744568806,26.3491965078197
8.11853801156354,8.57678355681027,25.9209300870247
8.68252926547383,9.25862578048634,26.4726463647413
9.07419783282368,9.19891830220084,27.5681950590622
8.8747336031906,8.38881089804344,28.0928462564361
8.27833370681221,7.68493222734692,27.5194716865582
7.87705646557258,7.72950148589622,26.4625018549556
8.02076491139696,8.43424361358993,25.8617204738407
8.58914839259699,9.22181551353474,26.2748223959348
9.07791820895755,9.32327457864821,27.4170519165046
8.97670238020309,8.54493161464234,28.1490808295087
8.37175342328348,7.71213235215569,27.7122448708924
7.87423341787671,7.61752481250613,26.6060950684371
7.92577722107159,8.27700204344099,25.8315940673011
8.48076540837569,9.15445635523074,26.0782924116959
9.05992659208872,9.4312769579218,27.229654117372
9.07423118518216,8.72118088725658,28.1704622899649
8.48173933203807,7.76879738830062,27.9074338807408
7.89032976660736,7.51752289700068,26.7796464054359
7.83722881413009,8.10836034715775,25.835524818377
8.35922691686356,9.05557045973781,25.890056621962
9.01816340232567,9.51635753043863,27.0084608068957
9.16253587762638,8.91367490650918,28.1497684634694
8.60701179175321,7.85887057072924,28.0977534882878
7.9283423207103,7.43509474406395,26.9823680719193
7.75809571648315,7.93168899486189,25.8762682672342
8.22719190248752,8.92490854725329,25.7185375971112
8.95086642109421,9.57142755470757,26.7575770630918
9.23647245349659,9.11683657290367,28.0805209985073
8.74529429588868,7.98479552695434,28.2756023704646
7.98987582312276,7.37450547765592,27.2120688787097
7.69254566917713,7.75144746438863,25.9577825763389
8.08759610664644,8.76402860880382,25.5703981167259
8.85721685720363,9.5900144648795,26.4831734731583
9.29004753864405,9.32276260267242,27.9564661734159
8.89327110281087,8.14865260790121,28.4314536949807
8.07703672871411,7.34182501152747,27.4656431827584
7.64432521755764,7.57219497759841,26.0823840789716
7.9443022337703,8.57494974313317,25.4541728665678
8.73727451751736,9.56623462266214,26.1935063493855
9.31791599656014,9.52227945511843,27.7741065946952
9.04639389233075,8.35119568135827,28.5543761163434
8.19123084672745,7.3434709035908,27.7383358695318
7.61766629762262,7.39927410904163,26.2521463516725
7.80175980263044,8.36105662951467,25.3777900140773
8.59227441246552,9.49555938902447,25.8988370630802
9.31491939493443,9.7048393814263,27.5318430841824
9.19834953641278,8.5913026292118,28.6311504365353
8.3329814232924,7.38615798699774,28.0235456940694
7.61686741012055,7.2386149698381,26.4681786198064
7.66435772388316,8.12648562129981,25.3474653452749
8.424642503554,9.375754173016,25.6101704876647
9.27516319790781,9.85644664819091,27.2302961798852
9.34216989338066,8.86510545113393,28.649584437396
8.50170177562464,7.4767358450749,28.3125893207065
7.64668688144884,7.09741455009908,26.7307982976611
7.5378931492446,7.87655822803766,25.3708815636
8.23783214989431,9.205748320759,25.3403153106194
9.19554871166993,9.96535831135359,26.8749490795003
9.46840771708744,9.16528655074626,28.5946371963127
8.69544918214416,7.62207570679405,28.594261535676
7.71114727563101,6.98283692752308,27.0387318922316
7.4275201420223,7.6167385775076,25.4529568927111
8.03641568365999,8.98683248211274,25.1022441071978
9.07330638922992,10.0183625058928,26.4747003810773
9.5667191043145,9.48010366229391,28.4530136639135
8.91027014743865,7.82914200889634,28.85316871224
7.81505110974228,6.90468728089382,27.3894126902292
7.34048790663821,7.35440912537597,25.6003156009794
7.82601806073892,8.72213477474192,24.9093344485692
8.90772676724068,10.0042214792752,26.0425924202601
9.62710309701754,9.79447025248103,28.2150444959162
9.13972298924745,8.10277051149278,29.0708291447956
7.96196128152169,6.87293775278771,27.7780562675663
7.28378800425195,7.09733127315122,25.8172194237123
7.61352755167436,8.41675836179503,24.7753207842782
8.69990500660207,9.91279738171655,25.5967515875377
9.63730656694517,10.0865416141274,27.8722525977468
9.37391889631054,8.4452386051068,29.2232964031128
8.15534252546817,6.90106143646472,28.1964992220397
7.2644422902499,6.85361291194374,26.1066623786196
7.40703412806551,8.07776558591724,24.7134877199189
8.45363594671662,9.73929525153041,25.1572760243787
9.58731789636282,10.3320124176972,27.4244119073029
9.59964901546657,8.85333033125955,29.2837313237052
8.39659972413319,7.00385382444494,28.6321364648612
7.29169416426726,6.63450500108967,26.4718443250776
7.21483615333086,7.71326407138344,24.7345939649844
8.17468337290162,9.48186955407063,24.7473301009512
9.46844936178614,10.503540044723,26.8790239588169
9.79955016077459,9.31631993749833,29.2215427187925
8.6844470495234,7.19751171317472,29.0666451658623
7.37506936952839,6.45327130953128,26.9136763835133
7.04706776098018,7.33284032831589,24.8501977253324
7.87153527029538,9.14284088365523,24.3933248231578
9.27498361936961,10.57347143286,26.2538940074121
9.95203779213614,9.81243316871371,29.0049313875234
9.01348104263276,7.49982597484683,29.472525983673
7.5239606509418,6.32541216771139,27.4306041752397
6.91584335145009,6.94792497689223,25.0715761434869
7.55451259635383,8.72975940035018,24.1194923509554
9.00573905796491,10.5184844590387,25.5771968607199
10.0332954780792,10.3070526039631,28.6071907618973
9.37179851554191,7.92680606000076,29.8106849562173
7.74922132321282,6.27356409526872,28.0171481763398
6.83544276570712,6.57211235367193,25.4089885766053
7.23639769626587,8.25364138750004,23.9511017858602
8.66422295486375,10.3211420765188,24.8871919675812
10.0182619520889,10.751394301641,28.011451736334
9.73870266093434,8.4876970512562,30.0283542646009
8.05972423364597,6.3257315097317,28.6608135143137
6.82061353102722,6.21966809698449,25.8700340713882
6.93298729625872,7.72931250846443,23.913498429871
8.25967768397569,9.97309116766726,24.2317119047395
9.88407826871031,11.0848781162798,27.2195024027083
10.0817718350834,9.17703712334351,30.056932037558
8.46097615847032,6.51798904742779,29.3378855031738
6.89157890593524,5.91159754158468,26.4633699796697
6.66115715671399,7.17326107564223,24.0273676227089
7.80694934195477,9.47904870082946,23.6609791551076
9.61359783773343,11.2400583392994,26.2604203710297
10.3556711965,9.9623011631698,29.8169586375604
8.95087547348058,6.89750313939569,30.0028201134195
7.070935513186,5.67524622979157,27.1941974034196
6.44327274802757,6.60531108107683,24.3161348748316
7.32653824875804,8.85422610095579,23.2291932905834
9.20193080985767,11.1595875003707,25.1945920101683
10.5039705530038,10.7715706264193,29.231274515947
9.51191723069,7.51282873989641,30.5809540275508
7.38606136349283,5.55325112571057,28.0620408542589
6.30540740906541,6.04696442160987,24.8006687105298
6.84444228636214,8.12472747083413,22.9886049649631
8.65726601950306,10.802989918719,24.1133282958575
10.4643154103039,11.484902745021,28.2479116762052
10.1008013583725,8.40475328962292,30.9484386248244
7.86374088504011,5.60736935227977,29.05261444829
6.28380698449506,5.5271190566833,25.5047830945551
6.39172860668095,7.32376881057184,22.9869018422767
8.00405124383591,10.1631403230282,23.1282548483972
10.1805749641832,11.9400156092672,26.8763442758643
10.6357707219956,9.56979580232976,30.924233593632
8.52513843337519,5.93402176273391,30.1197166460467
6.42296989236145,5.08333269175311,26.4502741449671
6.00607897366038,6.48810459661629,23.2686430121325
7.28222789796166,9.26836898502056,22.3614947433402
9.62257284918824,11.9694043494033,25.222964710047
10.9896388612259,10.9037793979701,30.2853012877527
9.36531805499248,6.66618801640564,31.1503249363353
6.78617668744326,4.78274717097703,27.6586114252464
5.73808472535178,5.65834108215738,23.8807225147323
6.54520793301603,8.18046812986475,21.9281922986772
8.80194676371904,11.4562803782426,23.4979334626587
10.9993489153137,12.1376625776269,28.838492881231
10.3163867751904,7.95509821708966,31.8973555257059
7.44940112755087,4.74510928058234,29.1328795292823
5.65675484034705,4.87986532849794,24.8726776422985
5.85738500227415,6.98021560058479,21.9272359504978
7.78016660199571,10.389575410456,21.9826610918994
10.5155479089306,12.8403004829328,26.5776353736902
11.1888071836592,9.85932922390695,31.9023916868781
8.48660580088034,5.19603406753252,30.8115468517416
5.86798863559641,4.22211058496088,26.3060602743698
5.29916003472612,5.75226111743623,22.44786261504
6.66247232095125,8.88203241196459,20.9640434009387
9.47929476794753,12.56667109469,23.8402308371577
11.6234832300929,12.077376018713,30.5188833784383
9.89916271171529,6.52531234299258,32.4204596987871
6.53474456804196,3.83055170513337,28.2505666209514
4.98436943947815,4.57664972849845,23.5843793362106
5.58270343189013,7.13219111673413,20.6764897817004
7.99282674235675,11.1475278461539,21.2951197997499
11.1720914686864,13.6556234822953,27.3379644283843
11.4234873462036,9.17345368941804,33.1303798608644
7.88271565182326,4.075347079673,30.7284989779932
5.10280202742546,3.5441153044285,25.4631859388147
4.6967919393129,5.35075965218291,21.2919336969904
6.30727384953457,8.85367945036998,19.669869267145
9.59984575065004,13.305224372206,22.9977081832411
12.2367844781075,12.805743594961,31.2390412166704
10.0582728546909,5.86409222798005,33.370748961733
6.01313466826744,2.87542689413512,28.2807625730057
4.22260077923504,3.69850579324041,22.9798608084989
4.74040333369276,6.24010236890652,19.4644773420369
7.21820993495296,10.6561522988668,19.3136930148528
11.1246323288412,14.7948403531286,25.5692443055352
12.4114857532092,10.5266769659408,34.036406122781
8.33998289349199,3.4669475583475,32.2055478153713
4.60638378242616,2.31600917892579,26.040885911222
3.62927754190006,3.80008995921925,20.9457383016809
4.76278685889999,6.85951203096188,17.9341103072568
7.91248723683825,12.0812294493257,19.0162877985608
12.2451873850402,15.6498964249074,27.7512944233613
12.2037884048293,8.40091241117736,35.5449082980692
6.99435208868964,1.95277856637049,31.1221529829925
3.56034727467408,1.74290605035237,24.5130751800977
2.95309829171626,3.36772095073638,19.4362460958055
4.25328084719689,6.48540509132612,16.3885694425924
7.63633760222889,12.2210239454525,17.4258499533482
12.6474496971986,16.8563899484353,27.3044726356802
12.8023394553892,8.36285271893126,36.8439776789708
6.69000249063531,0.862418674373893,31.6017105272327
2.75858626830027,0.639766274525831,24.3830416559111
1.84089079131314,1.85892000567684,18.891086012921
2.54162155409251,3.93298351326314,14.9959846871118
4.87256926795733,8.35308158296544,13.4369588250051
9.85551874638528,16.1805429243729,18.3736074703396
14.9536702781074,16.2665323563824,34.4424439967769
10.4038898567496,2.13060208693122,37.0911550526035
3.37294721081225,-1.42381098534047,28.2753038729984
0.517228426175116,-0.912760144510632,21.4741031299191
-0.324516665335495,-0.84443464914266,16.4425431780357
-0.862863095622839,-1.53650714442037,12.6523446904741
-1.92299070139653,-3.53246623205026,9.98820685305813
-4.58830715861381,-8.66137378319701,9.34155014997457
-10.7357411321191,-18.8231526010302,16.5773977176104
-16.7206509787146,-16.5639343961244,38.6372041679093
-9.07744636768373,1.84322616678285,37.6354377792435
-0.932483117486255,4.05732577232243,27.533530901388
2.17150214113157,4.14293795612122,21.4099147443599
4.10829764010079,6.37300019490719,17.8385658282812
7.21970239082619,11.3003866933522,18.0515874508799
11.806144632718,16.0057460949627,25.9405761293429
12.8535877046984,9.89261257466751,35.6262512720325
7.67165803113272,2.06257401449615,32.2532530909062
3.6349411196516,1.30791685721332,25.3299060521649
2.62325074099953,2.69284585501269,19.8845183849937
3.53793942436483,5.30812743673467,16.261854302794
6.38608542460512,10.4525507390506,15.8433913454006
11.4983182790433,16.9335290815538,23.4184580197633
13.9513329740618,11.7431702226733,36.4098651203046
8.24366575415319,1.35488240618174,33.8795169436848
3.11151938537153,-0.0105101991701761,26.0773312831719
1.4596070303914,0.920187568685216,20.0359809932575
1.56856617305773,2.23591797871506,15.5371962292409
2.85340579181711,4.8898700418322,12.5648188684236
6.11031644591711,10.8683715483904,12.6705235553839
12.3950946882676,19.3165355284528,22.6425637903431
15.0911371603021,11.1455024186575,39.488421384362
7.14094139241887,-1.3755368373179,34.2316145273131
1.23005577698964,-2.19614398265962,25.5489041525732
-0.83828326766714,-2.08251007799319,19.566309962981
-2.01352731722338,-3.37810772839315,15.3247192408385
-4.04297588117102,-6.9888425437703,13.0819814550752
-8.42967002843749,-14.3642315288365,15.8812588413747
-14.4800363258917,-18.4842297597675,30.6431195537216
-12.2866476882574,-4.58357951260544,38.7765894122563
-4.45862716542325,1.60100687949306,30.2115724779694
-0.684938125455585,1.29885500735554,22.8345547877303
0.500630285004597,1.23838060547448,17.4879871010518
1.2548296157279,2.18700926737289,13.5220159584402
2.70230091556194,4.87313405124874,10.9499168041508
6.18673826278793,11.3271600760552,11.4869442002415
13.0213677311344,20.4698596547458,23.0379819411423
15.3292043297237,9.99732111618147,40.9165034034285
6.30638587110715,-2.60620825591089,33.898786826629
0.328013951594982,-3.07460396639636,25.2225858731083
-1.85490963893152,-3.3950967998683,19.5804228167981
-3.57410226382697,-5.76644942334211,16.0723729090304
-6.75459003002302,-11.1103514940909,16.106606270342
-11.9957629889027,-17.2168493281577,24.6950817175271
-13.7022858892492,-10.515317418682,36.9458544101614
-7.60624125851635,-0.927735029013392,33.1316846918801
-2.82938556534076,-0.043676145122225,25.4345981030092
-1.40816954061207,-1.01078657555872,19.5529573908029
-1.62297347410593,-2.38384825628497,15.1832224565175
-3.02940853363229,-5.23246589771511,12.3788666417139
-6.52564013297061,-11.5914455005643,12.9568695857978
-12.9822096951996,-19.6664829331363,24.2093090629354
-14.7113579761941,-9.56259943240597,39.9238172717036
-6.42289781320847,1.71750211521745,33.3772109328905
-0.937174948931761,2.17029095910912,24.9542490117389
0.961114198905781,2.15669215724614,19.1456419226527
2.16414032849394,3.62378434549029,15.0547208328125
4.36029147510997,7.55175456936764,13.0935355520751
9.03936419929908,15.2237338041436,16.7866762475916
14.8084169371104,17.7414476000588,32.4495124772785
11.4838776461468,3.32368550785612,38.1844839144766
3.90027624636413,-1.62284348051482,29.3464452235222
0.529194834553434,-1.21428136013143,22.2259783734005
-0.52812716063754,-1.21707670491851,17.0297398846478
-1.27121965107805,-2.22066439236653,13.1745519446991
-2.76165462335793,-5.00737081761904,10.7088405662191
-6.37054149468519,-11.6878308155999,11.4877624973753
-13.3424621495434,-20.7360037863623,23.7883034924678
-15.1605694700892,-9.15540195340994,41.1925318694097
-5.91255495175007,2.85182440364018,33.5035628111915
-0.111079179332598,3.1663394299259,24.9694954138398
2.02742949367579,3.59492485361363,19.4517528804289
3.8314409519704,6.16323375937912,16.1337544567239
7.18851951574125,11.7212700632658,16.6670696507435
12.3916875721409,17.1795153413218,26.0546910178319
13.2912752762109,9.33617043497678,37.0645148195597
7.07567887450557,0.78160305883693,32.3432402514225
2.71823117046143,0.275046196094679,24.8587756115922
1.54555834475636,1.33680861480638,19.1610914675566
1.96311515408126,2.97442828722163,14.9859027649169
3.73873917435606,6.46501372077483,12.6221958635896
7.9207929754462,13.7319012279838,14.81930938158
14.2863672186232,19.2217503461598,29.1300296452924
12.9897229889701,5.5179998215645,39.4532541101799
4.78527270576127,-1.86208581002355,30.9674622634388
0.576763374491109,-1.687335422636,23.3364766941932
-0.824195315040373,-1.76042556706566,17.9073965963053
-1.84383542375237,-3.14781749977012,13.9961109729658
-3.86144215397965,-6.84941257195536,11.9374791082012
-8.40510292627386,-14.6595381152796,14.9359693820981
-14.8958705776532,-19.2288953936684,30.9452132900001
-12.3849653050925,-3.89145353854397,39.4606754347302
-3.98535172898044,2.35394954630092,30.2041586935782
-0.0478767655193542,2.07801980296097,22.804313126521
1.38313929038188,2.51455337010464,17.6157970874694
2.78708382434916,4.69539979454483,14.1367948164606
5.7113540326263,9.91991086570988,13.5070175836832
11.3722001968422,17.9237574975215,21.2114660227217
14.9950935029089,13.1872752216586,37.5240133987438
8.44611036684578,0.152682243938911,35.1816863121393
2.27700578770742,-1.49765067039746,26.4827743643464
0.0870440183355341,-1.02253268443592,20.1729649992101
-0.664850993293435,-1.28121797148368,15.4811551182163
-1.46543979455918,-2.59029087545813,12.0312302678583
-3.28377501255569,-6.04969614188645,10.0863944566549
-7.67953498011192,-14.0098665597371,12.5048236913432
-15.0044385703421,-21.0271111752108,28.9917560636975
-13.4805654946729,-4.44170549883576,41.1625499232325
-3.91950198490241,3.51349669770662,31.1790179221011
0.746465321143407,3.34747399049504,23.5361015513186
2.64016965355085,4.31401761592774,18.6198910152271
4.79963893592381,7.70896316460108,16.1941560809835
8.82139669184508,13.8991089621853,18.9448594842299
13.4810764102586,16.0692277173127,30.7472381341109
11.4929514634507,5.57596646442419,36.4779388167883
5.37816739750437,0.484574855177662,29.674387013476
2.35096375674608,0.928380514164817,22.8837728211156
1.92758430752233,2.30693391189147,17.7975640423521
2.99845150041326,4.82883946411998,14.3702136558661
5.93388514328832,10.1996624216432,13.9009051196777
11.5803990906683,17.9507188247412,21.9580120301023
14.7897781839415,12.5326613152389,37.6289271581858
8.18686259556097,0.162699764924281,34.7387621858237
2.29278834898668,-1.27099578048038,26.2116763022748
0.253435682670228,-0.739446669048301,19.9769474568113
-0.361182457704337,-0.794996117320497,15.3041653302245
-0.874138311380063,-1.56658986954027,11.7816509632898
-1.99327870981725,-3.71125953073433,9.34261281520205
-4.85638183499979,-9.24173091376528,9.04648456832599
-11.399262887481,-19.8045527848403,17.5710944334398
-16.8177470836716,-15.0791840170679,40.187995849982
-8.15649301622829,2.768486555219,36.8153924049695
-0.351005517013529,4.28813528874998,26.9816961156205
2.58363332420892,4.55434957539731,21.189799880349
4.63990297958571,7.12093302517074,18.0660780699207
7.98317284297117,12.220268527011,19.2273412443333
12.2833570963396,15.5491907523025,28.027784275038
12.0843450474477,8.19209009167279,35.4811937230245
6.90536591749387,1.96847679117322,30.946017033652
3.57002852777672,1.83176641947499,24.3986821797995
3.02775657497039,3.50142669703428,19.3892012258684
4.39603314766313,6.71048718742137,16.456075100382
7.86561514001516,12.5141927325301,17.7826180856864
12.7932656579099,16.6960162038657,27.9664156688517
12.548094050446,7.83770268068091,36.7521944401629
6.46343817980077,0.852802333103273,31.2154508128814
2.73841858786175,0.778815545142267,24.1124550805274
1.9429458530118,2.06464236696069,18.7218303097463
2.76635086445636,4.31589739485042,14.9661935089642
5.31774967487944,9.0838009875632,13.7892536244578
10.5393716532356,16.8758633646462,19.860873057994
14.9096492052672,14.800800960207,35.808463436153
9.51225435885871,1.35464164993636,36.0933813772248
2.99899609566911,-1.23103326572049,27.4187166269529
0.534312837116352,-0.658220429817935,20.8645289114357
-0.133408245266896,-0.501508480951836,15.9700130630755
-0.47323513410581,-0.868525823620741,12.2472992656181
-1.08578787304631,-2.01527856125927,9.4735735335582
-2.65370714895206,-5.10682574240221,7.8176513003159
-6.74269974742757,-12.9092922645792,9.62407151065018
-14.7727019938949,-22.7859459280334,25.7482264681243
-14.9708594784364,-5.80367991611526,43.1623856568675
-4.05208484475701,4.8711085766978,32.5077805435973
1.58935635066445,4.76092609205573,24.6143418525907
3.91991375966988,5.98524088597101,20.1891619089375
6.46990887579224,9.70373114020405,19.0254059885953
10.3217006550163,14.348585204628,23.7703635783283
12.6284182992459,12.1404647095567,32.9400401396735
9.33130116901829,4.41866407709752,33.2458592903517
5.14670528462031,2.25911494187147,27.2530494648821
3.66138437736808,3.41927719190415,21.8498325621184
4.41219923231617,6.11947744339951,18.3494364802529
7.14833999355598,10.9351848705676,18.3534612437521
11.496500471696,15.5997922014767,25.5317004435753
12.7914904468407,10.3670259452157,35.0472139561383
8.02470069182009,2.58788827437242,32.4209182508397
3.99690071291708,1.60228104661026,25.6981108237931
2.94250172439589,3.01252577531095,20.3063336765695
3.90793223549706,5.77432071662887,16.8164023732744
6.86265106815925,11.0017476445848,16.8093896062451
11.8042959315269,16.6786865471388,24.8780517182773
13.4336863773497,10.5754079444838,36.2929576339723
7.80151970604062,1.50213473042591,32.9788280964863
3.2324830845659,0.54337804762212,25.5587828336297
1.91636970746502,1.67310493201753,19.7832725631029
2.39795948287656,3.56963774180999,15.6179941927249
4.43606809484512,7.5255174123809,13.5809794937309
8.97940398902965,14.9714939436926,17.0864098341179
14.5848021154266,17.523953156239,32.0777870632092
11.5432063630834,3.76365664880895,37.97193135412
4.16903443801135,-1.29238833046004,29.4411318920632
0.830691541315341,-0.867249783588209,22.3207023680592
-0.119363404952831,-0.620793735014676,17.0754147705029
-0.540900857165396,-0.993238123029111,13.0992975263993
-1.21838724946342,-2.23151753129071,10.1511618849416
-2.909541037296,-5.53520533136208,8.45262771354308
-7.21777104878686,-13.6098004137192,10.6570853366211
-15.1163505688274,-22.3102012027283,27.6149117040985
-14.2254124821418,-4.63613500453609,42.4690471606739
-3.71960518466038,4.52091503192999,31.7791745519095
1.4555119642191,4.37049998192371,24.0991440089682
3.6424790087635,5.63916960259256,19.6065008238667
6.17481918365541,9.45722925103771,18.2472361855441
10.2198887967573,14.6247918081581,22.9424021604565
12.974952427289,12.7980381746031,33.0936219907288
9.56991218340206,4.2260037067064,33.8764230782475
4.963117660152,1.74862345756544,27.5028015334602
3.23828770792661,2.80393454794192,21.7766069833849
3.77769164896961,5.2372225208686,17.8511876346816
6.25384769373768,9.83538294629943,16.941818033038
10.7961039136612,15.7516389940038,22.9390626321245
13.5487419567062,12.559059558187,34.7029521902551
9.03629537693461,2.80933434312325,34.0853083366379
4.0550968577327,0.819041597554514,26.8526055702465
2.34749927285115,1.87963391409875,20.8810976075327
2.72293017523273,3.87726615806837,16.5927314128173
4.78063359214865,7.89832598719092,14.5976212310585
9.2558304832429,14.9896059073998,18.3332678495288
14.2963730059339,16.523845426693,32.4289989499058
11.1262569056852,3.87350159555169,37.1078077863082
4.35866306225055,-0.624277190987288,29.0623173699061
1.35118200108672,-0.0931546965641373,22.1462146010832
0.71240201824,0.639783532679801,16.9786005730127
0.981380322818739,1.57867653226287,13.0786901103802
2.03616467629681,3.68860618787459,10.3515176243416
4.77465339223923,8.94449009689558,9.76347757606328
10.9768397354898,18.9875376354179,17.3622039595381
16.5591205954653,15.8118841116355,38.9184752315759
8.78646856486819,-1.83053103737366,37.1634962491596
0.95222383808452,-3.81319479771276,27.2636924339836
-2.01099183352734,-3.89652450571364,21.148994245483
-3.87484341870061,-6.07041478009763,17.4766045185618
-6.93425108868282,-11.0102487821277,17.420994726352
-11.6830186793857,-16.2727041007838,25.1396158284046
-13.1887816125618,-10.5031640653613,35.8168084862017
-7.89235512112028,-1.92076532176304,32.7768693340904
-3.52634419789292,-0.94721647158079,25.6085179161846
-2.31183350902124,-2.19537309635959,19.9596332326611
-2.99500184760909,-4.46392057771457,16.0214898896503
-5.45548262362361,-9.08241793279629,14.731691644513
-10.4103075660919,-16.3389081245667,20.4001270488281
-14.5043084641281,-14.5356863444348,35.0683865097541
-9.65414868837388,-2.10554508526679,35.7701641395897
-3.48494012482548,0.603960500213531,27.5250897062192
-1.13693643956139,-0.100520470581692,21.0163915095004
-0.75756445757714,-0.854470843196398,16.1275012243286
-1.19731298061746,-2.00229410659893,12.4662800204816
-2.57429722394966,-4.71099252263665,10.0828966079445
-6.06625662487898,-11.2816679345845,10.6907004606765
-13.129235770262,-20.9692180346343,22.6033284538718
-15.6118264358723,-9.97955714257228,41.5397471224022
-6.11711630179724,3.16754301255893,34.0475533149885
0.0675319579434244,3.58329895045883,25.3129825391812
2.37708638281394,4.08786776385935,19.8500769093307
4.34749382629142,6.87629175609396,16.7999548537434
7.88189437235499,12.4866682075951,18.0827540142298
12.7006664591151,16.4726281811404,28.0095193877936
12.4512408457084,7.89147043576842,36.5088507450696
6.54153257794757,1.06483376814114,31.1543801504083
2.89611369761452,0.984779828406004,24.1501248922913
2.15654689526454,2.35656082620713,18.8227965820481
3.10389400481131,4.83363901444268,15.208599010385
5.90242407800671,9.96415292011003,14.5242912941236
11.2668465387773,17.3486227516994,21.8482860227875
14.5709724399899,12.9167077297527,36.77422357311
8.57724861936755,0.883428708291683,34.8372008336972
2.76782785774982,-0.826746735368677,26.5010867553682
0.745195116341069,-0.146646188952431,20.2204744423843
0.364016518838856,0.326474958300024,15.4867867077187
0.522100481976721,0.867912847271493,11.8805107839127
1.13671238728561,2.10825109208558,9.20177234533733
2.79205983864874,5.39012275060684,7.66929869317148
7.1119561951358,13.5918186405214,9.92028815355862
15.2667112475348,22.8532713992831,27.3621960035793
14.4145620974975,4.39453005690626,42.9930485499062
3.49137539767954,-5.0054282491557,31.8877524398446
-1.82841405114306,-4.83206148323299,24.2955927505572
-4.11024171417383,-6.21722844972336,20.0785773866983
-6.74402183042583,-10.076501953705,19.2500347624597
-10.6065747589129,-14.4752044558504,24.4953869138496
-12.5189010350957,-11.5128025670374,33.322090864112
-8.95884689007726,-4.10708798519426,32.8069492637355
-4.98712316150441,-2.35870434680481,26.7982656579976
-3.71958676634487,-3.6542223213187,21.5571022813375
-4.63675016260025,-6.51494577621062,18.2998993188317
-7.54733982809927,-11.4816300604872,18.8178066858369
-11.8396757684122,-15.5550144439088,26.666304180378
-12.4639784465994,-9.38707999320989,35.2230782681887
-7.53522945841071,-2.36162622458903,31.7274687800165
-3.85562004640268,-1.78669136482474,25.1255701326942
-3.05869302961496,-3.3371183973164,19.944264074781
-4.23863386307802,-6.34852704026333,16.7665322287392
-7.46992765992916,-11.8730397374907,17.5107956867906
-12.3695222719392,-16.6533619566136,26.7319601613759
-12.8930501060294,-8.95340246950127,36.5341566538264
-7.03236626727383,-1.20032705638893,31.8920309813221
-3.01589874294029,-0.802461322275692,24.7115982168826
-2.05092568239265,-2.07307832315402,19.2028491292841
-2.80634315339731,-4.30235112714085,15.3526434193333
-5.28993816170095,-8.96086882772247,14.0647920059059
-10.3814536284078,-16.5800542518796,19.8006943157382
-14.7820360027956,-14.9577486885039,35.3375601849794
-9.71049069393441,-1.74125830066324,36.1492257159334
-3.23122832870619,1.04096398361806,27.595926104754
-0.745155684164223,0.430198554450899,21.0107739007067
-0.151683980809377,0.0759762921650579,16.0801890331638
-0.0565167802966776,-0.0428505415498758,12.3129719583747
-0.0820268619511844,-0.143408679499123,9.42911504785183
-0.194225100252524,-0.374863651551582,7.22316824972697
-0.51086529125285,-1.02041609896591,5.55139840799523
-1.419082434328,-2.89550416896245,4.4092975137032
-4.0597506084463,-8.32584439033097,4.66931951416187
-11.0493324775405,-20.8773874415593,13.3419765035178
-18.5126064543298,-17.6272880605426,42.1802627823476
-8.04041764115791,5.51960107609406,38.398994772416
1.39002121000149,6.83260820788023,28.0235050994363
4.82521091544336,7.13023606491605,23.5187181343429
7.07713179113584,9.51037837798676,22.3814524164512
9.66433161937472,12.1182483190386,25.334881467342
11.0344398367584,10.8594524495976,30.4864240657059
9.29637470109691,6.50123051311008,31.1827599629387
6.67820375422235,4.68541848445394,27.5419478211346
5.66336462559145,5.63205281801773,23.7181128144241
6.52606902618047,8.22402285220942,21.7817122321652
8.85181308920442,11.5743648098983,23.4608710438641
11.0824253855509,12.1960893439537,28.9848377826969
10.3129092115252,7.83260238454713,32.0136175918763
7.36024500971727,4.61710732898004,29.0877933104377
5.56533016489819,4.80951484030117,24.7457743936558
5.79597764042572,6.95805474038948,21.7677402517741
7.77031591880285,10.4454805773646,21.8441965324729
10.5770242335257,12.9615119067674,26.5848012433175
11.2510379180412,9.85266648593598,32.0531347910885
8.45211010752238,5.07050943522047,30.8687257483946
5.77898507077578,4.11164158848258,26.2493024230102
5.20606521722572,5.66642918609186,22.3191481698048
6.58706285366489,8.83887505450124,20.7773073887779
9.46440790269766,12.6450650439076,23.6628328376006
11.7064526224548,12.2264312256058,30.5570380493909
9.96118040247172,6.48979463362348,32.5840652079702
6.49100595370373,3.69896300102555,28.3118338436633
4.88053639723121,4.43500741454218,23.5367836941803
5.45227028487571,6.98442972840552,20.5152264684795
7.86835257465344,11.067815092084,20.9944187781352
11.1653122572029,13.8381752743525,27.0684492155889
11.5775322316557,9.38509517982252,33.2665600811293
7.96228407051047,3.99948136236511,30.9621661001557
5.03767852403215,3.36358425510066,25.5664681834971
4.54079586463141,5.11916599634452,21.2428546193562
6.08389696698908,8.57914398710493,19.3917488813017
9.39236586890565,13.2236923559421,22.4233610711611
12.3143798739933,13.2653400037183,30.9147670403291
10.3434311983523,6.10195128565672,33.7321964908927
6.10190529690271,2.71562377636311,28.6396764870584
4.10323843816214,3.41348450398705,23.1486022497143
4.47206889447906,5.82790789429673,19.3790786032417
6.81496662697837,10.1562267812187,18.7584465993003
10.8081337908073,14.8496215081396,24.472693658022
12.7170118424075,11.4567174564414,33.8293690913459
8.8081134099897,3.66071955860379,32.91859452152
4.68970275518395,2.02624032163381,26.6000969266178
3.4120111002833,3.33447038686961,21.2225197843455
4.29380220802248,6.11787358298241,17.7833290672128
7.17462601221144,11.1500728123511,17.9422096512691
11.7341334598941,15.9992582672491,25.6883492204964
12.9217971521258,10.1088630354644,35.5752159808261
7.78077703616186,2.11756382879609,32.3994577607096
3.670640374247,1.27631847666261,25.4521199761634
2.60766267893811,2.63723106106667,19.9677059300674
3.48238920553524,5.20681688196102,16.2929504480059
6.27334430686523,10.2756405079636,15.7470923413049
11.3589781115539,16.8549011551469,23.0549286260919
14.0201012974533,12.0891607228706,36.2517641095789
8.42169938239782,1.46573973837076,34.0997477558128
3.17806404229747,-0.0488806574679157,26.259356461878
1.45235971194858,0.862727538040927,20.1673832553001
1.51723989479809,2.13832100672609,15.6239859100493
2.73725691433057,4.68203688156565,12.578093948356
5.86243471449225,10.4536330694644,12.4360951681043
12.0548413633237,19.1065410564112,21.7124874073101
15.3020315219423,12.0773197629781,39.1914916803853
7.55857468458449,-1.20049731607795,34.7602909914115
1.36756875423259,-2.27494067646199,25.9108059696715
-0.828248751175699,-2.13116031876122,19.8320650747622
-2.02976942510295,-3.39898950896876,15.5340276705087
-4.05081866200339,-6.97465486057809,13.248695068308
-8.39559023476558,-14.2658120533519,15.9658781705027
-14.3945576593628,-18.4112300046331,30.4840078571212
-12.3185335835961,-4.76550165981793,38.7041934083548
-4.56374776108239,1.48682154332978,30.2678343225761
-0.788401236077821,1.1907767299911,22.8840085038881
0.370234626015975,1.05366326540005,17.5142265952247
1.02839819712371,1.81093151435023,13.4993149442294
2.23245370870139,4.03881695307741,10.7429494634931
5.17617593147171,9.60583378045006,10.3910884654997
11.5630221314346,19.4688535316853,19.0026043506837
16.2586341844528,14.1291542832973,39.66909765954
8.06342291967562,-2.02663395622416,36.1603015415616
0.830682520751997,-3.47993011470064,26.6516042598449
-1.85864541789671,-3.60135359629592,20.6441305568912
-3.62930090394266,-5.7604027131256,16.9287784498413
-6.65502089111465,-10.7560850290749,16.6681584308693
-11.6003766771233,-16.6114673168218,24.3272443537817
-13.5590690253195,-11.0872047734908,36.1178522303425
-8.05997591069437,-1.65211419447879,33.3080996831589
-3.32821342889499,-0.487989250082844,25.8343093767475
-1.90255042338752,-1.58147195998381,19.98111655726
-2.31185955332481,-3.40422450904188,15.7349995810556
-4.24134671089346,-7.18576010619269,13.5309405273106
-8.62322520102144,-14.4923930816737,16.5166319828815
-14.4185590235303,-17.9889670423191,31.063851785566
-12.0083774346305,-4.45926673066411,38.3361838600964
-4.47415330365582,1.30646373700166,29.948543509119
-0.894055050885659,0.954018729007551,22.6789034129918
0.147966802204495,0.704248889868782,17.347115966169
0.619501993334486,1.12829139540681,13.3148810445594
1.38153038688309,2.51948168282553,10.3510118433492
3.27264875600263,6.19515074462988,8.78687445303609
7.98833154395115,14.834289693495,11.8744536764768
15.7422400807378,21.6088374243146,30.5516767148225
13.0511747263956,2.65933967284805,41.5361029867153
2.99277730384193,-4.34990724210866,30.6603878774881
-1.56466047597122,-4.1572504500277,23.3868877440297
-3.6144117745556,-5.60733349363226,19.0399922743989
-6.22167670244603,-9.64900214610977,17.8517968233904
-10.4502729320231,-15.0260156559657,23.0398421426683
-13.1590822763114,-12.6495845686151,33.6909810497226
-9.34846300036962,-3.70852490939651,33.9029086749463
-4.6395457985227,-1.45248291146329,27.2197194734342
-2.95519951121275,-2.54455847133078,21.4211838154823
-3.48119289200173,-4.89187072580937,17.3990849954791
-5.89526698157905,-9.42984750961034,16.221287275881
-10.5340420709005,-15.8293243735517,21.8473415792044
-13.8711725526121,-13.4642827129175,34.5835821438224
-9.41756999646199,-2.78381697065781,34.8040093071568
-3.98372355616938,-0.371866830535229,27.2680505999419
-1.99244071714397,-1.29014784614358,21.0513327950435
-2.09317721876055,-2.89255168436351,16.4682790948201
-3.64424250709068,-6.08489221351155,13.705265924637
-7.40240234890882,-12.6527674413943,15.0117342833676
-13.4470043943009,-18.7694816440277,27.1233347362612
-13.5092674494917,-7.56902883148236,38.9525868115056
-5.84180536412102,1.03265737145628,31.8865007326421
-1.3361716842287,1.11919962071295,24.0632248099729
0.0468183346604893,0.748324824338368,18.3856517834277
0.571163342263715,1.06727778283565,14.1048124989496
1.27268658898961,2.29674953351148,10.9330639437922
2.96123812036079,5.56353838070307,9.07833336630433
7.19312840912358,13.4310779783076,11.1199936142506
14.8737009486499,21.909984735182,27.3637867938797
14.2329343602298,5.17677920006609,42.1241018762544
4.03760683198186,-4.11974972149012,31.8684079253403
-1.11081059300579,-3.99941452353209,24.0652164942146
-3.22841768178905,-5.10957420107091,19.3293423321419
-5.61654400648182,-8.75708790206856,17.4682360525753
-9.68577371923527,-14.4269822473411,21.3630323400933
-13.2432443539096,-14.1236028022897,32.3457429719631
-10.3066929657078,-4.68211061334916,34.9038917252353
-5.117826135349,-1.280174990977,28.3466895979926
-2.90286855457217,-2.08760577356091,22.2017324984545
-3.06721685025649,-4.11007064827666,17.7612995154758
-5.03705595507793,-8.04890158701001,15.7121860803172
-9.28477670731779,-14.6186208683744,19.2758563031641
-13.8528046571447,-15.7946763194117,32.06327507499
-10.9994333973301,-4.47505319261595,36.3999843881077
-4.79366923629598,-0.131205515102805,29.0131307257789
-1.99248045002811,-0.724111283100895,22.2901351186977
-1.62800019642539,-1.97980575358489,17.2617244887815
-2.59441476534161,-4.24386182463816,13.7717568968062
-5.28057775402986,-9.25423330586206,12.8304601977661
-10.8420035147249,-17.6203023178356,19.6307683360001
-15.3169007645219,-14.6756134469424,36.9254815248591
-9.11893995323435,-0.360893111487291,36.1580387692152
-2.37525543857081,1.87350538117413,27.1304467326724
0.137372018465001,1.46708207463001,20.6490053947866
1.10971694786989,1.99075843473689,15.9132367890096
2.30830797027385,4.01528114363154,12.625009747803
5.01520748231581,9.02469454869501,11.7166481515133
10.7681213217791,17.9780946571301,18.5797909071757
15.7736809081515,15.3817704213085,37.3828400945009
9.18309267811752,-0.271554630202154,36.7238394103244
1.95100290009198,-2.57865311538486,27.2933447219658
-0.782737860524093,-2.34381553534191,20.8349578833889
-2.10651794722707,-3.50819675728187,16.3307146137643
-4.11101261330793,-6.9691206140933,13.9054203218573
-8.31451484928296,-13.955062199906,16.3744606401482
-14.0926678022427,-18.0675252951414,30.0311304725821
-12.3658065023752,-5.3531876971545,38.3580236771508
-4.92286339468344,1.03851170743156,30.412920117844
-1.17878166317593,0.763678935849886,23.0427668568112
-0.132443945592555,0.340904381233659,17.6187179502237
0.15557679029263,0.359893416917901,13.4923187119067
0.404788544826565,0.748768679741508,10.3447658772469
0.972148502069387,1.85657888678548,7.99703683446041
2.49456812271902,4.90861775830475,6.61811048950913
6.59647168480138,12.8768274714618,8.53005996778423
14.9796861187129,23.5630061346059,25.3244971299715
15.2592023280199,5.44942863319005,43.9672845212584
3.7002990176584,-5.60933354545402,32.6452657645262
-2.14771116121959,-5.4329551154123,24.9144224593686
-4.5872609920835,-6.764682570925,20.9256599195057
-7.20405638285365,-10.3925435009428,20.476361348051
-10.6741884578666,-13.8742188182898,25.6469450713445
-11.9339373840799,-10.6101260153135,32.8727256891919
-8.64886002640511,-4.47120825219355,31.8617799210967
-5.30051258645806,-3.14945263433058,26.4506410851582
-4.38922035416093,-4.60940246385786,21.7770782826665
-5.59067538256132,-7.75372282037277,19.3052724739553
-8.66108897078187,-12.4698268108846,21.1862722970439
-12.0966205515793,-14.1335476244745,29.2994960510802
-11.1444838254804,-7.39641568996984,34.2086376690515
-6.74520002619884,-2.8000285369116,29.8076906162969
-4.18800675206995,-3.01434778181307,24.0392699125031
-4.13880768343894,-5.10902593042935,19.8020036258619
-6.08461542481515,-9.03466202898484,18.2790901311421
-9.91789166133578,-14.2654652233389,22.4213146514902
-12.9123169409293,-13.2566722577863,32.439287668882
-9.93570427568322,-4.74825227740526,34.1248023721353
-5.25401500655513,-1.84576119295013,27.9600234088489
-3.3540480075609,-2.78284770557004,22.171009184773
-3.78336449936192,-5.14611057674334,18.1536178177784
-6.15001815069096,-9.60247415224723,17.0676394342189
-10.5741857850092,-15.4790420904466,22.6214179336698
-13.4978396317651,-12.8976382577855,34.2464014454431
-9.29615654315592,-3.17737856060569,34.2545822309242
-4.27630437151239,-0.93418852279474,27.1410410993077
-2.48512349867285,-1.96792815790595,21.1457221279005
-2.84282251459025,-4.00586642564797,16.8497299744275
-4.92437297292727,-8.07251196755488,14.9132011822604
-9.39622513884814,-15.0545595559222,18.8112680094408
-14.2190396478825,-16.130931921124,32.6612819336618
-10.9273269430715,-3.81070978359658,36.7827940586038
-4.3697077160433,0.42043441070188,28.8645674630657
-1.50111924950425,-0.159348728623783,22.042916722599
-0.975106511740933,-1.04760141061127,16.9358220211262
-1.46993704930038,-2.4048676706555,13.1444078138845
-3.06751620772387,-5.53055342761923,10.830593823078
-7.00017433389918,-12.7167529500606,12.2711382993545
-14.0573224283887,-20.7795543110109,26.2365191622284
-14.3609591737821,-7.0182307761676,41.0996124734989
-5.0793703680399,2.93818039683105,32.3494541641681
0.091129690737192,2.97047395837136,24.2365341087883
2.02090872979524,3.51726406345311,18.8960678667387
3.82329546884988,6.20880279413404,15.6986698795023
7.28534787641095,11.9759347048848,16.441131119832
12.6348219634013,17.4594630761674,26.4201245875913
13.2865443071446,8.88456121508996,37.4340895354912
6.78705895236184,0.423647315342974,32.1648386921965
2.45182470745019,0.0541122891341174,24.616678872
1.28304694315715,1.02480669563878,18.9213585538207
1.58139733476309,2.39312680026137,14.6902922731235
3.03928367222946,5.30820940781129,12.0047788225953
6.64275648556008,11.8655732245852,12.7915920397038
13.2475560588031,19.9549963339145,24.6911811536142
14.6446046405961,8.94818784849654,40.2566362645539
6.09037735422775,-2.02990235460418,33.116405903269
0.686650839885256,-2.35417168574288,24.7550554669619
-1.20855338069859,-2.46697099814316,19.04692272319
-2.5497166488182,-4.23226080466287,15.1320708414136
-5.07929652122533,-8.71691784432016,13.7156221356958
-10.1683001321022,-16.4728373875798,19.1384097530473
-14.9035730771434,-15.5488227022966,35.052877288724
-9.98829102126347,-1.82183972964372,36.5807152790868
-3.24192506162857,1.26168153939993,27.871892958967
-0.591467939984481,0.705261803800934,21.193329024014
0.134444321392072,0.531082955408952,16.2204230824687
0.493683209566574,0.905158342699108,12.4404868571341
1.12723849002952,2.08579490764664,9.62905222937326
2.74030008535316,5.25914402466408,7.97460879958085
6.91955644756291,13.1905652088916,9.94176287335309
14.9379649718214,22.6853315963423,26.4754622970252
14.6962750804244,5.28437842288976,42.9620343198625
3.88338389352582,-4.79429284621102,32.2235273622359
-1.58491609829573,-4.66229675653176,24.4295569512568
-3.8695579308062,-5.92310590889445,20.0121321808929
-6.42918424856535,-9.69467463792778,18.8412147741402
-10.3413295155368,-14.454936317022,23.6550102024923
-12.7132717801895,-12.2248951785671,33.0563012839194
-9.33793335871892,-4.31167366443571,33.3544262393311
-5.06888023438823,-2.13145155041606,27.2507505737535
-3.55134586885288,-3.28348487077685,21.7791351375511
-4.27027493923623,-5.93882927477367,18.1901967573636
-6.97157142742368,-10.7458106132484,18.0140616816797
-11.4000992337902,-15.71632768556,25.04424087984
-12.9740816155538,-10.7575940338451,35.0942493453592
-8.185048503704,-2.55668121684208,32.7436216981403
-3.96295726732631,-1.41033675421533,25.8903478331743
-2.78376585568092,-2.74441315236698,20.3701794345493
-3.6226294871553,-5.33448709762888,16.6834643051368
-6.39774921819963,-10.3599782403481,16.1855727843444
-11.3644646851231,-16.6427237627615,23.4331100458752
-13.8232654706564,-11.8452867625598,36.0225008976463
-8.39079408333748,-1.6944534570108,33.856220222407
-3.33983264189463,-0.234302782133715,26.2003285077546
-1.71336034698384,-1.22885677999506,20.1917521199921
-1.93470614118946,-2.78553356071116,15.7621717130394
-3.51274411458232,-5.97306952060901,13.0845936953727
-7.32600966433994,-12.6977356746277,14.4292246628243
-13.5997667017707,-19.2112889464919,26.9880727680678
-13.6856587691055,-7.42497224464981,39.424380532856
-5.66556365760012,1.45414444626425,31.9752258349938
-1.01873267825595,1.52599163596464,24.0598374126353
0.484627694011255,1.36722075270704,18.4093007177608
1.31261580756839,2.2750449070016,14.2409524576848
2.77088349847497,4.93453036959098,11.5330549562712
6.21310042999075,11.257372883472,11.9691898185625
12.8690064051281,20.091464928813,23.1026396360698
15.1954453939678,10.2201443841359,40.4548443366416
6.52118705307001,-2.19973846305635,33.9086601750753
0.624815563583276,-2.74185963511076,25.250346817213
-1.49112624545991,-2.9147251199364,19.4886567688668
-3.01759024876487,-4.93122566751232,15.6914584748377
-5.84524497228112,-9.82502250631095,14.8483475283694
-11.0710510634368,-17.0116988743988,21.735011241978
-14.4550203021264,-13.1620841519862,36.2768474106365
-8.81210449697369,-1.29636773710778,34.9186711447794
-3.03303817480694,0.599214333023249,26.6994124224593
-1.00005010502927,-0.143489455732343,20.3984929745944
-0.722417378197884,-0.869522407003627,15.6534762286579
-1.19625922865848,-2.03075744861599,12.1028116027921
-2.61657098904343,-4.8193713656449,9.82163916434985
-6.22006067640548,-11.5993271324502,10.64067589734
-13.4272114649046,-21.2535564704206,23.2560491056235
-15.4736796691022,-9.19969954263908,41.8242191832192
-5.74964922905087,3.41342080424222,33.7015767020571
0.284524230794602,3.69599556715108,25.1088139915286
2.5634452198711,4.30934012650436,19.7799596865235
4.61901797039522,7.27575643333867,16.9522386062955
8.28198720405212,12.9598420172634,18.7583548876368
12.8987581349254,16.0920275959473,29.0884269730052
11.9930422140919,7.0654405457692,36.2568984205377
6.18781397869683,1.09221131066034,30.5011451440441
2.89060505871122,1.24794374393372,23.701227789336
2.36544258118764,2.75689556757609,18.5672045268891
3.54434171250473,5.57087556781856,15.2580932734205
6.72370672947837,11.2190332175591,15.4282483570494
12.2196202498776,17.7436733023066,24.6057001244579
13.9323275521267,10.342250848385,37.5995613151837
7.36235897393313,0.348357676044288,33.2036259754663
2.42132879625243,-0.431485992688645,25.2855393789175
0.90895014912866,0.358708763246412,19.3508837941834
0.846809936113541,1.17011292420155,14.8714206923639
1.54323001279798,2.68596188351854,11.5819876490299
3.45669621324883,6.39975553681682,9.83448785053684
8.12321450230689,14.7894059766834,12.8814233401004
15.4704604037585,20.8273864839594,30.6920902909222
12.8447079859117,3.09295423062145,40.8684049321713
3.32943701915595,-3.69587453283475,30.5167696345122
-1.0357669342682,-3.48839032430122,23.1470844764136
-2.90880938076798,-4.66829627163844,18.4526754476715
-5.23390761152621,-8.37487300867965,16.4323516326905
-9.4577447584373,-14.5838921159024,20.1413576848219
-13.6224255131353,-15.1048421490969,32.2383823786976
-10.7045957651848,-4.53308731240509,35.7915967103071
-4.9136054888589,-0.591784640785264,28.7317206597526
-2.35382036503105,-1.27093635682839,22.2259177075596
-2.20746035164191,-2.84781957044939,17.3984400252688
-3.60883478294997,-5.8769060864253,14.3988550100904
-7.1191426425696,-12.0399283694519,15.2142647180005
-12.9284062394567,-18.3571642824614,26.0402481078312
-13.7155184573798,-8.76033901945884,38.4421470276655
-6.48535833425846,0.456873240705106,32.428741077242
-1.80962974622785,0.785557769695234,24.5479827438426
-0.40514303277669,0.193284918075243,18.7552843920779
-0.131983355819327,-0.0626860921289811,14.360251177911
-0.152763940641957,-0.247362636214601,10.9979123292523
-0.334076753347996,-0.627559241707194,8.43046832163093
-0.843105032351339,-1.65487981004642,6.51184866971514
-2.2692778543729,-4.56176556682921,5.39316921176957
-6.24635889209366,-12.448371524606,7.21462171524615
-14.8821559643063,-24.2512330697989,23.9009411640633
-15.8744136957546,-5.93555322795264,44.8855899694841
-3.64986876087121,6.32372915532578,33.1375834429384
2.60125728200161,6.08980654390103,25.4435781389673
5.14746917055323,7.35375399491578,21.825107981378
7.68135349986576,10.625789583841,21.8121497373914
10.6445178815243,13.0909867681953,26.702419580399
11.2829560335888,9.76805119239159,32.2349129417478
8.36934283109435,4.91221889723511,30.8664204076015
5.67074688522739,4.01548661858403,26.1320369932071
5.12289490117721,5.61538148340868,22.1563323256279
6.54342152277409,8.84570771033205,20.6018156571553
9.48940199276105,12.7534994545415,23.5642212197655
11.7923145067382,12.3167683164805,30.6706360963314
9.97622826337081,6.38968051860887,32.7111503645013
6.41401405805315,3.56653496295808,28.3049491999326
4.7759308266142,4.3211201106138,23.4412450605878
5.34494072823755,6.88104024725907,20.34180499461
7.78348965257587,11.0357326375021,20.7412669383962
11.1835284182171,14.0026020321597,26.893226212665
11.6999447720505,9.51542391915678,33.4129448320454
7.99667876124797,3.89787429266342,31.1305909592169
4.95828450334784,3.20128205929961,25.6108363918464
4.39784598340878,4.92444606529635,21.1641373475189
5.89522437749803,8.35469222472709,19.1372235548821
9.2196172563182,13.1568591491378,21.9309726567287
12.3790843158896,13.6525036974125,30.6343372662553
10.5839530842937,6.29662520616677,34.0456467886719
6.1661409049901,2.56095352210799,28.9378122722091
3.98793857008296,3.15782660486527,23.2780337796607
4.23080223585229,5.46272918638913,19.2964125817189
6.45062765790975,9.69081978411604,18.2789463976146
10.4868781290873,14.8137041148117,23.457746692117
12.952832820111,12.3244221702417,33.5154287045214
9.2612939134901,3.89419755814911,33.573100120551
4.78644017090195,1.76273202925602,27.1308425987683
3.22136183164509,2.91177050818891,21.4986368081199
3.87118837098572,5.44041247988092,17.700691477674
6.47293003465863,10.1922493315685,17.0606424689604
11.0874881887112,15.9594663164138,23.6079704207831
13.4690332320217,11.9265657335578,35.1264149981025
8.66764896554634,2.48991033906465,33.6826375571714
3.87434332787009,0.853178670786095,26.4502204534074
2.32978214347242,1.97767479046341,20.5820452292798
2.80428991966327,4.05693761036544,16.4032741778497
4.98682603491672,8.2632858940297,14.6195246737157
9.62094791423829,15.4459364174504,18.9396749698498
14.4088921303773,15.96666793274,33.3415147502399
10.6615175846411,3.24734779614021,36.7208567920994
4.06042802481743,-0.630247625256162,28.5600712341464
1.27478781285269,-0.029838055350508,21.777891554137
0.724187605612858,0.707865116428694,16.7010293186676
1.04743978797154,1.70885095885204,12.8772271446249
