-3.61879596949914,0,0
-3.47511830270983,0.681942919130181,0.0118738032850388
-3.50064991584907,1.31988013086444,-0.0952657736266754
-3.69771085293158,1.97159818628873,-0.336796733144125
-4.08377036646132,2.68995815275799,-0.744594178875578
-4.69964652994504,3.52057851817123,-1.38076200483091
-5.60752659702484,4.48759125618084,-2.35537056759945
-6.86957079820795,5.54692777888767,-3.85826218656452
-8.42762389403128,6.4412456636037,-6.1509206452411
-9.76513897993399,6.39763868431731,-9.34612458858972
-9.54629766410746,4.07242996257582,-12.6263943832335
-6.91559001858734,-0.835380313203318,-13.9956044998974
-3.89601104224717,-6.05449255918253,-12.81005539508
-2.9610663612795,-9.38210963900473,-10.3633705562498
-3.99076245655107,-10.3579622494693,-7.67739332864099
-5.46181597324643,-9.59924167691019,-5.43276434729595
-6.30656048295611,-8.00048722712183,-3.95539315045691
-6.31786090147383,-6.18573390132891,-3.07174177589911
-5.74156507354057,-4.46407490684518,-2.46162450570942
-4.91531548638876,-2.96399501183671,-1.94261506797758
-4.09899029074516,-1.72057204205244,-1.48448720526161
-3.4381121786426,-0.71876766937314,-1.1173863844061
-2.98540235137516,0.0879549593016711,-0.866560013977835
-2.74331568704456,0.757765588484192,-0.738545591359548
-2.69599733525113,1.35056506913044,-0.729091022182976
-2.82960966517832,1.92147804766412,-0.835433855047496
-3.14333556994905,2.51902420586511,-1.0665579682788
-3.65618907747056,3.18642379357817,-1.45387172127176
-4.40466189098504,3.95751636823313,-2.06068016805504
-5.44104272061677,4.84266762671075,-3.00541895889349
-6.79420565537034,5.77294261365605,-4.48014423771445
-8.33819698796959,6.45186606984933,-6.72089177556015
-9.46862056961347,6.09359358807208,-9.72989406081648
-8.92942312549896,3.55163080795838,-12.5602835936724
-6.24082176915421,-1.09106359110562,-13.4520530822363
-3.35627266888615,-5.71304392322847,-12.1315964686398
-2.24393505265058,-8.59992232239121,-9.78962091912763
-2.77942232784146,-9.47561786750534,-7.21901744831769
-3.80478708286076,-8.85518543696186,-4.87206354465393
-4.49260236524661,-7.48966432958545,-3.02360404942808
-4.66046916746205,-5.95099162966334,-1.6740440501484
-4.46731492032398,-4.540533947515,-0.688313407683464
-4.12691630071851,-3.37595764231832,0.0531719947523956
-3.78983481926953,-2.47697133980814,0.621289931290754
-3.53005208554176,-1.81716580202045,1.05693067994983
-3.36777516101584,-1.35130483231564,1.38913418366458
-3.29481384689801,-1.03129265411035,1.64122988152232
-3.29302466821387,-0.814893124890193,1.83107918109868
-3.3435128521773,-0.667589318460603,1.97111668816465
-3.42973846765423,-0.561210391834036,2.06934401359301
-3.53923762485974,-0.473228283531424,2.12916440071868
-3.66277802928852,-0.384134815588857,2.15081520368647
-3.79422158501427,-0.276389598812487,2.13182619913763
-3.93040326913441,-0.132438959845646,2.06635527700922
-4.07129611767986,0.065827611234326,1.94599883393794
-4.2210879504812,0.337796861586699,1.75895197417353
-4.39061098994689,0.706948309192654,1.48689202882841
-4.60053390172906,1.19856095845699,1.1048870908902
-4.88730334191922,1.84194072360674,0.574577046988136
-5.31143413298029,2.6678842306878,-0.165124665878895
-5.96192117432167,3.69540916083435,-1.21125934929089
-6.95310579638675,4.89944107806585,-2.73177410611875
-8.34285370399764,6.09346839226812,-4.98228937122653
-9.85111147430428,6.64544038147022,-8.20867610634607
-10.3013864904195,5.14944001739659,-11.9954144591537
-8.19462220246703,0.515798079962693,-14.3711361687691
-4.8781106689457,-5.42390842609821,-13.8170180427411
-3.62516972344781,-9.70306365260299,-11.4591359911367
-4.95534352390027,-11.2860479735685,-8.71111535867305
-7.04477782422594,-10.7471531346663,-6.62499620315339
-8.3547521328706,-9.18638688487921,-5.72289043332872
-8.48255320288092,-7.41713472911035,-5.62538925957626
-7.70397037451564,-5.83133529675795,-5.64036910681558
-6.44864090397458,-4.50752026175311,-5.3661076197648
-5.05609906803673,-3.38467491667347,-4.76846886202445
-3.74116087293153,-2.41176262179856,-4.0034784091129
-2.61908635105575,-1.58657828518478,-3.24882715735664
-1.72790476561546,-0.920390042546155,-2.61932658016508
-1.05665865350808,-0.411190965599079,-2.15879225388101
-0.565900539611105,-0.0378972573561284,-1.86196121481427
-0.208587927543482,0.228743830440802,-1.70195650943358
0.0583890299282993,0.416372414888144,-1.64837784262627
0.270216004826931,0.546207245268541,-1.67549003105813
0.454362641844708,0.631912551289519,-1.76454486816245
0.632611710615533,0.679931168868069,-1.90380561962962
0.823596043110694,0.690843711274019,-2.0869824162648
1.0452633219173,0.659194870964404,-2.31342297592088
1.31634260679481,0.574197068855321,-2.58733261820348
1.65870212685437,0.417769385564552,-2.9197889271537
2.09937326903513,0.161371771237711,-3.33161020912796
2.67032929853916,-0.238812173169546,-3.85736272084411
3.40559815049723,-0.85150774077266,-4.55085710281081
4.33227327244751,-1.79397524277694,-5.49298621063646
5.42462823699534,-3.26153817626233,-6.77660551516479
6.46946826927152,-5.54631146125285,-8.41362450308487
6.73181974182775,-8.88087019811694,-10.0037623955044
4.68008682825921,-12.6310472822221,-10.1843798774487
-0.489490951291622,-14.5847627545437,-7.67188197597984
-6.43943890638156,-13.6010590958418,-4.50044175610749
-10.3485853973394,-11.070544002265,-3.83103495960473
-11.5102528937827,-8.37300860671726,-5.58721111731235
-10.7113106172614,-6.58755714186656,-7.74594669347926
-9.09260852416395,-6.0828357408746,-8.91851823199907
-7.43503768437494,-6.28460075341937,-8.87824731231857
-6.07291782442967,-6.43919595697356,-7.9854594366659
-4.99585733709931,-6.17014292918187,-6.67163550929334
-4.06159401587628,-5.48506105727665,-5.24247773689752
-3.18625003446038,-4.57331107919066,-3.87907619115525
-2.38119994108493,-3.64301294564642,-2.6831793054167
-1.69510264651494,-2.83776322349796,-1.70096143041754
-1.15934170876813,-2.22150475159276,-0.933171966992359
-0.773701157569676,-1.7992569493346,-0.34914205862181
-0.515768275504152,-1.54465739184894,0.0972849700231817
-0.358280925133394,-1.42552721836753,0.451421197259913
-0.276716839120383,-1.41318713858446,0.753093853123657
-0.254447682523599,-1.48852227570738,1.03422704538605
-0.282768377174473,-1.64157507201004,1.32098652126068
-0.361019310205478,-1.87136921225146,1.63599036030591
-0.497372239427399,-2.186263156515,2.00112003119607
-0.710524407106313,-2.60426723005495,2.43945917596891
-1.03487913733368,-3.15569952869504,2.97687355935748
-1.52993012404435,-3.88601671024334,3.64086206490568
-2.2977201094394,-4.85712234523662,4.45205388402719
-3.50853432430668,-6.13386447776033,5.39148575214144
-5.41571042449081,-7.71274520429437,6.29961112596422
-8.24093309446279,-9.2794664341926,6.62669782614279
-11.5907978351757,-9.7808797867421,5.18672739707039
-13.7518097307997,-7.92606567125085,1.06534736054084
-13.326249024135,-4.70187945236468,-4.27359506896833
-11.1881387609123,-2.87165834127366,-8.31298728964958
-8.52555948048505,-3.24928374465547,-10.0615626032599
-6.03839721771375,-4.61948356524224,-9.83872800366117
-4.19286451438858,-5.69412823634891,-8.48943196659701
-3.00650372648543,-6.00554433322149,-6.74714479268424
-2.22091917742674,-5.67530247794458,-5.01644051403676
-1.61931043888737,-5.01058720664613,-3.4765463570903
-1.12161031079553,-4.28242800342504,-2.18960746748279
-0.726282316054776,-3.65844062248535,-1.1520612225812
-0.446173654900094,-3.20988862777687,-0.323050204050913
-0.285680416099103,-2.95114629051653,0.353591331700373
-0.240075873318714,-2.86953441951064,0.939511525322511
-0.306676267977798,-2.95106496205366,1.49154457973212
-0.493261003844343,-3.19273280626582,2.0614224518308
-0.823338422534819,-3.60638539986557,2.69590476735352
-1.34904595717911,-4.22681091831232,3.43732389133942
-2.1658294597787,-5.11011436448084,4.31496385509445
-3.43894554355738,-6.32018064291536,5.31242286586183
-5.41801817029542,-7.85242143178298,6.26304513714987
-8.31334713595996,-9.37928063591029,6.59642012695825
-11.7002052830149,-9.81412645448682,5.09649822244847
-13.8195451472186,-7.8708563162398,0.878253140573662
-13.3204835100382,-4.64107250608884,-4.49610255558699
-11.1388151490172,-2.91121720141093,-8.49543350202106
-8.46083217086087,-3.40219450968335,-10.1682867998177
-6.0016433513283,-4.82800809455231,-9.87408403402976
-4.22380791352785,-5.89896810466691,-8.47976661338931
-3.11269116456259,-6.17178366609112,-6.71174483170928
-2.38287510200603,-5.78842035698915,-4.96435685925463
-1.81133721020493,-5.06937049883302,-3.41137548935986
-1.32496187189283,-4.29410910774605,-2.11156126148524
-0.932161632363938,-3.63294751154812,-1.06048049990458
-0.653354712380472,-3.15897429338306,-0.218491296879478
-0.495579736694769,-2.88525743108653,0.471540587357194
-0.455363856208358,-2.79923602234647,1.07067010042989
-0.529935573242412,-2.88686660305372,1.63596650954568
-0.726296355331508,-3.14462372091674,2.21892275210904
-1.06924833229535,-3.58571962928461,2.86549081530587
-1.61358291545179,-4.24525693908453,3.61587360332566
-2.46032071130251,-5.17736983442478,4.49401420766206
-3.78176742769204,-6.4355124434739,5.4696008044704
-5.8284346412392,-7.98207833822593,6.34085784423153
-8.75552119012924,-9.40796503718358,6.47525320719086
-11.9839497420428,-9.55728527577834,4.65953214586942
-13.7150753009372,-7.35835751390669,0.292928697304218
-12.9331508916643,-4.20688026919728,-4.83968018918065
-10.6974282041693,-2.64590125342351,-8.4658027655203
-8.05793522539106,-3.1057432002035,-9.8785560083155
-5.6186293300514,-4.3540822988292,-9.48856299510295
-3.76662980214722,-5.27310277474895,-8.11429074036145
-2.50802707800569,-5.51287801429241,-6.42760916515098
-1.63564857543949,-5.21847726979294,-4.79420126785263
-0.977902114593987,-4.66604523440878,-3.37125870206571
-0.461281009069943,-4.08149933242383,-2.20496757854705
-0.0676381641355194,-3.59456771604264,-1.28211526036952
0.208577985650261,-3.25559075703505,-0.558000598171913
0.374790211506634,-3.06888074507036,0.024102466034859
0.439635022179061,-3.01959825794025,0.522000982089261
0.406128346443788,-3.09324653650366,0.988281171882429
0.269091728824327,-3.28252339247041,1.47107929640133
0.00969445085316297,-3.5946086279928,2.01528282144302
-0.409745543797269,-4.05518669044434,2.66457764100353
-1.05620635284162,-4.71344191251254,3.45962228838494
-2.04722518874056,-5.6451430898395,4.42578854430104
-3.57992883656065,-6.93106360228043,5.52400735992727
-5.94189500553995,-8.54680916663492,6.5025567491118
-9.29526351484555,-10.0010685055695,6.56203136249728
-12.8391140262296,-9.87695602941461,4.20677051216286
-14.3899681372212,-7.17493260736528,-1.01775998897843
-13.1813959324822,-4.14660896198046,-6.63292035572257
-10.6293185238898,-3.56458604224395,-10.1523083257314
-7.93972795659835,-5.13182814278228,-11.0791372784616
-6.01023956418759,-6.99009979435485,-10.1846966233308
-5.13615115747363,-7.93943480113895,-8.49037597464167
-4.87684598588096,-7.80389775548139,-6.66217312191292
-4.67357008375439,-6.91325924503895,-4.99940832826837
-4.26967901036115,-5.67904822649287,-3.57590346046146
-3.69256855780844,-4.41173530881526,-2.37825818179663
-3.07767431802422,-3.29554446293208,-1.38866985877866
-2.5425858483965,-2.41059857566847,-0.593140153902404
-2.14268185292497,-1.76416883254218,0.0320574226108255
-1.88407648467022,-1.32806306518829,0.520376258314831
-1.74738594644352,-1.06256978964873,0.909438845255548
-1.70482085404912,-0.929485156970174,1.23475907393141
-1.73210559625483,-0.901363980519786,1.52469696388726
-1.81048264282231,-0.960523067817612,1.80144796970985
-1.92807546703997,-1.09936979638623,2.08222528333531
-2.07916972543281,-1.31799315022292,2.38120180676188
-2.26509929728612,-1.62413020439137,2.71114832736902
-2.49540596556396,-2.03153575283452,3.08407928404039
-2.79215635188724,-2.56118121151357,3.51180833577155
-3.19459294460446,-3.23710971597271,4.00224908840416
-3.76800598492297,-4.08245409867901,4.55196744727547
-4.60969248378633,-5.10086790772656,5.12422194534627
-5.83296861195533,-6.22914619668697,5.60199398940282
-7.49242382600494,-7.24218110740089,5.70899035534155
-9.3714318761386,-7.64566287654264,4.98245809744971
-10.7900491458866,-6.83460705520321,3.05559943650339
-11.0014020237146,-4.77223212286769,0.261795334462521
-10.0418481359309,-2.2952920745236,-2.46045604497066
-8.58685992593727,-0.286088607484377,-4.4848405137961
-7.14436577297118,0.9486506496627,-5.75904256612939
-5.84082354514176,1.50554574414248,-6.43663946815328
-4.6327352938518,1.60135958156722,-6.6637997640898
-3.47199037582665,1.43865378202475,-6.56472288488699
-2.34733769509558,1.15699477520447,-6.26360543676339
-1.2651568025582,0.823160162611001,-5.883189972303
-0.225449930921397,0.445226238440285,-5.53214302938978
0.789147638622143,-0.005524285237142,-5.29947942145549
1.81029338241792,-0.579075018958375,-5.25753415621289
2.87304468717687,-1.34631361667023,-5.47560590859792
3.99413575521282,-2.40851181316181,-6.02258347347035
5.12403659953371,-3.91994388768865,-6.94935945241599
6.02759414327219,-6.0788963640242,-8.18507553426049
6.06568666650557,-8.94015081914477,-9.26602459937906
4.19105797152785,-11.835943163566,-9.08324096845235
0.132382411022411,-13.177801596708,-6.82083350359954
-4.41336061520816,-12.2933115774869,-3.79492443981869
-7.60685250222059,-10.1846285394304,-2.06785871140968
-8.93819742013464,-7.72878859747837,-2.02175943222794
-8.73795096339824,-5.33426193889139,-2.77768646842502
-7.65821712037674,-3.28124295331103,-3.47743657472624
-6.29948832737624,-1.6687261421147,-3.8061007321836
-5.02603466176808,-0.441320477184177,-3.82908626055724
-3.9983803991057,0.49634872511343,-3.71292752114923
-3.25502140724992,1.22646806995979,-3.58723911720614
-2.77885949681117,1.80959097976539,-3.51818540083475
-2.5323465958117,2.29203299102189,-3.5271681505883
-2.47645309318105,2.70909468271665,-3.61377676851158
-2.58062410005129,3.0860241754649,-3.77328326640828
-2.81976409015915,3.43962288991328,-4.0038840126211
-3.17388621194169,3.77666512730079,-4.31175494556642
-3.62102574556039,4.09116209119,-4.7112642828231
-4.12595636312148,4.35908081443532,-5.21921546982737
-4.62763514807946,4.53024584287471,-5.84484973549203
-5.02399011102011,4.52586153778333,-6.56513626374528
-5.16913072440988,4.24996687977901,-7.29646733456212
-4.90951334121131,3.63789710231145,-7.88235409682553
-4.16464835368368,2.72070214879709,-8.14639478611061
-2.99352804607998,1.63703849159597,-8.00355847387912
-1.57015967399502,0.548411806537033,-7.53896880100473
-0.0774750064506853,-0.469866415405285,-6.9634846808972
1.36754830981205,-1.45338086878436,-6.50540074757969
2.71213514089251,-2.50325736769329,-6.33337286856806
3.91504684488718,-3.74169360475552,-6.53228270392655
4.87248528229585,-5.2859040418631,-7.07136487940224
5.32498116499616,-7.18735984308082,-7.72215944636694
4.82256463384793,-9.24406983441485,-7.95115372591975
3.00056148960052,-10.7939033512814,-7.07344301294411
0.21055373506499,-11.0813513139964,-4.97081525599251
-2.54843906899274,-10.1316098779668,-2.45988865831953
-4.59132227320516,-8.64129109328271,-0.441447877279847
-5.8428744251271,-7.13965078123108,0.777290798677273
-6.46363958691052,-5.7689776743817,1.31395696400998
-6.61990868930705,-4.50088911526237,1.40526603425736
-6.45808348784503,-3.30004014221827,1.25912723801305
-6.11764006709294,-2.15925286743177,1.00776132334096
-5.72582685965988,-1.08107780555668,0.706254653404385
-5.38794836482656,-0.0564705867639362,0.35471909203382
-5.18469604195735,0.939652891561291,-0.078919184180597
-5.18286868985657,1.94439252680138,-0.645900882156999
-5.44667320897902,2.99541647296761,-1.41698590962862
-6.04325915729276,4.10883620473392,-2.49654528160265
-7.01934015213329,5.22806518735425,-4.04456490932301
-8.28771136822629,6.09665489346838,-6.2619300607767
-9.34056343101567,6.03179210087039,-9.18012406592149
-9.02198645046703,3.9656322118978,-12.04721775472
-6.61541031139793,-0.250964999440633,-13.2340813367125
-3.62208491114103,-4.78989429591717,-12.2061527693384
-2.06274845914105,-7.86735394093152,-10.0314606255844
-2.16717110601747,-9.05536361037165,-7.54844090475742
-2.98493930783503,-8.73498900705035,-5.16369963234918
-3.67564720212758,-7.58292460822029,-3.15475755444613
-3.96600861720493,-6.18958896370089,-1.59921324078674
-3.94613386079324,-4.89978017258476,-0.424811733364022
-3.79061865534044,-3.8595191177574,0.469000284806924
-3.62959770738436,-3.1000996882488,1.16268826281893
-3.52784229246873,-2.60123566370432,1.71365069327977
-3.50455944256256,-2.32346705628597,2.16563091916967
-3.55685164250236,-2.22722896893861,2.55205919680086
-3.67607048250721,-2.28052189805637,2.89787294398801
-3.8562493153571,-2.45966637066232,3.2206829244026
-4.09771627998439,-2.74674448166874,3.53091205783851
-4.40848418245446,-3.12621073480378,3.83049371042778
-4.80300937596407,-3.57840148821282,4.10982862942828
-5.29699434995944,-4.06982172414487,4.34234581017991
-5.89495341703915,-4.54069831170756,4.47856487803992
-6.56981085736749,-4.89437296200843,4.44497031824176
-7.2387021918174,-4.99755449492054,4.15727465199253
-7.75821366144546,-4.71718409901907,3.56515144929878
-7.9752468669534,-3.98882766903993,2.70322448863352
-7.82402395826974,-2.87083758815402,1.6956379437577
-7.38654633097704,-1.51641113062116,0.679328707159608
-6.85328996219747,-0.0848016399541208,-0.284822451754093
-6.4330699118557,1.32116078301199,-1.23303831175184
-6.28894718853459,2.65451004943762,-2.26158873689279
-6.51306569567637,3.87848901623217,-3.49169959570773
-7.09507116836312,4.89452158676553,-5.04949823981913
-7.83256882600807,5.44077112082007,-7.01254804166712
-8.19155669049006,5.02794408067927,-9.21355841561763
-7.41068133751168,3.19034282423918,-10.9721816887394
-5.27925038566667,0.217509543122334,-11.4074504780906
-2.68100111048774,-2.78302637092003,-10.4634986190821
-0.65194203065936,-4.98543753669324,-8.8794006841075
0.470261685971498,-6.26179954728238,-7.22928633410387
0.864940571425508,-6.7846554562943,-5.67252155696898
0.838337944780463,-6.76633073818928,-4.2087459569098
0.630474924465367,-6.41745318786724,-2.83826459633712
0.363551979374455,-5.9331951531093,-1.57436146824196
0.0632968265065009,-5.47163887401878,-0.417754922742102
-0.297545361245706,-5.14379935156165,0.654904256470065
-0.768653528703337,-5.0250695374209,1.68420216519151
-1.41367279331679,-5.17412621796498,2.71593902520088
-2.31880713666523,-5.64520576725168,3.78218483707176
-3.61595459497732,-6.48332741180788,4.86499597044826
-5.48338499994884,-7.65154788260452,5.80913096207576
-8.0423989923009,-8.83397006024102,6.14256065359495
-10.9163064218898,-9.14182391496441,4.95678550807336
-12.7790715327495,-7.53508943526961,1.62128055697672
-12.5193942692082,-4.56430047919755,-2.78860575943693
-10.738786277902,-2.23141222642419,-6.36153943592239
-8.44125651661227,-1.50145160540866,-8.25851897351839
-6.07793738814981,-1.88471771355897,-8.59287702453931
-3.9051347795524,-2.53693944958166,-7.88146164895117
-2.08387409780425,-2.98690791718719,-6.71899487799582
-0.634495104321111,-3.17861327819323,-5.54045402873344
0.503027824374822,-3.2306011238835,-4.57461890479249
1.40724930128253,-3.26563416987217,-3.90222736086688
2.14738258547725,-3.35705094270709,-3.52643488998295
2.77782234812124,-3.53837551655315,-3.4200688952357
3.33691581420541,-3.82544092865146,-3.54823766627368
3.84413822725477,-4.23392160532137,-3.87599064366868
4.29421185061164,-4.78732322916647,-4.36242769993867
4.64631276634093,-5.51041762583926,-4.94199276360846
4.80905319417059,-6.40622987885943,-5.49888363587066
4.64025755286641,-7.40495172550731,-5.84131091354817
3.99806546327771,-8.31173093007864,-5.72150844861245
2.86468009742518,-8.83706888572089,-4.95456528648732
1.4353889459669,-8.78149704635698,-3.58235761083888
0.00242526578287908,-8.22086170320919,-1.87561551105165
-1.26585541635643,-7.45584126609769,-0.140785654339984
-2.39046765008599,-6.80232762565611,1.43365203487766
-3.487708702913,-6.4536175964979,2.77097142602585
-4.67491656301289,-6.45349646522768,3.82648029791293
-6.02034051430558,-6.69727113322766,4.5091091009748
-7.48305826669486,-6.91352001585773,4.64353932228111
-8.82519572371337,-6.69220463804879,4.01798293966257
-9.62059747579762,-5.68394162620971,2.59704845087915
-9.56248333685754,-3.93139553628624,0.722619472794163
-8.79411197480292,-1.87536675963993,-1.09393024739447
-7.77034857492783,0.0295508688981006,-2.57587975753968
-6.87974710770468,1.56320454498079,-3.75115601187328
-6.27941717904988,2.67873040254165,-4.75153735182593
-5.93358377343287,3.38245961849098,-5.67126822717882
-5.69084471408486,3.67326534768269,-6.52366955560125
-5.35208123274036,3.54698908847688,-7.24128409950589
-4.74627921950233,3.03793931461547,-7.70471132780295
-3.80324156448842,2.25233444004447,-7.81103808345372
-2.58273240099751,1.34724962739389,-7.56188790309925
-1.21568548944527,0.447446790452867,-7.08268160086072
0.176657269998195,-0.413954689271652,-6.57005437808296
1.52797973740894,-1.2886912066915,-6.21224693400649
2.81450265528435,-2.27403774062056,-6.14692017237384
4.00910278645234,-3.48943947523695,-6.45358276298868
5.01251336559533,-5.06326361887047,-7.11608081590534
5.54764137731105,-7.07909623616254,-7.92522612258376
5.08506217707806,-9.36191610865472,-8.32028870021976
3.11861698192199,-11.1778538843367,-7.49720493467035
-0.02513282803966,-11.5881993463373,-5.26980886106667
-3.14527620839798,-10.5669517351307,-2.63197347815009
-5.37615266918274,-8.90138833919693,-0.675916798966231
-6.59875901454271,-7.15951782052456,0.30458052164301
-7.00300235427561,-5.49165787653416,0.557055710274973
-6.83787285563965,-3.91665514008678,0.434664125610055
-6.35832620109481,-2.45864250792885,0.184331846607905
-5.79128263187478,-1.13924951288224,-0.0928332572235696
-5.30434275234201,0.0481643620136848,-0.396836584009743
-5.00556295938258,1.13647009081298,-0.772530102871556
-4.96131625553644,2.17436846451396,-1.27815051938996
-5.22233635702017,3.20780423162231,-1.98457291931297
-5.82973634560909,4.25631346871195,-2.98838093687835
-6.79381808755133,5.2635769559767,-4.43216859116157
-7.98725363341556,5.98563120052639,-6.4799621548209
-8.90547077707122,5.81602974957094,-9.11179674303484
-8.53858147663251,3.88789858871669,-11.620284854226
-6.30761107152248,0.154272110432466,-12.6307911777359
-3.40748383566777,-3.86947217282754,-11.7027557034229
-1.52292641877579,-6.72265632653368,-9.75324441423895
-1.04034983656435,-8.04331248363582,-7.53505870016806
-1.3755686218429,-8.09029823166761,-5.32898941753973
-1.87670095588517,-7.35144884883693,-3.30924332793648
-2.23886432793085,-6.322928103224,-1.58613095760569
-2.45391969239967,-5.35547445750879,-0.172135175955216
-2.62074197509584,-4.63094018450556,0.981644620804926
-2.83124590279482,-4.21525435800851,1.9421732105563
-3.14448405913177,-4.1130511515681,2.77222988802477
-3.60037824234658,-4.3039625440412,3.5168535727477
-4.24155972909299,-4.75680400467891,4.19144413592403
-5.11765410572953,-5.41092660697928,4.76475840067413
-6.26855163541454,-6.14073865011798,5.12617183732714
-7.64645243547573,-6.69121781038413,5.05762537004422
-8.99255546986047,-6.66934753272953,4.28772766248595
-9.82549653229035,-5.73306531286858,2.72109299056894
-9.77504721432892,-3.95424000020978,0.686739185355368
-8.97255549332676,-1.84241106808856,-1.26903607827759
-7.89984517124353,0.0899690794946367,-2.84606894583296
-6.95790476626872,1.60075308467441,-4.06916758513163
-6.29193430150317,2.64676022299839,-5.07227105384536
-5.84657536979023,3.24764410566379,-5.94311949673944
-5.46426463562301,3.42696967963644,-6.68603214639941
-4.96778254077505,3.21800559179751,-7.23687100301221
-4.23393755695989,2.69505772905208,-7.50931762697841
-3.23918724556835,1.97798469948461,-7.46016514939591
-2.05162609324642,1.19332556425773,-7.14021600632915
-0.7724246441428,0.414945322613306,-6.68525600032916
0.521263151662639,-0.360220453920384,-6.26341056238784
1.79494849408686,-1.19463822688896,-6.02625851804316
3.03904543833781,-2.18594416148738,-6.09270871490466
4.22704405523852,-3.45446461335745,-6.53244382749962
5.24020917738578,-5.14388665021735,-7.33076582560265
5.74366922817294,-7.34944925000756,-8.25190380561937
5.09232244255862,-9.84785261673344,-8.63993595150831
2.71427813801268,-11.7317654367196,-7.58889119808019
-0.870201004347318,-11.9618010577523,-5.07293623455554
-4.20503269909476,-10.6871495171228,-2.41937885826095
-6.39700175633735,-8.80796885020432,-0.770355445357727
-7.38162158510174,-6.83899665706479,-0.223702763739073
-7.42509897049759,-4.92501449665685,-0.328152590393482
-6.88944644721418,-3.14597738031576,-0.641738755134353
-6.13175416806979,-1.56522958704997,-0.946190482606956
-5.42125745169707,-0.198759362027151,-1.2154627669202
-4.91759834251581,0.9854318002087,-1.50736675476138
-4.7009089565884,2.04099463336159,-1.89254632797943
-4.80418808693843,3.02360721597492,-2.4351560446728
-5.24296551409162,3.96711644413794,-3.20731249226097
-6.00636139340202,4.85346169586761,-4.30601979610003
-7.00226799294397,5.55029361120538,-5.84670734620243
-7.92464767736239,5.70747545150991,-7.86616165641007
-8.1157226038518,4.74177654351054,-10.0380018481907
-6.87195080012867,2.30115699830585,-11.4662257137586
-4.4023936191768,-0.969277964397021,-11.3776510216378
-1.89186429575197,-3.8683122857717,-10.0807584794151
-0.222540092905114,-5.79378556271341,-8.37373468577449
0.516787397691314,-6.76833099039243,-6.67177419036299
0.629724111134123,-7.00417405103564,-5.05157399221989
0.446610847867302,-6.74508785120311,-3.52314084721888
0.173340548556229,-6.23552521872378,-2.11080460479521
-0.120551087088697,-5.68414034124142,-0.8319319459505
-0.449932761067097,-5.24162866374143,0.326284240354657
-0.864524268869355,-5.00421093787777,1.40062514242577
-1.42587452335399,-5.03428603776521,2.43944611118523
-2.21054827222772,-5.38130485887377,3.48368488493532
-3.32735686548955,-6.08427579937177,4.53810710888
-4.93231847090273,-7.13214231875251,5.50834704969194
-7.17248414535096,-8.32079818770842,6.06386938375748
-9.89069755737497,-8.9908830274502,5.48190617820352
-12.1199315704174,-8.09010813740911,2.97176485263183
-12.5491491037454,-5.47413270648386,-1.04718588295692
-11.2185095150326,-2.73248434758582,-4.84687046318791
-9.14038199142433,-1.2725512369498,-7.26768790979372
-6.90053808154851,-1.10696390675441,-8.18400548740249
-4.72671639075519,-1.55031266886526,-7.94745733215158
-2.78251562529016,-2.02936654627209,-7.07334328285098
-1.1505659672147,-2.34156126960934,-6.02815823863369
0.180700109347491,-2.5287461959472,-5.11233216790455
1.26884324443272,-2.69567166874111,-4.46836876957046
2.18237876369661,-2.9250798472762,-4.13791643109458
2.9798900735772,-3.2679362645857,-4.11543757916367
3.69924582570349,-3.76314865576807,-4.37839658665019
4.34668212273419,-4.45268429671645,-4.88741375978184
4.87363223456519,-5.38823765551263,-5.57238014265
5.14680322577775,-6.59424690202216,-6.28071611710692
4.92802838640579,-7.9827827719735,-6.72323333544322
3.96592410800113,-9.23508898950499,-6.49750598279622
2.25853460677022,-9.86119848408346,-5.33684380739216
0.220587994051496,-9.59687524613524,-3.4370569121599
-1.63728882516734,-8.69186919988541,-1.34237506081781
-3.10849955222208,-7.63604021707728,0.497918300507049
-4.2672556951699,-6.77096474785192,1.90508470183081
-5.24408890985457,-6.18692196965615,2.85732580234537
-6.10766034522028,-5.79722101813533,3.37216074433735
-6.84267366191299,-5.42951588013363,3.46707765360294
-7.36988168031545,-4.90620174218963,3.17557533649715
-7.59690033297956,-4.11627942747336,2.57921989131534
-7.49007894128657,-3.05751931099768,1.80851387143235
-7.12160363410794,-1.81739662201652,0.991522036325803
-6.64450921892667,-0.503432058531808,0.191893320073769
-6.23449282987045,0.809641525173381,-0.607518998610937
-6.04237908590746,2.09173025015725,-1.48019721326805
-6.17803166550238,3.33172026149871,-2.53070079352448
-6.69490864386049,4.48776953569859,-3.8856245577651
-7.53420055472483,5.40213503076456,-5.68273225859543
-8.37134848604021,5.67230121939082,-7.96666847368262
-8.45303331478692,4.6284646886524,-10.3657907651554
-6.99088686448003,1.90641978274047,-11.8593920626006
-4.3282638706571,-1.65997454447794,-11.646887073782
-1.85658705874849,-4.68903968735854,-10.1750193487271
-0.447382865199365,-6.55519273421575,-8.29447124460667
-0.0292431004319789,-7.31683853639503,-6.39057852673285
-0.157371731176301,-7.2522085864524,-4.56073884838416
-0.451719505899107,-6.70318731676534,-2.8682011931401
-0.742051933366709,-5.98979429553799,-1.3622825588099
-1.01826852370067,-5.34702574784003,-0.0488091500934475
-1.33660707340875,-4.91612726068385,1.10524704459798
-1.76351792918665,-4.76848447902295,2.15427491703526
-2.36441193786622,-4.94000622901415,3.15039567617923
-3.22011034843396,-5.45250354750559,4.12135537093378
-4.44158993252078,-6.29580251137391,5.03328135307232
-6.15645252371109,-7.35725927263745,5.71254510575649
-8.37243768862481,-8.25672736811288,5.72509465813258
-10.6282187758039,-8.21905373373247,4.40356563092235
-11.8638149036192,-6.58274633129659,1.51054352481203
-11.428759627785,-3.89458337325064,-2.00316182844063
-9.88753001885722,-1.53216892281548,-4.85913481854514
-8.03443238271439,-0.22663044393043,-6.57566438011915
-6.18774543280415,0.146176870731006,-7.25465091763619
-4.41891290526211,0.0131765637054447,-7.16952503337801
-2.77913387130656,-0.27772434008155,-6.64085183104287
-1.31233867475682,-0.573010610145475,-5.9637454872136
-0.0222130776889894,-0.864187219256698,-5.35858592211196
1.1230946867759,-1.20466165838893,-4.96012086073335
2.17623036560186,-1.65924457705491,-4.83937033677239
3.18708567370791,-2.29562553049704,-5.03679829356853
4.18027187057947,-3.19948684233978,-5.57839429574841
5.11348071259159,-4.49056248757218,-6.45686084081061
5.79043244962843,-6.30327271366469,-7.54939334231065
5.72706003157023,-8.63001847607368,-8.43386347013255
4.21166733899275,-10.9307228409755,-8.27109938394016
1.07974446326165,-12.0628319245786,-6.43657522515225
-2.5543740256932,-11.4576664115642,-3.66739380349324
-5.38228697718824,-9.79678554084251,-1.42146132245287
-6.97858998788135,-7.85689099488877,-0.331563332134453
-7.48542539792242,-5.9200582589201,-0.154338014204235
-7.22327821265172,-4.07257586016663,-0.401001167938675
-6.55636618742171,-2.38828582238862,-0.729326135635222
-5.80402598014233,-0.91155213411441,-1.02195882520577
-5.18201413820244,0.366134157100611,-1.30280887034149
-4.80991723905634,1.48731201956764,-1.63997419090616
-4.74289063443026,2.50906597746091,-2.10139270731235
-5.00620907068368,3.47883804366794,-2.75391276080394
-5.60651892648458,4.41029734177996,-3.68093351449668
-6.50592389443337,5.23881917185814,-4.99498167754967
-7.52769264305747,5.7366293090159,-6.79559781761929
-8.19258885024444,5.41415105354278,-8.98636751787724
-7.72119554017957,3.69509411129357,-10.9397872104366
-5.74258355514117,0.667198502246822,-11.6539709651691
-3.08364533051794,-2.57258481633803,-10.8552173977472
-0.943260564562082,-5.02263365663666,-9.25614543543161
0.215073638942428,-6.44671913331964,-7.51184571917976
0.572424415983102,-7.00527563820969,-5.82887093923265
0.485152017967019,-6.9374517831004,-4.23150389383034
0.233064462813582,-6.50038199864355,-2.74151966507968
-0.0537113243996686,-5.93113928557052,-1.38509932948956
-0.359911816505563,-5.41324881274441,-0.164802421704585
-0.725556444736278,-5.06700754850244,0.947704464958002
-1.20904803847664,-4.96775054649636,1.99829300213625
-1.87855632083729,-5.1672303245406,3.03448348619124
-2.82514950648398,-5.70835591214403,4.08210424453953
-4.18239464448878,-6.60921498860742,5.10234644086475
-6.11537347576384,-7.77516626713067,5.89288608708712
-8.65606377402835,-8.78252616296493,5.92141460262519
-11.2468109301113,-8.69144925557716,4.33397013457755
-12.5622629692237,-6.74248925130974,0.857501578976067
-11.9111677525282,-3.82905660250124,-3.20447642482742
-10.0759604045604,-1.6985191398805,-6.27577753353288
-7.89780183354714,-0.974143191493562,-7.84330702240937
-5.69883365959896,-1.18767262529072,-8.09426255174177
-3.65121003891813,-1.6717695260817,-7.48012165207078
-1.87673349590018,-2.06020932154658,-6.49932752378986
-0.405767441830323,-2.30277231214422,-5.52720194436881
0.799020303902565,-2.48559387879299,-4.77395898614964
1.80342456472095,-2.70327632087835,-4.32238468206938
2.6707503188697,-3.02039147697179,-4.18831125024185
3.44917566677561,-3.48110249688275,-4.35668270343726
4.15763857806319,-4.1311986797209,-4.80007554365594
4.76750957042314,-5.02506213154554,-5.46189699524649
5.1678295167658,-6.20954696153343,-6.21889270707295
5.13120929013627,-7.64585081901177,-6.81235803543053
4.35876116301925,-9.07256362248251,-6.82539685827679
2.73118987407505,-9.9757704953736,-5.8818917142626
0.592900369241932,-9.94452589893112,-4.04908237716537
-1.45890559200709,-9.11036015577605,-1.87987521726594
-3.0896910211171,-7.9836204344742,0.0710750072299986
-4.32024462815389,-6.97936945880073,1.55353524961081
-5.28632600707007,-6.23512802909964,2.53767431738624
-6.07472145803985,-5.68875584471958,3.06340317911361
-6.69372686782945,-5.19131509860541,3.18264115900476
-7.09756249641626,-4.59425407276956,2.95770819118801
-7.23713096346026,-3.80975328654522,2.48021475070516
-7.1086732298047,-2.83226073741657,1.85961814251157
-6.78121824353321,-1.71833151044207,1.18969092108875
-6.37734358516724,-0.537870921166951,0.511687964745049
-6.03512364323728,0.662143489731714,-0.192288502239892
-5.88074974935746,1.86671666202586,-0.984209409996101
-6.02090671095035,3.07644423268353,-1.95705628387342
-6.52959929595468,4.26994234410437,-3.23173529073113
-7.4098973295575,5.32995403609068,-4.96509477404971
-8.44413402396369,5.90372425961195,-7.28302066555276
-8.94613249790338,5.26796823589634,-9.98427946054989
-7.89583787547327,2.71883493613933,-12.0809059586016
-5.24996767302679,-1.20881932239685,-12.3681027829227
-2.56560407456012,-4.83587718210258,-10.9964618724157
-1.11884911359419,-7.12305261264374,-8.95151651061679
-0.894693234562005,-7.9900569664631,-6.77474255327061
-1.26018782165335,-7.77995689587865,-4.66432419313266
-1.69174238096459,-6.97039035912307,-2.7614025988796
-1.99778020166482,-5.99818443570926,-1.14237640355363
-2.20953753323988,-5.15081183028034,0.198092272385069
-2.42060983828521,-4.5701090509309,1.31234731160856
-2.70924369124033,-4.30406854958511,2.26539519102108
-3.12999974379321,-4.35574391675329,3.11385960566546
-3.73010489072097,-4.7065651609668,3.89206479704195
-4.56905153212497,-5.32043701338321,4.59246252288303
-5.71127120245409,-6.10625352101248,5.13395918377544
-7.17136690934191,-6.85148092625191,5.31444137479262
-8.77335857458201,-7.1517437652285,4.80302874606004
-10.0216484623388,-6.52209733718524,3.33924354668216
-10.3392922790686,-4.83235207805238,1.12136952624424
-9.65911946675777,-2.59221162143719,-1.18772521281408
-8.47743188133128,-0.493533686410249,-3.06575222877292
-7.30557184513499,1.09333027966695,-4.42863822039233
-6.35363690251508,2.1143087971913,-5.40623428001128
-5.59378471907814,2.63845655645636,-6.11043233804886
-4.90495537954453,2.76098151860855,-6.58205383870976
-4.17276756415622,2.58419612653905,-6.82043472609088
-3.33751616723219,2.21143569818695,-6.82677511107815
-2.39738783188246,1.73434774930737,-6.6361255905164
-1.38389317728769,1.21234253721284,-6.32398603058085
-0.330714361128173,0.660474884358148,-5.99074932778816
0.747229186325813,0.0525634207207057,-5.73986308832424
1.85534148417822,-0.66785587906622,-5.66848923837127
3.00730645827094,-1.58471821273536,-5.86893155501304
4.19462052878155,-2.81542224129495,-6.42168785505882
5.3209020097513,-4.52603552260143,-7.36027211509007
6.05554172556458,-6.88997215149726,-8.52882223334214
5.63657440808556,-9.80407607153345,-9.28385940516106
3.13576257083182,-12.302117815087,-8.4682643778757
-1.12143570419227,-12.9102591080866,-5.79928329595802
-5.22703491825976,-11.5734183306027,-3.00223198089888
-7.80921342705961,-9.3800638212456,-1.67628059567891
-8.68797108231455,-6.98872233924384,-1.77283487934659
-8.27995848657715,-4.70552457013065,-2.43177146433665
-7.19829740630363,-2.74315197381312,-2.99038477967443
-5.96071097388604,-1.17029609986487,-3.25945772904126
-4.87055166075731,0.0590413384795649,-3.32548298949067
-4.05439870596109,1.02391129575488,-3.32619870557736
-3.53593747631176,1.79910672914737,-3.35718737488668
-3.2943106050526,2.44461241225474,-3.46460950656498
-3.29507275187928,3.00556010872113,-3.66644832217684
-3.50415573184362,3.51127601026656,-3.97326991402043
-3.88735176691018,3.97288604009073,-4.40006353356164
-4.40169353784249,4.37685385255133,-4.96910909573226
-4.9772097176665,4.67252071391797,-5.70242988147526
-5.48905353740716,4.76235464103032,-6.58952480780599
-5.74234588287516,4.50787164805183,-7.5410402343826
-5.50620479528599,3.79177952252656,-8.34882766554538
-4.64285081844769,2.63751134055689,-8.74493187578914
-3.23655294726299,1.25526207755098,-8.58589307531349
-1.55709567173767,-0.0953887516155342,-7.99138604663979
0.124702149217354,-1.29398530073566,-7.26069844704467
1.65226203982407,-2.38527761023457,-6.68211381135611
2.96201610307942,-3.48893664083246,-6.42483768733733
4.00456710565971,-4.72019882186709,-6.51947224143497
4.66986180217181,-6.14542243665318,-6.84732601322838
4.74485304536526,-7.71168535117788,-7.10852769952146
3.97889828165407,-9.13483331403149,-6.8459656721775
2.35056099700343,-9.92293041312202,-5.6979125306773
0.284167762907465,-9.76101571208838,-3.77974960499408
-1.64080148679045,-8.86871452748654,-1.63414876875262
-3.15326561945963,-7.75867049041431,0.25231587370982
-4.30582694652403,-6.80671662488101,1.68310049585303
-5.23280572840321,-6.12630468441997,2.64206132357473
-6.01565008291497,-5.64675308179315,3.16796666067953
-6.65653976250541,-5.21729837302772,3.29963616313745
-7.10338121684344,-4.68394785160024,3.086968290075
-7.29324698904193,-3.94847971382626,2.60824366776961
-7.20548094661393,-2.99679632613521,1.97001015155229
-6.89669877982642,-1.88548317413213,1.27319622351882
-6.48689262765303,-0.692297641533372,0.569969486796887
-6.11939776092152,0.52575184116637,-0.149843972732391
-5.92875771190047,1.74609857774434,-0.945697176181491
-6.02394751846218,2.96596064790029,-1.90759155331441
-6.48611039940271,4.16583651048059,-3.15632452075732
-7.32318146783461,5.23887841709812,-4.84357906805726
-8.33951284708219,5.86004659936425,-7.09777493506424
-8.89588072067789,5.3453705516964,-9.75688327995376
-7.98692308253053,2.97747509666272,-11.9095341542148
-5.44510343572503,-0.834839012580273,-12.3391225487959
-2.70879451662371,-4.47915073775209,-11.0769801274974
-1.11335621060607,-6.86023215694229,-9.08793213908988
-0.750739186657267,-7.84873098334979,-6.95089059010572
-1.04130259543843,-7.75345927829166,-4.8640187489117
-1.45619540720844,-7.02489420754005,-2.95941201466653
-1.77431166497804,-6.09456695515534,-1.31879528909318
-2.00509686181292,-5.25972417706855,0.0531444352113856
-2.23444228717349,-4.67727660932862,1.20111385143687
-2.54133143325631,-4.40544000805884,2.18912652984066
-2.98353477813458,-4.45472415530284,3.07439589693247
-3.61488446855722,-4.81535150342064,3.89190561437666
-4.50045010887702,-5.45348266121777,4.63405629938165
-5.71478332227671,-6.27903623384053,5.2122560368482
-7.2783881931574,-7.06460261868454,5.40121739071889
-8.99586568173317,-7.36443879618917,4.82818397569332
-10.3057207808894,-6.64298821719976,3.20275818962781
-10.5784181079705,-4.80139231699149,0.78208699595014
-9.78913376815934,-2.45974232215604,-1.67114721859564
-8.50645715570685,-0.377522928335928,-3.59925072317183
-7.24407189209417,1.09588043553986,-4.93457964094424
-6.17769382410754,1.95197994342005,-5.8126890894565
-5.26168422855317,2.31237278934744,-6.35136045267294
-4.39477858405532,2.31559399274862,-6.60927462985822
-3.50520886928203,2.09067625616103,-6.62555623623708
-2.57066180466768,1.74043402429612,-6.4518691559316
-1.60117723437741,1.32927150000088,-6.16291508536138
-0.612822842022531,0.87835449185009,-5.84695371883847
0.390372921292346,0.371252050006755,-5.59299090869669
1.42092511926212,-0.235273482198902,-5.48365939709672
2.50166417299533,-1.00819186682726,-5.59990497430163
3.64720619117084,-2.04348265943834,-6.02321187575184
4.82252376602076,-3.48650808301759,-6.82454488645175
5.84127813804045,-5.53046265079054,-7.98006137010165
6.16110420977174,-8.29470770302954,-9.14232191453642
4.76785964205273,-11.3197527350542,-9.31822509931381
1.06534208949833,-13.1168631929691,-7.44526144495644
-3.58686743223789,-12.6376524691529,-4.37403236689005
-7.15201744628115,-10.6774867517708,-2.29444226687035
-8.85211916023401,-8.24219540150488,-1.98060922878216
-8.90254387903347,-5.80276377435863,-2.6785505789891
-7.93135366560189,-3.66838181230437,-3.44259966028226
-6.57602570684751,-1.97881086874533,-3.84530414457944
-5.25179394608805,-0.694579561960814,-3.90470919336709
-4.15167933021101,0.282135340357893,-3.78715572761545
-3.33303792492792,1.03729038355103,-3.63704772063524
-2.78532621089551,1.6350727439933,-3.53422216355803
-2.47239914747307,2.12345838136318,-3.50735085587733
-2.35562916420092,2.53871864440998,-3.55879628713021
-2.40011081287015,2.90870240377573,-3.68137143939246
-2.58071213789859,3.25245262409092,-3.87025520092629
-2.87791705291313,3.5809789362048,-4.12693095205493
-3.27360135214715,3.89557981273629,-4.46059356307274
-3.74473602490581,4.18383674042885,-4.88765205561065
-4.25059877720409,4.41397217579553,-5.42312727806364
-4.72042966107979,4.52781471268653,-6.06777072116278
-5.04140825324292,4.44163532339399,-6.78239473730876
-5.06564778133546,4.06766659125068,-7.46225004607114
-4.66112005382844,3.36928403552074,-7.94328841277117
-3.78878975570413,2.41119317160562,-8.07301760399501
-2.5471818104293,1.34370469147916,-7.81968472616194
-1.1147776031929,0.301636985197102,-7.31146526786095
0.349747421252468,-0.678605651061053,-6.76653526857248
1.75663052541833,-1.65709535842697,-6.39305915098578
3.06445085585467,-2.74322780966435,-6.33799622742129
4.22461221248433,-4.06046797744624,-6.65972325806662
5.09805706918912,-5.72338414071524,-7.29129094713948
5.36140521332989,-7.74668842100803,-7.93027999911052
4.51205921624667,-9.81389439257352,-7.94832905596558
2.29265997207632,-11.1315326100193,-6.69699883684123
-0.687841435730444,-11.0448519554314,-4.33418139165613
-3.3674144960706,-9.84217178490835,-1.86695121730786
-5.21359315102335,-8.26565122914687,-0.089671400534148
-6.25248987432319,-6.7330801987238,0.85647648667041
-6.66713951559052,-5.31671682256569,1.17829951927469
-6.63570549287227,-3.98918406679262,1.13673147282687
-6.32970904894882,-2.73771016289354,0.929398403144251
-5.90692209101852,-1.56741352968734,0.657251390910958
-5.49924974749019,-0.476361303378763,0.343896084143203
-5.20552606628415,0.555508036297211,-0.0333554132420813
-5.09876672471726,1.56452388854436,-0.520079810973881
-5.2411526868988,2.59307025726914,-1.1785007582704
-5.69338021640805,3.67202655752669,-2.09437153342934
-6.51288232333495,4.78647625554054,-3.40155834530852
-7.68305856214586,5.78887797271487,-5.28565621444337
-8.91588449665342,6.21179376454554,-7.89382338883939
-9.32491288925287,5.11268342843343,-10.8911796588658
-7.77782194684931,1.7459526415683,-12.9268726423829
-4.76502780801234,-2.84445201826987,-12.7584250325439
-2.42157443580301,-6.60338568729627,-10.9580642972241
-1.80447928212025,-8.57752916383933,-8.58645912946436
-2.34819885316885,-8.87293633296301,-6.14901654877219
-3.10593700561803,-8.05908930115602,-3.95188580899473
-3.5717428864646,-6.77754501719332,-2.16596387598301
-3.70498636883643,-5.47910538310097,-0.787436152060942
-3.65258540337993,-4.38867038180798,0.268798728906747
-3.5576716974061,-3.58148433694852,1.08897127076016
-3.50436101769434,-3.05571478552766,1.74178502230714
-3.52604508630135,-2.77862533557379,2.27989687584556
-3.62929982936596,-2.71192782572395,2.74296701468494
-3.81285166641764,-2.82216482434933,3.15940693096363
-4.07844774094054,-3.08225763124217,3.5467307796709
-4.43584686232703,-3.46799931409774,3.90994818260755
-4.90198891861907,-3.94902236439904,4.23728346452757
-5.49384283667181,-4.47592791517969,4.49257696303181
-6.20969961991041,-4.96329035634544,4.60797752792173
-6.99911472270292,-5.27594737557179,4.48459994207716
-7.7309831396029,-5.24013028299176,4.02282459008447
-8.20807880081867,-4.71240898950561,3.19449320328572
-8.26933978379787,-3.67944354913956,2.10144782023273
-7.91461321087525,-2.28639775749953,0.930854560548033
-7.32520126583448,-0.748520039732451,-0.175217494392325
-6.75288448639099,0.767577337807415,-1.20083142538879
-6.40940147780137,2.17723503390483,-2.22806748047747
-6.41649799193391,3.43886023641796,-3.37662824612817
-6.78545277368398,4.48435668472231,-4.7643611272372
-7.36989874038873,5.13466632017991,-6.46951059020836
-7.76895959905242,5.03722971060878,-8.40699572410223
-7.35264808845069,3.79338948206359,-10.1211191800744
-5.73127960997377,1.44482414728563,-10.872850351333
-3.34548868703237,-1.24637851784031,-10.3630180865246
-1.08392105377372,-3.47502279904007,-9.08160867478883
0.531491434753121,-4.99512714533673,-7.66111626278528
1.45230737292462,-5.91678712992003,-6.38208277934048
1.83026645936641,-6.3901017434023,-5.25235369447707
1.85184414420528,-6.52695509325997,-4.20123587924322
1.66938805574015,-6.41619508329086,-3.18001788424782
1.38548198412971,-6.1502460109722,-2.17514296657432
1.0481213150957,-5.8231406568931,-1.18891080821597
0.660780435455793,-5.52311070910713,-0.219261740327422
0.196968974798879,-5.32703036808028,0.7497315645877
-0.391125957766086,-5.30439072113274,1.74636085568482
-1.17193084101275,-5.52499799626938,2.80222288140877
-2.24947057892743,-6.06666121947543,3.9330954930743
-3.77915771932601,-6.98910609917507,5.08973646708111
-5.96830884094093,-8.23796750413883,6.03890698967704
-8.89253299765114,-9.36331847468354,6.13243936273448
-11.8971844340769,-9.23182126807058,4.27223330999767
-13.3331375404221,-6.95879497007894,0.117202838747742
-12.4593222468414,-3.90014416716731,-4.58285923005807
-10.3058355399244,-2.23497790628019,-7.8750619715017
-7.79029745096205,-2.33693781484647,-9.20575630272686
-5.36909418029038,-3.22591712028186,-8.93290622925013
-3.35059674564121,-3.98051070351144,-7.75800640794472
-1.81684185779564,-4.28234936363755,-6.30089394501967
-0.677526344848017,-4.22220050566447,-4.92530097260471
0.1809035837597,-3.99276702951486,-3.78600413303045
0.839977215807831,-3.74379970076712,-2.92132825279998
1.35471112137605,-3.55312347272065,-2.3110316483367
1.76355959662877,-3.44585840535433,-1.91604738281315
2.09761706283132,-3.4178293659179,-1.69188844853617
2.38040682441055,-3.45508084799424,-1.60180523426642
2.6299450586281,-3.54264474202231,-1.61719325687636
2.85947080825345,-3.66894633089397,-1.71762404118647
3.07826969677201,-3.82731942065703,-1.8894844821975
3.29222513495398,-4.01603401981136,-2.1235499499273
3.50362226583725,-4.23783260818776,-2.41245505299267
3.71016634136488,-4.49962673439137,-2.74861165720722
3.90330021005077,-4.8101960642412,-3.11969212395455
4.06522220023482,-5.1782182444985,-3.5047454884073
4.16719583672583,-5.60456034458438,-3.86786342332437
4.16898992395905,-6.07444449781431,-4.15424227656303
4.02430743664415,-6.54666609322173,-4.28970331226651
3.69828359128558,-6.94988119958886,-4.19490239947198
3.18834264811757,-7.19804376787227,-3.81142672495516
2.53561963652467,-7.2266814301278,-3.13064176336159
1.80881982980745,-7.0347214679074,-2.20372228593226
1.06297162413941,-6.69573849648472,-1.11472306064243
0.307157340098574,-6.3332046052203,0.058891398181446
-0.499945772225241,-6.08286063577777,1.27120199488137
-1.43832597764394,-6.06951810468626,2.50440802402653
-2.61918147328969,-6.39424224710687,3.7414101754595
-4.19027589545721,-7.10868380718559,4.90761019144158
-6.3087301509124,-8.11104392801009,5.7559285895117
-8.9553132063796,-8.92003773702802,5.70044267703652
-11.4656079172445,-8.54694914700664,3.90752929089222
-12.5225312194556,-6.37501506230945,0.313867649302843
-11.6639407765999,-3.4855107317643,-3.63175058883342
-9.76693984756481,-1.51975754134089,-6.48029053949421
-7.59651488381433,-0.915076335069112,-7.85222980639537
-5.43148261357197,-1.15272004893496,-7.98134861507409
-3.4300403781572,-1.60781754481763,-7.32329157284092
-1.70004916484731,-1.96492939796209,-6.35486635365995
-0.262888082749202,-2.196160661711,-5.42601804341976
0.922091766304542,-2.38872400563081,-4.72824608798901
1.92020344215675,-2.63124815341599,-4.33500987880413
2.79288436845893,-2.98496976190198,-4.26023039165563
3.58484626715498,-3.49603122463779,-4.49072773693369
4.30848985395622,-4.21557795371557,-4.99820950516661
4.91938539478517,-5.2066371921698,-5.72014815552041
5.27593413170925,-6.51342577523493,-6.50691487633947
5.10260389024149,-8.06308250796148,-7.04574209535444
4.07987927134118,-9.50707182492216,-6.86552223983841
2.16964549282531,-10.2590638628567,-5.62935369040138
-0.133750307411754,-9.98170818020971,-3.57046925742276
-2.19513926819607,-8.9671572525529,-1.36027101092472
-3.75750277295884,-7.77402724134162,0.477511373604829
-4.89479559981983,-6.75162296799718,1.77014598167149
-5.74063176143955,-5.9632067502208,2.53977928877336
-6.3640559616599,-5.31238310562739,2.86270336474883
-6.77004169128313,-4.6637081568513,2.82661188300464
-6.93964923631451,-3.91711436517772,2.52693023107975
-6.87477418645589,-3.03722316581634,2.06452969253307
-6.62429534615932,-2.04481821676979,1.52549171101752
-6.27933243006818,-0.983620338078319,0.95667511205664
-5.95067598617638,0.111539150521599,0.3570190268706
-5.74762997848356,1.22904456574053,-0.314516592570486
-5.76955339437218,2.37633224902203,-1.1279829493522
-6.10718518226359,3.55928034610649,-2.18274942487924
-6.82585107278495,4.73759351500162,-3.61788913240141
-7.89032754425333,5.72743706370734,-5.61113166414978
-8.94980713760942,6.01667565900577,-8.2544109498338
-9.07027692728776,4.69067274928949,-11.0962477169499
-7.28127034724382,1.2456097461896,-12.7780388775965
-4.30085964112958,-3.09324844736457,-12.3447795482608
-2.08012308543286,-6.49237813395672,-10.5071278011318
-1.42778534793742,-8.23368933793486,-8.21735395897101
-1.80803888695027,-8.47812084564276,-5.88530049874571
-2.41982141987019,-7.74389143427926,-3.74781024275198
-2.83881087826502,-6.60343667224813,-1.95187305750861
-3.02635305899705,-5.47080760345106,-0.514105071304962
-3.09843808415958,-4.56077477566996,0.623810222287542
-3.16901728245826,-3.94843823388073,1.53704267615924
-3.30594319508157,-3.63591978977425,2.29335814377456
-3.54180092867431,-3.5966483039039,2.94590745110057
-3.89619124236269,-3.79726397346333,3.52983254070996
-4.39161984399419,-4.20093471345362,4.05782433795096
-5.05798518167307,-4.75652441839977,4.51051820045299
-5.91924188440026,-5.37386948265416,4.8206386730432
-6.95318105289339,-5.88986817954194,4.85778816997082
-8.02303606954387,-6.05272583293016,4.44742050182623
-8.8424057066039,-5.5934538269267,3.47377309803733
-9.1006666888455,-4.41839169528232,2.03871698719838
-8.72129662214064,-2.73369772973941,0.457515781667382
-7.94995941236974,-0.902660726096437,-0.983181443182115
-7.15313519102138,0.795396841212279,-2.21233613727411
-6.59852295705417,2.23371923512784,-3.32211768792486
-6.38341132821379,3.36680486267935,-4.43866173640459
-6.44778762579226,4.14074889071534,-5.64518417509547
-6.58502382787313,4.44379975653222,-6.93756618532526
-6.46564707273327,4.12355667035951,-8.16721932970354
-5.75824473485586,3.11423578051616,-9.0256656451678
-4.3672212011655,1.60493921258239,-9.21284767715159
-2.54219364886498,-0.0125160704563237,-8.72075282703181
-0.664751473321478,-1.43961452157371,-7.86629050147217
1.00524913426332,-2.62941317671764,-7.0358649413093
2.37042426312485,-3.69104598800701,-6.47306116634771
3.40281433285232,-4.74546780740949,-6.24011554478245
4.06217892080539,-5.85889399302153,-6.24947612965835
4.26175346021544,-7.00763891572108,-6.28907598944009
3.89984373112508,-8.0429206693087,-6.06532451177276
2.96593622464905,-8.70726542462459,-5.31988901092828
1.64621554348193,-8.78614164611044,-4.00276867835824
0.251417257555546,-8.31085595326816,-2.32341727002032
-1.00373397055395,-7.55604664496201,-0.577725532450343
-2.10184108491749,-6.8491047147006,1.03126999485109
-3.14573889830089,-6.41425540458768,2.41848558796472
-4.25727183751231,-6.33175120044686,3.54934672838303
-5.5229830508177,-6.54380580965822,4.3608075204018
-6.94942840610872,-6.84004320968552,4.70815016034236
-8.37898845462081,-6.85007029135293,4.37278903450072
-9.43386207559381,-6.16456989414914,3.21752760395975
-9.7047385236065,-4.65067782068096,1.43731129758904
-9.15265595249732,-2.64055564172474,-0.46470041434969
-8.16367032622185,-0.636238608623068,-2.09018628592569
-7.18785923785428,1.04699443044595,-3.3705650610221
-6.47015157832844,2.31308772701396,-4.42242093611003
-6.03549759603635,3.16048169089586,-5.3630536351158
-5.76540786760035,3.59555052493375,-6.23623210662613
-5.47163258296147,3.61483877669385,-7.00260063526812
-4.96723510471681,3.23651199014198,-7.55806184113121
-4.14173554493036,2.54077077683748,-7.78704860314222
-3.01240379850436,1.67334103457813,-7.65126626559267
-1.69180957608934,0.775801049184585,-7.23571986535704
-0.308795926955527,-0.0862982732272297,-6.71872069336341
1.0528347419189,-0.939460972969393,-6.29462106258936
2.3596444819309,-1.86791029154143,-6.11861332973123
3.59272754679562,-2.98481911646236,-6.29431485178519
4.69008563312871,-4.41684919636179,-6.84669133165334
5.45248615160979,-6.28076967917354,-7.65807216222569
5.43293519150127,-8.53782390554506,-8.30920872639407
4.02979476946361,-10.6709356018243,-8.01788911020176
1.16868490576883,-11.6805103160506,-6.23035290578381
-2.14258957592286,-11.1044699022123,-3.57148561361192
