-2.61602391339964,-5.23204782679927,-2.61602391339964
-8.31275865478904,-17.8836221203728,3.3113604850826
-20.0123681465366,-27.6040283072738,36.807610484807
-11.2776000346294,7.40743386329749,44.1920861262175
2.61848279413885,10.6993887059917,31.253921147217
7.05725321873265,8.98546565444308,28.5313535049257
7.92198738417368,8.13735116401252,27.534870400682
7.99005929015945,8.04712265410779,26.7087171198252
8.16714914679263,8.4748326670683,26.2900608550297
8.55368675457914,8.96479824275558,26.5578597257585
8.86346013488205,9.01387320618036,27.2764707022109
8.79783409284159,8.52700831198616,27.7322848801527
8.41695387926947,7.9982477642722,27.4611006367303
8.09827311176774,7.93275336814206,26.7507400818769
8.13421429737835,8.36598336094368,26.2561938316841
8.49459065485749,8.9251871152655,26.4329028180794
8.85670067432842,9.08124038640428,27.1652917102977
8.85843179572664,8.63330705495974,27.746961675343
8.48460431422131,8.03395031747439,27.5818479454871
8.10816518365217,7.86986980042897,26.8590021801383
8.07831444015202,8.26089332586112,26.2551429457946
8.42092379015819,8.86960444874851,26.3150066757725
8.83485081069583,9.13712242169897,27.0352578367235
8.91329293843382,8.74863046622841,27.7376303233956
8.56084260210806,8.08909018029381,27.6992755289341
8.13087078925302,7.81755569324327,26.9847442095963
8.02797482692915,8.15037088319172,26.2763176138708
8.34049896709935,8.79513162628578,26.2052840064914
8.79818337784212,9.17653383539956,26.8876606028213
8.96063413343282,8.87014692708341,27.7018219612801
8.6444382142198,8.16452193403175,27.8092453796129
8.16755685839588,7.77887543414649,27.1265218507542
7.98555420428869,8.0370504892054,26.3219504280502
8.25515766246624,8.70206258421574,26.1085490176056
8.74656969316081,9.19686592854114,26.7255120772013
8.99730847702693,8.99395355808813,27.6362418407108
8.7336100142417,8.26089138741721,27.9069272911932
8.21910848084363,7.7571274432475,27.2820896264677
7.95304931141391,7.92357918947782,26.3932134092329
8.16678603240305,8.59156965313592,26.0284927187489
8.6796946947459,9.19442295681579,26.5529115240274
9.02047990930596,9.1155484621689,27.538974710401
8.82587011831799,8.37833774662539,27.9863963574223
8.28577003564076,7.7548702361299,27.448754540186
7.93298086245382,7.81334550465277,26.4914568680596
8.07796010805783,8.46511280291724,25.9702027427052
8.59813711584234,9.16708656596417,26.374418335221
9.02744492453569,9.22980322129165,27.4091183467712
8.9182830185556,8.51589612195795,28.0419050068013
8.36780974708055,7.77578798187356,27.6226056019075
7.92773845847693,7.71001957889719,26.6171953822371
7.99115169539564,8.32487334725603,25.9373295898513
8.50280249386753,9.1126605335993,26.1957733270658
9.01552468942696,9.33073231400267,27.246855593114
9.00744765097549,8.67163614291901,28.0675866042033
8.46468749744249,7.82266418834526,27.799153888948
7.93942244907211,7.61733315876393,26.7700903062805
7.90929104105419,8.17352279362428,25.93386960131
8.39526745622701,9.02997049006756,26.0233389484475
8.98280336301423,9.412583671167,27.0540933190881
9.08899617141242,8.84221751451349,28.0566701525129
8.57534313376949,7.89863596082611,27.9724326575154
7.9699700010749,7.53921006489759,26.9491682152037
7.83547211616423,8.01423426108847,25.963291053454
8.27772831256782,8.91884255040073,25.8639381428354
8.92780991976233,9.46958345276982,26.8340686441506
9.15902295054797,9.02329269657718,28.0044404129286
8.69792279825004,8.00587132887101,28.1359539424487
8.02131088286892,7.48013397987578,27.1527851940709
7.77298560635396,7.85068197130811,26.028568705012
8.1527036434016,8.78028366837575,25.7236718600508
8.84935593800063,9.49530005691541,26.5918696142135
9.21229881257042,9.2084212635955,27.9050859678616
8.82966414152492,8.14628987973744,28.2814741240521
8.09513683574569,7.44513615611079,27.3782084523722
7.7256063742605,7.68731569693752,26.1324931008844
8.02360278170414,8.61576777478048,25.6104312422711
8.7475897195427,9.48520889514519,26.3340245430284
9.24399094331349,9.3898452951921,27.755036671603
8.96673491840641,8.32059875991211,28.3996432542905
8.1927253830723,7.4398128055306,27.62131936999
7.69654243187926,7.52843126416064,26.2763342725333
7.89389742179241,8.42804730335125,25.5302645212211
8.62322676702012,9.43493507516297,26.0688380890678
9.24961973390001,9.55876997352021,27.5526527525832
9.1042433393474,8.52792403632952,28.4802616370247
8.31442451505992,7.4693018760613,27.8768276950928
7.68970899796057,7.37939569567257,26.4613954112583
7.76779187856086,8.22058701547442,25.4899065269132
8.47803752042362,9.34170888443494,25.8058104598924
9.22468018637779,9.70477166174288,27.2981299423642
9.23635523862434,8.7655023058278,28.5127018998339
8.45996510685214,7.53950148279934,28.1375330030577
7.70871580588042,7.24580639422434,26.6877642520199
7.64976217880853,7.99765152083732,25.4951937831515
8.31472548038813,9.20424582196102,25.5554184549111
9.16545141130603,9.81666409979351,26.9947869316096
9.35516110443435,9.02767494948045,28.4840776763706
8.62790333627613,7.65625622581752,28.3940924989282
7.75769245244612,7.13474739427404,26.9547672862035
7.54526469566499,7.76461699066958,25.552326172297
8.13697009765889,9.02287807953947,25.328939357557
9.06946302757885,9.88359329792412,26.6492738985805
9.4531103863377,9.30612925200062,28.3846579535642
8.81526077083288,7.8250778355446,28.6344578931839
7.840086330284,7.05351963349664,27.2600991816174
7.45878469313015,7.5265525607214,25.6646859780686
7.94962185340887,8.79958442803136,25.13876254869
8.93567183237712,9.89578315748079,26.2714350217888
9.52068037500873,9.58835612245417,28.2038533267348
9.0170497693656,8.05032525671344,28.8435180248426
7.9589906074337,7.01026581254873,27.6000569635842
7.39716457937679,7.29077219905795,25.8376899791305
7.75793912205996,8.53835305227256,24.9952802405929
8.76432072329058,9.84401013472097,25.8749676726914
9.5491502113675,9.859159636699,27.9354284623751
9.22620215197711,8.33405138615642,29.0038177604164
8.11760213732777,7.01629583002405,27.9680178109247
7.36663468368516,7.06468613216388,26.0742151187491
7.56848171163189,8.2443877061499,24.9102772461589
8.55780633211063,9.72294813513498,25.475508599209
9.52904063496373,10.0987729146062,27.5761054118827
9.43267815147978,8.67521111673651,29.0937913722292
8.31701680376627,7.08198631581156,28.3549817551562
7.37329044592008,6.85595166201764,26.3759632140235
7.38844543900238,7.92433275989867,24.8941745574447
8.32017931824323,9.52869508526607,25.0927353066912
9.45256970457717,10.2855706770782,27.1293313081536
9.62328914552042,9.06731340739442,29.089144822233
8.55706214315607,7.22032781922722,28.7472944919689
7.42567384798509,6.67610882390947,26.7447227787537
7.22608480160787,7.58609829245952,24.9569746450348
8.05771254208947,9.26181331963785,24.7474870825583
9.31400546644982,10.3972610953541,26.6057773498947
9.78201347819087,9.49646669493077,28.9649198523842
8.83461709345554,7.44539907388975,29.124908188689
7.53144442539537,6.53753040364298,27.1794108913712
7.09080211254053,7.2388496872375,25.1079793361559
7.77811136356384,8.92668579668169,24.4596433820743
9.11026271996082,10.4122602817406,26.0244122906907
9.89085661495863,9.94021036705399,28.6983679140732
9.14223341753183,7.77015618405316,29.4603934000832
7.69844042628012,6.45571328715306,27.6764025271468
6.99299028283249,6.89279449755031,25.3553298729019
7.49141037433129,8.53047298124388,24.2516163123384
8.84215868635033,10.3136295419695,25.4119895298071
9.92897270813436,10.3643967093637,28.2701952596179
9.46684116357724,8.20416258077685,29.7173246796293
7.93406657450783,6.45014171392108,28.2281933975303
6.94467641498184,6.55982421970002,25.7065416328461
7.20901789631257,8.08358205350792,24.1434518249863
8.51439288089935,10.0900986744335,24.8023134008914
9.8771277753693,10.7260105990349,27.6737912276722
9.78773826585985,8.7495480941283,29.8480200033771
8.24474402101645,6.54813561446715,28.8191104353094
6.96093287225479,6.25563429972304,26.1688563482046
6.94416102060433,7.59860340485644,24.1543763582653
8.13634545468694,9.7373905658774,24.2371183535417
9.71880595580378,10.9751429500365,26.9184974990032
10.0749979746931,9.39371693505798,29.7945122196426
8.63171533336191,6.77962637368429,29.4238270775524
7.05780353851457,5.9987513113619,26.7468253950828
6.71402692516843,7.09134977286936,24.3052562214667
7.72152576328721,9.2622378604948,23.7571562525744
9.44287081101265,11.0595559338968,26.0351743745672
10.2893238222666,10.1005500724646,29.4940116246587
9.08903461575143,7.18253862470878,29.9972799923499
7.25525811641725,5.81672213036291,27.4425316538109
6.53641735765353,6.57790794243278,24.6119783466917
7.28827761244579,8.67878899000037,23.4077276431436
9.04770648708781,10.9357591344402,25.0785955812579
10.3846722824883,10.8032559392641,28.8909718590814
9.59679521954519,7.79324285442229,30.4686087751898
7.57358764498915,5.74657175407697,28.2511842816625
6.43686713173986,6.07986452323515,25.09446831444
6.85848527811734,8.00912583628207,23.2297945567455
8.54258804444062,10.5764069448212,24.1254315638483
10.3112978299655,11.3982227675065,27.9534379983264
10.1139011818421,8.63504640057135,30.730597256949
8.03319650496913,5.84414963639907,29.1546766961291
6.44340471908878,5.62064684219502,25.7684978965006
6.45956748750564,7.28104305376228,23.2643746115022
7.94882097693264,9.97906782262289,23.2662226116757
10.0288543225001,11.7582783150452,26.7021253802644
10.5697126541296,9.691630709396,30.6351963938491
8.6466483597911,6.18988013077628,30.1059949150339
6.59590914364356,5.2372046524581,26.6523875309014
6.12290367304062,6.52439097639543,23.5467898244001
7.30009093478194,9.16752439048376,22.6010243274648
9.51595075726654,11.7548165703004,25.2281693878473
10.8610735235497,10.8667744957985,30.0106284171109
9.40355514951467,6.88909979975638,31.0020259415459
6.94398161512781,4.9872484031595,27.7593857266101
5.89215211738999,5.77405400423479,24.1172857598544
6.63915546173363,8.1904408925298,22.2195384085248
8.78272221355696,11.298488565488,23.6986286624466
10.8604412881641,11.942888319701,28.715215487817
10.2437808555557,8.05206530819729,31.6381891337766
7.54739114963606,4.97270147364637,29.0862900491655
5.82498248199699,5.06984481823227,25.0163734443251
6.0192196752256,7.11087915969676,22.2059233082276
7.87657794992668,10.3762214151115,22.3353636484972
10.4525802829358,12.5900328132186,26.7467401264908
11.0178590346055,9.71516991362177,31.6580628332967
8.46059903271683,5.37150809702104,30.5769078265469
6.00546154961995,4.47068078875858,26.2914574430696
5.50598956608557,5.99693918432239,22.6354720004243
6.8775618226201,9.0663766886493,21.3643333193754
9.58343237672556,12.4587315253376,24.3458774752664
11.4556994757374,11.6628589834717,30.5728158045734
9.6857370330182,6.47502629878601,32.0223837005524
6.55758293291764,4.09038705870349,27.9940672376755
5.19088919560521,4.91660400011796,23.5869668064401
5.89181953391841,7.51521136468924,20.9884846089981
8.31306957403739,11.3763441699442,22.0029985892417
11.2114809362151,13.2272503684627,28.0211825786928
11.0491421582521,8.62428458485207,32.8408439628699
7.65229876228154,4.19558461965833,30.1436187129613
5.21427723512871,3.94361764424008,25.155774251146
5.04175376651577,5.88965454231182,21.3571837605893
6.81694158819801,9.47712646948283,20.3021458180712
10.0447745482028,13.4057210159246,24.3009533814022
12.005222941441,11.7440091459353,31.8356325351615
9.42819142194063,5.39329804357765,32.5355103701701
5.83014105114085,3.23024091482038,27.484278830694
4.4921390037441,4.33433805169708,22.6125878892979
5.33984374514847,7.15224505090133,19.7072073623167
8.07486910131817,11.6288258449363,20.6446305105906
11.6258590693287,14.3052048480638,27.7611759299726
11.6219495757052,8.71650186849475,34.0065162972208
7.47152769015903,3.27434760414258,30.7268388258322
4.53086317762409,2.96489994641521,24.9547858599525
4.14927939822391,4.83066412296146,20.4932918623852
5.80068366598338,8.4363528239366,18.5238204757744
9.35609775735628,13.5691520086616,21.6613026530328
12.6855622447567,13.8909469584034,31.1572320589021
10.5441152254002,5.79120156677919,34.4139858726035
5.82435472969974,2.09762032857407,28.7833806129039
3.60959655617437,2.77769326646587,22.91392168082
3.83158914036946,5.01762539662709,18.74640142907
6.00419438793691,9.22890683597376,17.3780924331668
10.2011556899304,14.9644236795308,22.1886582814829
13.3445583542775,13.3650782539661,33.3966512528469
9.71627695305384,3.8736880774445,34.4541307470903
4.68815779681182,1.1887392545976,27.6316899938355
2.76224331356245,2.16080866618321,21.6228941948174
3.09178393365582,4.27543106917722,17.3359276641618
5.22150563382937,8.42741645311,15.5419587321655
9.67523023558455,15.1575574025922,19.7786153421015
14.0416653627702,15.3286124164647,33.0748941832084
10.5321354584015,3.70312079066368,36.1268648425625
4.39527068031821,-0.0128401018775047,28.4656128828668
1.80397669779184,0.671211607127291,21.845144396405
1.50959029553924,1.87922456234525,16.8949855333798
2.4613882961536,4.06892966789214,13.4351576462721
5.08688809512706,8.99168256152201,12.4036342868386
10.6412820858946,17.5529125096438,18.9086220419633
15.4881030481606,15.3124091442968,36.7435410112229
9.37211294826018,0.34100794652181,36.601420241774
2.33811058247079,-2.13213464935266,27.3837490020529
-0.329134578946443,-1.77616572115019,20.8443146090366
-1.43780338170593,-2.49837411645052,16.1347889994325
-2.91035060309143,-5.01369890410378,13.0551485393
-6.17901514985946,-10.8943661328658,13.1230632128965
-12.3347885696449,-19.0401155727075,22.8947537862227
-14.9175539825893,-11.1056280466034,39.1364546352691
-7.22887433113738,1.05497566086573,34.1218967851711
-1.45210462784197,1.90304520327656,25.5335310158344
0.538511373121562,1.67464769729264,19.5131894375784
1.53523368262725,2.62951732516753,15.1401323523304
3.1479777028799,5.50421767457012,12.4083897425414
6.81298658426461,12.0612458241622,13.296858946603
13.3116595253438,19.7178336347196,25.2840424855436
14.3833472009419,8.59564885314098,39.9767546644435
6.02265642647433,-1.80480712933266,32.8282063481713
0.830531542719631,-2.07470527952032,24.5874184358969
-0.950726682312573,-2.09083806301119,18.8694311476656
-2.12364271497275,-3.56826848412986,14.8279199268156
-4.31121510115753,-7.50207213500345,12.8825747190462
-9.01225876590479,-15.2533736354843,16.5769852500921
-14.8776966157015,-17.9057754457706,32.4536168372366
-11.5285641180351,-3.23984748850319,38.3278208796753
-3.83356984090495,1.76004126886115,29.380757860073
-0.41571657834209,1.36690163113864,22.243287297605
0.697491591499133,1.46912600619825,17.0617723191398
1.57560362314675,2.72938120955977,13.2712562021395
3.39058784580344,6.11280425125061,11.0989030456477
7.65149708299007,13.7162297727877,13.2683971450024
14.6165508800345,20.3886728487714,28.614090009544
13.4628153302873,5.22340101282084,40.5883709612781
4.40551865824686,-2.85200977819101,31.2899060554284
-0.18258171852622,-2.71022058392154,23.5450920449553
-1.91608901874406,-3.32068704475717,18.3349364419782
-3.6664121663818,-6.02681732865395,15.1660020643409
-7.14032566668629,-11.904205756092,15.8446995621038
-12.6918355940792,-17.8453213460699,26.035318098185
-13.5408370744128,-9.03671264873557,37.8485866233406
-6.75131899013635,-0.0785383989882614,32.4067053285745
-2.20643901462096,0.324882754924844,24.6745378644237
-0.905846763583241,-0.484259124803246,18.8986146299572
-0.947510858082955,-1.37342309531641,14.5410000529056
-1.78784011219457,-3.13910221996297,11.3950860283274
-4.03433917645887,-7.46659196591438,10.0416421362608
-9.32632437605637,-16.5902537585489,14.7821219955674
-16.1158378953005,-19.0756073109838,34.5717259015396
-11.0987917183665,-0.709028503449316,39.3100162417463
-2.31418790978852,3.58314559539149,28.9758800783192
1.30413623041887,3.39188658247291,22.1479380792318
3.05384719625563,4.87082642307283,17.759874347803
5.55412341109605,8.97319369368673,16.1835566509064
10.071169230068,15.3766184121674,20.9829922551445
13.8581399980393,14.3030717948454,33.7034742190609
9.98221989059571,3.41061901774024,35.3369220283496
4.31601736645971,0.374645542003059,27.8845577727139
2.07225910412553,1.20050428821121,21.5198649435972
2.04778510421622,2.74260191337412,16.8079676001381
3.47469209896755,5.75412753219912,13.8667330090762
7.01878930779178,12.0239166815309,14.6770935099085
13.0177946545522,18.7271679969214,25.7847521474574
13.9176428577959,8.77580559400432,38.8563904745761
6.38732827554572,-0.814862882251173,32.5752988154202
1.55255524391562,-1.14097885767677,24.5687311268951
0.0371562527397552,-0.713031473152703,18.7619627404729
-0.486609007733995,-0.940776114252806,14.3849644168814
-1.10171964919091,-1.98475684738174,11.1144701710514
-2.5534703265563,-4.79306312913677,9.03610583459133
-6.24492562834932,-11.7931047086182,10.0522872980899
-13.7152308904318,-21.7991744714872,23.4399050026578
-15.5493694136436,-8.59130695118367,42.4252988482008
-5.35069509074363,3.96100439637539,33.5553640970015
0.711830674491947,4.12905507527585,25.066814676381
3.05456512548922,4.93211443265079,19.9967916775753
5.30627319512697,8.20581862238129,17.7010160889491
9.12381148707388,13.7115246194663,20.6285376503649
12.9888139969346,14.7338711757924,30.9975238422774
10.9249631129258,5.7576998169615,35.2064964202315
5.68465794121449,1.5032291564265,29.1651288970894
3.14505577621475,2.07693830674991,22.9076972604508
3.12332681070434,4.02285293281109,18.3231586824931
4.94289013175148,7.7776308433374,16.066642815839
8.97944068871769,14.1070651307308,19.0798901221679
13.587586571616,15.9613780781407,31.1561153407318
11.3321344760553,5.24133555599252,36.4304491338961
5.20774727723527,0.403326246767514,29.4566549301531
2.26479798389764,0.903025638364711,22.6982096671587
1.87561536572096,2.26802022221959,17.6413328993987
2.94680386629005,4.76827762483296,14.2247684720212
5.8720927079731,10.1315400377256,13.7279380311355
11.54477955551,17.9954993270076,21.7410145158102
14.8711440001469,12.6956027870622,37.6726396565552
8.23129026904723,0.0989546748611773,34.8628458679438
2.24868926187696,-1.37649033989954,26.2711090188342
0.161055751452585,-0.876278911429602,20.0182738729303
-0.516060290276717,-1.0405865466791,15.3478257829706
-1.17585477682493,-2.09148760646783,11.8659839398734
-2.65999758558865,-4.9308217881972,9.65869736347963
-6.36442549154992,-11.8838762321431,10.661080767932
-13.6762147863463,-21.4435559089188,23.871611318884
-15.317863260932,-8.52457831732526,41.987697781249
-5.44973608760165,3.57468068537276,33.3968332985155
0.442607686874287,3.76139648783109,24.9314130169952
2.69101456311989,4.45935350150989,19.7063823683513
4.80631114474619,7.5534897917358,17.0446999678422
8.55642654264877,13.2745122859096,19.2305251592388
13.0127260812139,15.7874432488939,29.7948966968738
11.6725978804635,6.5348815519597,36.0494756582956
5.95678654166237,1.11493512556324,30.0651777149492
2.88533887646668,1.41667181397956,23.398026834223
2.5004865271084,3.01966440778964,18.3953638410007
3.83369828094647,6.05590022433137,15.3050802902107
7.2524910157297,11.9932213031128,16.0874804563459
12.7263879914453,17.7172523964352,26.3243421615728
13.4081691439231,8.84236257791771,37.7249626902073
6.69757990868402,0.168122579126701,32.2376608716201
2.26618127422011,-0.186557143132981,24.5867554637235
1.03193863014839,0.679235686115456,18.8524605167521
1.17183470497211,1.7402231454967,14.5447540033151
2.24009833276572,3.93314244719436,11.5469511185484
5.01484173505212,9.1872039783305,10.8807157871509
11.0624975881818,18.6658930650978,18.440988419215
16.1097942792431,15.1145120137995,38.4485295921194
8.75321554400893,-1.17218733843492,36.6556068999021
1.38354005983065,-3.12583872198583,27.0656506353292
-1.38181415708392,-3.06710317765943,20.7991767335975
-2.96734427452951,-4.78741354934357,16.6763295996118
-5.57962271738708,-9.22176957386619,15.3619721540159
-10.4264721136493,-16.1085215683672,20.9457688585595
-14.2429477066283,-14.1510180414685,34.8113287843801
-9.59913355728115,-2.43531269549248,35.4145702344245
-3.71710168750176,0.199773512579608,27.462510795594
-1.49798132705846,-0.589124478993806,21.0479920233777
-1.31303571903907,-1.70252732052239,16.2455661680908
-2.22785432487039,-3.74913859601419,12.8468100042063
-4.72679268875757,-8.47768211366353,11.6576638372223
-10.2165352225675,-17.2964326993557,17.5464218913834
-15.7445055626354,-16.5605875990083,36.1774343164949
-9.9168805820183,-0.421537589901274,37.4698369758998
-2.32891100421531,2.5851105046056,27.902171739797
0.639668767151347,2.29878624083766,21.2513261027039
1.97260748356169,3.31060184812145,16.6028774156388
3.8490575608619,6.51114548752404,13.9427246462288
7.80752926329983,13.211418928992,15.716912779176
13.7142076609086,18.430962253661,28.4298820324746
12.9887009426557,6.59842290850593,38.6439923785885
5.46741928371547,-0.952233465269406,31.2127250624634
1.336648468566,-0.862686088347558,23.6151124980257
0.136750111686291,-0.417366772957574,18.0489181405441
-0.20816885322,-0.461445353348869,13.8232471812851
-0.522492817073187,-0.959056459496829,10.6071162224776
-1.24142066428484,-2.35976992973933,8.24581459219766
-3.15527739826988,-6.16930453054772,7.1069844993356
-8.13642990301725,-15.4902663792008,10.7417910788564
-16.4691708850539,-22.4819767436258,31.7155860637036
-12.7837663125464,-0.995449833534716,42.099976438191
-2.06705316025166,5.38132320835022,30.4213650924565
2.52682882398418,5.19873581167153,23.6182435711931
4.76049726419055,7.02876347635551,20.0587912798409
7.61938428785273,11.1389353611393,20.3228210110343
11.2835445361828,14.3563389865702,26.7551569593317
11.8987374976512,9.59393814835421,33.7934166121678
7.95241109956624,3.59337787425288,31.3458200765527
4.73613307371503,2.87533545345925,25.5609929983758
4.10257821246097,4.5678595998711,20.9091588415115
5.53961097715915,7.95372410116433,18.5898482435836
8.90825828730078,13.0440835093151,20.9951148990273
12.5056682820994,14.3769580883664,30.1107355296795
11.0292687663644,6.63027100895525,34.6571994865675
6.25323858759071,2.2191099737714,29.4739222229013
3.73222272306773,2.64187072879796,23.4813832168306
3.73945939231502,4.73293665632596,19.1139462231614
5.7022055366906,8.69621603793417,17.3607932990874
9.7204212636578,14.4644370160015,21.331048578842
13.2790748521917,14.1357395504394,32.4109353362436
10.2935223435485,4.61742600244764,34.9297713442204
5.07698613617172,1.23228816804803,28.3224623905196
2.86088754480637,2.04399266998447,22.163622677794
3.01825933547479,4.04762439029233,17.707409773904
4.96758682253252,7.95477723197297,15.6115594738077
9.20261756141846,14.5535799235137,19.0648845777583
13.8640441955179,15.968767463822,31.895771852261
11.1097725894281,4.56762105430979,36.5376995705296
4.82465762908645,0.0692217622486008,29.1331307827087
1.95239754151171,0.633366602801893,22.3604686621431
1.54001074500504,1.83691913418299,17.2921412557353
2.42700272536662,3.96395927015894,13.7250348133632
4.95042024892298,8.71085722440935,12.5157149752736
10.3412369319514,17.1382342531067,18.4629761057906
15.4164471528524,15.865688879556,36.029928332062
9.76873461806169,0.815785802164542,36.9354485313101
2.60685967370557,-2.04261020802955,27.7187880678383
-0.168354518195279,-1.64890184809027,21.0741488648864
-1.2469646570646,-2.2165650729221,16.2656942121463
-2.55635200914631,-4.41064034578857,12.9957985640705
-5.46542301165264,-9.7254706045253,12.3912849534051
-11.3640519548687,-18.4026589846847,20.2682512231869
-15.4652828410403,-13.7306127783864,38.1442840491356
-8.43290745350912,0.528106948004745,35.6706791873238
-1.82112153885638,2.2046330967565,26.6070926513654
0.584012788006387,1.93992821543818,20.3076084294036
1.72448364011085,2.9268092812188,15.801307212202
3.45819806306468,5.95981221404486,13.0866247948773
7.2762773939576,12.6331141875046,14.3720488759399
13.5580635676536,19.2288011323486,26.8320572525612
13.7403191455338,7.5535428879253,39.43910149875
5.71818157627739,-1.44855254447584,32.0532656028913
1.03050078582114,-1.54179726022278,24.1131140047393
-0.489684664326851,-1.381809888398,18.4497481266647
-1.32540974312706,-2.295637841685,14.2747742135083
-2.79437873900887,-4.97270209555957,11.5698000910414
-6.25583011696767,-11.321991629263,12.0413536157328
-12.9136148613038,-20.0929687895608,23.2659709693706
-15.1435326388418,-10.0792181227325,40.4520096396402
-6.46986305736309,2.19332626832021,33.8253900297724
-0.623630096204232,2.70942739576874,25.1980025080946
1.47092231860919,2.8806569853263,19.4439574532224
2.98396368236314,4.88255702766938,15.6398893781688
5.7941585842676,9.75622069343675,14.7585390568647
11.0210292901065,17.0004077076331,21.5639875076013
14.4980302192531,13.3130372619584,36.2374887208387
8.87755320716153,1.30581849831698,35.025166413962
3.03399251582399,-0.651561532352233,26.7676404982533
0.962149499721555,0.0754985533892091,20.442091179414
0.650116106725585,0.752130332555759,15.678775783925
1.05352286021252,1.78211599656871,12.0960476084803
2.30125855584645,4.243881981412,9.69060029781111
5.5127012822736,10.3738334418972,9.86479155726403
12.4177619880504,20.6608148434757,20.3225041858267
16.2552857310736,12.1404313899235,41.2940177526721
6.92660515800988,-3.13174764858914,35.2142887476644
0.047515874712294,-3.92600224988711,26.0240571720454
-2.51994558175208,-4.34808166058172,20.4478573080831
-4.54603483906942,-7.08392709671088,17.4143561459434
-8.0263914788624,-12.483347212069,18.7693665211545
-12.5620531628527,-15.9660108805696,28.2813841607954
-12.1786364881928,-7.83228389406547,35.9910610307754
-6.62266454987142,-1.48018883119249,30.9034014834602
-3.20240965351269,-1.43835581079356,24.145812878787
-2.6112933962958,-2.9932940019051,19.0018181048531
-3.82578842042969,-5.92585544682546,15.7645303742185
-7.08318177012007,-11.6169997005295,16.2449479091486
-12.4000228693536,-17.4190673663144,25.7079731120247
-13.4839189885529,-9.52971277516535,37.3127124801504
-7.09779571376692,-0.577941148759201,32.5585649342802
-2.57472880370298,-0.0217548036825655,24.932552761711
-1.3033486458445,-0.983115642792982,19.1597006883221
-1.55438009295005,-2.32223046148524,14.8654545250472
-2.95334284923454,-5.13967915950401,12.0971501792856
-6.43588409855277,-11.5054273829085,12.6398852999867
-12.9666611799231,-19.821617536532,23.9029603926555
-14.8575887788341,-9.72145278593442,40.1135833792111
-6.43136406412185,1.88555203524729,33.5244605614156
-0.825257129004031,2.35807432582765,25.0316847328573
1.14104599341715,2.41257296229678,19.2389127086375
2.45681297687293,4.07870873058767,15.2405645154762
4.88762428415574,8.38840476630338,13.6408654928356
9.84595422010882,16.1022829226786,18.5238372366795
14.8708233448564,16.1651796428191,34.3355706291531
10.4076999554174,2.2657024369337,36.9985823039949
3.46182837765099,-1.29441045238202,28.2793711538351
0.635409521002537,-0.762548175927125,21.4862563253714
-0.15075204135718,-0.582338437170836,16.4435818220198
-0.541483845150441,-0.988348235097494,12.6153945442643
-1.22817314021284,-2.26537552202669,9.78244532240934
-2.96814903829752,-5.67720136831082,8.19671411105705
-7.41828782435401,-14.010541456134,10.6952855491929
-15.4174284598258,-22.3934076027328,28.4978305869412
-13.9287918495341,-3.81741888403104,42.4337078511591
-3.35899589305044,4.6959715635384,31.4525702595181
1.67156520451423,4.51760320368175,23.9530122853835
3.8586553949883,5.91159934884803,19.6369406340953
6.4741620364426,9.8437075942739,18.5952723292208
10.5085695948877,14.7219989417366,23.7643025679931
12.8238811760209,12.0924202349362,33.4556993940435
9.17791073968943,3.96685169450143,33.3534977199995
4.85086658026262,1.94037578053151,27.0425936949172
3.37024297837939,3.13017720895296,21.5196914440941
4.09833294801295,5.76190076057265,17.8701028504902
6.80297114470391,10.6100366909119,17.5654177570699
11.3603874532468,15.926674414467,24.5849283388443
13.1920807253406,11.0933590620675,35.2753139451483
8.28318461236544,2.39675249059154,33.0640488524273
3.84171690809584,1.13036857134803,26.0162607306297
2.53594059153421,2.37853009877369,20.3503381262888
3.22471410154645,4.73933757067097,16.4395036333383
5.75254039595507,9.44867338055764,15.3355353199737
10.6727254328909,16.3694262000736,21.3757596304201
14.2579087155899,13.7017037933952,35.2872719445762
9.29829714215804,2.0971440909335,35.1410619037339
3.5296889719225,-0.229669249970191,27.1547095999673
1.42357955504638,0.580205696622907,20.8092247112492
1.27254774736006,1.67319491733504,16.0555193165825
2.18683043314723,3.6988731612911,12.6862502102186
4.67253011712091,8.40950996948873,11.491773398136
10.1670486553793,17.2916142502744,17.3252170428131
15.8025300382582,16.7450836803492,36.1436018566118
9.97848591473228,0.381147085330381,37.6036177192316
2.29396521714903,-2.68843455164236,27.9658479323856
-0.722406622244696,-2.41940512210352,21.308925485226
-2.1023554020296,-3.50380188403671,16.6926852831425
-4.07085747767789,-6.85738086684798,14.1581615991692
-8.16405151602939,-13.6662358776187,16.3662812838003
-13.8970281023979,-18.0360737908893,29.4969045016586
-12.5273987784914,-5.85089288829759,38.2975025069891
-5.18116372172114,0.850723001714081,30.6539127552844
-1.35947009159749,0.630355736303053,23.243685987884
-0.316126335851672,0.102628305313961,17.7749638574355
-0.145356222150958,-0.134564487980278,13.6110276051939
-0.222378646851288,-0.384819861222684,10.4263104825929
-0.512031968863365,-0.973582902305629,8.00458550794675
-1.31336226571379,-2.59215563067749,6.26650325553502
-3.55270017504407,-7.12817067682522,5.79571560963969
-9.46282984115191,-18.0413634217037,11.5953428874873
-17.7718443648151,-21.0496243729086,37.0792230247856
-10.5670441878787,2.69549328008663,40.5578498045561
-0.268160957634835,6.14841586567842,29.0490211837656
3.69783140330834,6.16396181870611,23.3630748336902
5.98132766255707,8.44746458704766,21.004542587327
8.90271672983875,12.1428726446938,22.9438906877872
11.5151867136874,12.7445841945427,29.499537477314
10.4578357581932,7.3916158226362,32.773012267583
6.9852539423483,3.9003320125222,29.1081458629092
5.02805334757598,4.24156019696042,24.2422265308774
5.28753170294718,6.52723632671671,20.893714196887
7.42730984198599,10.396933021335,20.7003663721652
10.7132801234149,13.7181381096738,25.9013602660852
11.8008082561393,10.3927067120102,32.7678611335608
8.56902585718336,4.53991553114383,31.6322911617034
5.36417926619613,3.32845295059917,26.3539741791935
4.54043497841025,4.82991164949309,21.8243706511652
5.80498406458415,8.02120248376186,19.5530534923319
8.88160493287319,12.6116171237628,21.7249815212525
12.0813611466141,13.7454279842872,29.7358700835599
10.8604791754271,7.07534997828006,33.908383633277
6.62304720255232,2.93450623152583,29.4278765796827
4.28880847443126,3.29196203519537,23.8480798755423
4.39172937562566,5.50483932047748,19.844368034334
6.48169219758815,9.56043018297306,18.7410977149387
10.3147142799435,14.4303556266052,23.5147221986093
12.7396333208381,12.330368847581,32.9955231364123
9.3997673538796,4.35438315752157,33.4320679322196
5.0880774062705,2.10360607554869,27.3224039220989
3.53239400498583,3.2340532991829,21.819218468464
4.22235105815164,5.86030588713697,18.1861302248322
6.89132675320231,10.6369031454936,17.9158215173515
11.3273510564295,15.713535391974,24.8111345641255
13.0353999806016,10.9605701296568,35.0429928650142
8.28578889217163,2.60179772192769,32.888330676504
3.98771740141738,1.36373924098249,26.0057435518813
2.75270958545595,2.66877739702835,20.4399795672727
3.54566786609279,5.2042117783883,16.6905453285289
6.25578609453024,10.1475540377499,16.0394114529313
11.2018705774099,16.568452827341,22.9822314836538
13.9140942590392,12.261091717962,35.8466268924514
8.60172180304464,1.81360496037687,34.1311423176417
3.40672514326233,0.165859207569657,26.4219388630888
1.68176441853882,1.12621495871651,20.3444003819409
1.83468060363924,2.6076904010166,15.8469727281255
3.30181284706803,5.60789785373493,13.0307238675396
6.91416719894606,12.0664381261656,13.8997076055965
13.2015118639573,19.2955539538734,25.546394455285
14.1730399902668,8.63965487614945,39.5009777728927
6.16499704167637,-1.38613980419325,32.7022842351132
1.13417237547761,-1.67359172423149,24.5550226556129
-0.529453936194625,-1.50216631421751,18.7848150685503
-1.42873342745569,-2.46106141986892,14.55537692634
-2.98099712568159,-5.27224297358391,11.8739466258585
-6.5874592150544,-11.8110869125252,12.6283382698651
-13.2303173893096,-20.0321194383442,24.510798047958
-14.7262097465629,-9.0505662228369,40.3513756909004
-6.10596015064111,2.10730845000654,33.203107334615
-0.635764915375063,2.44671882192479,24.8050259629616
1.29500127101812,2.59139958040322,19.104580115291
2.69018182343284,4.44856926714414,15.2383686107758
5.32486179633438,9.09314043288371,14.0103099487475
10.4995504088877,16.7498588235335,19.9682073890912
14.8173365056179,14.7587369364034,35.6237417968883
9.55634387427155,1.53584353712647,36.0341999590598
3.11459379677554,-1.08998220724959,27.4513085807472
0.672750478455194,-0.48569403492269,20.8996340286017
0.0707660799464604,-0.190097274009423,15.9945748855609
-0.0886034401233012,-0.205342002289984,12.2477610103567
-0.236802742282964,-0.446117427717209,9.38293998481898
-0.587245891353657,-1.13834531726015,7.21239468856095
-1.54857904221295,-3.08950103378569,5.7127541447771
-4.25380983813975,-8.56627350112178,5.80188865848919
-11.1579023269393,-20.6555127410373,14.4626444806959
-18.0860719007314,-16.9314674390825,41.7056945048308
-8.0698029024799,4.8050833310561,38.0050150171875
0.946388719650684,6.19349090976028,27.715557853054
4.2856744749105,6.56963592990825,22.8271963379528
6.60255730123316,9.21848386800507,21.262191244239
9.57081688545134,12.6166578833357,24.2590857070623
11.5481062515192,11.7726745298412,30.7149599283492
9.70378579966316,6.36324673760445,32.1788710015049
6.46850639366378,3.93309044287737,27.9937287204261
5.06532425586644,4.77880098185717,23.4712407504733
5.76623864179018,7.40237652505217,20.7724047185626
8.22898556714102,11.375451316273,21.7083295351708
11.2612407678896,13.4403415841513,27.8791659596293
11.1873133747117,8.72898312462717,33.0426826351704
7.66934379142032,4.05825731352935,30.3204492086975
5.10862531175868,3.75099457581909,25.1806551217738
4.87102812625046,5.66962011455294,21.2273345160059
6.61295799795306,9.26732616164314,19.9633070943813
9.91451174892187,13.4611373893851,23.7880502011093
12.1513877208859,12.1653614352799,31.7359052599814
9.64606284371754,5.47060352420704,32.9020244501113
5.83560702871183,3.02126882249094,27.7473392122461
4.32695905139141,4.03508775722758,22.6744513785378
5.05380542442601,6.75420095573769,19.4971180552819
7.71320306498701,11.2696562581514,19.981479182976
11.4821367060346,14.6409817646168,26.8816046535255
12.0023035373009,9.42062265544745,34.1769607617358
7.78540201057409,3.24829577087944,31.3553337183757
4.49365721290866,2.62549819663829,25.3604857273079
3.86250909232101,4.3257239635811,20.5952988725191
5.29178197583033,7.70200764860006,18.1197155739455
8.7141329132529,13.0065916965891,20.3185533960961
12.6217019296291,14.896968207377,29.7931987119816
11.3290208338195,6.79253382721605,35.1281183689051
6.25896714683124,1.90784571062469,29.8097537164242
3.49836252536263,2.23398442633824,23.5663840787092
3.34339188153447,4.16246575833188,18.9386142785033
5.09885026610152,7.86375873730575,16.6735717898901
9.00406680051422,13.9112369101184,19.6059672363556
13.3488902754477,15.5410006166041,31.0019026995841
11.2280465553909,5.52175257131828,35.9989267201952
5.42940416309104,0.826597889795385,29.4111543864448
2.60925730601804,1.33883393643941,22.8111260984845
2.349727993373,2.93480158347199,17.8936209465895
3.72174304107131,5.97185351264501,14.848425756591
7.19280136403769,12.0304094298123,15.6564882263146
12.8367750534649,18.0394484899418,26.2091328540866
13.5559100937092,8.78097660562956,38.0881644568701
6.58183305949834,-0.150142839727784,32.3223311691089
2.03361927933481,-0.48646309884789,24.5540444503527
0.716906654186698,0.243553352392733,18.7850553477301
0.652731933757655,0.905740028969363,14.4157271505616
1.20600483424598,2.11868700596287,11.156983928853
2.74861807220403,5.143911451609,9.15229030800298
6.6740619157667,12.5214412815492,10.5927132968159
14.2420278497521,21.8851041423816,25.2239796185839
14.9657593491541,7.01585305510131,42.3296085217798
4.76283919611712,-3.99361480569067,32.7618639573008
-0.853204576951019,-4.00439661380183,24.589051594416
-3.06997836785761,-4.9245543777748,19.6412018851792
-5.35636367738913,-8.33761776452181,17.4693167043477
-9.28280918886271,-13.9822774047778,20.6948596241238
-13.1378256899437,-14.68348935171,31.4476974279028
-10.7777968582652,-5.36341217295387,35.2485195710418
-5.45942001503238,-1.32302623336126,28.9395114313099
-2.98291629503866,-1.96774986576923,22.6620670324903
-2.98717852435029,-3.88761625530039,18.0678007171262
-4.79279308830453,-7.6071383835141,15.7469198163985
-8.84042185377513,-14.0454108525386,18.6110744511921
-13.6550468581578,-16.3306649131024,30.9044991154405
-11.5359752085716,-5.33499604330275,36.7531884639485
-5.2039185601786,-0.193284222576639,29.665960258691
-2.11093361836702,-0.639362399800294,22.785991212346
-1.60688405011409,-1.85827899829521,17.6296884482111
-2.46845461217357,-3.98971064832715,14.0010569245629
-4.96974784744253,-8.69454776205873,12.7449202152569
-10.2935563998103,-16.9909034223878,18.5667705540757
-15.3167843253733,-15.8383725884302,35.8054174798607
-9.83399387251155,-1.03170129709589,36.891805930427
-2.74100347531521,1.8927571991382,27.7640504164301
0.0177091913727602,1.46511265748593,21.0999317415362
1.02840780853352,1.88650183100044,16.242468347925
2.15496926496605,3.73638215469416,12.8214231594899
4.66096724974636,8.38526726287961,11.5882097415911
10.1223536455978,17.1994225441309,17.3288341556155
15.7564992577799,16.782609758231,35.9887790918274
10.0407612004815,0.508530310917958,37.6211374172893
2.36849989905914,-2.62689865731148,28.0118174231495
-0.653204780848219,-2.34232027648418,21.331414781669
-2.00753938954073,-3.36368257698843,16.6764113920506
-3.90503878076363,-6.5927087847368,14.0354249116752
-7.88738385825987,-13.3028035289329,15.8947191147414
-13.7423367172541,-18.3199529083767,28.6637376199163
-12.8800796166479,-6.44957193599463,38.5403853087383
-5.4200118065533,0.899223457093918,31.087491920809
-1.36525566467364,0.781578624988336,23.5372370072915
-0.208991511029081,0.30187195279608,17.9920614128623
0.0746640776627349,0.238995156618458,13.7762445352966
0.243949713211421,0.457916612791389,10.5537179653108
0.588748405561649,1.12249501475106,8.10899204703396
1.50879339542987,2.97293492089537,6.39029371360008
4.06005411223474,8.11030242676627,6.19703940962724
10.5745769255848,19.6634789475822,13.7391906604846
17.9164300292888,18.3041436713813,40.0828911159843
8.95175224563635,-3.90768677161434,38.7609830047152
-0.374157902804675,-5.93379847310259,28.0669558883302
-3.87089977207438,-6.18310646116129,22.77107971063
-6.16753048936362,-8.76129018256203,20.7331688269478
-9.23397896107165,-12.5700795416912,23.2603013361214
-11.7237909879382,-12.5630886668211,30.2494600589026
-10.1910330283254,-6.75157528380722,32.8226850966705
-6.61007534816682,-3.63272636268512,28.6368426486392
-4.82715972591591,-4.23472315269028,23.7248227640288
-5.27076702747771,-6.68856936185959,20.488005023072
-7.59695776541468,-10.7561745498558,20.6053977778724
-10.9987851284037,-13.9677036959945,26.3964321258421
-11.8061946822338,-9.94629378401186,33.2286019400764
-8.24926143172073,-4.10735451614015,31.4210656635487
-5.0867511641675,-3.17903066649752,25.9340207736486
-4.39354450997094,-4.80348983987023,21.4000318050627
-5.77697791505805,-8.12201244581776,19.1989066689387
-9.0049531934639,-12.8981593330183,21.6350129219216
-12.2807271058424,-13.8575195223615,30.1326053601202
-10.804757052749,-6.70794963556539,34.1272426298292
-6.38367179678501,-2.64672677420597,29.2690423499129
-4.06345923003267,-3.10621346847703,23.5670326260218
-4.19781318871343,-5.33199032087115,19.489852223947
-6.31477365722436,-9.44532439463874,18.2815413195791
-10.275943374775,-14.6156018122238,23.0674739703269
-12.9465603616289,-12.6826323802424,33.1315424351814
-9.51266474460346,-4.20196024245519,33.7839506450925
-4.95889595577551,-1.79640853775426,27.4353386912473
-3.27430825570028,-2.87263407929023,21.7481192133716
-3.84698217975052,-5.34374511572731,17.8744692192024
-6.36577819952362,-9.98979065298916,17.0798837318115
-10.9105601371603,-15.7907296559925,23.2755657410196
-13.4795455954088,-12.2614733365214,34.8293102775642
-8.88329498998335,-2.72825619738065,33.8735080478241
-4.01786714665939,-0.893946391888427,26.6839783039655
-2.39588429350546,-1.99420742219659,20.7782813547681
-2.83911626786051,-4.07235500616336,16.5689808110812
-5.00206597423291,-8.25312586017816,14.7603296109787
-9.59450963947775,-15.3595191148782,19.0111579294884
-14.3434037341393,-15.9240633941194,33.2161244152919
-10.686990245483,-3.3773490229409,36.6684439902845
-4.14045791928828,0.534729532198524,28.5934953097171
-1.36394823724401,-0.0729974978947904,21.8204731579603
-0.845459675114311,-0.884681709979647,16.7487192439508
-1.26396641620007,-2.0722192166894,12.9550460754688
-2.65542151382445,-4.81347302530214,10.4927945990459
-6.16168067239066,-11.3690501146175,11.1051434525664
-13.131569977615,-20.7607251457689,22.9639373208839
-15.4358640409124,-9.83816381737937,41.2672286364906
-6.14611815081107,2.91814703319546,33.9003755302612
-0.099971673844453,3.33453128392066,25.2184456014005
2.13639015526145,3.76480420949267,19.6799879333202
3.99542652953407,6.3824775189086,16.4190936307623
7.39640708890118,11.9367274040173,17.1494863251913
12.4696355345182,16.9408715360038,26.651011323531
13.0259807983056,8.91177931881122,36.8570528946269
6.93746151177332,0.921406719654286,31.9795451710856
2.81274312069729,0.538515737026078,24.6636496859923
1.78018249810905,1.70855018362298,19.0810484293259
2.38322975124005,3.65340466237074,15.0764419762823
4.54214373331359,7.79472411840947,13.2408547486964
9.30165036757475,15.5232348412913,17.3134056216355
14.8580920444583,17.2765509950955,33.1047028693867
11.1362461199496,2.94080123468123,37.8227657875463
3.74325063052124,-1.53041638861751,28.9975019919467
0.550539952859976,-1.08111394970626,21.9843700211741
-0.423633455885981,-1.03909929310268,16.8371130669652
-1.07034287021375,-1.88523454019823,12.9877055022483
-2.34955603705931,-4.28335634730732,10.3936981582
-5.50516938830628,-10.2446861125383,10.404664276765
-12.197665288499,-20.1816365642356,20.3098267946049
-16.106678366771,-12.5215974422308,40.6532342228915
-7.25188995639029,2.60272006746451,35.3212258481648
-0.420394426202075,3.55893726055164,26.1018598845641
2.1074630552332,3.83585504089199,20.3294763562525
3.96547846107344,6.27234749370125,16.9017935482269
7.22201661621435,11.5616482713159,17.314754788976
12.1460040863707,16.6497062418922,26.0571533291751
13.0844066195211,9.55652297095076,36.4282126521333
7.32793678796302,1.3472181616757,32.2815052344711
3.12605568460602,0.750021897142767,25.0338666906023
2.04362700086271,1.98249366885453,19.4385654721523
2.72002831349511,4.12838102018452,15.4926664776994
5.08586452806863,8.60482408398484,13.9970219713644
10.039186548835,16.1973744593452,19.1433612444283
14.7622056062035,15.6256988982655,34.613097921984
10.1521589028723,2.19840783426129,36.5896302456775
3.46557325966719,-1.06469336760407,28.0269044300056
0.800091015711668,-0.479042833348781,21.3244792793078
0.145556380072425,-0.116280864062046,16.3185337725967
0.021243079137816,-0.0238462383849262,12.495253057683
-0.000470873266569947,-0.0100235650810633,9.56792371793542
-0.00856437740658667,-0.0177975242362259,7.32670372583279
-0.0235624672086143,-0.0471741158220961,5.6104578180413
-0.0654920454805134,-0.133732487051225,4.29625219063174
-0.189009819290175,-0.392382637951746,3.29234927544443
-0.562318690046722,-1.18159724484493,2.54564855676402
-1.70880893218403,-3.61708077645467,2.17640418158433
-5.20204972397014,-10.8954187649601,3.77474301863786
-14.0602261190668,-25.214815968334,18.8783350929146
-17.783700857709,-8.77996877119902,47.0279290336573
-4.01853221466735,8.07193431994752,34.8244411714489
3.5517016768594,7.65301179251193,27.0582486347109
6.26637529271757,8.26051414154192,24.2529272156963
8.20746556093174,10.1530316342085,24.4950783256868
9.88626210096392,11.0157296455046,27.459415306021
9.98206234560324,8.99290438763187,30.0613405385482
8.34976453316622,6.46568516692825,29.1581957259855
6.87176851191318,5.99577929599073,26.3053567778455
6.73453044488773,7.32281225155008,23.9975267772864
7.92945035330266,9.61453890560513,23.8124215688766
9.69096724635898,11.2074420037618,26.5226615564317
10.2867012828346,9.75006329584069,29.8942497233387
8.81730518431496,6.78975676462473,29.825500823113
7.02111471700057,5.73987691105071,26.9956159081223
6.5024565398313,6.75984738033914,24.2374044875509
7.45755415511797,9.02631048469225,23.3427426967384
9.31907131053887,11.1939316763541,25.4855151156775
10.47247133194,10.5561429732316,29.4095373816974
9.35835299690692,7.33521653751495,30.430605519405
7.29642482898408,5.5847136541269,27.8224874068871
6.34235555639332,6.20080696926687,24.6659108443126
6.97690392121534,8.32684712808096,23.0495299582255
8.81185852239743,10.9149549283456,24.4069579218881
10.4879665400309,11.302299110898,28.5402452829307
9.94118267571048,8.14561302016962,30.8646528497434
7.72560142113237,5.58531127844087,28.7761725971585
6.28626486160108,5.67093836257326,25.3048995947198
6.5161378448542,7.54701218384414,22.9794152637901
8.18941368920419,10.3544905732614,23.3928874869187
10.2757342726398,11.839081225081,27.2772978592424
10.4961492673943,9.23333343279542,30.9640008094087
8.33211137463737,5.82641288273232,29.8219975648196
6.37709001277083,5.20581166396396,26.1774918415587
6.11114298436463,6.72272146470506,23.1786933404209
7.48704363425951,9.53098516305321,22.5618138478429
9.79697779670901,11.997450544419,25.6973743126848
10.9104928162173,10.5286231053591,30.517460292376
9.12055229239914,6.42930869271323,30.8710921427699
6.6698508071503,4.8595156655075,27.3046546427455
5.8073856733156,5.89272655219723,23.6920079674104
6.75334249698977,8.49669834502726,22.0286273442074
9.05095272842614,11.6444430122577,23.9795570259559
11.0308993715552,11.8161793288854,29.315528374615
10.045850786183,7.54329505957753,31.7238401556764
7.23841977702578,4.73458842787612,28.6972160992262
5.66714449922657,5.10011699501955,24.567184834522
6.04927609401365,7.32734780422009,21.8977940242729
8.08403820416918,10.734191609097,22.3882486183615
10.6994712895465,12.7082967769367,27.2830555469373
10.9606674215536,9.26908005427346,31.9924976367691
8.1582838341389,5.0159222369833,30.320224906301
5.78193181938453,4.40326194912181,25.8605967108597
5.44992354723364,6.10771114000444,22.2605115878729
6.98938074480898,9.34553112258179,21.2111334786217
9.8250440056715,12.7473409641636,24.6469459051396
11.5600291295709,11.4446747215758,31.076420988512
9.46371143634577,6.03989973566571,31.9864020758914
6.29514873957113,3.91651988426932,27.6405391627203
5.05339807704403,4.9165531490355,23.2030144869805
5.89160208106986,7.65545003228791,20.6960036902672
8.45918418760771,11.6612300445123,21.988264928037
11.4075787034465,13.3267282944372,28.4331582562234
10.9978090597132,8.26173600770787,33.0825965777264
7.4134190590366,3.91632144244105,29.9552336979794
5.01908383990654,3.836216425805,24.8385271262122
4.93747848416761,5.87545456671694,21.0291175980788
6.81229187607177,9.58989833116654,20.0411604769353
10.170041458569,13.6477834195118,24.3167974440187
12.1337850995269,11.7245984341766,32.1682624208494
9.33888320966856,5.10556452860275,32.6267351875488
5.6405033882666,3.02313302232819,27.3383028078345
4.31534030159607,4.18225391954653,22.3689552483298
5.18713110255266,7.02833172629277,19.3821606875541
7.98060028463098,11.6401583729355,20.256194892255
11.7031094013293,14.5917989530905,27.5980296802846
11.7933162922597,8.80516634218685,34.2963138850615
7.45670001645885,3.05373146878114,30.9170716245437
4.36735108578753,2.70413919320433,24.9538683263097
3.90709804532256,4.51546058931319,20.3237530729521
5.48173757391617,8.04511161887609,18.0858708120091
9.03987011145378,13.4009972263735,20.7955016902098
12.7708709698208,14.5688811788156,30.5927021547533
10.9746659421278,6.15654888679527,34.9601729791833
5.94390726038112,1.82940062162005,29.3015032715148
3.41664766628956,2.34466060403505,23.1602758481687
3.41720996448002,4.37335671703228,18.675776237411
5.32367909540472,8.26093428263015,16.6693739617681
9.388087222612,14.3732808698101,20.2151439600739
13.4882188577864,15.0496571071873,31.9386471432476
10.7732002128192,4.81915811719071,35.6882650545259
5.08935289528695,0.784321009179791,28.8406866968361
2.52694854444267,1.44640920774149,22.3749877127605
2.41132759942527,3.11686823767198,17.5895310858819
3.92242301654672,6.3451909776544,14.7438237720525
7.60634975195667,12.6694622982614,16.0874098891025
13.2434156323382,17.9917289166541,27.5691660587101
13.1208407331975,7.59808368362804,38.1317799642579
6.04538224797475,-0.337132927170206,31.5987719364999
1.84907440684853,-0.406038442211271,24.0117468507452
0.699820953960956,0.321799997693477,18.3792032026391
0.706620532434783,1.02419436854569,14.1115597971394
1.34816617039415,2.38798933996718,10.9536864687524
3.0985447654717,5.80923938847898,9.16125328820438
7.48654494348766,13.9080651442573,11.5359231417516
15.1491019900053,21.7379886078553,28.5073526626438
13.7988630087393,4.33039062355433,41.8483150475853
3.72066482249651,-4.09217460020539,31.4123895617987
-1.1788515335673,-3.93241666062978,23.7813897170563
-3.23790789799295,-5.11616201989786,19.1168649125374
-5.65554504359616,-8.85298618655893,17.3395470656723
-9.79445942825354,-14.5960898308448,21.4453541556448
-13.3200734835687,-14.0418650939607,32.6294458563712
-10.1947174513353,-4.44363805013563,34.8885795987729
-4.97967974627404,-1.18065610039699,28.1985476945568
-2.80676619756144,-2.02085402542821,22.0492647084571
-2.9830788098583,-4.02217221090495,17.6031425311246
-4.93930547529825,-7.93441557774295,15.5075056199818
-9.19319774941405,-14.5806083181459,18.965436642302
-13.9025972587415,-16.0454017718522,31.9114751919955
-11.1311418480623,-4.52487446607935,36.6122288272637
-4.79011273268605,0.00166817496004251,29.1475625747903
-1.89428752701521,-0.555928066757687,22.3518289198108
-1.45490851304951,-1.71245724376858,17.2644771744782
-2.2788439414139,-3.72234099597013,13.6461852637989
-4.66424587768564,-8.24076138120039,12.2282591462985
-9.89288371170021,-16.666438950201,17.4563008252924
-15.4495723595451,-16.8721922092675,35.1035459175358
-10.3618030967296,-1.28393314603091,37.6295760780803
-2.82468720303007,2.20840012962139,28.2586802187862
0.205790656656798,1.83393826582442,21.4609734951253
1.38892753616084,2.44619562116488,16.593622494413
2.80715726308093,4.80467378973314,13.3595979782962
5.90609524609146,10.3875456510064,13.0882668507279
11.8783901591529,18.6275157418137,21.8926712757493
15.0733581101275,12.2176256423362,38.554159841936
7.79962042501926,-0.636421313306374,34.7179965024695
1.7526637551597,-1.83711312148691,25.9949045441923
-0.361355314195518,-1.52131354757115,19.8363814618818
-1.30469374866739,-2.27072760144302,15.3319362870066
-2.69481279139671,-4.71460169258884,12.337965953194
-5.88283266041979,-10.5461569748834,12.269335637916
-12.1651799193101,-19.2944595523902,21.807435063741
-15.3404422167666,-11.8760365436561,39.4461849552188
-7.41228889925398,1.40667662048323,34.6850749780037
-1.22247635842406,2.40085451210902,25.8299523088152
0.978517466819838,2.31796570988959,19.7992986548065
2.25731249108502,3.75104636440313,15.5916405096488
4.46745273583415,7.65062995724633,13.5871443713714
9.08433185881157,15.1243855619881,17.2520037949177
