2.11302308617352,0,0
2.0099898817115,0.643474534362795,0.0365007565731183
1.70927891533425,1.26422504770979,0.0470194357708127
1.2316322322071,1.80240577343344,0.0469199277532631
0.612536867028128,2.20327972269467,0.0426588302929712
-0.0989218424463838,2.42230571383548,0.0374271102974493
-0.84324128026801,2.42759804517823,0.0327189401117978
-1.55385984253623,2.20607800176237,0.0290247058727425
-2.16361502975655,1.76482179459162,0.0263605595430409
-2.61020584773098,1.13093564769406,0.0246055211315744
-2.84279587469071,0.351327797659618,0.0236428244658508
-2.82744819072483,-0.511034819557799,0.0234062652941515
-2.54977353244199,-1.38201576634942,0.0238937342930594
-2.01913801831315,-2.18155985715842,0.0251711333332871
-1.26943213574248,-2.83150107412366,0.0273834440995109
-0.356758733020673,-3.26305484700478,0.0307745598190137
0.644547178719516,-3.42350651772806,0.0357065790317401
1.64739460949981,-3.28144990551137,0.0426603076620762
2.55846674887193,-2.83128714995819,0.0521472415315071
3.28739005533653,-2.09696932409062,0.0643653414769404
3.75538481604263,-1.1299516483551,0.0784551215809388
3.90318113088646,-0.00613860539817077,0.0914179201941891
3.69910245537154,1.17949167735568,0.0978881550126616
3.14178228860741,2.32070600624068,0.0928355175418124
2.26605827631634,3.3105749293539,0.0769236480007356
1.13311734814962,4.04820474879171,0.0573485657275499
-0.167187578371242,4.45368660154553,0.0414440082076079
-1.52802771467563,4.46965112164394,0.0312446797471731
-2.82917449780406,4.07088999787799,0.0252320515743578
-3.94768825835713,3.26926100450488,0.021668914370718
-4.77007521588495,2.11474912836511,0.0195860205173548
-5.20296260655428,0.692123069689181,0.0185318074715313
-5.1813886564343,-0.884375537230185,0.0183217038066796
-4.68050330524777,-2.47836551849031,0.0189309648810709
-3.71703410030704,-3.944167442399,0.0204890114605736
-2.35130795409563,-5.13877608177808,0.0233277353527532
-0.684832202496974,-5.93543539657143,0.0281253487972838
1.14655721412796,-6.23636453301661,0.0362422793347224
2.98299716155892,-5.98464934920308,0.0504774142838035
4.65278783770547,-5.16934197784074,0.0768750683631944
5.98684232073339,-3.83420929109141,0.128350339630751
6.83112490571131,-2.07494531925309,0.229969539921344
7.05920285690892,-0.0371106856557806,0.41373609286841
6.58929611665416,2.09189709832927,0.661631571796238
5.4281273040467,4.09944625582592,0.799206427341988
3.71223858358798,5.78197546577674,0.624915151695664
1.64547293371366,6.97915797917595,0.291642260630468
-0.609044562597761,7.57827703128082,0.0906108531100355
-2.90761867920211,7.50578872651344,0.0323598383433265
-5.07043782580185,6.73290275722256,0.0203399295960024
-6.89689476119869,5.28924282115244,0.0165491617764366
-8.19890881585464,3.26673041530372,0.0146959541480505
-8.82506472190467,0.816607603982094,0.0138650512642498
-8.67400829529907,-1.86201746195284,0.0138326234236141
-7.71478518898754,-4.53572437754481,0.0146041614887935
-5.98446787113354,-6.95803283969231,0.0164107216638248
-3.59510362031244,-8.88970963507321,0.0198582330215378
-0.727445167897464,-10.122740448355,0.026423695225348
2.3823111076769,-10.5010073503933,0.0401187290458979
5.45924934697535,-9.93873415036981,0.0739889693002211
8.20544589103465,-8.43123355037196,0.182380512890428
10.2945878064489,-6.07153392355649,0.655725660121609
11.2005148653224,-3.08001940557807,3.25830573640424
9.2940670407968,0.0144343181138635,14.3422081000858
3.28651251964391,2.01983783011053,17.9982803402372
-0.609226128404212,2.45871089422064,4.41096425565399
-1.89017414581968,2.1955369280128,0.555450887534294
-2.54075259807002,1.63894832824042,0.0737476035199168
-2.93675212637323,0.887178157428063,0.0274100031867284
-3.08028404935733,0.00426328078339089,0.0231720628527711
-2.94786742825806,-0.935824119138039,0.0229788690516419
-2.53427334090926,-1.84968091768181,0.0237904836387402
-1.8619787447559,-2.65181071119763,0.0254849211814384
-0.976615776130016,-3.2616354314853,0.0282552111831827
0.0533731894356966,-3.61087934050064,0.0324417107677414
1.14130527095343,-3.65114827587782,0.0385539975789976
2.18980741107463,-3.36125857403377,0.0472564222788055
3.09852095688063,-2.74699603922608,0.0592526443965118
3.77462885714498,-1.84723214150777,0.0747012949140293
4.14104767758384,-0.728511996118796,0.092033402099299
4.14497350636202,0.518343565799086,0.10640345193135
3.76470599514998,1.78484244101324,0.110093034357762
3.01755934662417,2.95505456567373,0.0982125177608159
1.95348138445799,3.91662233040541,0.0753169667406391
0.651416245235268,4.56895409132866,0.0525658484616644
-0.784289765303107,4.83529677538075,0.0369294123516186
-2.23208465534257,4.66871966107052,0.0279761246373488
-3.56108261651849,4.05870339701525,0.0229507083055574
-4.64189896059542,3.03391860209163,0.0200415708399596
-5.36046667403609,1.66426732697739,0.0184192424484162
-5.62807368614398,0.0545959105572904,0.0177347783316081
-5.39300669105317,-1.66120865496483,0.0178669247201998
-4.64575487469591,-3.33166472326791,0.0188574451016275
-3.42373737684274,-4.79991992615699,0.0209237530871546
-1.81079994964678,-5.9183522706454,0.0245543557083543
0.0680327381420305,-6.56265853571038,0.0307549824143416
2.05506777405279,-6.6434296348024,0.0416626083268543
3.97166547488992,-6.12095826881449,0.0620044487856112
5.63305426541093,-5.00760964068132,0.102901317445364
6.860266261025,-3.37242684118477,0.190736794226376
7.49392271529409,-1.34362533088762,0.379867713581069
7.40073820518353,0.898427662253343,0.734212957836137
6.50589602256151,3.12821950534135,1.16324998856351
4.88536563053653,5.10326559447354,1.23806548750708
2.80269500364741,6.61996775114899,0.758748331334773
0.513259494499548,7.55027064731157,0.259079444546995
-1.8530787592239,7.81446413938622,0.0636136032703342
-4.1622627931786,7.36723482925583,0.0248303118722605
-6.22410521628374,6.20977107784007,0.0178059613458875
-7.83815844115766,4.40674803282303,0.0152142774721617
-8.82761312478288,2.08374343290001,0.0139497716450431
-9.06306859377712,-0.576368687888761,0.0135508953955515
-8.4787441449563,-3.34907673364407,0.0139225778435262
-7.07478309213998,-5.98591206188163,0.0151848365375055
-4.93145887627604,-8.23499418740452,0.0177348823236596
-2.20178101152036,-9.86591883350543,0.0225467641815318
0.898832990465257,-10.6879021990478,0.0321609422447334
4.10420716460466,-10.580756779527,0.0541406959583698
7.11884502336284,-9.49453377293461,0.117461746733062
9.62559725807192,-7.47742327248287,0.365808952811399
11.2152677379185,-4.68635474599956,1.69640832779844
10.7961042818962,-1.48839776896866,9.18364093208238
5.71248179374687,1.11716068082288,22.625076330523
0.120658835413136,1.98686883834349,8.8423221951052
-1.66619873072246,1.81472698194104,1.22072590170343
-2.28933421304759,1.30415015702318,0.143392194002882
-2.6027010599008,0.622228914353663,0.034587654940367
-2.68170273052597,-0.163082567333318,0.0247505540633812
-2.5165398443494,-0.984238613007226,0.0241863211550122
-2.1085505613274,-1.76750663237365,0.0250545098552863
-1.48108166956163,-2.43859937775986,0.0268150927977298
-0.678311159175485,-2.92874107280964,0.029597398533824
0.23623415722117,-3.18170473878174,0.0336676196192838
1.18473254130792,-3.16026525801042,0.0393805156426831
2.0814268427044,-2.84950253196106,0.0471233950562669
2.8396430787663,-2.26074884354659,0.0570982850416074
3.38050404011339,-1.43235398640045,0.0688273247623939
3.64072874603884,-0.427002121872838,0.0803907005249901
3.57966380151078,0.672603484723688,0.0879828981182836
3.18504882675965,1.77021755255614,0.0872328731587585
2.47566722156242,2.76463242439284,0.0768087495083113
1.49923578534621,3.55824317751009,0.0607759228944558
0.33037995326529,4.06734739492892,0.0455242634374888
-0.936442114393194,4.22886061258539,0.0345260670313865
-2.19203353259942,4.00664942468644,0.0276035917899985
-3.32094256221113,3.39854351972987,0.0233766784096492
-4.21205748037915,2.43721923499018,0.0208242675872039
-4.76884824825616,1.18955269916777,0.0194064519984793
-4.9187525699065,-0.247094239937664,0.0188748278453985
-4.62423800559003,-1.75128853787426,0.0191500666978275
-3.88524739422748,-3.18892081991632,0.0202958209844403
-2.7420111877482,-4.42328235216211,0.0225392627646663
-1.27556890543314,-5.3282766782064,0.0263543482715811
0.398493087973836,-5.79981466551591,0.0326691177874134
2.13727842834349,-5.76818253118323,0.0432992085814113
3.78305175488022,-5.20738254508157,0.0618470469443171
5.17501195738187,-4.13695284905715,0.0955357862599313
6.16369452306656,-2.62794268993864,0.157471534741849
6.62221076409594,-0.797703218996749,0.264835432740939
6.46283177840281,1.19473094500288,0.415266964572269
5.6607238783943,3.16226814145106,0.532888899049257
4.28241669033355,4.91203487396869,0.486184537649913
2.47369590566027,6.27345372045513,0.285894005598628
0.392146192273603,7.11426154908898,0.112029679346618
-1.81524717425823,7.33910478242394,0.0416626387905163
-3.97880592289266,6.89637456245859,0.0236065103504794
-5.90575620881465,5.7880726201986,0.0182185660280144
-7.40519788805716,4.07502848287234,0.0157126066796904
-8.31371112530004,1.87904303677047,0.0144591908417101
-8.51079135463478,-0.627490387392823,0.0140732327098846
-7.93575734948937,-3.23256683637468,0.0144694598067919
-6.59186601143558,-5.7018737410804,0.0157700289231273
-4.5576332158853,-7.79969864785334,0.0183671299834732
-1.97778050534161,-9.30967621012346,0.0232105846414256
0.942722025098556,-10.0558982955502,0.0326921710231179
3.95336586888592,-9.92566585501707,0.053661733064681
6.77602091436876,-8.87537017631436,0.110557207623676
9.1163234442985,-6.95250592218581,0.312447071811522
10.6239936766165,-4.30303087023215,1.24892380929657
10.5571871117986,-1.2328143399814,5.88365561708241
7.07511198831777,1.53595214443526,16.79906151071
1.65571272318809,2.95094846753624,10.8692721166291
-0.977615565478182,3.17586277570312,2.06426417534271
-2.15777801858868,2.87340511277125,0.253000908509568
-2.96765261633586,2.25305828124106,0.0427670013059639
-3.52774864307698,1.38131533489915,0.0234271026596002
-3.79408492514467,0.325872028588239,0.0213201895012515
-3.7259456860222,-0.826810186317873,0.0211285150134299
-3.31074676438931,-1.97659634367451,0.0217926422029463
-2.56305606412041,-3.01680589678504,0.0233638685864472
-1.53391888956927,-3.84601525501664,0.0260764520776113
-0.299458903315639,-4.37314829427456,0.0303867514262118
1.03756049034677,-4.5329876609459,0.0370470889456172
2.3600384065932,-4.28867498994406,0.0472956240421295
3.54312666498243,-3.63652776681628,0.0630426079639445
4.46817539993938,-2.61530323750065,0.0865650443587044
5.03195934008577,-1.29785312460499,0.118995549397926
5.15635019250304,0.210483713156588,0.155756326680175
4.80639319919215,1.77815483870079,0.180890158095376
3.99173149821348,3.26253450637329,0.172747953565787
2.76974431971857,4.52227935954607,0.129046495205324
1.23444625589717,5.43126042064385,0.0778104188882575
-0.495296409952084,5.88749167181605,0.0445291589000917
-2.27821252499872,5.82515677914936,0.0291473749780874
-3.95748341943832,5.21838182380371,0.0223275094205529
-5.37370185110239,4.0907668101649,0.0188295762649278
-6.38104347062817,2.51448307019303,0.01692401719368
-6.860422919327,0.606637330570491,0.0160435211693688
-6.73661020791404,-1.47634325325303,0.0159891110546199
-5.98374502716006,-3.55349672355203,0.0167653137052846
-4.63292883895615,-5.43338633560825,0.0185677014829346
-2.77053573683446,-6.92949014959697,0.0218943221089392
-0.538663257552577,-7.88117336491768,0.0278434825947603
1.87898294695252,-8.16794007308498,0.0389786404709014
4.26892268231531,-7.72250622005896,0.0619606034499789
6.40305512114315,-6.54259359050434,0.116441508310106
8.0518472281054,-4.69730989151257,0.26748289162787
8.98206596148667,-2.33232851039072,0.73362813796525
8.89414908805524,0.320912643630096,2.10289647977394
7.40105628069194,2.90506266562457,4.64683641892338
4.60628248441713,4.9683650869601,5.25422289943053
1.71460517764616,6.24599445409042,2.46084678586984
-0.661167655389498,6.78881537222699,0.543877230530281
-2.7725355849926,6.67665877458036,0.0812973981515106
-4.69386006868022,5.93122014613692,0.0238569559900965
-6.29351972789422,4.58995570744397,0.0174555932388052
-7.40999309372305,2.74056160692244,0.0155704360706681
-7.91158588017388,0.522732493855941,0.0147835656264957
-7.71360593706628,-1.881942075546,0.0148066641356392
-6.79273221221014,-4.26330608424093,0.0156571012603062
-5.18778232801563,-6.4003184685867,0.0175736021749733
-3.00547469830346,-8.081032262132,0.0211510289111505
-0.411554763146506,-9.12147087832978,0.02779890027658
2.37815685515588,-9.38798638220423,0.0411060070682544
5.11554742508371,-8.80871838028285,0.0718066947560927
7.53576626207906,-7.3883202737733,0.158487684558477
9.36264345277381,-5.21528831182245,0.466872474513245
10.2381099203246,-2.47516623903311,1.77205307866396
9.40938776875321,0.473428382719521,6.60012733652102
5.81706713002125,2.93378475682827,12.613287624813
1.58472052647967,4.22828760251872,6.70222893410657
-0.81097012812799,4.57460440247916,1.33698212818216
-2.33800473142063,4.36258504088118,0.172478980353673
-3.58413824889079,3.71203570638502,0.0334856006553168
-4.55940490221389,2.67486175263754,0.0206994119974878
-5.1722684242462,1.32479250749477,0.0187145213835102
-5.3451233747828,-0.232690580909495,0.0181492642112366
-5.03526563807155,-1.8666158496988,0.0184180524726127
-4.24191412577049,-3.43118289745875,0.0195652030493665
-3.00824459005608,-4.77788467333232,0.0218329694172604
-1.42124570380433,-5.76924717347422,0.025743249830467
0.394026081013708,-6.29207021097686,0.0323493776036571
2.28321072131246,-6.27009484144443,0.0438163315946987
4.07479831217828,-5.67235951414781,0.0648101922802038
5.59353740214876,-4.52042289265255,0.105654198641541
6.67450757194203,-2.89043250832909,0.188311849135871
7.17354562471015,-0.910499418452226,0.350582596723315
6.98269719585106,1.24288198178915,0.614786857395268
6.06184286215487,3.35829897195726,0.868212126693797
4.50007497825138,5.21724318864181,0.83084527136772
2.50740070200633,6.63592842088792,0.475328244743063
0.280726469840647,7.48615990417629,0.162983904178201
-2.04154890371472,7.68128034863653,0.0474203370241773
-4.299585243634,7.1748478779147,0.0232151362057552
-6.29640412144205,5.97275143583308,0.0176010733349236
-7.83450179623757,4.14376249136092,0.0151926110812425
-8.74432879289754,1.8180146574518,0.014013305982951
-8.90295788083276,-0.820714911171925,0.0136837057819709
-8.25089905765067,-3.54828872239864,0.0141302813978377
-6.79643862587731,-6.11857711671825,0.0154916601710223
-4.62627449083378,-8.28571535990388,0.0181936990959043
-1.89476328244527,-9.82331698353222,0.0232906126930696
1.17834605563384,-10.5528275025371,0.033483973996333
4.32871440561583,-10.3560480586052,0.0570471354458708
7.26330417519615,-9.19841840988027,0.12535591180874
9.66931202048063,-7.13395196358403,0.393216764702846
11.1349469458026,-4.32646196065421,1.80361220924208
10.5625898481688,-1.15432089064519,9.30992520180862
5.53727091066082,1.39610335725674,21.3117100299776
0.204887150051392,2.27551479230144,8.27486091679897
-1.60920458052047,2.14730488080887,1.17296048682326
-2.33125065855556,1.66028678211228,0.138968371660788
-2.75066958449758,0.971158632102881,0.0336179979346778
-2.92906997859805,0.146105596258343,0.0240662266564921
-2.846699669777,-0.745720114604547,0.0233368988146119
-2.49653650129063,-1.6261585012301,0.0239684543449642
-1.89390486958259,-2.41316167870327,0.0254734094442138
-1.07944838895164,-3.02846018569385,0.0279830534034188
-0.115655433596539,-3.40517987175004,0.031778763072953
0.91760820044413,-3.49430539776597,0.0372789295373339
1.92893536248674,-3.26995371662622,0.0450306526463105
2.82280417619459,-2.73394618259739,0.0555783049648415
3.50903010567291,-1.9179402643103,0.0690258527917875
3.91106481119083,-0.880963534003808,0.0841100612614115
3.97438022456737,0.293836259412193,0.0970000303737985
3.67341508668271,1.50540543065031,0.101480039247905
3.01798996171399,2.64402279596856,0.0930029715819115
2.04890527209434,3.60022483073088,0.0741468093355964
0.839127827093184,4.27741619825339,0.0537464241864832
-0.516717902762412,4.59661667463908,0.0385677062038097
-1.90441796816918,4.50793024041358,0.0293356103977043
-3.19967805014147,3.99524874892191,0.0239877532478391
-4.27786612983774,3.07955496176167,0.0208402637500933
-5.02753958004144,1.82175847530498,0.0190399821010256
-5.35806042506625,0.315836292326682,0.0182098294390974
-5.21587642848001,-1.31369801461742,0.0182009208794695
-4.58290808566628,-2.9249079518856,0.0190311990016537
-3.4877004610179,-4.367699713281,0.0208762663949364
-2.00333333696577,-5.49864042158733,0.0241459224464675
-0.243346896954091,-6.19465496480235,0.0296721969862799
1.64630912906158,-6.3655380274758,0.0391484234191109
3.49782110750757,-5.96277631122438,0.0561985286283423
5.13536327564326,-4.99111518154171,0.0887652895767904
6.38691379572734,-3.50625221626323,0.154511547674886
7.10160156003247,-1.62173080753077,0.287041860995942
7.15465035947781,0.502203955996373,0.524419867559
6.47453963160169,2.66245568213006,0.817266461430372
5.10293819414617,4.63735861887267,0.912045847110403
3.2213016587095,6.22560405191586,0.626561175194487
1.04994590228072,7.28059099128628,0.251033151493858
-1.25996889573723,7.70425597318855,0.0709499714859342
-3.56402156291507,7.43575605302699,0.0275357592860084
-5.67487728293074,6.46209662668403,0.0188833028804634
-7.3908749040212,4.83008079469604,0.0158157327770451
-8.52976593098354,2.64976537163776,0.0142924951470393
-8.95272132979507,0.089327060115333,0.0136952924337242
-8.57438876286331,-2.63928957529483,0.0138771845143431
-7.38244821506421,-5.29442025361354,0.0149009251793951
-5.43603364442269,-7.6269824105735,0.0170780954256039
-2.86842501101796,-9.40233664082851,0.0211853819002478
0.121744801474831,-10.4218760542869,0.0291690027725214
3.2825571653806,-10.5451268615086,0.0466065458384251
6.32820772786673,-9.70874955031413,0.0930284418696423
8.95366215874086,-7.935113488145,0.256697654573153
10.8017403717572,-5.3461550129008,1.05046175476124
11.136733199649,-2.22490172994692,5.55984381275152
7.70439413501258,0.69442963730395,19.5036181864949
1.47542201597119,2.12634247800217,13.4658871424231
-1.23423407974649,2.21376850282068,2.34696262083278
-2.1383851112779,1.81205052938739,0.274412160394477
-2.62822862931816,1.1807862380891,0.0463557179654936
-2.87755479038296,0.395965219513329,0.025276306615447
-2.87387350182833,-0.476366089939927,0.023421871625463
-2.60412685281251,-1.36082934404982,0.0237601023765012
-2.07754340268884,-2.17670146336538,0.0249966985124359
-1.32695321451109,-2.84483490600763,0.0271739994420276
-0.407595347967164,-3.29432786317638,0.0305323526980505
0.605651640972195,-3.47031343956252,0.0354428078981838
1.62447638007779,-3.3403178426745,0.0424029453741287
2.55495409795479,-2.89857943405429,0.0519537580228116
3.30462089445349,-2.16639486853939,0.0643826243702262
3.79270404114323,-1.19508096489635,0.0789295236285296
3.95836142568424,-0.0609108168095203,0.0926452218577656
3.76770472377233,1.14060185724389,0.0999868107257947
3.2187167834588,2.30218038138524,0.0954759930570699
2.34411641783347,3.31485852689853,0.0793228011179782
1.20580816324667,4.07645700102786,0.0589396495932101
-0.106757289835467,4.50455157959724,0.0422414878052244
-1.48601213058011,4.53965494776521,0.0315739715372153
-2.81042047237596,4.15462857175555,0.025344265862635
-3.95552635845103,3.36021839372919,0.0216766955341157
-4.80520417052635,2.20465200670954,0.0195354182091086
-5.26323317396915,0.772474664049855,0.0184412108060019
-5.26422825739974,-0.821112782091247,0.018194030148407
-4.77926823098609,-2.43951837498233,0.018765089919361
-3.82313112769431,-3.9348608174779,0.0202777439274018
-2.45528414559241,-5.16159836125946,0.0230567674551729
-0.776981977491642,-5.99020742910219,0.0277714057291489
1.07543928520151,-6.32033440498552,0.0357683848523477
2.94054345105267,-6.09032832980154,0.0498762673768029
4.64500109377313,-5.29005733955174,0.0761700119661939
6.01615773368631,-3.95894028789675,0.128087848702206
6.89684989403949,-2.19262586764132,0.232539295250873
7.15485296432214,-0.1366846952684,0.427231077663494
6.70347954135891,2.01902047574148,0.70180786276313
5.54268572484374,4.05816017710524,0.872967842465521
3.81112220574866,5.77158508943284,0.699518776995236
1.72583130745217,6.99540562206208,0.330214966662347
-0.543871078966906,7.61836695839763,0.100535976526834
-2.85895623527841,7.56604780990522,0.0337247993311275
-5.04267193455238,6.8091765130376,0.0204855461337526
-6.89352370088212,5.37498333241927,0.0165675341861635
-8.2219976729247,3.35491711211518,0.0146782481923156
-8.8738192116207,0.899065950202365,0.0138233501470905
-8.74570076609707,-1.79317494133001,0.0137692507391862
-7.80389105865339,-4.48758864265437,0.0145153583694978
-6.08410726438586,-6.93628698093874,0.0162855104889293
-3.69710166825144,-8.89846666977393,0.0196700809987331
-0.821965801148036,-10.1624653199055,0.0261222605320325
2.3043269830046,-10.5698215298435,0.0395722898264126
5.40604902487873,-10.0324061536067,0.0727989578262831
8.18362267997925,-8.54218944648086,0.179250396448289
10.310089045222,-6.19111734466533,0.645189746759451
11.2560823979234,-3.19601437698436,3.24340338193236
9.36411197869192,-0.0873690630686123,14.5752707087598
3.25534866570849,1.91965608444442,18.4284941129666
-0.664602815732736,2.33555901061101,4.44316287313159
-1.90688419300665,2.05317784217804,0.553322928278829
-2.51302992085164,1.48937692858154,0.0736658056341259
-2.86473375352482,0.743768327488396,0.0276128671362808
-2.96794552904895,-0.119385041015635,0.0234420656403293
-2.80270192019707,-1.02709205126021,0.0233360049535943
-2.36844039627613,-1.89826873652408,0.0242396801546271
-1.68889837598172,-2.65045994040745,0.0260351123070354
-0.811848893069467,-3.20721281455642,0.0289148182469563
0.193863147941641,-3.50516618027514,0.0332117636831998
1.242934426893,-3.50130273435675,0.039403374904904
2.24077519791764,-3.1779567928173,0.0480832876297718
3.09168648431339,-2.54611205027886,0.059769498756027
3.7071437076554,-1.64560248098604,0.0743322218641253
4.01490122845103,-0.544126138594413,0.0898332754445005
3.96884996071614,0.667268583390135,0.101405310043815
3.55427658819555,1.88295135694252,0.10243952352433
2.78876663594932,2.99052783288673,0.0897679230567127
1.72633700129995,3.88291734322239,0.0687193882467918
0.446507876072503,4.46594547287413,0.0488385428922938
-0.947680573494408,4.66861094577345,0.0352785141478049
-2.3369392270794,4.44991925372256,0.0273413287115705
-3.59426028257782,3.80447959293433,0.0227622710949675
-4.5961223803411,2.76579454514136,0.0200756309557464
-5.23488159227529,1.40589337657395,0.0185945626725171
-5.42963240260619,-0.169419903510638,0.0180198293979485
-5.13547268410821,-1.82817624969878,0.0182576920136333
-4.34923067209563,-3.42270597923082,0.019369259425521
-3.11312555222629,-4.8019323149142,0.0215924354863738
-1.51390197755513,-5.82557802353435,0.0254439655957115
0.322860273201649,-6.37760138127165,0.0319729159688922
2.24147797419844,-6.37851975678294,0.0433576123538783
4.06816671712935,-5.79514456040907,0.0643416557750503
5.62477257961684,-4.64713231134624,0.10562349439471
6.74255429743864,-3.00950857502614,0.190713244069224
7.27329440800291,-1.01095303587544,0.362320372696215
7.10179480730547,1.17045069585121,0.653121675694411
6.17934872547755,3.31851302533938,0.950665345330735
4.59606239675222,5.20883764742862,0.933778244700959
2.57541348927153,6.65192298676902,0.5413063309984
0.328479913954903,7.52076216369271,0.183982780658631
-2.00950399135296,7.73046059773221,0.0507296914982037
-4.28441725108025,7.23458908942851,0.0235024346958964
-6.30011347886938,6.03794287464287,0.0176142501021436
-7.85785555415142,4.20877046866119,0.0151713300211722
-8.7862707129356,1.87683062790163,0.0139762189715945
-8.96108488214218,-0.773770803667742,0.0136326181527507
-8.32007048304911,-3.51820587035474,0.0140645903830445
-6.87215917922214,-6.10942792729565,0.0154047723396059
-4.70056125622147,-8.29870043333911,0.0180785793429878
-1.96203653953718,-9.86001177132912,0.023118589393083
1.12548671514817,-10.6097705996404,0.0332175176015749
4.29606743044085,-10.4315723636699,0.0565157340348829
7.25526439041525,-9.28477040890108,0.124256127759003
9.68838095462852,-7.22394852611549,0.391171493253887
11.1801130834312,-4.41187525647238,1.8128294104563
10.6118222594879,-1.22902809013209,9.50016365780172
5.48605344813237,1.31909110170654,21.7954491334509
0.119643186357138,2.16822984457156,8.25541578626446
-1.64682939625882,2.01416023069995,1.14899776755761
-2.32343995589813,1.5142713974984,0.136102458855719
-2.6984343873737,0.825359307517657,0.0335626903351026
-2.8347982076526,0.0139972909582827,0.0242861306173635
-2.71646831814678,-0.851109138050172,0.0236591604672064
-2.339755122815,-1.69328551536691,0.0243931222349381
-1.72417335589325,-2.43372516249981,0.0260055315558115
-0.911597120934109,-2.99799128777221,0.0286314824188058
0.0350258058429759,-3.32311520214131,0.0325510951112491
1.03610383702494,-3.36466663877672,0.0381646149752868
2.00221769305788,-3.10221887767926,0.0459560120339439
2.84156490198034,-2.54162859693161,0.0563358163166917
3.46844151182599,-1.71719729939907,0.0691685663714471
3.81125497819695,-0.689499253549952,0.0828811020414438
3.82143113960223,0.457898664508987,0.0935502568408172
3.47837795934559,1.62542658635263,0.0956129520750927
2.79742884971206,2.70686606005518,0.0860085979249768
1.82114413359946,3.5969604641857,0.0681601108829812
0.624087373408434,4.20463219404144,0.0499900965101887
-0.698925492509272,4.45784127734793,0.0367045038922092
-2.03555833185072,4.31128562383815,0.0285315664666612
-3.26456122269641,3.75534828068208,0.0236868698155211
-4.26712564162486,2.81673941976372,0.0207965936216643
-4.93656590251497,1.55784987760877,0.0191598197269585
-5.19122362741466,0.0757375068387434,0.0184531637649664
-4.98374287738136,-1.50668247874,0.0185594607702741
-4.30207597196882,-3.04986176585845,0.0195186852251579
-3.18193563521175,-4.40912029953303,0.02152471985455
-1.69929916815462,-5.44779044294919,0.0250167496056907
0.031005534323333,-6.05032622440556,0.0308716267863778
1.86360113120441,-6.13440301543175,0.0408559710545018
3.63428959451523,-5.66240203740737,0.0586198132372969
5.17295891918129,-4.64432177567597,0.0919724399905684
6.31756124568199,-3.1438734997442,0.156926367771607
6.92372912765979,-1.27447885494133,0.280986976015476
6.8847343553017,0.801215174975987,0.483319034060895
6.14971983701328,2.8869185970649,0.695869857613443
4.77324674362945,4.77306155015821,0.713670334248123
2.92262716918002,6.2718771157619,0.457404308949385
0.786458914093204,7.24323401992253,0.178790040566381
-1.4885828271348,7.58820624639496,0.0553526337087658
-3.74476491425682,7.24847667803722,0.025503453274096
-5.79008051291703,6.21699910838518,0.0185539832784924
-7.42570829931612,4.54582512287713,0.0157382374672571
-8.47662129800326,2.35069475308078,0.0143247312632491
-8.8109305630494,-0.198130251250133,0.0138107666829001
-8.35136367632764,-2.88787180200488,0.0140761217957051
-7.09420786051867,-5.47897264503995,0.0152042889088057
-5.10478177874763,-7.72648839452243,0.0175394279745814
-2.5223070322151,-9.40279599166303,0.0219217161476329
0.452121913590915,-10.3154227546076,0.0304846908365702
3.56514971724015,-10.3386489905569,0.0492663661757087
6.53351750303075,-9.41277730398275,0.0998522948841837
9.05425754138317,-7.57114984547045,0.280257581310209
10.7719640406323,-4.94795603328806,1.14671349117043
10.9301837211353,-1.83682196600435,5.85308594474214
7.38208051680508,1.01705634490132,18.8171737496426
1.45448586912972,2.41110089640241,12.2919003496754
-1.17319174805664,2.53036609217342,2.1744473380074
-2.15714642710248,2.15622331340692,0.257845758362605
-2.74910698464545,1.52493894176868,0.044223424612848
-3.09750198626548,0.708594413708297,0.0245494517703861
-3.17878586959453,-0.225995190520315,0.0226753361487106
-2.97124499846463,-1.1995789022228,0.0228301138267545
-2.47717028115324,-2.12507034304592,0.0238606272392908
-1.72312585240079,-2.91353272544023,0.0258241080942783
-0.764206098294126,-3.48458178408297,0.0289618854798801
0.323812406288251,-3.77233749586229,0.0336804776913264
1.44816893971948,-3.73298227462487,0.0405855176524353
2.50687582076255,-3.35091250638113,0.0504733736339711
3.39727017533253,-2.64060008061576,0.0641439137891109
4.02527202094598,-1.64822723156977,0.0816718549043692
4.31716227928381,-0.450355040321205,0.100803228109464
4.22545314871252,0.854067434469699,0.115243450101859
3.73744264528184,2.15001144460191,0.116010138716219
2.87888379166213,3.31708172577207,0.0991609162064291
1.71073543624725,4.24144959385856,0.0725738895339571
0.321897872922637,4.82558155169063,0.0490839427352299
-1.17609401822933,4.99583027965276,0.0343168338005656
-2.65422783383223,4.71212320518696,0.0262720753209953
-3.97668354711339,3.97399130588452,0.021815452271968
-5.01253639538455,2.82138216758262,0.0192585054813013
-5.64936355122903,1.33559722079754,0.0178856400618728
-5.80329155706456,-0.367152452585861,0.0174074182753823
-5.43200113630952,-2.14290030463875,0.0177407401655204
-4.53583128387624,-3.83247626589477,0.0189705791740908
-3.16608105560555,-5.27474038887457,0.021374935060691
-1.42036624877816,-6.32196906342038,0.0255597748236433
0.563278515371239,-6.85356200038308,0.0327919662970087
2.61549049856355,-6.78803930130773,0.0458518335530828
4.5489797926505,-6.09767879725903,0.0711599167120911
6.17158181810204,-4.80738280744813,0.124799099252883
7.30348263809852,-3.00697018772432,0.245975241707553
7.77816632795434,-0.840886378720642,0.517669962033653
7.45758998224233,1.48723276494094,1.02183686485418
6.27559936698575,3.72784242468671,1.55151953918064
4.38551611873982,5.62550997573287,1.46247366966463
2.13888017176381,6.99190669937005,0.7473467936779
-0.220533095865529,7.72695771308852,0.210515806296361
-2.59806672977602,7.77188686132187,0.0483478108143377
-4.85791877712017,7.09701952004198,0.021805678114294
-6.80524221583732,5.7236542228116,0.0167686592665643
-8.24425326199884,3.7359621987848,0.01468617062819
-9.01023913764509,1.27882410666894,0.0137186556352299
-8.99234303077084,-1.44918543620272,0.0135619098538491
-8.14465881489968,-4.21367534834163,0.0141901093968247
-6.4927309256283,-6.76206167772803,0.0157950708491094
-4.13947301885292,-8.84540783362661,0.0189091651858904
-1.26011520038138,-10.2437494473191,0.0248347709929228
1.91151730923217,-10.7856252731425,0.0370923006539757
5.09803000538023,-10.3710388959217,0.0669924273399904
7.9961159645874,-8.97967983693954,0.161524591342758
10.2755007728875,-6.69107070243432,0.575168124126053
11.4227016039357,-3.70873591377507,2.9583399979735
9.77616481437795,-0.541115920425572,14.533470565898
3.43374415157238,1.54905335335338,20.4555811821389
-0.755635943105585,1.94249641785765,4.92817970671911
-1.92927844221964,1.61457776948838,0.599109313199845
-2.40597387583927,1.03614924916452,0.0787005313162154
-2.62509154841431,0.316104514799778,0.0287760706466899
-2.60909560175185,-0.48057863059593,0.0243944282675714
-2.35053693105663,-1.28445214241011,0.0245279771455862
-1.85877758500955,-2.02170043577321,0.0257351586587187
-1.16546427840286,-2.62057125742705,0.0278568020490624
-0.321982404747451,-3.01727757408179,0.0310786830781784
0.602754748712826,-3.16308367400764,0.0356943883866065
1.52821903811256,-3.02985682439554,0.042062915807323
2.36850637867787,-2.61237958277642,0.0505106419189005
3.04021428086087,-1.93264279125069,0.0610162761089299
3.47075701254475,-1.0382898039114,0.0726215595802818
3.60602018328274,0.000415486281797595,0.0827308015240068
3.41566863618178,1.09588822411953,0.0871901795601598
2.9003479301755,2.15010816814937,0.0825786995042367
2.08984545360014,3.06373915919041,0.0696747958057279
1.04203970867368,3.74467138834533,0.0538396989454865
-0.160919927512939,4.11804061598911,0.0404862425701621
-1.41955411973185,4.13027148005044,0.0314243133357631
-2.6222648356348,3.75926894529403,0.0257844717924518
-3.65580269362052,3.01639883305947,0.0223261331170172
-4.41447400552044,1.94686862085656,0.0202708399319278
-4.81232549938108,0.629944487520827,0.0192208974372505
-4.7900574180069,-0.82841765109843,0.0190068865357955
-4.32496185308103,-2.30247192003868,0.0196064059872413
-3.43127571530069,-3.65703419551081,0.0211427473265049
-2.16622504694679,-4.7600249767282,0.0239186512954163
-0.62375730419139,-5.49427545638268,0.028542297365054
1.0702757276841,-5.77015069564437,0.0361811220258487
2.7682401634262,-5.53447113527177,0.0491174266894743
4.31151194776305,-4.77775166042034,0.0718864850210688
5.5447134610849,-3.54052310147965,0.113117748825727
6.32674519877766,-1.91010263562301,0.186963083086488
6.54880100723101,-0.0207279811497046,0.305025954313472
6.14467973651652,1.95937175980953,0.442477163389
5.12393841147424,3.84113407866072,0.49858010091169
3.5847474109213,5.44074439297983,0.384554175803459
1.6777786918246,6.60254286212027,0.191756128985633
-0.44794838512666,7.20862259112401,0.0711205180428929
-2.63901428971607,7.18002593847294,0.031341871493743
-4.71491288750678,6.48418033917321,0.0209939662372642
-6.48205154273234,5.14517266132733,0.0171424349787773
-7.75944360312576,3.24702525452426,0.0151952313582413
-8.39966983013765,0.930528179439818,0.0142969404708274
-8.30269211879455,-1.61670715466719,0.0142114861413598
-7.43554930214511,-4.17353323950837,0.0149295134302466
-5.82887928790765,-6.50545599279929,0.0166602929892643
-3.58434306111065,-8.38233106642681,0.019959782877166
-0.871895084010255,-9.60454322378502,0.0261465310051327
2.08668336368717,-10.0179872587864,0.0386962957236468
5.03061271652499,-9.5379457366757,0.0682382866683654
7.67827089871184,-8.15462304022104,0.155453358609655
9.72978131519819,-5.9495061415024,0.494167606041558
10.7717872007308,-3.11265107626358,2.13762282283074
9.74972457797469,-0.0499619294735194,9.20463277074334
5.09753999616917,2.33550397190707,16.8185473586221
0.538879224313796,3.2815903158735,6.59937283049805
-1.40568341335676,3.31157284890962,1.03025125050719
-2.47677773932607,2.90765679511567,0.125835266036398
-3.26800648729265,2.19361644383001,0.0306753355755049
-3.79483989596425,1.22967420862883,0.0219404192176117
-4.00242661679356,0.0905240776107153,0.0207562646762998
-3.85358471495284,-1.12927436389551,0.020781291881106
-3.33910520208538,-2.3221672317486,0.0216450303328477
-2.48589753415327,-3.37723378616398,0.0234629759232624
-1.3497402942527,-4.18727996388619,0.0265459081918878
-0.0201651739835792,-4.6646664727789,0.0314336322674405
1.39247197366698,-4.7432554716462,0.0390940442378701
2.76186660702869,-4.39357102305159,0.0511201200669677
3.95730783056919,-3.62119142595338,0.0700463480411826
4.85597003974988,-2.47385733245217,0.099059381038761
5.35370755527826,-1.03652615996396,0.139771967533275
5.37723634969097,0.572700837220945,0.185527728409732
4.89733559579758,2.2118338609831,0.213596828375157
3.93702196252561,3.72872425854934,0.195836484399379
2.57079538820246,4.97790616397663,0.136135357619879
0.905271500725885,5.83328939452274,0.075496841977112
-0.931000018665529,6.19584277146344,0.0411284474559937
-2.78715585768398,6.0052746650252,0.0269680784089603
-4.49781425922676,5.2465959285393,0.0209581376505235
-5.8977156550948,3.95482761136652,0.0178857365222633
-6.83850012442931,2.21619941191923,0.0162477737737581
-7.2063731687012,0.164497485798924,0.0155658544579046
-6.93256688456772,-2.03074328305394,0.0156921654650021
-6.00131367071214,-4.17595059287297,0.0166736088505177
-4.4596879875707,-6.07059998643867,0.0187653436622049
-2.41116137996967,-7.52373605228483,0.0225882560489245
-0.0148705172971709,-8.37498049651365,0.0295443210452215
2.52864347789998,-8.5098766815439,0.0430636037841529
4.99087172291192,-7.87118538727806,0.0727526049575207
7.13196617776034,-6.47472857677839,0.14940987191658
8.70797668424948,-4.4091447070786,0.385832482392303
9.44398878568306,-1.84828245212282,1.19792776147928
8.91213154671895,0.919127809886697,3.64756023554637
6.58790779055082,3.42620182359788,7.15043055498176
3.1881470807685,5.15768714747437,5.65935713590811
0.421891699523583,6.01555360234997,1.74932084359654
-1.67741760816696,6.18714282174412,0.284689499299387
-3.52362310139253,5.7631265717558,0.0445946687650666
-5.12796281901172,4.77555497711616,0.0204634012484368
-6.354997630516,3.2843029962091,0.0170977813743024
-7.07061310209401,1.39624320883579,0.0158570603624257
-7.17874560511085,-0.738644808790396,0.015514808548224
-6.62961763360967,-2.93909468739585,0.0159803639675378
-5.43594034382229,-5.00613934303697,0.0173749767363906
-3.66680274148334,-6.74064496468058,0.0200796962505876
-1.45098099741507,-7.96284346126151,0.024957420337061
1.03426974755985,-8.52912488441661,0.0340127779497602
3.57468213592396,-8.34539293292699,0.0524491642995906
5.93530450673699,-7.38720621156018,0.0954733373472816
7.87360699856368,-5.69660875146322,0.215499776038378
9.14020088034027,-3.39750802842232,0.609324175935643
9.41663473503621,-0.705468430937441,1.95005971309365
8.17734775841743,2.02271107490897,5.27258908709971
5.18276264574052,4.25484244456141,7.38486190241904
1.91231304819344,5.60301218098182,3.84211720587867
-0.505145310397668,6.15249375433442,0.870806177103686
-2.47207783712263,6.06946850486798,0.123440448259258
-4.2267764014351,5.40532530722639,0.0279355586265772
-5.6880084037109,4.19829523702513,0.0185381177510232
-6.71343059533716,2.52771792350284,0.0164607424576577
-7.18218465976839,0.518946516572269,0.0156296560377699
-7.01655273480896,-1.66344230603528,0.0156244714095536
-6.19347908186464,-3.82869313993028,0.0164531467105364
-4.748947289293,-5.77661846159238,0.0183305178809097
-2.77697520039429,-7.31395237680311,0.0217963591686997
-0.427629233219662,-8.27356577967903,0.0280707492321762
2.1043414475281,-8.53159529571325,0.0400959802889447
4.59404673949648,-8.02261198704916,0.0658511517645088
6.8026553724062,-6.74869742294678,0.130424711152698
8.48803085100872,-4.78650464122387,0.323766119286172
9.3864283263814,-2.29410421985281,0.981107889433255
9.10903679312099,0.463843128743348,3.06039823183411
7.10157840343693,3.05350089702101,6.69585379057189
3.7551864173364,4.93942861242962,6.29435829559489
0.835060345245291,5.935244104607,2.2456887937313
-1.34029005694358,6.21594562827731,0.398078821202218
-3.22493728543249,5.89221151375581,0.0578217108007147
-4.88373478700328,4.99734287409793,0.021755912655661
-6.18977125972394,3.58393243681725,0.0174188951875947
-7.00429969680135,1.75078594669953,0.0159796714697295
-7.22249151743359,-0.358586147360383,0.0154973886484717
-6.78804823454173,-2.56672852346499,0.0158188959490192
-5.7012831190518,-4.67668131119324,0.0170325712614483
-4.01993807043579,-6.48666139935274,0.0194681368002692
-1.8651581326207,-7.81253500832605,0.0238734360412404
0.593692895224585,-8.5018560051265,0.0319855108117885
3.14698555657202,-8.45272221367327,0.0481786015138685
5.5615770218871,-7.62587055507159,0.0850730063821497
7.59551676705718,-6.05253817691189,0.184987210089288
9.00054269849553,-3.84135634727427,0.507017595896797
9.47811653259434,-1.19144116549891,1.61907539613882
8.53161184163559,1.56843515767156,4.66608989672388
5.75516072432726,3.9228397370543,7.56793702109354
2.37544721519145,5.41685186976815,4.6208973786396
-0.168447595113324,6.07566114718807,1.16834237599667
-2.16978706513447,6.08567376382331,0.171621915958363
-3.94886409718698,5.51278910714405,0.0326371459172478
-5.45621237296666,4.39213891131865,0.0191793083343709
-6.55093087117823,2.79484128102656,0.0167279641859682
-7.10901896447944,0.839822572722203,0.0157517125713227
-7.04437681332151,-1.31537218262804,0.0156231677651146
-6.32618233319454,-3.48380354190447,0.0163144443044762
-4.98089066656301,-5.46701998187227,0.0180042352006727
-3.09223567119023,-7.06982080888534,0.0211677050074953
-0.802661725118944,-8.12178554109742,0.0268680242141226
1.70070210437363,-8.49230121247389,0.037626341198115
4.19794079526439,-8.10543537468564,0.0601309650011004
6.45301627988142,-6.95353831238732,0.114691129915941
8.22582504803666,-5.1001435239368,0.272253170844239
9.26192970203318,-2.68847980160057,0.796633100111509
9.21491330403252,0.0385755910268784,2.49172021213178
7.55378987394069,2.68641034375326,5.93441927346029
4.37724503445803,4.72573517347811,6.62192587197556
1.32633200531807,5.88370641894061,2.79408201805814
-0.955415638520144,6.29493892712111,0.553727757793042
-2.90219189381104,6.08545663844572,0.0782798419182932
-4.63702769103366,5.29160417570651,0.0236410949879817
-6.044213935324,3.95778611098031,0.0177550567210545
-6.98010737200844,2.17506781205229,0.0160578085970664
-7.32809992548482,0.0794052093364385,0.0154118382808851
-7.02216812748002,-2.15420399033895,0.0155725910574528
-6.05038161173137,-4.3291334558759,0.0165911517419001
-4.45890214326742,-6.24029030139827,0.0187428541362093
-2.3588948206929,-7.69614137094693,0.0226721551153477
0.0874952667119783,-8.53418905614565,0.0298677383875018
2.67466488165899,-8.63993865854718,0.0440243864076807
5.16956574646584,-7.95928684064407,0.0756671951169372
7.32761818550448,-6.50986211674032,0.159682807842593
8.89896497077149,-4.38607308889522,0.428117158842401
9.58971851944095,-1.76994690829655,1.38585111414726
8.91114679949419,1.02887980650738,4.30960059699859
6.28923089622759,3.49893538631465,8.08056430629276
2.736707585805,5.11045820550077,5.66381595314494
0.0583130206449723,5.83674008135548,1.5473740078664
-1.93452809995242,5.90137150977844,0.233737358854125
-3.67548404247099,5.39583819380798,0.038920613965274
-5.16036032315946,4.35654642562406,0.0200381820194214
-6.25845309158619,2.84924095940788,0.0171744101551139
-6.84545069895003,0.983810321984734,0.016103527145671
-6.83832771726427,-1.08879157585817,0.015899196205774
-6.19823622440872,-3.1908180844022,0.0165136488345078
-4.94738443480013,-5.13003683939919,0.0181011940094396
-3.16334308507144,-6.71789228831573,0.0210877694798955
-0.977933699787931,-7.78669589396724,0.0264237681740911
1.43155202317821,-8.20440512749144,0.036321028028214
3.85422854658643,-7.89588519661167,0.0563477954091022
6.06285761751293,-6.84479571195513,0.102714933163266
7.82728948124335,-5.10762415209632,0.228221590813405
8.91308923779977,-2.8143427494849,0.614981536793784
9.03683956151038,-0.181647316397193,1.79537071029401
7.79855643405313,2.45457803566187,4.31431863481273
5.12647227502305,4.63870855321613,5.63659382003904
2.14043464586483,6.04511320395371,3.04297290454498
-0.307855325995532,6.69379640242732,0.744539658202077
-2.43452495435564,6.68223374267868,0.112343153818457
-4.37657858143514,6.03918956020497,0.0269047135705108
-6.0240891244856,4.79628679439302,0.0180174013316317
-7.21642231854151,3.03250650664734,0.015846331999604
-7.81521416001035,0.877928175178886,0.0149200296249494
-7.73005481967128,-1.49195144611674,0.0148196733544332
-6.92720096948373,-3.87228899514097,0.0155317383100508
-5.43522655237244,-6.04427241055198,0.017254907973403
-3.34978049215514,-7.7945841384082,0.0205088619225842
-0.827464660969693,-8.9365482049001,0.0265029591337201
1.92543170644959,-9.32635979262927,0.0382844503357038
4.66620344563264,-8.88437074026872,0.064587254811943
7.13412720738839,-7.60187600734687,0.135588455006774
9.05829273309389,-5.55252389638296,0.37621927890601
10.1135632565835,-2.90305342101621,1.36071839683054
9.67733467479663,0.0324419432967333,5.16747506304747
6.65961713355965,2.64129210663034,11.7360582300729
2.32084843357743,4.1825833647185,8.05914222308437
-0.395484498324389,4.69918839907523,1.89091157148843
-2.05677605920504,4.60027032623549,0.257487821701012
-3.39805033014345,4.03700357650829,0.0415498670233742
-4.4818545882728,3.06143896062472,0.0213828546610258
-5.21630831209402,1.74096418425866,0.0187257872004502
-5.51422712828066,0.176466919756695,0.0179348051919512
-5.32116988053704,-1.50275454308351,0.0180031741310423
-4.6254473296547,-3.14885095807355,0.0189210636009282
-3.46037422709475,-4.60834565144939,0.020884785365966
-1.90419230124827,-5.73508266344972,0.0243470721816675
-0.0767039142322758,-6.40423812279151,0.0302370873703522
1.8689773989369,-6.52751488598897,0.0404690397142275
3.75917580918992,-6.05966482147071,0.0592512732206064
5.41226965925443,-5.00921309175778,0.0962109266248088
6.65384060603368,-3.44125685882549,0.173303712857837
7.32633977381355,-1.47523483958394,0.334846027194634
7.30210511059711,0.71650741701477,0.631962737543945
6.50801418020842,2.91924565020648,0.996797150993688
5.00054988223485,4.89931658793082,1.0878145648178
3.00535178193047,6.45363298648863,0.704473348456904
0.763584311592698,7.44444238570815,0.25886875265266
-1.58300991960823,7.7833082430367,0.0674155342691596
-3.89562886747424,7.41756110904955,0.0260293553594283
-5.98555719850719,6.34263697821441,0.0182608082836039
-7.6504326633751,4.61376674351803,0.015463573941808
-8.71259177858365,2.35160693648476,0.0140833795465449
-9.03441187512811,-0.269462636819963,0.013596286426098
-8.54514253046447,-3.02872011623047,0.0138798781966738
-7.23529186766874,-5.68065400996199,0.0150314238911575
-5.17819408260616,-7.97455302933015,0.0174033701342945
-2.51600986670623,-9.6756612107734,0.0218819008344799
0.5411593040894,-10.5913428437286,0.030711802952222
3.73399901285742,-10.5911231413065,0.0504727625912992
6.7708296156742,-9.61783719625321,0.105433533415885
9.3395869029772,-7.70818765110142,0.31121896796254
11.0568209972103,-5.00284456545798,1.37088507502489
11.0062054738758,-1.82830872947426,7.42840552237815
6.62479856829344,0.935572159120301,21.8189024718285
0.636517346157708,2.03980192254773,10.8114696216187
-1.50958113890557,1.9636609799851,1.62468326489853
-2.23431657573145,1.49287731550066,0.188224115396282
-2.61279104079836,0.829570899831051,0.0385567127066673
-2.75491961921719,0.0442564757246694,0.0249191374048899
-2.64975177406742,-0.796069027449396,0.0238943269380741
-2.29282576117066,-1.61703879399232,0.0245586187423485
-1.70267814060147,-2.3420118009795,0.0261118754070662
-0.919056658154393,-2.89830621525442,0.0286522516966948
-0.00246041571462351,-3.22412688251062,0.0324365693137754
0.970214004396653,-3.27555330025023,0.0378294500706653
1.91231970489958,-3.03181985708013,0.0452612175772353
2.73453947222156,-2.49745408022198,0.0550762503123707
3.35315253246036,-1.70478346875999,0.0670952954875836
3.698039973949,-0.711873275914083,0.0798242803530136
3.72109030346144,0.400829820227494,0.0896874448311477
3.40225205691499,1.53733193979901,0.091737288671281
2.75171509032253,2.59377969550876,0.0830916923708015
1.81328284429554,3.46912934845822,0.0667699040109975
0.655681616275031,4.07225166147283,0.0497587936434163
-0.628440217388942,4.33263568440316,0.0369858873110816
-1.93029628598556,4.20590531269123,0.0289180294802655
-3.13205872711662,3.68037021313615,0.0240559645578641
-4.11773861751677,2.7808186036629,0.0211270607959831
-4.78383334264362,1.56728323286696,0.0194503892156625
-5.04856915463163,0.131901152967676,0.0187086700808137
-4.86324262688374,-1.40606227311395,0.0187827671360739
-4.21822384673574,-2.91113455333038,0.0197000948400092
-3.14419954284423,-4.24266639875892,0.0216464067708167
-1.71402634295444,-5.26723663722222,0.0250338566516346
-0.0381390672497081,-5.87180233227687,0.0306770662916829
1.74343668709668,-5.97535243079834,0.0401830458717602
3.47124316372453,-5.53696309313038,0.0568423090449556
4.98019286941577,-4.56681826736504,0.0873714425775925
6.11131617042518,-3.12301467523419,0.145144827149119
6.72701826404246,-1.31565081865254,0.251409513496923
6.72294468655094,0.70125611686071,0.418639419122476
6.05150873444369,2.73974424597503,0.589327276388814
4.75818095256549,4.5989676510238,0.603235916598116
2.98747398003821,6.09510174216289,0.396349233395997
0.912603026929207,7.08501859755225,0.163606781665328
-1.31821068270632,7.46638987234747,0.0545532073865924
-3.5451432773822,7.17684723849221,0.0260711800192728
-5.57775039642345,6.2049073504985,0.0189521552335402
-7.21952639328206,4.59829076661243,0.0160133442285479
-8.29608194635467,2.46688755018593,0.014524608830523
-8.67400179461757,-0.0251268356742256,0.0139543601481355
-8.2734790831829,-2.67050970745535,0.0141675282070393
-7.08612689187557,-5.23451432693069,0.015232996958239
-5.17162849686354,-7.47585044653079,0.0174711095906409
-2.66221401907077,-9.16819372765176,0.0216660019677432
0.247074770492902,-10.1207563218922,0.0297703187610479
3.31032310973762,-10.2023182788678,0.047245125239092
6.2498422844399,-9.35172465333447,0.0928832089053736
8.77090133537978,-7.59641388163623,0.247800360776087
10.5347777854517,-5.05675263598506,0.954675940546487
10.9026425881755,-2.00153050184638,4.67372329161477
8.03620822333485,0.926365331737856,16.3447000088836
2.23247406120228,2.57205425910487,13.7067896751279
-0.840101998307163,2.86810483635881,2.84167418115166
-2.03174770754944,2.58248928071048,0.350814594949151
-2.76999480153779,1.99368857441836,0.0527260053459123
-3.26124082867426,1.17798959735107,0.0248283135725651
-3.47809729910004,0.200656643736808,0.022083590136176
-3.38646240188452,-0.857626723840274,0.0219013854466195
-2.97735626928365,-1.90435742445025,0.0226130119114789
-2.26745868653028,-2.8420598492629,0.0242198209398873
-1.30500823461207,-3.57803407983752,0.0269399733649858
-0.163282707911174,-4.03253971426314,0.0311696725555108
1.06345388056827,-4.14535677320126,0.0375619808413507
2.26610275377807,-3.88604442993988,0.0470936403570877
3.33156025809595,-3.25710779082388,0.0610600030853988
4.15153905455235,-2.29431278910104,0.080674116054771
4.63415426227133,-1.06786932262553,0.105504115513991
4.71308205333872,0.323375864806087,0.130399331574984
4.35885103912398,1.75910248700511,0.143454766996601
3.58198455059641,3.10838404760802,0.132355041360524
2.43600231059835,4.24224151531183,0.0996746804872336
1.00755588613742,5.04622623748945,0.0642878757790614
-0.592064654315364,5.42807414473283,0.0407325671332398
-2.22988603499265,5.32884931985341,0.0286834255186412
-3.76021576351631,4.72950429439154,0.0226640051703922
-5.03657882781316,3.65457732460087,0.0193817562050061
-5.92588056274086,2.17398177759187,0.0175677785948846
-6.32275664557368,0.399758926747905,0.0167457243338439
-6.16117249867087,-1.52251432918621,0.0167477044248458
-5.42054688167328,-3.42490237855138,0.0175918533872703
-4.13456158721332,-5.13092844078577,0.0194781887472622
-2.38786395481992,-6.47113897879324,0.0228939881289741
-0.313447692359002,-7.29898301320922,0.0288933537495063
1.9161219324508,-7.50797372684948,0.0398228604735438
4.10324735872138,-7.04159092529539,0.0613932119520766
6.03771171853224,-5.90092550223817,0.109089326697262
7.51411896577904,-4.15707889382598,0.22709553684542
8.33244047661532,-1.94402441823639,0.539426951278361
8.28608359011781,0.532540172330223,1.30240004995674
7.17957227456511,2.98960453462281,2.5473565324363
5.07393515308071,5.09416925549348,3.01363800254662
2.55755111964941,6.5960562334967,1.75761594946362
0.11806687845782,7.4188489921054,0.504276819519828
-2.22109760925233,7.5541486651504,0.0906423915899625
-4.43664520302723,6.99008946999977,0.0256552182533046
-6.37117829872625,5.74351565452375,0.017542384108669
-7.83610890710691,3.888339944204,0.0151682251119937
-8.66746522337479,1.55798016450675,0.0140714147556278
-8.7502203969872,-1.06130434822468,0.0138121469739275
-8.03148659781518,-3.74592029481418,0.014335411922567
-6.5274978175034,-6.25271987433827,0.015798285207005
-4.32799203774267,-8.33899560185345,0.01866632877349
-1.59446536019391,-9.78752881243392,0.0240594332577788
1.45377931274364,-10.4240431330827,0.0349096968388452
4.55206877848626,-10.1430619946743,0.0601107369403859
7.41001606672515,-8.91432411579478,0.133808103242269
9.71723117651158,-6.80095768445733,0.423922083401521
11.0588168215081,-3.97601691659732,1.92753628759817
10.3257921942272,-0.829829265466345,9.49101835992956
5.33649819552403,1.66082293306329,20.106098381964
0.256294214842685,2.53894195620484,7.67965763898062
-1.56772084132294,2.44567889702005,1.10993765694445
-2.37556756408372,1.97736646719226,0.132718754240732
-2.8888453710282,1.27975321981121,0.0325574715088359
-3.15493171613612,0.417374337512309,0.023451849442379
-3.1447090400577,-0.53913649560556,0.0226125503190928
-2.84301425749337,-1.50702947660678,0.0230687504615862
-2.26074233956257,-2.39793261262194,0.0243821765390917
-1.43423064016964,-3.12536004532519,0.0266867874044735
-0.424298875736567,-3.61171092974319,0.0302797262858413
0.686479605432621,-3.79787626756278,0.0356248326375198
1.80135729323083,-3.64842776643299,0.0433969047512727
2.81679026867678,-3.15688684555255,0.0544375246280245
3.63254708071857,-2.34930711413298,0.0694155238418002
4.15991477250426,-1.28138157966786,0.0878797881317494
4.33135974626191,-0.0369908607972823,0.106408132419807
4.11183766093128,1.27793141470421,0.117408352737585
3.49975567150987,2.54558521820315,0.112404518381023
2.53354862550843,3.64671152241181,0.0910442085273839
1.283448519057,4.47170347703976,0.0642022460549954
-0.154148301221623,4.92866645094768,0.043398704735828
-1.66060985169435,4.95582754781831,0.0311690176557186
-3.10368615901046,4.52386312398087,0.0245553812159929
-4.34790240802654,3.64595697637309,0.0208307085185633
-5.26673027246106,2.37532823357548,0.0187051578357455
-5.75562780117043,0.805148435274574,0.0176397963332612
-5.74375045373985,-0.938036866167922,0.0174228262142593
-5.20055856418417,-2.70426207975041,0.0180280363526112
-4.14415477483325,-4.33198805373386,0.0195927458959698
-2.64008295039457,-5.66225550530987,0.0224826253142882
-0.800568138144048,-6.5548609259867,0.0274645115764906
1.22508228003707,-6.9005776163113,0.0361618039072428
3.26011055060929,-6.63465757684577,0.0521847348090903
5.11471406789616,-5.74570313270084,0.084112175666836
6.59861218222125,-4.27869481873052,0.15352746852068
7.53671625152433,-2.34176803592935,0.311814688705035
7.76848114345335,-0.0983806955919892,0.654810636510313
7.17008138324953,2.23069365000078,1.21721079945686
5.73021907078838,4.38761488105338,1.62055676705962
