0.457366873175987,0,2.05815092929194
0.359452891498291,0.0603831697484091,1.77143155051654
0.323764736283568,0.111017924412061,1.52557202094906
0.33354989278283,0.159866931578632,1.31549656710242
0.380134368541399,0.213001461213775,1.13692181001786
0.460909580504627,0.275710185200022,0.986758577479495
0.577729829958364,0.353281070124041,0.863101689514172
0.735696454543425,0.451321438322545,0.765370243642093
0.943718403442127,0.576754689584638,0.695597087762949
1.21295580392337,0.737632648511803,0.658754168886397
1.55854314421361,0.944907109241037,0.665951671643466
1.99357014214179,1.21000472705744,0.734809296267228
2.53069673236432,1.54842461603538,0.898065774508188
3.16705640647696,1.97528090213011,1.20697388673009
3.86590868242205,2.50284856608565,1.7395583960947
4.52000464800684,3.13405115458051,2.60908349801239
4.89630333978463,3.84649238739967,3.95308736784232
4.58807913325768,4.57028970814663,5.89235591476026
3.08052150964881,5.16411747192304,8.41333129499714
0.0721879984295335,5.41871241183969,11.2054581784405
-3.95966052189101,5.13255741800756,13.594451553741
-7.6042497192147,4.24896585135999,14.8220366118474
-9.4086815173117,2.94337587503332,14.5850326792709
-9.05551848901576,1.53369964730765,13.2595287235188
-7.36167662611836,0.291400172599412,11.536205704855
-5.34808290293109,-0.661700622603946,9.94568003500238
-3.62608511149395,-1.32978514373753,8.71123138261194
-2.37629186299353,-1.77474014292105,7.84380482505378
-1.55503411138089,-2.06514316329703,7.27270282560734
-1.04804308816906,-2.25735217491622,6.91569146684655
-0.747196862318715,-2.39017420071264,6.70794393594368
-0.570465840039191,-2.48795072135737,6.60459125434561
-0.460564546169025,-2.56478579709126,6.57536088332178
-0.380053947780991,-2.62768369258937,6.59978012041122
-0.305516099882023,-2.67917446679647,6.66246450435669
-0.223742181838057,-2.71904592430125,6.75045745095316
-0.12917621098785,-2.74569804745045,6.85136833849263
-0.0224329621999861,-2.75723386847044,6.95278775120515
0.0910944253207083,-2.75214754555081,7.04246987988964
0.202505506223664,-2.73001972078518,7.10901649924511
0.301153278346075,-2.69197959102162,7.14313849735945
0.376596668439223,-2.6407373901592,7.1386650555238
0.4204384076377,-2.58044928538773,7.09337395943548
0.427728056872529,-2.51629806345772,7.00930243080268
0.397646769637341,-2.45384906599634,6.89244076030619
0.332135925287234,-2.39869662578554,6.75116737384762
0.237000769529981,-2.35565218385131,6.59664426618351
0.119239495866124,-2.32865126542738,6.44057001033281
-0.0132621034753311,-2.32049860194998,6.29481636740228
-0.152338620094502,-2.33297450790986,6.17103070521493
-0.289619766564546,-2.36615015645257,6.07935388311411
-0.416368648536029,-2.41940648083865,6.02957112098206
-0.52341331147836,-2.49024357389257,6.02877557536396
-0.600484773881881,-2.57504634766182,6.08259815941355
-0.636322043331721,-2.66850075862565,6.19370527699451
-0.620524498585895,-2.76357502014324,6.35971084309784
-0.543546915300538,-2.85174704058792,6.57390017482737
-0.40161167007093,-2.92354606171593,6.82211091108028
-0.198040233472137,-2.96929583838105,7.08393168506539
0.0530559209533506,-2.98064744659422,7.33295637061027
0.326660455444076,-2.95224257142561,7.54003959011793
0.58986227697225,-2.88312716300524,7.67780185877053
0.807963250152656,-2.77744745121173,7.72551808055543
0.952098214880961,-2.64424028472597,7.67325503836436
1.00566502893906,-2.49606811810268,7.52366104965789
0.967158519232395,-2.34683761632915,7.29097882685248
0.84642541519526,-2.20980690290585,6.99622992753656
0.66200703380203,-2.09583675088293,6.66493753408986
0.433408317888966,-2.01317034305185,6.32204645069018
0.17850471834031,-1.96710659524803,5.99081869552731
-0.0889180528981423,-1.96017960545086,5.6911770776556
-0.35915017570198,-1.99392808491059,5.44118004429513
-0.624647886132712,-2.06786991904284,5.25629546561476
-0.87762807140117,-2.1808359937266,5.15170667685278
-1.10713551525247,-2.33013944147629,5.14211894547947
-1.29586790496885,-2.51116093288566,5.24233142606011
-1.41793287790933,-2.71593129644433,5.46501565190337
-1.4383251909062,-2.93188717273072,5.81755936974791
-1.31676984692775,-3.14071092649701,6.29610624909335
-1.01897433314983,-3.3186214569809,6.87800542275821
-0.528854673372878,-3.43706049844051,7.51722869348659
0.124579162319957,-3.46905185285059,8.13985359552249
0.860675848173429,-3.39544669709332,8.65549344364712
1.55674271437254,-3.21276343909663,8.97746181524114
2.08439210796218,-2.93662415226304,9.04750012213956
2.35643529732873,-2.59967426678927,8.85465008242617
2.35724571624799,-2.24257099766828,8.43586661370814
2.13365723643719,-1.90305024439555,7.85618403500612
1.76548526613191,-1.60912519778438,7.18775531068916
1.33306239961601,-1.37619610296271,6.4934939881272
0.894750678633134,-1.20907796879239,5.81872589512184
0.482143398108479,-1.10603812273154,5.19226673840993
0.104351158872594,-1.06234216592636,4.63057013679168
-0.244470347373865,-1.07322841800382,4.14279204922271
-0.578315748946175,-1.13511250383474,3.73422618328772
-0.913660071869985,-1.24691680545627,3.41045388924024
-1.26601772346816,-1.41026929908559,3.18052700419962
-1.64636349595162,-1.62856401339351,3.05875456385736
-2.0565099210576,-1.90627406096084,3.06804381564595
-2.48157264378531,-2.24702033808094,3.24250867826377
-2.8782743740596,-2.65015778008083,3.62828653298728
-3.15869007700097,-3.1056289400251,4.28158140707405
-3.17817188762132,-3.58577567194582,5.25265882126291
-2.73762169991054,-4.03687622761053,6.56025453534313
-1.65427774162156,-4.3755744173288,8.13445718238122
0.109675408422955,-4.49927922178488,9.77524892810704
2.28491106771582,-4.32162010866894,11.1558538726384
4.29761320107075,-3.82119434813606,11.9361310396985
5.55102421801799,-3.06970381471495,11.9401266611658
5.78979198930682,-2.20590403707056,11.2479586927018
5.20777637630685,-1.37242119877362,10.1255632367765
4.22056638335473,-0.662092515275036,8.85817981749085
3.20332373608178,-0.106195103533715,7.6454221378457
2.37133994965703,0.309295148980065,6.58347039356114
1.79605522275988,0.618968436049093,5.69807432243995
1.46755359071433,0.861095998161266,4.98227952761538
1.34359298080364,1.06987007718018,4.41927219017961
1.37942485450885,1.2725543953111,3.99550303632265
1.53747461549361,1.49023040896109,3.7054171559465
1.78666139811492,1.73883642334596,3.55300277886
2.09696609091823,2.02982271170455,3.55350315668202
2.42935720837568,2.3697282981628,3.73437892229816
2.72297256235267,2.75745031592805,4.13222894634002
2.88024921944377,3.18065010502966,4.79064249515361
2.76323467967113,3.60878724900987,5.73810582238072
2.20922905396121,3.98857831409997,6.96394844722642
1.0980961922537,4.24433614743567,8.3759029451508
-0.535055873158429,4.29190352844419,9.77313164402407
-2.40235432819966,4.07157152590555,10.8734673006283
-4.02163573811152,3.58309502777869,11.4180825611341
-4.95547876176334,2.89878118826873,11.2987632014894
-5.06232363174046,2.13688430830038,10.6084707023109
-4.52457828946113,1.41100699905838,9.56669337858982
-3.67370992909918,0.793742232804201,8.40115256688765
-2.80242082593566,0.308884572965661,7.27263235244676
-2.08008977901463,-0.0552141909616861,6.26209963202929
-1.56690787587831,-0.326397668399231,5.39539872789388
-1.2588544869837,-0.536185307983569,4.67027907231456
-1.12608086768124,-0.713241126274464,4.07472444863642
-1.1346699805514,-0.88137732405507,3.5958773767108
-1.25860810836377,-1.05974953981944,3.22644898032795
-1.47939996845166,-1.26420337667762,2.96535441488773
-1.78423169844174,-1.50828217658593,2.82036554388313
-2.15987899090761,-1.80363351043107,2.81013266986162
-2.58331566242309,-2.15930649681533,2.96669476159917
-3.00743515546183,-2.57949263368518,3.33797989916724
-3.34114730602124,-3.05807040297128,3.98474039586397
-3.43136842184514,-3.57077949063662,4.96790037391065
-3.05587100899433,-4.06505466089019,6.32260702744107
-1.98998612452393,-4.45371101558984,7.99390553409056
-0.146382074242092,-4.62342739561013,9.78369426072267
2.22404188822958,-4.47088780055781,11.3382931232658
4.49016661799475,-3.96049423899155,12.264026535347
5.94602807760316,-3.16357363826271,12.3391500799898
6.26120927256681,-2.23303415742892,11.638350573429
5.63504751172838,-1.33104849945853,10.4583551506642
4.54778357803264,-0.563702932786216,9.12633844181116
3.42993502467544,0.0336461806393346,7.86638120128227
2.52500968544154,0.477042456526275,6.78264424156368
1.90701510295256,0.806240123610128,5.8976810848096
1.55940735573171,1.06339848108109,5.20000205484107
1.43074738406421,1.28549860914938,4.66931130733313
1.46714893246025,1.50130821970333,4.29049475407852
1.62175334550391,1.73196447533872,4.05760821188082
1.85421925610781,1.99221568273842,3.97636159843444
2.12239914111234,2.29064166479209,4.06273840546125
2.37261583779736,2.62874305100974,4.34194436875746
2.52837527894234,2.99848217844204,4.84430173378332
2.48461996384469,3.37809567331316,5.59273149114529
2.11723877067037,3.72853096677409,6.5832727704307
1.31823046764231,3.9921526314275,7.75836774306017
0.0766669672408623,4.10198953870694,8.97958560290575
-1.45002054641014,4.00096464972038,10.0368762534639
-2.93028133417081,3.66880256460803,10.7041858337586
-3.98996394279256,3.14209188775922,10.8384694936939
-4.40580324670234,2.50333985743227,10.4409643206931
-4.20546543831183,1.8502445722586,9.64427948578595
-3.60326885744738,1.26065306374655,8.63469290608546
-2.85224510991427,0.775464905606892,7.57378339980248
-2.14190752677908,0.402162518651243,6.56592606059151
-1.56881698033101,0.125410485733457,5.66015363920281
-1.16102689574235,-0.077484864664525,4.87153978610486
-0.906835273926469,-0.230957957577416,4.19615575104554
-0.781212030824288,-0.356244909476156,3.62358699183689
-0.759468267992521,-0.470744088703672,3.14259198823341
-0.823125419858512,-0.588553515914359,2.74369850496534
-0.962120110309539,-0.721714484979283,2.42132834870187
-1.17268115259604,-0.881087155652975,2.17345666007084
-1.45666407081723,-1.07747245424727,2.00417513100836
-1.81870266422179,-1.3225038314975,1.92597496587625
-2.26002691806764,-1.62775134631357,1.96131536403307
-2.77136574421991,-2.00474670018935,2.14870334403439
-3.316818051929,-2.46164366624826,2.54591327560806
-3.8084717000985,-2.99819387705467,3.23433672918884
-4.0743694637989,-3.59428827019546,4.30598697900519
-3.83481020911784,-4.19654405589656,5.83679569512862
-2.7477822016251,-4.70349494035391,7.81140426847529
-0.595849018159303,-4.9677702974006,10.0242876355514
2.38530066499695,-4.83960184564926,12.0285503211524
5.35272644989557,-4.25163379257783,13.2747760132049
7.26167222084101,-3.28627942006199,13.4280782104888
7.61007355251764,-2.15059700198161,12.5939762598705
6.70764347088358,-1.0644409441361,11.2009340310228
5.25820014795269,-0.163241889342443,9.69642970464898
3.8419187375685,0.516922594926202,8.35589850101055
2.74220444635644,1.00645748187858,7.27905625632954
2.01339601640464,1.35911399960424,6.4650517120579
1.60222838601122,1.62707527615375,5.878973499574
1.42379702484742,1.85189032525821,5.48406032844377
1.3983482444283,2.06230528981676,5.25554854138034
1.45770705032962,2.27606524497772,5.18078842510542
1.54260949915323,2.50134759878876,5.2558277365711
1.59739716273921,2.73780842776212,5.48206437719273
1.56516098020794,2.97667458832437,5.85958151757839
1.39048813070826,3.20068392931261,6.37760000347725
1.02822975658968,3.38481761242595,7.00675683484522
0.463369585774776,3.49930756610243,7.69002874384435
-0.267788345332617,3.51567167830957,8.34234157088133
-1.06741836208864,3.41547912398529,8.86237258048754
-1.79439412690322,3.19880077540508,9.15815313992198
-2.31155798119499,2.88719019373541,9.17552282265228
-2.5392690043509,2.51926135718227,8.91580129978807
-2.47669714465625,2.13936838806086,8.42726399404482
-2.19059462421765,1.78686838923713,7.78647344738501
-1.77548880991245,1.48789885161134,7.07176509456363
-1.31489005387332,1.25594687622537,6.34559632244083
-0.865908308648166,1.09260718335014,5.65097834969408
-0.455303919942935,0.993854787879818,5.01300814584433
-0.0873804641381869,0.953585794242822,4.4448909406257
0.247758235409661,0.966047815426801,3.95270137036359
0.566904013962107,1.02730262210124,3.53927435502829
0.888603745844901,1.13645354651402,3.20840446192177
1.23030468613039,1.29526456353385,2.96688438047137
1.60554486428402,1.50783860211527,2.8272008123703
2.01971109923933,1.77911641601616,2.80891186571043
2.46490302046246,2.1156957398917,2.94703352035027
2.90627567954028,2.51932118675992,3.28661787393488
3.26653653515545,2.98443877083791,3.88770741645961
3.40634009712235,3.48929551982299,4.81340361628223
3.11890318852094,3.98599393903711,6.10336148275384
2.17712349277353,4.39307971160308,7.72118260176616
0.464022314119099,4.60095941048513,9.49503046071191
-1.83178292146195,4.50268663763717,11.0951523656803
-4.13599708585382,4.05020102619244,12.1285115368783
-5.73474141561246,3.29653976495117,12.3362253831245
-6.22534149113912,2.38439875418147,11.7470058233097
-5.72859398838376,1.47717190401883,10.6290533638678
-4.69631904422868,0.690903225587688,9.31162145610982
-3.57482802993787,0.0708848758158952,8.03589204426341
-2.63571682903879,-0.39211273781811,6.92255286863177
-1.97622342253848,-0.734732149628534,6.00506500485206
-1.5901393144473,-0.999330748070583,5.27538049213451
-1.43052403186875,-1.22361302310554,4.71423373480225
-1.44370754910453,-1.43754442310227,4.3052352522146
-1.58306421709527,-1.66347050469917,4.0412978247623
-1.80840516674374,-1.91723170741408,3.92562628589818
-2.0801282655731,-2.20891189109601,3.97309737272858
-2.34868546790891,-2.54183142642349,4.20774693358157
-2.54350662904083,-2.91060034163676,4.6607210680367
-2.56444971212955,-3.2970091559348,5.3598244599997
-2.28569677717877,-3.66576434115714,6.31160040720769
-1.58619139228259,-3.96241421799559,7.473940567719
-0.418904946055461,-4.11853422986273,8.72704673579463
1.10032372402184,-4.07013462202951,9.86857285637736
2.66428758984002,-3.78561112594868,10.6623893198572
3.87717875812557,-3.28776926745986,10.9313049727508
4.45721224353897,-2.65331181025983,10.641646137693
4.37645134598559,-1.9826798407331,9.90658038341113
3.82522259053244,-1.36286727297143,8.91307830871008
3.07054909300251,-0.844008523769265,7.83853150357691
2.32631444214268,-0.440105521120436,6.80267251541238
1.71188566964628,-0.138972156501369,5.86613728817352
1.26679649513426,0.0826004042791509,5.04875511785378
0.985176388319255,0.249767029503004,4.34928143706583
0.842179751237217,0.385407010716644,3.75742112766975
0.811899210839945,0.508320625165112,3.26183834943468
0.874165548238989,0.633854432634439,2.85297345353292
1.01649023724582,0.774795936449075,2.52446855352615
1.23455671618036,0.942876528324146,2.27557432877412
1.52860653652802,1.14935994377582,2.11108640860552
1.90117067800498,1.40597429134046,2.04484211440582
2.35044337782785,1.72420297003738,2.10170365077342
2.86150972963939,2.11484160379561,2.32327719423411
3.38839767296502,2.58437998639244,2.7714030699509
3.82802475801173,3.12816775717121,3.5268207008029
3.98871867024431,3.7201022105825,4.67888389324694
3.57958540576959,4.29756249306831,6.28463233148186
2.28014138227694,4.75029263634157,8.29182567301854
-0.0401566275380963,4.93009941993393,10.4449111476021
-3.01514041149201,4.70431200499048,12.2714394047962
-5.74146847366911,4.03707920102567,13.2608910656388
-7.2804566120951,3.04083945414071,13.1771091508969
-7.32180415838379,1.9272355844077,12.204859767455
-6.28930217264902,0.896279019008496,10.7836952305079
-4.85923244265566,0.0577808762431263,9.31643776341254
-3.53603531130293,-0.56889558227948,8.03337803861757
-2.54194423502314,-1.02055434222879,7.00799031039531
-1.90371313693781,-1.35019056162128,6.23199919844829
-1.56186287121143,-1.60716553936994,5.67184810254223
-1.43517913139956,-1.82996869647554,5.2955414104963
-1.44877317421547,-2.0451497260799,5.08258664540299
-1.5386769791225,-2.2688284737638,5.02408879071554
-1.6477713204725,-2.50816474300188,5.12077946336518
-1.71888881054444,-2.76176891839578,5.37737395340168
-1.6909125789809,-3.01938895884138,5.79656508290289
-1.5017765801643,-3.26146880751045,6.36887527502075
-1.09996113691831,-3.45978679215225,7.06289378726341
-0.467353039295832,-3.58034674012431,7.815152481591
0.352547668252451,-3.5906059174695,8.52824305480227
1.24234273755288,-3.47092714631265,9.08723566689861
2.0360012829906,-3.22241450733213,9.38871667048552
2.57814707607378,-2.8721178877079,9.37786999283515
2.7862333861457,-2.46509277049252,9.06350987374995
2.67472429489463,-2.05153667667778,8.50886947476527
2.33051993991196,-1.6736708769842,7.80304645658245
1.86526648161981,-1.35782531578661,7.0325540009828
1.37178814312133,-1.11481608503331,6.26269137587495
0.90842971194312,-0.944296442123997,5.53545614629298
0.49945205726212,-0.839297981127966,4.87309160539354
0.145255008193936,-0.791541670017969,4.28530292002438
-0.16757542294414,-0.793566173570387,3.77447443504358
-0.458200657887558,-0.840756747247269,3.34077188559659
-0.74737444651765,-0.931170412372936,2.98394650384087
-1.05484724801503,-1.0662293271091,2.70678228190033
-1.39766414497052,-1.24971583508414,2.5159732111579
-1.78884966349732,-1.48828381979809,2.42647311396458
-2.232622052073,-1.78950916012628,2.46285580838467
-2.71677480151627,-2.16077481950121,2.66433551682045
-3.19793293197347,-2.60518317791269,3.08624446435887
-3.57899704142466,-3.11621262267843,3.80197462243017
-3.68761794823421,-3.66657494205245,4.88384227049756
-3.26984750491308,-4.19735618528896,6.37435994984666
-2.0574021892063,-4.60834976882533,8.21555356027912
0.0396737858236261,-4.77024875778048,10.1734768604508
2.70063037815087,-4.56759274791252,11.8352770769295
5.15931529156242,-3.96941908065367,12.7579141413582
6.61121738922691,-3.06971697920467,12.7226773623713
6.75678856431785,-2.05062767868869,11.8667720988785
5.91408043926945,-1.0905926888557,10.5571314701859
4.65795796475815,-0.295158203194956,9.15484467936159
3.44933552954771,0.311000833454997,7.8829206165096
2.51575813653241,0.754768418145224,6.82842475452649
1.905352653145,1.08284002439493,5.99823020041013
1.57906357657354,1.34124750152348,5.37014991143854
1.47028142169503,1.56786798336634,4.91878666547824
1.51489537231981,1.79042696211817,4.62774869690787
1.65737300576666,2.02765970444488,4.49182086207214
1.84713751457629,2.29049948373787,4.5169068357907
2.03015623288198,2.58206827328669,4.71675922636062
2.14138710209009,2.89658964625823,5.10814060652618
2.09858281709059,3.21737673173489,5.70444998153407
1.81196382814399,3.51456180123629,6.49671440129462
1.20641465044838,3.74556452148449,7.43927747004354
0.267259517983965,3.86008464626986,8.43252236964036
-0.90855669659502,3.81399404542,9.32496046641604
-2.10519276832584,3.58621543503309,9.94669640216098
-3.05404058916656,3.19414757112883,10.1705262673809
-3.55657914644689,2.691616607283,9.96310237973141
-3.57086338662657,2.15081568932624,9.39056233517419
-3.20359366159416,1.63860382432629,8.57891561814517
-2.63162784905763,1.19909862790526,7.66085480773711
-2.01453315806272,0.850496229491438,6.73724116225118
-1.45535913092473,0.590980924364305,5.86899839475782
-1.00017015427432,0.408104115511103,5.08490692982504
-0.654120856758797,0.285133114597704,4.3922028141777
-0.402855446292094,0.206905868435798,3.78822795249521
-0.223899089213018,0.160605721823205,3.26462264650136
-0.0959503774945493,0.137102914895317,2.81246585756742
-0.000829188776540298,0.130168590868954,2.42286610558615
0.0758749767663891,0.135947078170265,2.08745759006951
0.145175553824869,0.152589260113071,1.79935434775452
0.215886065079101,0.17960587754379,1.55223556280618
0.29557799586789,0.217862919564969,1.34135981599226
0.391426612553403,0.269226357502954,1.16267486176848
0.510931551342572,0.336653097006534,1.01342015664108
0.662684259760246,0.424333477065531,0.892367695340353
0.85658526772896,0.537693015678438,0.800151677081102
1.10523509829948,0.684265585340989,0.740752307696771
1.42243124444132,0.873098065663833,0.722157616879353
1.82288945918885,1.11535245816424,0.759232484070007
2.32048417019481,1.42508059246597,0.878568403702699
2.91906966365001,1.81738472765847,1.12349812274101
3.59693855793273,2.30577191950144,1.56073158901176
4.27770053824822,2.89783377630537,2.29064227991036
4.78107759574727,3.5817450642783,3.44171201232095
4.76717468768637,4.3078671041018,5.14803441511694
3.74894814792754,4.96321227601608,7.45784056928621
1.29810444162319,5.36110492769904,10.1868161142845
-2.4448978822185,5.28661601354981,12.7872843534126
-6.37792034853795,4.61652288136924,14.4852882965972
-8.93206020419384,3.44180482069449,14.7648787412671
-9.31463651065812,2.04528748427188,13.7692407724563
-8.00268015038783,0.730653577882479,12.125543637644
-6.03525575244137,-0.325538326131433,10.4520066678896
-4.18963323785749,-1.08874515501829,9.0779595794426
-2.78254747618498,-1.60621175872482,8.07761710868065
-1.83019401896807,-1.94742425816857,7.40081410401051
-1.23391460057426,-2.17369429001976,6.96758034022559
-0.879351519969941,-2.32997399248611,6.70737638012743
-0.674184124550141,-2.44521373910698,6.56981212520107
-0.551882260545495,-2.53652027397226,6.52093145527781
-0.467232194267718,-2.61277399068991,6.53746820955168
-0.391201385841477,-2.67724012128694,6.60277087523326
-0.306204040375856,-2.72978096504341,6.70256488245896
-0.203619743922681,-2.76829043181411,6.82309794591104
-0.0822903127613057,-2.78996469277676,6.95003114478675
0.0526546776947855,-2.79227920909599,7.06851186321841
0.19108619706938,-2.77396220128515,7.16412980576655
0.319882292565775,-2.73542888403015,7.22423402974007
0.425207358183477,-2.67913481760502,7.23944609360689
0.495058993968778,-2.60952469271857,7.20499293270775
0.521730290872713,-2.53261778301486,7.12170698004567
0.502426319389011,-2.45515020878869,6.99519121333722
0.438927125038862,-2.38400978280208,6.83492981547693
0.337735180689067,-2.32525626896091,6.65373135922606
0.20694196204365,-2.28397571453173,6.46520394258414
0.0556176778886899,-2.26416798308791,6.28352109291276
-0.106648238515693,-2.26781713510006,6.12199931791945
-0.270897693075002,-2.29628654803434,5.99359731014265
-0.428028994266977,-2.34885421377322,5.90913734884516
-0.568283026236248,-2.42391452420985,5.87874298788346
-0.680454136093685,-2.51813378856439,5.9105383799821
-0.751974486139937,-2.62626443745031,6.00938164055844
-0.768820034932243,-2.74120675870765,6.17663986581352
-0.716799168663855,-2.85367628398147,6.40834432540972
-0.585496871592247,-2.95243923768775,6.69242301728779
-0.372720038174659,-3.0254452996639,7.00792995887016
-0.0877782069698649,-3.06077841211719,7.32540694098674
0.243856072861277,-3.04952974613039,7.60896523250355
0.58313864955201,-2.98717307723899,7.82115151509105
0.883799118992051,-2.8762836949573,7.93116975710356
1.10330581589426,-2.72584139444888,7.92015644231253
1.21383146993694,-2.55043265546814,7.78613882444005
1.20692778772935,-2.3672594343895,7.54218465653268
1.09382438596624,-2.19332318073412,7.2137098653715
0.89719704754243,-2.04303836217477,6.83114847592831
0.644279077193724,-1.92671142907986,6.4256546365234
0.358727027729562,-1.85114390884064,6.02493596580492
0.0583087156003621,-1.8197261946221,5.65250961224527
-0.246019023838178,-1.8337471502033,5.3277440139261
-0.548084727786541,-1.89343018775638,5.06763290334734
-0.843510128651483,-1.99803779280688,4.88780869352745
-1.1260005056987,-2.14619861107961,4.80446848583023
-1.38345096991317,-2.3350212750671,4.8344988243362
-1.59376009313131,-2.55929751360773,4.99610137374359
-1.7216629085598,-2.80947919015925,5.30585842314999
-1.71764137695184,-3.06968447959961,5.77425140255248
-1.52370184125283,-3.31570401386181,6.39626404790843
-1.09273732329356,-3.51552656383319,7.13875376749084
-0.410036490601481,-3.63115290460369,7.93384738681422
0.467292133039816,-3.62887420541537,8.6761802723776
1.40592508345511,-3.48787751833853,9.24204322645034
2.22238385763102,-3.212740545331,9.52556968803507
2.75356459611035,-2.83479542645625,9.47526835456746
2.92435573460658,-2.40399554044656,9.11092007372741
2.76379703444469,-1.97337641109519,8.50611332974333
2.37557080582927,-1.58539860874633,7.75866234253276
1.8791127525718,-1.26552723084423,6.95738070964176
1.37040029543586,-1.02188359584153,6.16751436473943
0.904943338526642,-0.851653764719394,5.42814012030402
0.503772510130105,-0.746795393498125,4.75921840991011
0.163460987655137,-0.697283579482848,4.16727207398745
-0.131237332549936,-0.695351670884045,3.65321581841291
-0.401038711636357,-0.735523973467041,3.21475119683255
-0.667205010374549,-0.815684558328192,2.85007637525476
-0.949808515738312,-0.936686517402429,2.55932260081122
-1.26740895978227,-1.10284439473188,2.34769382805237
-1.63467646217247,-1.31999425057291,2.22494818030229
-2.06119808754579,-1.59655791489915,2.21123372184267
-2.54501259406006,-1.94159072837398,2.33960023640649
-3.0607100988148,-2.36235285657247,2.66055153704642
-3.53957108484694,-2.85888382329089,3.24248405625596
-3.84109652807558,-3.41652156563736,4.17019119912975
-3.73447927121983,-3.99220200792173,5.51419130987117
-2.91543126888968,-4.50217118842533,7.28339732943029
-1.15027889168429,-4.81999207158297,9.33210001481401
1.4686086540626,-4.80420798605027,11.3036569758246
4.31329635878097,-4.36718148774685,12.7008074563621
6.43741238782647,-3.54554337671629,13.1383991522246
7.20168060140718,-2.50335615650046,12.5917581221023
6.68127162755633,-1.4480749459125,11.3826981102538
5.44771556904634,-0.532649801370896,9.93512673827746
4.09089627834284,0.182218747789917,8.55913226053783
2.96119308055906,0.707608252269858,7.39939404415631
2.17311673902259,1.08872510607426,6.48564426311557
1.70705323755851,1.37647389756852,5.7971835935977
1.49530086554917,1.61415535826681,5.3039027935441
1.46257547729567,1.83440637674661,4.98106154693163
1.54376506961697,2.05905151010506,4.81652844579052
1.68178402302763,2.30085261041907,4.80913054794893
1.82138772814612,2.56416045278199,4.96524059539505
1.90208144476318,2.84484582817505,5.29547867790701
1.85391965650967,3.12888237785645,5.80583029939111
1.60454375131625,3.3914909388885,6.4848911745608
1.09535988117961,3.59775999265063,7.29257783861988
0.314826857846633,3.70672679636951,8.14707198026631
-0.664701577365626,3.68212212329082,8.92650080993326
-1.68125183502381,3.50523434196443,9.49358150938197
-2.52620153825328,3.18598341115612,9.73799880461394
-3.02881984140546,2.76392784374605,9.61696086953414
-3.12997750790296,2.29667000092519,9.16838623544361
-2.88735607215637,1.84138220166792,8.48425059877085
-2.42977892291451,1.44034722800371,7.67380990818444
-1.88937761231649,1.11584724254565,6.82909038725207
-1.36292983557108,0.87234144321797,6.01286593034112
-0.900971906559865,0.703303924361788,5.25966898346361
-0.51775650777917,0.597734060202537,4.58435708373633
-0.205156244940411,0.544227417956491,3.98994098491332
0.0554514021405012,0.533485686423343,3.47360144646595
0.285750022771932,0.559358535907453,3.03058402778336
0.507052468732842,0.618846571949347,2.65611992099535
0.739092615400628,0.712210741336416,2.34744711848063
1.00001631215893,0.842362896262256,2.10435115067582
1.30667619518231,1.01503151100629,1.93141807140561
1.67301966631868,1.23754471056455,1.83853601167969
2.11050046346513,1.52069971677624,1.84765396057618
2.61875452569156,1.87504645079363,1.99283749238819
3.17493412885578,2.30963585787886,2.32669386883165
3.71198395367074,2.8275736318716,2.92520765153331
4.08575437416197,3.41631421498829,3.88266411479233
4.04540186312655,4.03397915770087,5.28841431259462
3.24309669704387,4.59285307390438,7.16963073087676
1.38585119516674,4.95475766099919,9.38581559286576
-1.46682118318719,4.95807801550287,11.5519404924687
-4.62110211073395,4.49836403557407,13.1061190356186
-6.98021531955259,3.61089210498321,13.6008791173489
-7.79601627569941,2.48088892386446,13.0097954203711
-7.16768060395841,1.34307967969279,11.7090736719553
-5.76872227718201,0.367043528536795,10.1829621945764
-4.26741286686523,-0.384869961342911,8.76993122486545
-3.03944453049023,-0.928733274571591,7.61518237491765
-2.19055660491891,-1.3167374846234,6.73571473883831
-1.68491442494215,-1.60388045043376,6.09895136031565
-1.43837909082646,-1.83565730669589,5.66458086830411
-1.36540365139727,-2.04446484263801,5.40200163921469
-1.39315477839995,-2.25071060910659,5.29374092423165
-1.46000673662815,-2.4647825777984,5.33253533841772
-1.51042815272167,-2.68832186668715,5.5165939421001
-1.49001947957306,-2.91479616930656,5.84504244583268
-1.34691444283934,-3.12962133398607,6.30790396542078
-1.03797016520003,-3.31097256047264,6.88014485765403
-0.544064921701119,-3.43197730612418,7.5131236414074
0.109850117384092,-3.46643316401289,8.13277709011322
0.846086644485386,-3.39495799638092,8.6478366458536
1.54272775664585,-3.21417353188373,8.97079576148032
2.07260074406124,-2.93996563127705,9.04379228991158
2.34934695901503,-2.60459938098422,8.85556930708045
2.35417449478714,-2.24825616612287,8.44023515906481
2.13350231819067,-1.90906218030481,7.86297661322578
1.76806581951168,-1.61473388728373,7.19662476549432
1.33675330179116,-1.38137102144955,6.50332617380229
0.898791905934244,-1.21372780629272,5.82898249838373
0.486091323330012,-1.11028687536608,5.20269630617561
0.10782555418774,-1.06605355538235,4.64077080796987
-0.241580039185057,-1.07638393176285,4.15247774863374
-0.575885214869059,-1.13785496252101,3.74344117198611
-0.911549976162817,-1.2493952171449,3.41937681962827
-1.26408432107597,-1.41260851337102,3.18940976030017
-1.64421932671007,-1.63052858819303,3.06722647937773
-2.05378658023529,-1.90769803626515,3.07583415038756
-2.47809587799407,-2.2478603967238,3.24952788063722
-2.87379899978642,-2.65042249392335,3.6347469085743
-3.15377543559339,-3.10506697192364,4.28621306724301
-3.17083419151449,-3.58432650947917,5.25720132768041
-2.73161293183531,-4.03454702442856,6.56147020149837
-1.65040206851481,-4.37245668106598,8.13222731271384
0.109381557653662,-4.4956907352237,9.76905488243064
2.2783678698813,-4.3186018670519,11.146416411204
4.28610754562616,-3.81968445626707,11.9256239340839
5.53650826109117,-3.0699999180315,11.9297590247009
5.77847248583394,-2.20822880037231,11.2409538920441
5.19916256588737,-1.37632099639257,10.1207679714963
4.2151526704708,-0.667164124189659,8.8552593163854
3.2002139796779,-0.111811890560345,7.6434045892367
2.36936201511656,0.303288581661589,6.58156327544764
1.79447723577141,0.612623142764208,5.69577996720075
1.46516581140453,0.854543257846047,4.97870618200571
1.340453108298,1.06291501916467,4.41427513828722
1.37581681941056,1.26510239534938,3.98906556462054
1.53309639073045,1.48213229467132,3.69665290545383
1.78212021659599,1.73005530601145,3.54161374641035
2.09310921188575,2.02050940583559,3.53929210754377
2.42734945879365,2.35988718183295,3.71602038544096
2.72446754228368,2.74767174156396,4.11005766341087
2.88905773884064,3.17148834458133,4.76255978229296
2.78147254968721,3.6016101617463,5.70624658931093
2.23906982234179,3.98503563182408,6.93062939197331
1.13629276906705,4.2455877390344,8.34611965668381
-0.493789411120258,4.29953570623123,9.75301934728742
-2.3702123994519,4.08490753945121,10.8686866230114
-4.00819780328247,3.59967881973304,11.4296443303448
-4.96403085187577,2.91571068792417,11.3242285128775
-5.08693129365731,2.15120932321327,10.6414233322048
-4.55567797229217,1.42115518468679,9.60105861499791
-3.7041570760575,0.79909459113262,8.43332793378732
-2.82715090384454,0.309570352426231,7.30046480339999
-2.09872067784237,-0.0577054058339032,6.28605205873544
-1.58084253603692,-0.331180625017955,5.41645413192737
-1.26947809842232,-0.542747856065752,4.68923233347054
-1.13451701870102,-0.721246450303426,4.09217344179156
-1.14259095214238,-0.890601462653086,3.61305576656177
-1.26649138986887,-1.07014506039659,3.24388798499153
-1.48767472462502,-1.27580406306919,2.98394468972075
-1.79269002416182,-1.52102196750419,2.84079017212248
-2.16812684910185,-1.81764506331807,2.83390088583371
-2.5899138708156,-2.17452061656619,2.99541115392419
-3.00951355316139,-2.59547658064627,3.37336521548314
-3.33504251175621,-3.07367734516196,4.02690946905434
-3.40927155943471,-3.58442698283085,5.01942475132382
-3.0161583495508,-4.07431478137368,6.37803032199423
-1.92849518676968,-4.45508799536663,8.04839193174711
-0.073373178421038,-4.61463218236101,9.82588637204146
2.28851098802163,-4.45126337842591,11.3560084106557
4.52329975047298,-3.93351049520993,12.2517356304401
5.93690868712115,-3.13466896866473,12.2999319904483
6.21881264560305,-2.20818938100856,11.5839881747902
5.57956509556142,-1.31373147938211,10.4013648098523
4.49489979233396,-0.554884198558508,9.07387389561049
3.38834633721942,0.0352425446713816,7.82097911940057
2.49505859756577,0.473674716653858,6.74292087143734
1.88773865964382,0.799142584295139,5.86258214002615
1.54788311752212,1.05401779753788,5.16759562576098
1.42472138930063,1.27481607077738,4.6381709473388
1.46490663885466,1.49000847253156,4.25923236287457
1.62311961413055,1.72066328391221,4.02595393039921
1.85912000929944,1.98136799101448,3.94335167057763
2.13179509296866,2.28078087719077,4.02786498027206
2.38796388838827,2.6207423321939,4.30589157043455
2.55138371398293,2.99332236710527,4.80783775291798
2.5162561144159,3.37703720042053,5.55817452135036
2.15403904554761,3.73246915334831,6.55572761181511
1.35666601459979,4.0020230587798,7.74205531641088
0.106605879850705,4.11722607710475,8.98001017989427
-1.43975824752509,4.01884639108347,10.055845508511
-2.94627587338082,3.68675805707011,10.74106344256
-4.02863264264985,3.15566961139141,10.8849113351596
-4.45660839675446,2.50998272785451,10.4886750782176
-4.25741923369768,1.84902561287638,9.68728801969263
-3.6483242884378,1.25189565668292,8.66977220356178
-2.88745300224939,0.760952517565016,7.60077559431847
-2.16858961661959,0.382656803556766,6.5861781404633
-1.59086495012267,0.102374982042144,5.6762103895427
-1.18224214493936,-0.103631367452481,4.88550842266967
-0.930163274590934,-0.260410650593821,4.20953454453419
-0.8093773409493,-0.389532333221922,3.63784025792737
-0.794896743949778,-0.50877676340623,3.15917844760061
-0.868159314887332,-0.632604397224189,2.76433998198677
-1.01897277691048,-0.773376741788537,2.44813825354161
-1.24367100713365,-0.942325739071374,2.20961781262405
-1.54374149145339,-1.15057693899194,2.05432788490284
-1.92251683250489,-1.40988621028106,1.99684036060589
-2.37847228713785,-1.73177492051065,2.06282042616009
-2.89642174733097,-2.12712996940301,2.29510290292174
-3.42881664790237,-2.60248504803354,2.75759109488027
-3.86964850904511,-3.1524044980968,3.5314252496646
-4.02077181915034,-3.75005713017509,4.70912824299944
-3.58247988500711,-4.33033292554509,6.34707944008158
-2.23202161685139,-4.77989561134846,8.3860836375476
0.15083908554959,-4.94824600502531,10.5594557483071
3.17369453808763,-4.70165363186112,12.3808920305309
5.8996913694677,-4.00993614732992,13.3368597496693
7.38701891207409,-2.99313967000687,13.2045440999597
7.36249954888553,-1.86849383846603,12.1928715966961
6.27796932395354,-0.835570021776835,10.7503974941668
4.82375167005901,-0.00159694139187614,9.28114890708939
3.49769992733657,0.619563962207128,8.00739056683615
2.51017218351156,1.06613228170643,6.99635775354922
1.88156980183903,1.39160913598023,6.23694660505252
1.54655373189406,1.64586293647677,5.69266634305009
1.42333940701486,1.86666488379534,5.33187367255524
1.43576032158762,2.08003736259203,5.13336651354785
1.51980041727423,2.30139172650137,5.08835856624772
1.61807205979507,2.53715511568979,5.19691244938724
1.67387804536829,2.785192901393,5.46219586734628
1.62773404602735,3.03472045568745,5.88491321536528
1.42031872649187,3.26592987798642,6.45351576014706
1.00480792202395,3.45064565341989,7.13378431864504
0.372080922646952,3.55668353179943,7.85986840313574
-0.428967139873405,3.55404334582834,8.53644354128214
-1.28097921844534,3.42525830516333,9.05301433379389
-2.02559134024041,3.1747694709242,9.31584929005013
-2.51967208466887,2.82967737245091,9.27639152152504
-2.69377134603076,2.43422588436628,8.94901362535428
-2.56659351353889,2.03597652347998,8.39556363657962
-2.22327910694321,1.67445056956278,7.70172474921835
-1.76846705940928,1.37379426589116,6.94894594008975
-1.28789313489916,1.14474737117349,6.19883626312118
-0.835021047042735,0.985944891686429,5.49091228992931
-0.431322877852255,0.89127923569199,4.84640894435344
-0.0768664415035334,0.853785666269561,4.27583442728755
0.242008390034192,0.866400366743216,3.78173528385368
0.543830614259695,0.925566828292809,3.36582880318408
0.848681801363437,1.02990590634299,3.02922081117866
1.17536907204335,1.18159221298585,2.77714725434896
1.539412178529,1.38507379264184,2.6197714594287
1.94951108418801,1.64600428571907,2.57407425644543
2.40406811108107,1.97249831404684,2.67231400166736
2.87805348934832,2.36895320363874,2.95760418907886
3.30742155958362,2.83463687524714,3.49252137145312
3.56744723034364,3.35393809352782,4.34621124384195
3.45570300375505,3.88743334183143,5.57891254887619
2.71353163705333,4.36000966941798,7.19219890088405
1.14387776730633,4.66027386621176,9.05615450688057
-1.17729730966746,4.66509537938931,10.8628376772261
-3.73644063615556,4.29441918043816,12.1825738304536
-5.73403426079644,3.57156676842666,12.6644679640253
-6.58011048987762,2.63117805884601,12.2492574485487
-6.26301606188422,1.65467044777912,11.1829786710768
-5.23334807993834,0.78613977311549,9.83253041058366
-4.01365523139866,0.0921763419204574,8.49142287858516
-2.95050408393189,-0.427222682463859,7.31591850876706
-2.18117596440427,-0.808722477061135,6.35313259111337
-1.71294463224969,-1.09757255138433,5.59751706212142
-1.49517468377208,-1.33569074201718,5.02601027992373
-1.46625590062801,-1.55602872755991,4.61860644896763
-1.57006800628705,-1.78263700404568,4.3645332227845
-1.75822817215283,-2.0317355297979,4.26425923107947
-1.98397001811103,-2.31253247838392,4.32893230379057
-2.19288264520241,-2.62670050141559,4.57768337570307
-2.31332798213333,-2.96668125139574,5.03386588324897
-2.25342369076879,-3.31244841089667,5.71205280529869
-1.90810901691519,-3.62912381342809,6.60423165945899
-1.19204053833718,-3.86670876966602,7.65515539954208
-0.100934625640332,-3.96810562287325,8.74395029696696
1.23375944450704,-3.88477529234341,9.69175897098017
2.5412259663227,-3.59890867828946,10.3068430923756
3.51103026407498,-3.13873472071062,10.4609650263238
3.94259375455891,-2.57195979763606,10.1417303740721
3.83363279521216,-1.98217982585345,9.44878900430552
3.34538011638108,-1.43973456126915,8.53703390802838
2.68679396860855,-0.986110145253167,7.54966792570194
2.02846226137224,-0.632786450098845,6.58705082925773
1.4678958302288,-0.371947471288699,5.70335440535805
1.03937594072626,-0.185395361579109,4.91883395584454
0.739294503887734,-0.0532892088231148,4.23491266865978
0.547904203411387,0.0421168349134232,3.64464858130054
0.441600847229785,0.115465304844733,3.1375327887586
0.400625147874757,0.177977209428153,2.70321198751195
0.411006773816594,0.238331956473295,2.33246202961487
0.464605217655429,0.303550902894621,2.01752841564685
0.558703174021535,0.379891748827349,1.75264422424285
0.69478644614945,0.473447624830036,1.53372078569932
0.878289583302537,0.590846476027994,1.3593289186009
1.11843571105635,0.740081581027833,1.23174905593046
1.42606002668237,0.930105179957852,1.15726544414023
1.81398068672768,1.1721890468378,1.15004105718029
2.29253510444603,1.47929642209454,1.23505383179977
2.86221360288136,1.86546585347834,1.45398109095729
3.49736544272365,2.34234887040548,1.86993944973664
4.11989772365979,2.91494573005863,2.57525450903164
4.55317645539193,3.57010837601354,3.68985950301327
4.47975204463487,4.25717544624446,5.32718605675793
3.46101625594123,4.86802624431039,7.51723280063392
1.13865292891899,5.23074654613652,10.0728996328119
-2.33154162771568,5.15154336945746,12.488044404753
-5.95248254457528,4.52221250320162,14.0639724146695
-8.33588854615693,3.4268163259671,14.3376082630484
-8.7647495377207,2.11879024533865,13.422815509997
-7.62852780522605,0.874141581187116,11.869270100013
-5.84594440744224,-0.139901257599422,10.2420744072646
-4.14104994601957,-0.885662242939393,8.86219102979423
-2.83086463005937,-1.40364575762869,7.81960577310852
-1.95171645007236,-1.75770293289132,7.08604765050017
-1.41921907152046,-2.00711892383319,6.59800094645481
-1.12647374916705,-2.19586336711343,6.29777735050075
-0.980637393243994,-2.35270427260654,6.14359606715481
-0.910223855596326,-2.4940976602725,6.1077296415026
-0.862308177645228,-2.62715523623889,6.17226884542042
-0.797580823019439,-2.75218953957313,6.32224794500142
-0.687694794061544,-2.86434887699754,6.54280506550639
-0.515830828918485,-2.95553190336934,6.81397104415477
-0.277769082640808,-3.01598500400798,7.11000350650738
0.0158998463578799,-3.03621244258289,7.39876961282112
0.338611527505888,-3.00976129556133,7.64447952197949
0.65200994780738,-2.93491578615793,7.8128212690525
0.914349135056379,-2.81651100021867,7.87835200608158
1.08981263535275,-2.66477777768981,7.82758038786653
1.15836352803651,-2.49460071539004,7.66346443273704
1.11830627214231,-2.32236971382551,7.40239749408695
0.98313577849537,-2.16360599862845,7.06964647077543
0.776196252951994,-2.03079151210681,6.69492593890314
0.521875593140875,-1.93271937775397,6.30674606964519
0.240681068965923,-1.87551314863833,5.93087796258797
-0.0519835469781967,-1.86103106112766,5.58841121774386
-0.34686793808261,-1.89113756524092,5.29845459288736
-0.637936357993794,-1.9651586659227,5.07669545390988
-0.919580347705447,-2.08227838523514,4.93896112659409
-1.18301401120628,-2.24044376480256,4.90122327969755
-1.4125503197367,-2.43582474802826,4.98015896585376
-1.58179471809997,-2.66160449071624,5.19270084262556
-1.65209159189499,-2.90591766131681,5.55155525423137
-1.57467327233235,-3.15039911766583,6.05956417007221
-1.29667621659369,-3.36862994807494,6.70251482962254
-0.787669005953471,-3.52808983819921,7.43427126821668
-0.0608397041492046,-3.59429288251617,8.17590952013962
0.802051607704655,-3.53954703325026,8.82000676913492
1.65436754961597,-3.35387279626315,9.25498256131605
2.32910139903226,-3.05171936116875,9.40030075168449
2.70241616419609,-2.66974865739083,9.2322303882697
2.74136687932336,-2.25704714832693,8.78969708423102
2.50215492683672,-1.86050639142834,8.1525268318695
2.08799615741056,-1.51425946288261,7.40996178011966
1.60252159421567,-1.23708452430232,6.63799110632997
1.12166773159058,-1.03278087013634,5.88980792771594
0.685580515711864,-0.897968510912072,5.19705710735014
0.304688679553817,-0.824186611550117,4.57441958762948
-0.0281370332681355,-0.803968464438889,4.02810672673099
-0.329944020028966,-0.831066972984674,3.55883245540464
-0.620850255937948,-0.902408050435837,3.16671533820018
-0.921206236024412,-1.01807162647215,2.85353095324505
-1.24940065148519,-1.18064990183372,2.62401648132254
-1.62025688055878,-1.39550342184542,2.48943145286029
-2.04192759976472,-1.6696332862688,2.46968498643034
-2.51019111047719,-2.01098426720062,2.59834562245123
-2.99580181931883,-2.42441170492077,2.92324324658632
-3.42685592479857,-2.90784324241541,3.50951749287748
-3.66280784362142,-3.44378651734421,4.43363750035029
-3.48369060382214,-3.98723841819037,5.75246369197045
-2.61632691277105,-4.4554930375403,7.45698160240213
-0.874068736882555,-4.72859239130793,9.39061258660362
1.60695371313064,-4.68013720244708,11.2072419288276
4.22209064307585,-4.23877827657628,12.4536518027132
6.12590277312499,-3.44824050519146,12.7992271047189
6.78214850507409,-2.46275033484782,12.2410955099629
6.28043188171075,-1.47047462132484,11.0745900656599
5.13952666369498,-0.608848779349611,9.68294331404559
3.88633464551799,0.0677316984937792,8.34681152421849
2.83912726662628,0.568787921744198,7.20228734794044
2.10599248556235,0.936161304084399,6.28132636478083
1.67574046920742,1.21667787293187,5.57052432850439
1.48978719615486,1.45167003201698,5.04482812705845
1.48206741325432,1.67293188988141,4.68362579963752
1.59485852033421,1.90272510253809,4.4774124552298
1.77769681109695,2.15538726421002,4.42859308896432
1.97974063625998,2.43757851355928,4.5480340159663
2.14178062567628,2.7479394213997,4.85373734185051
2.18845316471081,3.07502311823495,5.36325822896308
2.02908398512401,3.39482732255142,6.08126362051899
1.57344753209128,3.66962519030023,6.98255246639797
0.767201405709627,3.84969415103306,7.99314747523122
-0.348374983578689,3.88432178810132,8.97925298911694
-1.60402399685683,3.73794910980356,9.76751352788548
-2.73157819204231,3.40909596786848,10.1975400509267
-3.47391894794681,2.93716825101217,10.185088362295
-3.70846503134851,2.39156914484316,9.75581554478868
-3.48364627447952,1.84684021256857,9.0192552735261
-2.9660519655711,1.36015187543924,8.1175383477416
-2.33738456058921,0.961603802022019,7.17146509871312
-1.73282003127146,0.656749796649645,6.26135053309566
-1.22438043821174,0.436349881155957,5.42944573417253
-0.832092931421869,0.283373401994284,4.69007814060491
-0.547685784874146,0.18092975063983,4.04332855261465
-0.351078895950027,0.114468610075484,3.48272751062807
-0.219304571447281,0.072321409325772,2.99831263776207
-0.133217435023552,0.0463281254125883,2.58078475605379
-0.0777607760174827,0.0307977181080262,2.2211823030179
-0.0421271897910016,0.0219962698186482,1.91163318036581
-0.0188206219376548,0.0175369112607016,1.64514136036569
-0.00285497007328186,0.0159816267982265,1.41587098729637
0.00914006925508911,0.0164884468013444,1.21852310192822
0.0194167105242219,0.0186366521192638,1.04858174155284
0.029579835359586,0.022314643707355,0.902533575571451
0.040876675922178,0.0275755671539852,0.776713180014729
0.0544743617856011,0.034716938435656,0.668695507773674
0.0714730267393079,0.0441262147889161,0.57570526204523
0.0932210284420739,0.0564390496571844,0.495849410479626
0.121214080399007,0.0724228063869563,0.427236778488539
0.157523778048928,0.0932083900717851,0.368598481230929
0.204830566593201,0.12028850280591,0.318834120323978
0.266294366659834,0.155441232478309,0.277025757000721
0.346201996103035,0.201098370567803,0.242803465166565
0.450445547531327,0.260623997569951,0.216422662215112
0.58574071039825,0.337890211589202,0.198718595166451
0.76176479398114,0.438551568889659,0.192090938566236
0.989518789684573,0.569222676172733,0.200728682002162
1.28325626464352,0.738850807668618,0.232423859458489
1.65916590799495,0.95853625488024,0.300511641239074
2.1337156842459,1.24183734914269,0.427477765218681
2.7192803547139,1.60508207488692,0.651299955139534
3.40955908865977,2.06382235440016,1.03041465025582
4.15833974560541,2.63195706707294,1.65811528830737
4.83097363550523,3.30905484188363,2.6624348131202
5.14149692309723,4.06476884893337,4.19802051734461
4.60475137081668,4.81066122086389,6.38533710399878
2.65909103488323,5.37680233110128,9.16070475821281
-0.902823593351174,5.52677563019583,12.0989088754012
-5.29336411036004,5.06242295749799,14.3965814426197
-8.79673715905482,3.98201461734937,15.2925390414063
-10.0414605370849,2.53633288980287,14.6636184919664
-9.09979126857802,1.07775693102739,13.0846049915361
-7.0539367276414,-0.141398355738855,11.3033829407455
-4.92649352635804,-1.03723494049375,9.79217905122612
-3.21286099266806,-1.64207813675388,8.69225776950407
-2.00095504786186,-2.02759462441775,7.96177498333863
-1.20186470261737,-2.26377008174046,7.50182136356891
-0.695198691285759,-2.40324147691636,7.22055458832731
-0.380621244688166,-2.48204787323855,7.04923156725201
-0.187912835219641,-2.52356684185047,6.94175975604551
-0.0728536514083367,-2.54236926757231,6.86964152779102
-0.00766919818098747,-2.547905075941,6.81563543991447
0.0244903182374031,-2.54630364184912,6.77019038173052
0.0340235268627345,-2.54167585689925,6.72864334256417
0.0277695106168839,-2.53687533572541,6.68940966079763
0.0106688895140288,-2.53388355883237,6.65281029844428
-0.0133537838357081,-2.5340154677795,6.62025866722693
-0.0408897046132575,-2.53804973731383,6.59370592557781
-0.068770041299515,-2.54630074484974,6.57526783569868
-0.0939959802941728,-2.55857635505592,6.56675536195127
-0.113768179698555,-2.57427692645055,6.56954881016165
-0.125746662624223,-2.59236708211855,6.58409575615901
-0.127903124823362,-2.61154404198361,6.61022368965655
-0.119121257676681,-2.63024431091463,6.646490368331
-0.0986556358746201,-2.64670776381912,6.69081460138957
-0.0674506599538632,-2.65930059938333,6.73969313946517
-0.0272890379909983,-2.66657493689734,6.78916311491419
0.0190977690676734,-2.66721263163396,6.83463166582804
0.0676762871489114,-2.66070029324874,6.8715590164285
0.113976362738607,-2.64701603251442,6.89578298970208
0.153348940159812,-2.62683978902505,6.90401796969927
0.18152707434551,-2.60153511723586,6.89428511983966
0.19519080770041,-2.57305493489422,6.86624706260102
0.192278505539193,-2.5437525413075,6.82120651106321
0.172261361165052,-2.51618905196834,6.76212037081407
0.136291197392676,-2.49281713311342,6.69337673821246
0.0864485850862214,-2.47595714892539,6.62012874029975
0.0262321102892967,-2.46739526052193,6.54830235695398
-0.0402086010349244,-2.46838817223012,6.48390285711906
-0.108156231241222,-2.47953190767293,6.43273388353814
-0.172537866632237,-2.50066955336503,6.39997351171461
-0.228099313272287,-2.53087710156598,6.38984549958713
-0.269616417367553,-2.56842982621583,6.40520396197934
-0.291944016431177,-2.61086565729794,6.44745293601469
-0.290895108602759,-2.65493704872773,6.51552695845926
-0.263501188970168,-2.69689869944627,6.60613389478269
-0.208794041252883,-2.7327295724684,6.71348987970501
-0.128210537324448,-2.75833211177683,6.82946180452604
-0.0267136430473763,-2.7701315880838,6.94368129951215
0.0873645398800545,-2.76567678104236,7.04479493302351
0.203198698598913,-2.7438130274586,7.121533097258
0.30848450003782,-2.7051890451135,7.16420590171546
0.391337940459019,-2.65230968426165,7.16615062693418
0.442147609615829,-2.58930243605902,7.12468944161363
0.454758630455175,-2.52146680554225,7.04131175920654
0.427470205302733,-2.45475626929352,6.9218638722266
0.362837756937208,-2.39498137649466,6.77559637745942
0.266221264253003,-2.34736189164611,6.61368056712145
0.144861876590056,-2.31623733899831,6.44844151387789
0.00705650925516653,-2.30473546269528,6.29250409157256
-0.138618943747186,-2.31447671669574,6.15771215217753
-0.283669912997216,-2.34632667466292,6.05558643652842
-0.419350125238825,-2.39922236777846,5.99548776110507
-0.536085322292012,-2.47127103707305,5.98615296354707
-0.623351957535122,-2.55877435530288,6.03363041490433
-0.66982159808721,-2.6564268743739,6.14085336807092
-0.663296741044613,-2.75724599090898,6.30738264093178
-0.59334596071557,-2.85240538135458,6.52666827433801
-0.454464257840587,-2.93201362433313,6.78514981680997
-0.247863585284945,-2.9854902924327,7.06241290443233
0.0129763378070509,-3.00374711548351,7.33102320821514
0.303127913515405,-2.98013082258136,7.55972083632328
0.587707097481265,-2.91296552623778,7.71855285478325
0.828994020756466,-2.80591485689954,7.78406476778314
0.994273406714512,-2.66792087166663,7.74363401292159
1.06402063472072,-2.51213571930269,7.59876159268073
1.0343587383692,-2.35341407725706,7.36293718885942
0.91656838850415,-2.20591452123637,7.05919068000795
0.729160552007051,-2.08167852028399,6.71356700021921
0.494145410085822,-1.98942313374504,6.35302801402805
0.230923477621901,-1.93456753700983,6.00175385966404
-0.0460127158175191,-1.92076935615702,5.68126828392994
-0.3264130543248,-1.94859474245317,5.4091642298723
-0.603218067818702,-2.01839181395517,5.2020246020907
-0.869528480792244,-2.12918505954569,5.07545847461448
-1.11554204381937,-2.27864753001426,5.04482300588609
-1.32536653162064,-2.46249625523789,5.12521660803073
-1.47391741149606,-2.67360508666318,5.33116913264199
-1.5257086788051,-2.90026326831915,5.67293195143575
-1.43695917436855,-3.12472981536046,6.1511098383372
-1.16505642382421,-3.3225730205653,6.74818131285885
-0.686415285305359,-3.46419908082353,7.42036679745253
-0.0186249707243735,-3.51934873769885,8.0946504963191
0.762774150875486,-3.46402596180025,8.67463279749482
1.52863989666872,-3.29093334409658,9.06312392745196
2.13477303007038,-3.01310992230863,9.1893094381168
2.47481812511029,-2.66334372949004,9.0326701221973
2.51764497946464,-2.28495103908903,8.62537514420252
2.30846341603655,-1.91995556378277,8.03651141094326
1.93380322294445,-1.60008899767718,7.34482457298358
1.48438806862224,-1.34306728665148,6.6199204167103
1.02779218083548,-1.15457934671982,5.91198396741636
0.60181653828604,-1.0328649633696,5.25271578698288
0.218087502352412,-0.971785349822284,4.65888467192939
-0.128631876072925,-0.965423012803251,4.13890972932889
-0.452963392476664,-1.00915469648494,3.6966626874886
-0.773030441827433,-1.1011794759999,3.33583766136066
-1.10698363692362,-1.24221787229253,3.06191697641586
-1.46973111075057,-1.4352100407502,2.88453861700016
-1.87010964484625,-1.6852262666975,2.82126209253515
-2.30567241429525,-1.99849330637919,2.90157048363326
-2.75210095611661,-2.37817969559843,3.16542311291672
