-0.036921329658955,-0,-0
-0.0406618163262596,-0.0118809656508999,0.028623731285255
-0.0446118686003973,-0.0258788020507814,0.0337152662646297
-0.0448226482768316,-0.041435451031454,0.0346162837218774
-0.0404107743803566,-0.0573188623096123,0.0347907459469396
-0.0313937132014181,-0.0721082091610871,0.034858732519708
-0.0182758482474478,-0.0843515932475026,0.0349293611297706
-0.002068050777465,-0.0928157870289444,0.0350180469774176
0.0159491564499026,-0.096499869398454,0.0351220686477543
0.0342294047780997,-0.0946908583879765,0.035233729944814
0.0510860803253133,-0.0872939018625074,0.0353431616200543
0.0648972467855346,-0.0746677207921349,0.0354401691055544
0.0742357014528402,-0.0576615437724296,0.0355149571604421
0.0779176572474733,-0.0375369883322682,0.0355586668337989
0.0752517454073229,-0.0159831529674863,0.0355650152826501
0.0661662258492081,0.00508839830831019,0.0355314671882623
0.0511231670790708,0.0237419324481661,0.0354589597758771
0.0310797141784965,0.0380710839145737,0.0353517336722981
0.00761158370902305,0.0464919294525395,0.0352182617838561
-0.0173103414746447,0.0479929051944416,0.0350699092791386
-0.0414735747215154,0.0417871837472783,0.0349194671955897
-0.0626296136486098,0.028193165415678,0.0347806446239158
-0.0786492236689732,0.00795855094013702,0.0346664858261538
-0.0877065929657467,-0.0174876226901772,0.0345886182841434
-0.0886184440350381,-0.046069353592879,0.0345554435964482
-0.0807056798738036,-0.0753617259841437,0.0345729479390244
-0.0643502908623964,-0.102743477054668,0.0346414989218089
-0.0402999750542404,-0.125459277852252,0.0347599147222984
-0.0105285555863432,-0.141291014000062,0.0349196182435206
0.022675541369666,-0.148251909309595,0.0351100367399178
0.0564170896975925,-0.145195549388058,0.0353158693125339
0.0876550895862958,-0.13187101177159,0.0355194417334397
0.113288300456361,-0.108757426184003,0.0357011683463241
0.130715991099329,-0.0775317669071208,0.0358424761481702
0.137820006318835,-0.0405154784250065,0.0359267115926114
0.133163568987734,-0.000765530392173244,0.0359406830031194
0.116758052020547,0.0382036373112075,0.0358802934452742
0.0891919093154951,0.0727553407726188,0.035745777212804
0.0523749317160358,0.0993983762268421,0.0355465887854185
0.00919897418284351,0.115246781407618,0.0352992854496678
-0.0367539980542076,0.118207550901924,0.035025208947405
-0.0814500413459372,0.107267321086034,0.0347486044758692
-0.120699474036927,0.0825312437595834,0.0344944435916873
-0.150529940748614,0.0454339259005575,0.0342863014219449
-0.1676343609361,-0.00132235279841244,0.0341441174337163
-0.169605627010639,-0.054013550178728,0.0340833954497748
-0.155419716005154,-0.108092692988248,0.0341131174785381
-0.125473068428908,-0.15868931206093,0.0342357211415538
-0.0815272930651319,-0.200949429356475,0.0344472796000509
-0.0267780830796208,-0.230480517294213,0.0347363331278388
0.034387006420813,-0.243780089951203,0.0350839628308846
0.0967027922517572,-0.238620994596881,0.0354639940122721
0.154505277540945,-0.214444798753612,0.0358441642634076
0.202225388082638,-0.17231899894491,0.0361884232455761
0.234698184989915,-0.11491572529105,0.0364589198708681
0.248163710482728,-0.0467796998675446,0.036622861172247
0.240241510646653,0.0264878468065374,0.0366552595469312
0.210370614353454,0.0984652567227016,0.0365437968519821
0.160014072080342,0.162480448876041,0.0362919635504006
0.0925186175567732,0.212138742786807,0.0359186081558364
0.0130413505625737,0.241865380450996,0.0354565017728574
-0.0717075740668249,0.24797019400745,0.0349489860874264
-0.154338227444934,0.228442343852386,0.034442021698613
-0.226955976384101,0.183193870945447,0.0339819017657167
-0.282564213267807,0.115360115571562,0.0336077393945078
-0.3145741497855,0.0293889417795153,0.03335485909809
-0.319080037786573,-0.0675821380928339,0.0332451236269797
-0.293766722226639,-0.16741499332484,0.0332947269448958
-0.239120249109396,-0.261026534943774,0.0335093128132486
-0.158620952716774,-0.33949801557318,0.0338826455869844
-0.057980082711115,-0.394645860443553,0.0343991943524467
0.0547238456455057,-0.419839260285168,0.0350301246245736
0.169794507202975,-0.411342085199049,0.0357317180773051
0.276700960710064,-0.367389517597003,0.0364476892268767
0.365241212433257,-0.290383559009055,0.037109473752628
0.426148768728283,-0.185244943813785,0.0376428154387804
0.45178144722721,-0.0598361341821772,0.0379739953419663
0.438243820186706,0.075248244512607,0.0380507342076504
0.384092263020792,0.208288151479144,0.0378427781784712
0.291874332341666,0.32681076642427,0.0373576480146614
0.167954786497181,0.419084752430924,0.0366408231341675
0.0218049375951781,0.475019095401962,0.0357654312019009
-0.134447396881771,0.4873458310872,0.0348207537152634
-0.287063274307127,0.452293770762748,0.0338973871016824
-0.42173462005442,0.370151999166437,0.0330766519475535
-0.524983356778506,0.245726797202834,0.0324237585485211
-0.585432558339063,0.0879585586914867,0.0319871384100088
-0.594932056718841,-0.0906326809668202,0.0318002768615232
-0.549589186116525,-0.274858154208552,0.0318834884323957
-0.45017195478662,-0.448081000639842,0.0322467967628294
-0.302642041465389,-0.593679430517067,0.0328880670342212
-0.117727024905105,-0.6966611868202,0.0337911564548961
0.0898701409678544,-0.744922235047816,0.0349216531362055
0.302347521727867,-0.730517313528942,0.0362189278279346
0.500244461109758,-0.651028620531998,0.0375888343466748
0.664511691655326,-0.510163975672168,0.0389022232885911
0.778175356675213,-0.317264751096528,0.0400021844911748
0.827467935316887,-0.0867354393325669,0.0407207815144463
0.803898532508015,0.162335593574339,0.0409154679588846
0.705591020601671,0.408026244538517,0.0405131703652832
0.537301753878726,0.627688894161953,0.0395360358088022
0.309810325545854,0.799159512269064,0.0380980605971271
0.041037469259376,0.904244103450029,0.0363884039245086
-0.247004261043612,0.928827835580186,0.0346101745573292
-0.528914590655941,0.866293318954585,0.0329437485002213
-0.778518569473188,0.716993454648173,0.031521923518906
-0.97064263999632,0.489145329492476,0.0304334833846087
-1.08413248361057,0.199253745343677,0.0297279644572012
-1.10426387621974,-0.129545745665569,0.0294331443988327
-1.02298584807408,-0.469522851228729,0.0295709173618092
-0.841896061865578,-0.789914388961279,0.0301571979649819
-0.571706339182571,-1.06008100072677,0.0312069981399958
-0.231872778627884,-1.25208877851859,0.0327295789234168
0.150459174346825,-1.3436659289925,0.0347154374390003
0.542600045834668,-1.31987854017555,0.037116753098532
0.908798254243448,-1.17632010992747,0.0398130705461514
1.21373943485339,-0.919128086720912,0.0425799278619788
1.4255421960637,-0.565143576770502,0.0450701071458779
1.51907312308258,-0.141267236511783,0.0468382228636874
1.47895372145024,0.317541015293447,0.0474478869297603
1.30064495718648,0.771126943136507,0.0466295922907465
0.992641889868451,1.17734751092926,0.0444422297492076
0.575814952739495,1.49622301745491,0.041281153523606
0.0817017405323862,1.69288720424706,0.0377177481057079
-0.448761456543874,1.74182399191054,0.034282329495323
-0.969119934031384,1.63052557705511,0.0313183585514126
-1.43076449723338,1.3585014914147,0.0289839447624753
-1.78771914696518,0.941659686706955,0.0273101865641966
-2.00128447281633,0.409917957646923,0.0262793319518192
-2.04226148128908,-0.195167915690767,0.0258740113375516
-1.89734202553724,-0.822001181067387,0.0260902647366548
-1.56792099749463,-1.41422151889322,0.0269610083867756
-1.07365251355867,-1.91546554478203,0.0285509002491718
-0.449237560586824,-2.27299716087923,0.030970141794802
0.254579889065487,-2.44646986507231,0.034344525475017
0.977957387180478,-2.40763144498313,0.0388085089888653
1.65521703814296,-2.14855150108495,0.0444026920691476
2.22058845165391,-1.67894765239928,0.0509397475935821
2.61465068412334,-1.02990608351787,0.0577490277697468
2.79163540634706,-0.251380331167848,0.0634948443677025
2.72130736623683,0.59290333559834,0.0663083930874653
2.39678774165729,1.42860099794036,0.0646520666420543
1.8335910592378,2.17838034936491,0.0585129811479503
1.06980157407033,2.76834704723831,0.0497750684901934
0.163640194435043,3.13499370161897,0.0410056378602994
-0.810592724501566,3.23082185973734,0.0338605454320326
-1.76775679181295,3.03169635279913,0.0286878644215307
-2.61921115903573,2.53788994363973,0.0251733485859049
-3.28051182082441,1.77719381878866,0.0229145916283237
-3.67898213428547,0.803202360064858,0.0216295473698544
-3.76187327519828,-0.307129649238944,0.0211649716684731
-3.50282558593445,-1.45970392428711,0.0214758197904667
-2.9050272081116,-2.55131878791093,0.0226192349332539
-2.00103983934788,-3.47656758621487,0.0247787072002622
-0.857829271142109,-4.1416010856421,0.0282865253358804
0.434938514378226,-4.46726014705708,0.0337463654355685
1.76587154145972,-4.40467802608084,0.0421301214878986
3.01432251887384,-3.93674632972226,0.0549593000033042
4.05735505645314,-3.08021571148126,0.0743654668999955
4.78521466896541,-1.89418855775498,0.102143611530307
5.10979604744899,-0.469722007620061,0.136866993152207
4.97350904909161,1.07411870880405,0.16825664400881
4.36736677707756,2.59898693057685,0.176115145140782
3.327271140013,3.96277645084758,0.147103043093548
1.93096064257777,5.03170379729535,0.0969835318768763
0.286655257756707,5.69360725269968,0.0559353090450168
-1.47516567317299,5.86618206275019,0.0343514451573513
-3.20491473539383,5.50523180169733,0.0248206090252557
-4.74324639108258,4.61098306907,0.020211101214868
-5.93795066372321,3.23460244162403,0.0177061212849006
-6.65779805086336,1.47296493474214,0.0164073643202492
-6.80825064460189,-0.534906441225573,0.0159927767655242
-6.33862354650491,-2.61938537488913,0.0163873585699781
-5.25525662127137,-4.59252567793545,0.0176946026954988
-3.62128145788272,-6.26644136038407,0.0202487463511442
-1.55192196720549,-7.46707557401298,0.0248182547589167
0.78702761452698,-8.05528947633894,0.0331235401874704
3.19497980538194,-7.94037244103987,0.0493699261713954
5.45125514906326,-7.09164277208548,0.0850896188231919
7.32761516998926,-5.54301365168322,0.17647136480202
8.59820392389379,-3.4050382461533,0.444347843046681
9.01224451188548,-0.865348162669366,1.25953353056198
8.22959096163409,1.78641892180876,3.23110328654106
6.01337978170014,4.13880964958957,5.18972413139062
3.07302586802546,5.80675821372562,3.71814362163618
0.474062153239916,6.70602486959292,1.1621780497634
-1.75776642538521,6.92028774512257,0.197585057582321
-3.81367637835462,6.48507551060376,0.0361139798562564
-5.62387642438669,5.42034125279923,0.0191890692204551
-7.02469031671492,3.78792633482436,0.0161927779108943
-7.86346415330031,1.7036434951714,0.0149365316860622
-8.02744354115745,-0.668371791398255,0.014564623922414
-7.46160794598434,-3.12661948566571,0.0149838104393472
-6.17263073847588,-5.45022365009321,0.0163159622020208
-4.2340912369714,-7.41604131878842,0.0189523708895978
-1.7862212738941,-8.82168688887477,0.0238117574010944
0.976580979060745,-9.5020863105203,0.0331552769117932
3.81644245682116,-9.35125169509194,0.0532499206228568
6.47104962281839,-8.33411427019771,0.10490980134881
8.6661449987485,-6.49601871146275,0.272574210558242
10.0928215547118,-3.97293482569144,0.958027028536164
10.2155990468862,-1.03100431771695,3.94347847896072
7.81478905044047,1.78287963653173,11.675399746512
3.12356106203571,3.60235365370245,11.0409191852473
-0.0826171895777478,4.24169731185707,3.00290937922629
-1.77242629794307,4.20020367361704,0.427614577602193
-3.02487125882653,3.71329682981592,0.0592052832466726
-4.02902273647013,2.84607718694196,0.0235204752881908
-4.71898957101468,1.66035017857378,0.0196987428644664
-5.01492810279427,0.246097215387853,0.0187912233290987
-4.86613439505913,-1.27987827899671,0.0187981462863666
-4.25945097384827,-2.78389886273818,0.0196447845365293
-3.222327427176,-4.12606434257613,0.0214980259734522
-1.82408469469565,-5.17267950058012,0.0247452720425276
-0.171901287396976,-5.80940119500306,0.0301526557949872
1.59694728486352,-5.95257835997831,0.03922778885686
3.32488712902498,-5.55840174373519,0.0550303713576357
4.84771874666891,-4.63297321491806,0.0837758517637621
6.00710521579534,-3.23071502623297,0.137754274171428
6.66304576802427,-1.45615522900433,0.236939180427355
6.71103528288937,0.53987214743538,0.394456243533358
6.09771258329065,2.57356339791192,0.561992039426105
4.85831140644098,4.44469969558094,0.589837543939642
3.13077484432836,5.96908143094133,0.402394375023066
1.08519071364131,7.00074643756125,0.172808773160691
-1.12972095338563,7.43350023795891,0.0582929467585985
-3.3558440494937,7.20077865345382,0.0270786142456172
-5.40450029075109,6.28676397959119,0.0193308648990802
-7.07936133106001,4.73431952632546,0.0162185308040764
-8.20450289043711,2.64808819927626,0.0146379388110789
-8.6402851677426,0.18641398362691,0.0140018490255226
-8.30741879694991,-2.4455860887926,0.0141492914147068
-7.18674546970513,-5.0163673470816,0.0151376963919523
-5.33389084000978,-7.28483183992369,0.0172592259483829
-2.87498633908641,-9.02325577001177,0.0212440923149398
-0.000164117537590484,-10.0394691635056,0.028879990749122
3.04984189534778,-10.1938068223293,0.0451551917926839
6.0000608230962,-9.42306016313885,0.0866683047431399
8.5576240152077,-7.74401339027755,0.223796992663015
10.3947648335897,-5.2699829159244,0.829863025706515
10.9322567272698,-2.24966026402386,4.00068658714369
8.49124840476157,0.731040243653154,14.9702083332503
2.75431029023966,2.53900082611695,14.8700117143054
-0.634191882326195,2.94131648640973,3.4178782152763
-1.9359086469367,2.7037491359884,0.434216008758247
-2.72523896759285,2.14400936451148,0.0608880279864964
-3.26520741136762,1.34404813908635,0.0254656320926368
-3.53254520272788,0.368022263547925,0.0220348474551395
-3.49004903132526,-0.704305489790492,0.0216988297048475
-3.12179844327954,-1.77990231529029,0.0222908725262737
-2.44376602680789,-2.76020691667539,0.0237571427127654
-1.49785321835478,-3.5483391198513,0.0263075678174699
-0.355997924028202,-4.06057003462835,0.0303195710244653
0.888397173495307,-4.23296128346455,0.0364218806487018
2.12646280005882,-4.02927702160223,0.0455896560264635
3.24189186740589,-3.44420196779191,0.0592203540428196
4.12425083444984,-2.51208803102274,0.0787467342853563
4.67410318218264,-1.29682644073339,0.104424115122636
4.82172496926528,0.103003981451851,0.13200909166937
4.52771291073762,1.56817966044778,0.149687828638788
3.79891650307609,2.9657215058226,0.142821740536441
2.68337811162527,4.16315491361182,0.110337412700798
1.26507500198962,5.04082654442045,0.0712870665589559
-0.346124229742258,5.50092782004414,0.0439732991387157
-2.01810913794982,5.47819481144829,0.0299739805896451
-3.60370938802665,4.94528367359243,0.0232089515655436
-4.95306180394022,3.92129866785076,0.0196054041264937
-5.92795202078031,2.47049691345067,0.0176074470223037
-6.41571382735009,0.700353317477284,0.0166508110552841
-6.34114242821029,-1.24564220260727,0.0165317754014564
-5.67635469057007,-3.19856745060031,0.0172404766269256
-4.44706664865008,-4.97872571457525,0.0189487707637587
-2.73273893504817,-6.41244850815809,0.0220915459932662
-0.659994640403376,-7.34395567831832,0.0276360404902303
1.59958776005504,-7.65919826289199,0.0377109958483932
3.84803253369728,-7.29133144162955,0.0575242260238061
5.87217744811659,-6.23233971187393,0.101248528801108
7.46076529628348,-4.54366256215007,0.210341345354697
8.40620225161997,-2.35171805688727,0.507889187546025
8.49092784849834,0.142587968925981,1.28247741638725
7.47851083823701,2.6550222738989,2.70918489112108
5.36193097779267,4.83295031397667,3.50404702202543
2.76287287050428,6.39510496181562,2.19130623841396
0.290863658546212,7.26224146432022,0.654791250000901
-2.03011106534256,7.44351951133446,0.115650080505789
-4.22352941654546,6.9352487443641,0.0281646254529281
-6.15131486297744,5.75264472795446,0.0179879036579804
-7.62912252626915,3.96458979625394,0.0154262028058484
-8.49363134625677,1.69863956316656,0.0142578262748894
-8.62757450080001,-0.865481318929046,0.0139427040127366
-7.97352243903145,-3.50957660594047,0.0144109244135579
-6.54424884278147,-5.99507601394935,0.0158013439715984
-4.42269531750622,-8.08273268176601,0.0185466321434274
-1.76306633014491,-9.55658397254695,0.0236821548764862
1.22268271843028,-10.2407999432788,0.0338824768465713
4.27600057142559,-10.0265606558503,0.0570537921981081
7.11282799084698,-8.87989256895506,0.122368755732405
9.43173276410528,-6.85597885945035,0.366433337514159
10.8521404426553,-4.11368808259396,1.56445343778011
10.4651521704449,-0.999399765127633,7.56113860384195
6.21427196288195,1.64073355976355,18.7486397809261
0.89108561111328,2.77777224898172,9.20851874066007
-1.3093897959717,2.8297881014577,1.50161839072537
-2.29531798811832,2.43593922082107,0.179163983438059
-2.95717178455183,1.76869859741818,0.0363096988287596
-3.36949898369013,0.892897692826305,0.0232770397067879
-3.49435020070416,-0.121741937203292,0.0218813491147205
-3.30405385754345,-1.18992132120395,0.0220073443143142
-2.79684302169716,-2.2163638965543,0.0229834695297058
-2.00034828704354,-3.10392694346828,0.0249053409781091
-0.970792916644399,-3.76303361456514,0.0280424596586087
0.211895883151223,-4.11737960882209,0.0328726873505014
1.44674987023926,-4.11736764872079,0.0401338121408235
2.62259466270562,-3.74133808141214,0.050927680675424
3.6264792143039,-3.00194347524932,0.0666242122786987
4.3530646794863,-1.94547411591311,0.0882103789093809
4.71776575372352,-0.652644312569123,0.114188377543044
4.6636252218083,0.770086354133084,0.137256888737699
4.17368966750691,2.19720843333954,0.14392055709442
3.27290939075375,3.49690693705664,0.124758877047822
2.02569758067087,4.54310559487584,0.0885876410623954
0.52735673524437,5.2275295755927,0.0556940730189486
-1.10367246368926,5.46604620299635,0.0360683001561681
-2.72871546144444,5.21163004983659,0.0263727312649973
-4.19995287494404,4.45836962714519,0.0214181015169272
-5.37323111236947,3.24521242464451,0.0186702763054206
-6.12236174610697,1.65585683585539,0.0171945150525443
-6.35318733208832,-0.185987176178684,0.0166347960185681
-6.01154640333588,-2.12652807271685,0.0168873956476006
-5.09316785830353,-3.99228076832666,0.0180232082359458
-3.64897469958523,-5.6069016946318,0.0203140074777221
-1.77987294425339,-6.80685917835005,0.0243771390123812
0.368570081345268,-7.45407720127697,0.0315691104563397
2.61315581363539,-7.45746005434785,0.044965770545074
4.75091822527296,-6.77817402552381,0.0723027955000264
6.57057127664182,-5.43705844865543,0.135190938544867
7.86830423818042,-3.5253762823794,0.296146680947465
8.44282725284014,-1.19913929382367,0.723196508150584
8.08015500338935,1.31114165614366,1.69292096420222
6.61749060125807,3.69752765331296,2.93049900709177
4.28743085246608,5.63177427916804,2.81334812538552
1.76088135089813,6.91834997256315,1.29617727381623
-0.640001871276418,7.5207491737317,0.305091912307656
-2.94594392556618,7.43244238441497,0.0547041990042211
-5.08688177554081,6.64631234655224,0.0214919683590704
-6.88644867798542,5.19647669243771,0.016587360891183
-8.16028762166828,3.17549146714069,0.0147315736069322
-8.76021691044334,0.735684155426386,0.0139224590658317
-8.58779539576067,-1.92440169059821,0.0139108731022567
-7.61384281584099,-4.57290091363725,0.014707433218883
-5.87694952702552,-6.96510203109651,0.016549731360497
-3.4900319064128,-8.86356989983404,0.0200576809540998
-0.635346045752626,-10.0646568349676,0.0267276375770882
2.45241739444817,-10.414583747107,0.0406288015771937
5.49887731038366,-9.82761826472895,0.0751171644061481
8.20879299680357,-8.30631456413117,0.185138805690196
10.2597918170225,-5.94468019336535,0.659822870115144
11.1299508536821,-2.96182824653179,3.22663091696719
9.24437039675949,0.118078101551329,13.9082586397175
3.3789676765337,2.13624487909123,17.5677244505713
-0.519708981532044,2.61441254529625,4.44150832385975
-1.86026327149643,2.37946382198683,0.569094358660784
-2.56992930739021,1.83447210615744,0.0749703741681563
-3.0242789369187,1.07677147993725,0.0272599546464354
-3.22151354942767,0.170072972945546,0.0228494923633927
-3.13281578200109,-0.810494901966637,0.0225416539815695
-2.74946440283927,-1.77906891357384,0.0232325201520987
-2.08858295083494,-2.64558917665849,0.0247999732564894
-1.19416047338401,-3.32372407895202,0.0274342985356664
-0.135003865165674,-3.74001704279635,0.0314781760146311
1.00123169757813,-3.83989305392482,0.0374701131629016
2.11396737567444,-3.59549128455292,0.0461675467999911
3.09853573335906,-3.00878872607512,0.0584721972723954
3.85413446833575,-2.11267466008518,0.0749895122384725
4.29746815739722,-0.973843789304249,0.0947042867280912
4.36764313401255,0.316750284591267,0.113003775806292
4.03617647131648,1.64773824158714,0.120967231809402
3.31471031089736,2.89798933399291,0.110867168046402
2.25069373777948,3.94832942661631,0.0856434258435996
0.923142369523032,4.69175594613597,0.0585079414508654
-0.563623160163045,5.04271341663801,0.0395116342466874
-2.08523335059042,4.94659988394777,0.0289330597580829
-3.50587544997722,4.38568691750135,0.0232422396628171
-4.68922074128506,3.3830094632898,0.0200226524387968
-5.51201487698727,2.00426518758165,0.0182158367100104
-5.87585635371214,0.353484948948248,0.0173927290074269
-5.72028621241081,-1.43326091514617,0.0173942995955324
-5.02745093206776,-3.19998838697976,0.018237314491882
-3.82816106610763,-4.78274258372628,0.0201128448795677
-2.20202833704539,-6.02462824462705,0.0234727370825749
-0.272287369765567,-6.78858994701161,0.0292790368401898
1.79974468400282,-6.97700147327213,0.0395702803662329
3.8303763509952,-6.53721859181894,0.05904154930362
5.62585242573352,-5.47281376354982,0.099226733301124
6.99643971859521,-3.84703954033771,0.189594735016347
7.76770433354644,-1.78449535875547,0.399833112555505
7.77910690324009,0.532391977788486,0.845380966124042
6.91544880429904,2.86385598065217,1.49467272764819
5.22473070741278,4.94081507788819,1.7616734300682
3.03259103943719,6.5357362552726,1.15297415349672
0.681673923763806,7.52030536149968,0.398017345575124
-1.70350295113776,7.83157329834277,0.0873682618854291
-4.02742055165366,7.42937885056607,0.0271064512746055
-6.11477507054553,6.31413672841756,0.018085253002719
-7.76526221297333,4.54567137303815,0.0153176377948437
-8.80100898286725,2.24727745233445,0.0139877497060003
-9.08766714198509,-0.402205002427141,0.013539171781408
-8.55461144550369,-3.17963195258256,0.0138612241441928
-7.19857616371978,-5.83687398521494,0.0150593793536561
-5.09558345179516,-8.12202572756435,0.0175063905458519
-2.39236193503516,-9.80039422621346,0.0221301922088784
0.697007506440921,-10.6807028402194,0.031302341947433
3.9096167160069,-10.6339377131092,0.0520964684853941
6.9506243397559,-9.60803549373333,0.111035814979184
9.50379382535818,-7.64339383964428,0.338199462369181
11.1719193019518,-4.8897553249475,1.53913089187322
10.9364783802418,-1.69435247946363,8.43127378939924
6.11465299574268,0.988459775946587,22.6814563225581
0.292748337786398,1.94641688284441,9.72472577125769
-1.62263880973829,1.79976571829139,1.37665040036742
-2.26181854035122,1.29833753805855,0.160187082441442
-2.57659749716349,0.62432482119334,0.0361937004157099
-2.65764213606179,-0.153032966062908,0.024953686548179
-2.49687917946032,-0.966736314925827,0.0242594856796041
-2.09500863134457,-1.74367559670961,0.0251055336664622
-1.47536011680704,-2.4101996531933,0.0268470698864966
-0.681506935208626,-2.89814634657074,0.0296009905127223
0.223842998845291,-3.15176368551577,0.0336254094238506
1.16387695854485,-3.13402219543024,0.0392625891531633
2.05343401817256,-2.82892268147179,0.0468906723952663
2.80700572233502,-2.24866511662593,0.0566861938822388
3.34572711971072,-1.42995287048862,0.068176123761114
3.60724725510838,-0.435190772598829,0.0794807158917739
3.55036077900937,0.654124100894313,0.0869008578977787
3.16244207864962,1.74237131438565,0.0861912824786155
2.46289800465779,2.72956528251733,0.076088107923143
1.49789922439299,3.51875817331847,0.0604629449500976
0.341311189105314,4.02730681767288,0.0454899045258708
-0.913803461767146,4.19099045585128,0.0346157251113635
-2.15891873542189,3.97512961680431,0.0277182057995946
-3.27969777221276,3.37652163616832,0.0234877474438564
-4.16576328035497,2.42721667460424,0.0209258449770334
-4.72138091136928,1.19338516391999,0.019498171712596
-4.8754297854195,-0.228606306413001,0.0189552116153095
-4.58863671428384,-1.71934498226816,0.019219939657866
-3.86064322637227,-3.1454418893177,0.0203535629903139
-2.73172585972491,-4.37156073126302,0.0225775535815486
-1.28143050836153,-5.27241560732475,0.026358264729237
0.37578334760029,-5.74550546759806,0.0325967171957254
2.09915870464489,-5.72023960784209,0.0430598806528971
3.73201379987618,-5.16998602431578,0.0612298592568021
5.11543586281856,-4.11475864255346,0.0939614183204904
6.10131372986959,-2.62378108540479,0.153539334573843
6.56218570766435,-0.811956428521257,0.255826462415999
6.41459557871167,1.16251505432179,0.39742156910847
5.63092555080886,3.11573934116713,0.50701299548489
4.27563155433838,4.85676247082695,0.462669415076289
2.48923083231362,6.21602037965796,0.274459428223993
0.426332613963309,7.06099477294447,0.109570923019483
-1.76612806500283,7.29556684149789,0.0416327936913069
-3.91878382668101,6.86740116762897,0.0237616850836633
-5.83966628566575,5.77692722535062,0.0183337223840947
-7.33870224780851,4.08380679185347,0.0157987591785882
-8.25306802765379,1.90827572117401,0.0145258613876611
-8.46176539963474,-0.579336666836373,0.014125308596506
-7.90355524434876,-3.168709659013,0.0145074240753177
-6.58064410384469,-5.62724228820839,0.0157901613958894
-4.56966876618246,-7.72049125201648,0.0183581899035129
-2.01352400342274,-9.23318708702526,0.0231407751464348
0.885358249951448,-9.98887549338761,0.0324719526272654
3.87820687428444,-9.87455166141907,0.0529881465987852
6.68905406118252,-8.84622883490585,0.108084437802317
9.02646799215411,-6.94951353371605,0.300505445388554
10.5476240512481,-4.3264772455514,1.176208247795
10.5519889096655,-1.27320109633528,5.46742274255513
7.28554763196817,1.52152600002001,16.0621166629914
1.90129257082781,3.01631129224645,11.2389566495648
-0.859465655079105,3.30040918518648,2.24938369493205
-2.10828851629649,3.03076132708169,0.279862321779674
-2.97142985757693,2.42722395606126,0.0451977060482285
-3.58468789022327,1.55694453884112,0.0234839427529917
-3.90193450243617,0.486821695016216,0.0211239126175211
-3.87817771704047,-0.696267935494029,0.020826526480302
-3.49497419544348,-1.89021773726809,0.0213934374928319
-2.76557974722338,-2.98562482184823,0.0228520558640835
-1.73645136824891,-3.87593974661893,0.0254320618623459
-0.48339825456574,-4.46528862379299,0.029579139796985
0.89037541219977,-4.682573673478,0.0360492798096738
2.2654679774651,-4.48537011423724,0.0461220901291778
3.51325162255912,-3.86504062283152,0.0618688714844904
4.50950940268092,-2.85629377174464,0.0860427525684448
5.14433074953854,-1.5297747268411,0.120834447983915
5.33415599138783,0.00896419643243939,0.163170164426565
5.03397050702453,1.62728020428645,0.197050254435817
4.24873619111086,3.17773280558777,0.195794376734831
3.03366825332365,4.51303411008317,0.150205612270452
1.48419714735414,5.50157912096585,0.0899961018406909
-0.280672678876101,6.03519354182979,0.0490473764419574
-2.11914892595593,6.04022014859297,0.0304481621173447
-3.87142746377441,5.48508456969812,0.0226941772809919
-5.37320876815713,4.38809140829605,0.0188894961486575
-6.4709307188144,2.81633775775601,0.0168321478810213
-7.03806974058265,0.885641396489119,0.0158453060161571
-6.99163999737451,-1.24721197405281,0.015693801376434
-6.29689312708331,-3.39857580380618,0.0163613619985926
-4.97799983387483,-5.37093217733578,0.018021541209129
-3.11909074254829,-6.9717870016667,0.0211307792065651
-0.858222405342086,-8.0306486499821,0.0267208785813283
1.61999310179801,-8.41611694073707,0.0372227090650503
4.0983176773388,-8.05404933860635,0.0589426564767273
6.3421940699221,-6.93055156371681,0.111050787854493
8.11510074848022,-5.11021931015733,0.258791205030421
9.16869330828818,-2.73158183623073,0.739946712394132
9.17561691012461,-0.0292460573150421,2.2739545023518
7.64313055420864,2.61974713543315,5.45378288563722
4.60393021443274,4.70605041788476,6.3998828581129
1.55275067518209,5.93609753365236,2.89923470585626
-0.78183176050611,6.41255455636776,0.608124089986569
-2.7801771071729,6.25629767673502,0.0868238771897096
-4.57365953928881,5.5020926267906,0.02440613034293
-6.04805398894521,4.19084854508564,0.0178065362974947
-7.05413293816658,2.41014727827411,0.015987630891825
-7.47125820759112,0.2957068950586,0.0152626139267367
-7.22440511871637,-1.97821429666573,0.0153492422910943
-6.29720712710187,-4.21216441457067,0.0162781873947072
-4.72978580945902,-6.1966041304097,0.0183052134920229
-2.63060549624015,-7.73440551974553,0.022035311502473
-0.159909035044886,-8.65587468995251,0.0288774355573952
2.47608465695721,-8.83949885833613,0.0423239392518032
5.04122861716692,-8.22142217229038,0.0724545174802181
7.28632416822271,-6.81479732555755,0.152961209407626
8.95591557916619,-4.70820596443368,0.41485630465958
9.7454613492221,-2.07905896371025,1.38903860260622
9.12597017924588,0.760148996050829,4.57436185915834
6.39285859265775,3.26891606312276,9.04102920649333
2.6343861860834,4.86427961624197,6.31721789886498
-0.0621241189253155,5.53609154360892,1.6590143290368
-1.97033540347312,5.5567884210565,0.243148754726538
-3.60561273099833,5.03483905814226,0.0398225560301694
-4.98373957936367,4.01126401814251,0.0203837952504254
-5.9845434858516,2.55236765087381,0.0175583799212402
-6.49390077247632,0.765985263323412,0.0165510051461278
-6.4354628542366,-1.20284741551062,0.0164095079408184
-5.78003621673686,-3.1840727168651,0.017092693549763
-4.55129009394458,-4.99622959083626,0.0187671678141428
-2.8257229525821,-6.46049196433163,0.0218724222250493
-0.734473059777513,-7.42253981978211,0.0273498180156892
1.55255395086824,-7.76076853385527,0.0373547916196214
3.83407702911962,-7.40828992546607,0.0571316672626767
5.89560834263264,-6.35679983536657,0.101006195048695
7.52046178607183,-4.66250041117579,0.212296646935019
8.49731148443212,-2.45436464089,0.522796052440208
8.59744716142556,0.0648698797779046,1.35701948812666
7.56026885528115,2.60316903087851,2.94648833272052
5.36258045377424,4.79186666068288,3.85628153638259
2.69186655015934,6.33920259730192,2.37849090202609
0.210882599289863,7.17801800254608,0.691763407700886
-2.08502910930294,7.33280506268143,0.118626359391643
-4.24243943131353,6.80603291172605,0.0282302723800211
-6.13006324309662,5.61580791510043,0.0180055242796779
-7.56697643422158,3.83201819600904,0.0154894477792545
-8.39423366132967,1.58310678331893,0.0143516493638022
-8.4978552287167,-0.952453187381819,0.0140635853670639
-7.82257908812914,-3.55819720966183,0.0145632918850481
-6.38526851246839,-5.99834048100999,0.0159955985126167
-4.27012868691707,-8.03768554740243,0.0188037740379245
-1.63125828352223,-9.46428607313345,0.0240460290626647
1.32018155902912,-10.1070635465884,0.0344387642295354
4.3280555463094,-9.86106641743115,0.0579863210187444
7.11164604368002,-8.69597759850128,0.123951114344921
9.37439253170914,-6.669925519719,0.36672197589701
10.7435839050997,-3.94195523317236,1.52812752555899
10.35946781065,-0.853254341027302,7.13656405398712
6.33005890860096,1.79092563740785,17.6196400257204
1.12164127581657,3.0009893479644,9.20885244974908
-1.18697294953091,3.12252766961283,1.58359878077464
-2.27923662565754,2.7681503623097,0.191219212485015
-3.04440224036487,2.11062775177332,0.0370021929463314
-3.55689980496786,1.21341588656368,0.0229226134453495
-3.77089643872929,0.146594002777947,0.0213055963278041
-3.64979807204711,-1.00177421613915,0.0212557323590842
-3.18340983545301,-2.13053783857952,0.0220533825605125
-2.39573463149856,-3.13511592853851,0.0237747358221509
-1.33763748312802,-3.91408979036144,0.0266937499045499
-0.0918943690323233,-4.3835665579649,0.031280306084819
1.23851380864209,-4.48054102440247,0.0383448796011636
2.53481328663116,-4.17271455350842,0.0491969883949708
3.67492413398383,-3.46701826172743,0.065703068207553
4.54065280946248,-2.40259854477643,0.0900571084758288
5.03440211575256,-1.05963179169654,0.12265151236549
5.08686533492448,0.452778455207097,0.157447423626404
4.6663119533769,2.00294681823821,0.177364027286823
3.79118156232272,3.44811440552959,0.162984315171458
2.52486303327014,4.64979608616981,0.117512714100337
0.964587841105017,5.48603679981499,0.0699876166422022
-0.767846998757172,5.86177175485451,0.0409695805306069
-2.52982592550138,5.71614608951808,0.0277481754064644
-4.16420624173807,5.03125873831539,0.0217040220318874
-5.51351366724687,3.8374827293194,0.0185273714048151
-6.43699076460793,2.21458240601271,0.016804964478499
-6.82262156343031,0.285183904034604,0.0160587936048886
-6.60291615766557,-1.7912077710235,0.0161281861877655
-5.75991238510016,-3.83231101355874,0.0170462662515684
-4.33468712094035,-5.64851918545115,0.019040716238403
-2.42030857233961,-7.05663172082316,0.0226755859328712
-0.166007662892174,-7.9036448848984,0.0291798697751897
2.24089945034183,-8.07660085434369,0.041467496265413
4.58573032526845,-7.52037368887036,0.0671221160013497
6.6409369072818,-6.24061018339507,0.128947296269253
8.18109967814098,-4.31947403617568,0.301518621046213
8.9716354312414,-1.91128322612122,0.82940115079321
8.71250845016195,0.739315567680424,2.29852766242638
7.05309165698882,3.26604624161878,4.67836367499781
4.24053255757392,5.23601225409433,4.73094463658531
1.44474470441052,6.43189311003106,2.01992825826891
-0.896769239569052,6.90996491992388,0.420602038076204
-3.01780121672803,6.73110019037632,0.0644193282470574
-4.94260821195567,5.9121332038427,0.0221948793604498
-6.52495645846231,4.49489077246123,0.017043875992328
-7.60177322179411,2.57349869587283,0.0153200611369505
-8.04302084557473,0.29451492485132,0.0146228755530536
-7.77007216971264,-2.15374490358437,0.0147244655639395
-6.76328009684678,-4.55632171655795,0.0156661884954115
-5.07088433811537,-6.68927811543935,0.0177120947795691
-2.80544074951752,-8.33805664478304,0.021524735385095
-0.142513333649042,-9.32163941245251,0.0286651018846149
2.69563341510536,-9.51062768183848,0.0431978004014265
5.4544996657421,-8.83572349717138,0.0778020352114951
7.86383998403906,-7.31267540338081,0.179757392266875
9.63798410599439,-5.03991923084334,0.562071618473422
10.3778221487698,-2.22129410106634,2.24551379063462
9.16263073412734,0.736737416754383,8.27688465953524
5.01427258671832,3.04394502632607,13.3941606341514
0.929492301491348,4.10272919061296,5.62895027585517
-1.18080779058222,4.28688103525613,0.973688926252227
-2.55459721433601,3.9675788987119,0.12244930648644
-3.6648439633142,3.24621205206612,0.0291725020257733
-4.49406992174193,2.17747577671937,0.0205136418515064
-4.95820894473675,0.839685219854524,0.0190059786635934
-4.99275847786842,-0.659971880476891,0.018677861476013
-4.56960558317277,-2.19318453018611,0.0191746988719356
-3.69837602843198,-3.62093053375924,0.0205894985619303
-2.43204657860773,-4.8048982170248,0.0232093360424663
-0.86367294396724,-5.62128602209257,0.0276190393136428
0.880404062702412,-5.97123716333172,0.0349783414845658
2.6485425676227,-5.79578977824763,0.0475809550712241
4.27752740062875,-5.07962733232032,0.0701351957631503
5.60463365902168,-3.85719090183778,0.112201273175398
6.4814207105863,-2.21397917725585,0.191101392815501
6.78458763844833,-0.282326492337766,0.327384258351221
6.43767096558015,1.76415807001496,0.506719974917123
5.43612583814347,3.72851303641835,0.613779331556041
3.88041748242036,5.41586223561418,0.504315101258172
1.9393459819074,6.66288790402108,0.258782504904085
-0.228716386884536,7.34718098624168,0.0907672364884319
-2.47481549399428,7.38698607501249,0.0346087084181251
-4.62176545419508,6.74437549525327,0.0214559829025135
-6.47234577056985,5.43749328169331,0.0172067515908458
-7.83929057426024,3.54677781791349,0.0151296538549026
-8.56683397540125,1.21041037637398,0.0141473893794216
-8.54887508493287,-1.38348075959058,0.0139843962079552
-7.74027899387911,-4.0114298740513,0.0146160153592493
-6.16850073371811,-6.43338269881927,0.0162260831158193
-3.93082293414462,-8.41344241394473,0.0193292188350732
-1.19282230877255,-9.74162437731173,0.0251654477172707
1.82259982700989,-10.2555534297033,0.0369777443717672
4.85181057587672,-9.85976744158527,0.0647294027693798
7.60731899930821,-8.53556552891919,0.146920208597298
9.78189693647234,-6.35694913128434,0.472218520811617
10.9541307761093,-3.5092932348122,2.12003140036551
9.99583985370714,-0.400306630037985,9.77502778624796
5.04307872245464,2.00419482687107,18.5663720981875
0.291363259797125,2.8699936497456,6.87139046045347
-1.53171335008439,2.81385664423406,1.01168243893193
-2.44216487007866,2.36455270451679,0.122507534091522
-3.06920225551373,1.6528400224838,0.0310542690945885
-3.44037731458028,0.74118389187912,0.0227035375930469
-3.51554638601348,-0.2973790974616,0.0217632853702615
-3.27039862745859,-1.37464148299157,0.0220389650435872
-2.70897213801816,-2.39394444826054,0.0231599928049446
-1.86243624193302,-3.25741852486093,0.0252660664211785
-0.792218504973172,-3.8762633686256,0.0286604384393153
0.416483109528317,-4.17887918494324,0.0338576997721337
1.66045519065992,-4.11791753004747,0.0416778218291772
2.82574042699174,-3.67610109650455,0.053333308588403
3.79964403527576,-2.87392461907592,0.0702479164247445
4.47777166678984,-1.76278318515785,0.0933053152043435
4.77973374219408,-0.429450232944693,0.120337144283979
4.65265532033748,1.0152746051791,0.142640911363272
4.08746390763436,2.44264839585267,0.145778572826585
3.11595426051415,3.71981337470364,0.122064122804227
1.80918932661047,4.72181897293883,0.083846076573694
0.267396920809869,5.34273890677856,0.0519728699964615
-1.38605355032082,5.50421435600535,0.033993591038229
-3.00940469290886,5.16443941710828,0.0252734699969865
-4.45317361664671,4.32490665994515,0.0207786214055556
-5.5740354700396,3.03252501294316,0.0182797679884773
-6.24955987889461,1.37893211478644,0.0169705105670743
-6.38871950300887,-0.506126288106845,0.0165494932422032
-5.9477110137377,-2.46238522090066,0.0169385792879891
-4.93070037141456,-4.31422844330567,0.0182384522351363
-3.39649941051698,-5.88490527918589,0.0207668579497107
-1.45369976376699,-7.01080736467895,0.0252404513079884
0.741423552694633,-7.56371053165324,0.0331955706683113
3.00170896692913,-7.45519361354356,0.048279419589622
5.11858541235007,-6.65577191299807,0.0799156660105424
6.88145478483014,-5.20226508295691,0.154569381514853
8.08282891887461,-3.19318738900446,0.351194516541728
8.51778383988276,-0.80017265700895,0.876654229599683
7.95855302463167,1.72942230517505,2.02189896054979
6.2677912932972,4.0687754659449,3.24801873942789
3.80211206358504,5.89309063033259,2.73829850065725
1.27137263970512,7.04267192743026,1.09154422004162
-1.10323316207602,7.50540514520288,0.228933822038336
-3.3725763421843,7.27770128598169,0.0427577415611588
-5.44540287146552,6.3594115992783,0.0200162480853042
-7.14063123560963,4.795644366509,0.0161630002592716
-8.28094411752687,2.69128727874182,0.0145592568675681
-8.72701489646915,0.207121032017603,0.0139185499745887
-8.39684755508136,-2.45103809344843,0.0140608809480997
-7.26970074888099,-5.0488687239074,0.0150431348669287
-5.40324501664881,-7.34322381093809,0.0171549946519287
-2.92355423146371,-9.10405286477677,0.0211276767767333
-0.0217792295745946,-10.1359835538998,0.0287640989426166
3.0586847715227,-10.2985624605431,0.0451041094200668
6.04040003657336,-9.52672403157226,0.0871049052920631
8.62719103222144,-7.83695787817437,0.227718269308352
10.4854327047239,-5.34351222242717,0.862222181781632
11.0083041807474,-2.30010690702654,4.26146838062606
8.39207212346835,0.680443487676036,15.9788029919471
2.48011980692554,2.41852757234048,14.8701524564604
-0.788921061296522,2.7449252055526,3.20045916985032
-1.99130474618513,2.46359224527757,0.396413408391654
-2.70046367419476,1.88419400470748,0.0573938215191606
-3.16206104298327,1.0879027390282,0.0254506994449169
-3.35630916048687,0.139462156725664,0.0223938126387865
-3.25184723254623,-0.882640523532504,0.0222203587405685
-2.8405393056148,-1.88842548017917,0.0229639540156422
-2.14234885728081,-2.78460446200023,0.0245958899685483
-1.203255916746,-3.48156711679122,0.0273328903330563
-0.0954707973801695,-3.90267085356834,0.0315579402685893
1.08848737332117,-3.99307517630265,0.0378711275957216
2.24367724297377,-3.72425955871647,0.0471556737974638
3.26135182557572,-3.10029653287444,0.0605052902524599
4.03644031282133,-2.15597738790848,0.0787976552945305
4.48335409520428,-0.962515683443855,0.101122706685279
4.53860250551534,0.384646197909615,0.122307947309315
4.17660119227721,1.76855188190055,0.131831817400649
3.40864849517435,3.06287470627769,0.120109203411865
2.28762819782199,4.1436721304186,0.0908042362538561
0.897864506490966,4.90110627497407,0.0600453786264913
-0.651717407939322,5.24770993619019,0.0393927226834934
-2.23168485472035,5.12783679828926,0.0284385758255642
-3.70057118017484,4.52475360389073,0.0227468070988456
-4.91736976514427,3.46495690113513,0.0195766643220547
-5.75472508380117,2.01800316817553,0.0178171464105888
-6.1116735591948,0.293494687251721,0.0170346431089502
-5.92697305574949,-1.56604886155723,0.0170740517455929
-5.18422071925718,-3.39784590035724,0.0179595823855426
-3.91775729213426,-5.03172021140796,0.0198966739518516
-2.21087193848068,-6.30359436411136,0.0233786856660535
-0.195857566076581,-7.07528204324203,0.0294404422675384
1.95995231247425,-7.2446596577644,0.0403748973036135
4.06458143860931,-6.76062670856455,0.0616026163156636
5.91578068173376,-5.62807978202137,0.107211572370868
7.31678258453535,-3.91741608056571,0.215210860169023
8.0786638427986,-1.75957951044248,0.484378410105007
8.0234515375323,0.646676040812061,1.09176853742498
7.00154521545834,3.0391945975628,2.00779057363844
5.08318800340801,5.11926730143367,2.32695262292641
2.71853433602555,6.6518049844833,1.4058527883642
0.310481686625593,7.53527821436823,0.432062118338579
-2.06459382867575,7.73294734524559,0.0846428329190516
-4.34124471681879,7.21927206463451,0.0256792064415164
-6.3499577057926,6.00518128682764,0.0176107803334767
-7.89552790249426,4.16040104748984,0.015123914497189
-8.80741661597065,1.81622009429949,0.0139508966719836
-8.9625473137781,-0.841773396940359,0.0136269709463304
-8.30165250404407,-3.58789604471739,0.0140779208037509
-6.83275927190083,-6.17424860685491,0.0154447802752028
-4.64361780123131,-8.35293285503472,0.0181585757242762
-1.89110133282147,-9.89752857581933,0.0232801707861272
1.20454838141227,-10.625985249539,0.0335721507919317
4.37617551523794,-10.4233042158939,0.0574528415867943
7.32885140265125,-9.25234599281216,0.127352892495355
9.74676486280355,-7.16898823989413,0.405335994177516
11.2069343522494,-4.33942426080225,1.89897863618484
10.5486825435347,-1.15494779110404,9.91646461482777
5.28976279155787,1.35464246880212,21.8094495602456
0.0241985814639851,2.15751631998776,7.88186762305226
-1.67725209993552,1.98544256070342,1.08042465045167
-2.33549423842266,1.47757761156713,0.128632915539403
-2.69789328018491,0.784592770674697,0.0329134161954505
-2.82180281890433,-0.0272098278093392,0.0242600279528973
-2.69152826272853,-0.888985103136159,0.0237122438481078
-2.30441000842,-1.72412452455177,0.0244851194340994
-1.681025211589,-2.45422370081649,0.0261380191472609
-0.864171339464163,-3.00558056327775,0.0288119918672849
0.0825392965685712,-3.3163545947606,0.0327899359484321
1.07932497156918,-3.34351305191568,0.0384703239041346
2.03692486280785,-3.06759749791,0.0463317462639883
2.8639564099329,-2.4958427920311,0.0567593328322881
3.4755961869284,-1.66380265238117,0.0695569486103992
3.80164679786609,-0.633093096969834,0.0830541979744231
3.79503561804828,0.512244909769275,0.0932591044480594
3.43724909809805,1.67268495230244,0.0947291217376265
2.74374165377876,2.74213293215657,0.0846882424139732
1.75977062705309,3.61672068191486,0.0668810933718194
0.559923001178345,4.2063679230345,0.0490808082168697
-0.760501619754151,4.439516093389,0.0361912105889685
-2.08863608193103,4.27398453642487,0.028261842257776
-3.30381346102616,3.70135759326135,0.0235483972754598
-4.28791296243802,2.74978073332134,0.0207337953610167
-4.93676118603717,1.48394212615125,0.0191458897668113
-5.16903416909047,0.000680339902887562,0.0184792945177247
-4.9380854285188,-1.5759900119463,0.0186266808479023
-4.2377506237115,-3.1064532647555,0.0196290929840569
-3.10329110374989,-4.44693712562186,0.0216926678311847
-1.61274807725345,-5.46216798532171,0.0252687833688068
0.117864038016514,-6.03868811500135,0.0312562218276555
1.94291725999224,-6.09716592250028,0.0414537060020799
3.69852373062824,-5.60070446694568,0.0596013443298157
5.21462347100231,-4.56162585663457,0.0936714364641987
6.33082386977804,-3.04684649345864,0.159768214373979
6.90668498350152,-1.17236442826132,0.284508736862192
6.83726334123926,0.899565137533243,0.483938786741397
6.07525540535893,2.97224440631893,0.684461908688788
4.68172308062307,4.83747783692229,0.685910608316691
2.82429926199321,6.31051832487227,0.429584534802187
0.686998369269731,7.25372443150122,0.165642621548432
-1.58453645430345,7.569049589963,0.0521680671462785
-3.83016659690784,7.20021619747158,0.0249493970687119
-5.85651631122516,6.14156712490966,0.0184067897548978
-7.46625327313566,4.44914319869758,0.0156760154178887
-8.48589003753074,2.24020919654918,0.0143066595864585
-8.78577053680218,-0.313195918497507,0.0138273159812225
-8.29270952908423,-2.99707075719137,0.0141263211561627
-7.00506320499567,-5.57202194721189,0.0152971949062846
-4.99128241376448,-7.79369933994862,0.0176987770860607
-2.39340535550957,-9.43616189497629,0.0222028630123957
0.585114509314357,-10.3103866549315,0.0310226496801691
3.69024613114851,-10.2925607858634,0.0504912127321668
6.63816440309778,-9.32782050495301,0.103367086968217
9.1264824032472,-7.45365789505278,0.29345945057163
10.795482515466,-4.8076996389913,1.21174910519607
10.8625297301821,-1.69272817527601,6.14806306406809
7.17399334066348,1.12640333988764,18.9352911215684
1.33711165012023,2.47044818711473,11.7087592979612
-1.20132060652031,2.57426075290422,2.03504677582604
-2.18002354801585,2.1958007065961,0.241302518735269
-2.78108626475208,1.55853567594794,0.0425809857718701
-3.13809776399525,0.733011090244297,0.0243162297943578
-3.22507326193073,-0.213554866757301,0.0225513193369625
-3.01951448938826,-1.2011061668509,0.0227059118037738
-2.52178297926472,-2.14083580691023,0.0237335643119777
-1.7611910562449,-2.94350151322659,0.0256925076291308
-0.791589777347981,-3.52710023625996,0.0288324326265534
0.310638654878805,-3.82413106556092,0.0335709000215597
1.45138848803403,-3.78943333849952,0.0405367447345025
2.52688425575437,-3.40673354277306,0.0505725406180783
3.4329211538991,-2.69073913988816,0.0645525237749303
4.07540688034494,-1.68892580158187,0.0826430375227899
4.37634837646198,-0.476277726784065,0.102682503197465
4.28862657369522,0.845697304234227,0.118160915406829
3.79948294666973,2.16067111329647,0.119541732246514
2.93433370589497,3.34705237294263,0.102293741164364
1.7537964848181,4.28873084133767,0.0744693824330489
0.348010018032157,4.88589911440669,0.04986441731186
-1.16969559142631,5.06495705241897,0.03451858220872
-2.66929594555622,4.78448155022987,0.0262677721970909
-4.01332490678101,4.04317228744706,0.0217451358130985
-5.06827654744485,2.88020942748434,0.0191642014007897
-5.72072809551225,1.37845557216401,0.0177770685473728
-5.88428066732072,-0.34541219586953,0.0172885965233108
-5.51586292184707,-2.1455076712067,0.017611425055066
-4.61500004353583,-3.86067137535887,0.0188291936504667
-3.23302413255202,-5.32752986385822,0.0212198839069879
-1.46818635756319,-6.39612606142793,0.0253922319791463
0.540282116049168,-6.94349487087503,0.0326279520212176
2.62102961169774,-6.88645993352413,0.0457588242033062
4.58395552451198,-6.19533766742933,0.0714369196091396
6.23472814339452,-4.89613905641062,0.126493032472256
7.38913424757346,-3.07768401931694,0.253361976732733
7.87801740373747,-0.887359405697378,0.544488902699093
7.55093447329801,1.4684894162615,1.10205723502028
6.3361988647213,3.73292807359616,1.70761801792387
4.39213284938159,5.64113410183558,1.6195615399857
2.10597501518086,7.0037662068867,0.819613266401172
-0.266945981991805,7.72675775989339,0.225387473690539
-2.6440501475128,7.75714654033605,0.0496347710902516
-4.8974674823177,7.06814212167642,0.0217745986960235
-6.83409160189567,5.68219005485984,0.0167225530469523
-8.25879886096512,3.68483776842194,0.0146660660951834
-9.00964852299323,1.22286995998004,0.0137154256037703
-8.97416188206975,-1.50584378235562,0.0135750708560948
-8.10939624392203,-4.26548235077311,0.014221633796866
-6.44320583558925,-6.80385135130474,0.0158516199462838
-4.08014172435112,-8.87359559703767,0.0190042460313547
-1.19485881966314,-10.2540562039572,0.0250115969281157
1.97685955932888,-10.7761839487601,0.0374629451408121
5.15709291128455,-10.3407564262995,0.0679890018825614
8.04342177319027,-8.93209236964213,0.164676191340185
10.303583984989,-6.6283258441825,0.590387169264766
11.4177163451409,-3.63776584589044,3.04589032731678
9.69618425246379,-0.477339108726185,14.7900374099488
3.33201267749742,1.5831655960344,20.1510844138968
-0.779683298406655,1.9605648068519,4.77192035866506
-1.93735844991265,1.62975583835912,0.578828853466153
-2.41595436253395,1.04958866429124,0.0766548935190078
-2.63852953989208,0.326773279301915,0.028548763215507
-2.62511693690739,-0.473838367639959,0.0243339723356672
-2.36787678737632,-1.28249399576432,0.0244762776479753
-1.8758754838332,-2.02497586426709,0.025679247476616
-1.18076619001471,-2.62910771796901,0.0277965495496786
-0.33396774788026,-3.0306165784047,0.0310166750889117
0.595401464661686,-3.18028699102542,0.0356367958733987
1.52645915469678,-3.04956049211639,0.0420229837948937
2.37283336636186,-2.63290967193732,0.0505142777836152
3.05058412438201,-1.95216335141907,0.0611081186983255
3.48654725905295,-1.05494890448462,0.0728640865162586
3.62603285179414,-0.0116941292418187,0.0831790581817865
3.4383268400282,1.08967617652649,0.0878360052708841
2.92375308404471,2.1507209949516,0.0833005063112819
2.11168502963832,3.07135795097865,0.0702792187728851
1.06048602077218,3.75918685788276,0.0542188800610764
-0.147848417159811,4.13819899035628,0.0406682754156154
-1.41326369200633,4.15473929572023,0.0314899028057539
-2.62382711774982,3.78623886082697,0.0257937274459279
-3.66553953346009,3.04334053916568,0.0223092219076907
-4.43177702694693,1.97111277453282,0.0202401113397203
-4.83668057784253,0.649452508705752,0.0191792481813908
-4.81856991638142,-0.816071772596824,0.0189579789851493
-4.35590186459792,-2.29860704683278,0.0195491081588396
-3.46248466719728,-3.66289159937941,0.0210742758881213
-2.194403926681,-4.77575482511073,0.023836988659817
-0.645734288696488,-5.51858150468567,0.0284477650125958
1.05675585964707,-5.80072557146431,0.0360821957826829
2.76471661963229,-5.56979441149919,0.049027234104884
4.31903611857775,-4.81484286426907,0.0718774929172925
5.56255603354824,-3.57534693849371,0.113499509355859
6.35499669735891,-1.94044345260622,0.188438086436896
6.58413518271001,-0.0430350581380024,0.309556889046366
6.18311131703415,1.94723613661641,0.452775927101383
5.1607021692747,3.84013867080645,0.514428267726895
3.61488552942473,5.44953434646846,0.398812922868742
1.70073004624144,6.62030330781329,0.198937666979398
-0.432657526411255,7.23371816091588,0.072975247186901
-2.63234002991836,7.210235107394,0.031593403815815
-4.71769305106147,6.51669198650991,0.0210097634113975
-6.49451385085965,5.17721612773981,0.0171286934028586
-7.78079879995863,3.27556600191353,0.0151730584011112
-8.42823854974592,0.952831933858025,0.0142692715953002
-8.33816865106573,-1.6027378535956,0.0141769571574699
-7.47332408248083,-4.170084464283,0.0148887049249612
-5.86504468870526,-6.51280599000143,0.0166123639246928
-3.61746953497378,-8.40203006411487,0.0198940098986095
-0.897233470638552,-9.63379314221124,0.0260631728701987
2.07145322171887,-10.0561884222305,0.0385695533491062
5.02780316148614,-9.58139726059044,0.0680529581223192
7.68889356450038,-8.19961646052653,0.155331715285041
9.75291899737087,-5.99157263494055,0.49662181713182
10.8038934966804,-3.14867813704841,2.16458760470735
9.76491540263188,-0.0795589480271038,9.39599218618299
5.03885796414589,2.29782764348232,17.063196956964
0.474134619687583,3.21994093505354,6.55626049524373
-1.43727509495359,3.23120462059976,1.00951845767031
-2.47972948596124,2.81700858052282,0.123187630202141
-3.24292530350898,2.10075315077303,0.0305375858632004
-3.74254020031511,1.14300628124754,0.022035675891208
-3.92621334505283,0.0184911095997036,0.0209050392340073
-3.75870564451929,-1.17916587874007,0.0209744187981115
-3.23367099444853,-2.34400319795433,0.0218828005759054
-2.37841691676784,-3.36704646868436,0.0237528965524777
-1.25050062658097,-4.14437632154548,0.0268946037803795
0.0613576766490831,-4.59093642130211,0.0318481929159782
1.44769782347501,-4.64401408951793,0.0395630634111171
2.78386124782484,-4.27526162976924,0.0515954099336129
3.94248377557414,-3.49484867414071,0.0702846222698139
4.80372756409734,-2.35036247322447,0.098426658038856
5.26582268881369,-0.926700978498613,0.136880428113449
5.26079626076058,0.657620234090537,0.178149484320646
4.76340111332406,2.26300132782656,0.200595400533303
3.79894537709287,3.74115759451901,0.180483163603769
2.43955977923155,4.94935461469846,0.124448643652742
0.790961126373474,5.76389210818375,0.0700362341232043
-1.01796692416812,6.09071688152572,0.0394796591120343
-2.8378470443737,5.87209562501065,0.0265795015159122
-4.50550336009848,5.09587944414502,0.0208893595841268
-5.85875064548891,3.79912403315155,0.0179254479553728
-6.75443542158765,2.07031125383633,0.0163445656927141
-7.08189222186851,0.0420464654050961,0.015706539528458
-6.7757994807178,-2.11707183112664,0.0158770300808872
-5.82560836376461,-4.2158994616446,0.0169104805411583
-4.27988816800418,-6.05757308358776,0.0190744334379388
-2.24409029129928,-7.45650543945293,0.0230033697004036
0.123978575373937,-8.25554281078866,0.0301379753106166
2.62452321222087,-8.34630965429699,0.0439600201339018
5.0318820921525,-7.67525742113566,0.0741797472208688
7.11068189208398,-6.26315312312417,0.151340403566491
8.62371936478837,-4.2013742267216,0.383596641220489
