-4.22512518484578,0,0
-4.0481159060098,0.807296436330371,-0.104599876352431
-4.06215789288758,1.57943609722115,-0.337921030765164
-4.28663073790959,2.37591138370606,-0.732599134624064
-4.75545141460025,3.24852720936145,-1.34267610826591
-5.52251589556491,4.22867396447629,-2.2633151234015
-6.64390726982254,5.28840520727109,-3.65725772304979
-8.08438977716379,6.22425297550026,-5.75921791679605
-9.4381409440681,6.40368400471622,-8.71343580671837
-9.55438333967289,4.62794523553564,-11.9418412714958
-7.35873067147138,0.309515430586807,-13.6716056137727
-4.21150208556198,-4.78073505653928,-12.9016494048929
-2.62186826731923,-8.38826789717001,-10.6809398677711
-3.03133016231953,-9.80853458044217,-8.05346544016394
-4.23998776988813,-9.43961567636372,-5.60984654650639
-5.14466218675316,-8.08740082276622,-3.73204146280718
-5.39385477594417,-6.42166340004809,-2.43766452522837
-5.12511084256106,-4.8096148413326,-1.5339161960231
-4.60555223716102,-3.40870415559318,-0.855085889757809
-4.05327969011552,-2.26602532056084,-0.326448743170787
-3.59322556085282,-1.36680548641081,0.075573753156347
-3.27311963769855,-0.666773259437932,0.360447781957544
-3.09556046880202,-0.109580660062073,0.538544902224172
-3.04650638155515,0.360198418940445,0.618835486469043
-3.10901080917335,0.794365495216955,0.606587541833026
-3.27430542256097,1.23914162003264,0.497926543009765
-3.5456066981668,1.7378514727939,0.277621199910161
-3.94262812312783,2.33299968060035,-0.0853790949247374
-4.50747027335869,3.06692200810552,-0.646813185378263
-5.30792446966676,3.97321671441632,-1.50097641115704
-6.43335830522665,5.0485586835005,-2.81074332432093
-7.93273506935567,6.15357951546991,-4.83448566497521
-9.57114886243437,6.74972161324878,-7.84834238079696
-10.2974792382267,5.53613002560667,-11.578394514536
-8.53417028650966,1.24339174302081,-14.2182164832036
-5.18247936709804,-4.69721302430946,-13.9867875282307
-3.55445711321598,-9.25888760994342,-11.7632867865515
-4.60244827946738,-11.161604438079,-9.00164490437794
-6.66357085655167,-10.8292953214869,-6.75481275591836
-8.09051311492769,-9.33720635587826,-5.64261189043322
-8.35470427820499,-7.54091742097367,-5.40214166458852
-7.67368799105081,-5.8748599255496,-5.36965643601745
-6.47166275960095,-4.46094781446806,-5.11139037633992
-5.10811860845246,-3.26625237403521,-4.55984505078959
-3.81436122771496,-2.24793832237678,-3.85018093449074
-2.71370880677505,-1.39695898132441,-3.14887061498439
-1.84792301373084,-0.714853660908073,-2.56573726245525
-1.20619361140006,-0.191053052573857,-2.14244801103851
-0.748900491384082,0.200953745555158,-1.8728793771914
-0.430678578024439,0.492507941870484,-1.73097648286079
-0.210316695773939,0.712456331899626,-1.68673626798334
-0.0553180236456379,0.882818074058808,-1.71454220419892
0.0586089641482637,1.01844964426115,-1.79496568561
0.149463783019587,1.12803127880097,-1.91422643757351
0.23113274686365,1.21538447857842,-2.06289236448369
0.31524128460117,1.28038080607158,-2.23492535273709
0.412833683383943,1.31971431991428,-2.42674340825515
0.535913203407349,1.3268477219577,-2.63709718351161
0.698265790893209,1.29233248127227,-2.86696806761535
0.916848096658265,1.20276482205863,-3.12064463578851
1.21234487720814,1.03999573155192,-3.40712850183671
1.61164307932777,0.777239012865701,-3.74380036584957
2.14653335054388,0.376134206856793,-4.16067026649992
2.85173047378389,-0.220928968508436,-4.70678423052423
3.76006448055402,-1.1104984748677,-5.46067764215505
4.86961754079683,-2.45187960935882,-6.52615064295108
6.05176585048895,-4.5028060211511,-7.98167415909399
6.78737837228445,-7.56638247219173,-9.64734330131004
5.75320703754884,-11.4502235135799,-10.5149654458535
1.48864374387831,-14.3689102226363,-8.87871458387549
-4.71364921561127,-14.3128319428796,-5.47286502654784
-9.58482175589665,-12.0956534087771,-3.86585142537316
-11.6485390233895,-9.32411267731105,-5.1886994798844
-11.3611983182437,-7.26512524947796,-7.60550680289507
-9.94241280241294,-6.64764405902791,-9.28757423253012
-8.39888185465006,-7.0652289186576,-9.68477323145051
-7.25272694647732,-7.61744972927651,-9.09027581642547
-6.53607806258263,-7.71385078891893,-7.98911969251154
-5.9879482224696,-7.22836256017585,-6.72595760852535
-5.36026629746465,-6.30176092142672,-5.46069333669967
-4.57716594890072,-5.15256119869097,-4.25090225935637
-3.71016528813935,-3.97985641594958,-3.13715020253512
-2.88149275662692,-2.92750801505383,-2.1669030802146
-2.18470431811533,-2.07101720118627,-1.37409768427821
-1.65766586865467,-1.42532045561356,-0.761837354555209
-1.29411677483739,-0.967057418028206,-0.306652169937446
-1.06570419349637,-0.657063278593443,0.0275548556903379
-0.93933025376706,-0.455953508682057,0.277093456244524
-0.887044110178163,-0.332397258284568,0.471425748911005
-0.887333304373616,-0.263275777107634,0.632865688385776
-0.925135010479813,-0.233164549319945,0.777151148592683
-0.990286489647547,-0.232507869646581,0.915137552606353
-1.07622301309037,-0.256253149556329,1.05436189033469
-1.17849549120973,-0.302314926002513,1.20022622626599
-1.29435861612007,-0.371320492444576,1.35695889618087
-1.42195311512104,-0.465651412273934,1.52806457618579
-1.56053721169646,-0.590275657464813,1.71737686983179
-1.71001765587524,-0.751411753353932,1.92865765370996
-1.87180102593801,-0.957952641508264,2.16668922763343
-2.04962833726836,-1.22201755595455,2.43767868341381
-2.25089574975305,-1.55863401995363,2.7489934354684
-2.48946000446535,-1.98704977559235,3.10951991213358
-2.78949016446186,-2.53047393993799,3.52851545110502
-3.19280841576786,-3.21647470991005,4.01326513443501
-3.76573661469722,-4.06912023679682,4.5593165239477
-4.60575968433615,-5.092848840742,5.12967406034892
-5.8287649117268,-6.22620137105257,5.60714215429921
-7.48916102170942,-7.24510099122141,5.71625166281075
-9.37285609119822,-7.65363164077143,4.99031741694465
-10.7979382644442,-6.84559759059189,3.06110858630452
-11.0133189157262,-4.78166768708492,0.260012157872748
-10.0529769292621,-2.30186550385552,-2.47031767168892
-8.59452976387171,-0.291690406049352,-4.50078684769876
-7.14659850992557,0.93909700549714,-5.77518803919102
-5.83618347865802,1.49050549735938,-6.44891511830166
-4.62057308014581,1.58140191648733,-6.66906029086638
-3.4529312757973,1.41636688729069,-6.56284021554252
-2.32322614479822,1.13406921838558,-6.25547397555808
-1.23800784809707,0.800525921900918,-5.87172387740806
-0.196562350086175,0.422631096694019,-5.52083336440197
0.819186167418147,-0.0288905340182795,-5.29083970696722
1.84139082206318,-0.605220034058407,-5.25481290196733
2.90512528500989,-1.37701282919055,-5.48063630220902
4.02652248188072,-2.44694980749049,-6.03747762739462
5.15338535419964,-3.97099517677999,-6.9747029391919
6.04329637667381,-6.14696632096537,-8.21483948582181
6.04415954149086,-9.01956628162863,-9.27864030529224
4.10988721413116,-11.8933148710585,-9.04601160772064
0.0150523286015698,-13.1751715783114,-6.73901608886445
-4.5086528980356,-12.2441421782249,-3.7258433518996
-7.65311447933788,-10.1206464825022,-2.04219623666514
-8.93978985718674,-7.66441608057313,-2.02396106495482
-8.71181731717725,-5.27674567376036,-2.7822763368258
-7.62216159466394,-3.23342403701143,-3.47250795622433
-6.26554400748966,-1.6289127752409,-3.79287778873604
-5.00089823463152,-0.407564914407264,-3.81278799875289
-3.98382511729499,0.527127871791477,-3.69909060944894
-3.25224497743818,1.25526822629145,-3.57864693415415
-2.78723220327097,1.83794485632054,-3.51593420310779
-2.55105677757743,2.32125724301421,-3.53133724424307
-2.50598557440346,2.73996020610151,-3.62480077677708
-2.62037775077461,3.11940547179986,-3.79143766615569
-2.87049522064067,3.47560307455921,-4.0308019527911
-3.23570756314937,3.81447673182363,-4.35002398793929
-3.6921048330379,4.1284538390013,-4.76376022540981
-4.20204767520094,4.39080761895433,-5.28889316526883
-4.69938765331106,4.54700897104762,-5.93277575444666
-5.07524090571548,4.51444739529122,-6.66590742823675
-5.17796811609656,4.19639060136785,-7.39449200708487
-4.85710047448958,3.53660281668996,-7.9534885248706
-4.04515355242584,2.58074812483731,-8.168141311202
-2.82266795478677,1.4801519767281,-7.97341878641578
-1.37350299167068,0.391972530752854,-7.47721274012415
0.123702645314655,-0.622591549021266,-6.90057833152461
1.56064093055249,-1.61166040030902,-6.46930075063868
2.88962770486204,-2.68120724071886,-6.3410540236987
4.06469600688116,-3.95506218852628,-6.58844382997813
4.96656575327487,-5.54522436081512,-7.15661897809089
5.31010920691296,-7.48004400231281,-7.77882622307883
4.63403818198639,-9.50043004541913,-7.88201940458178
2.64534721727734,-10.894012601796,-6.8163554215099
-0.181011793165559,-10.978148329609,-4.60221926551167
-2.84415927589296,-9.91337475601873,-2.12478536561613
-4.7615188881032,-8.41110480393155,-0.209146850019189
-5.91728978878958,-6.94094021653621,0.916324449023776
-6.47732518191021,-5.60663953931989,1.39269266045198
-6.6011061770086,-4.36970347168233,1.45295528446617
-6.42697969390296,-3.19500705537962,1.2926911564135
-6.08782289505649,-2.07593228431818,1.03400271104697
-5.70524362022042,-1.01409378282207,0.726270638912408
-5.38022627975598,-0.000368182922233801,0.366598324196066
-5.19182189850678,0.990818559222672,-0.0782110885855828
-5.20553102734221,1.996174726739,-0.659649196261979
-5.48682452075255,3.05206043560859,-1.45021757984883
-6.10430999045512,4.17175161646058,-2.55766355885148
-7.10265896692245,5.29077257888731,-4.14650082717834
-8.38032535244311,6.13247380518437,-6.41792067915275
-9.39076203609649,5.97864644184169,-9.37769779693549
-8.94642593752461,3.75670297376773,-12.2025322165729
-6.42935220963716,-0.565867551479447,-13.2485045655572
-3.4784980884289,-5.06886984784018,-12.1077266442269
-2.0503833252214,-8.03530599453582,-9.88888611300006
-2.25339869572787,-9.10677094963636,-7.39403182110066
-3.09826976865229,-8.70102262032841,-5.02442013290106
-3.77101252806488,-7.50560666052779,-3.04995301168596
-4.03186957512653,-6.09856299077919,-1.53228424711934
-3.98675580663585,-4.80907883752024,-0.390093356887115
-3.81307392746251,-3.77248274541745,0.478718431916296
-3.63884584375168,-3.01523254080721,1.15254315917336
-3.52633536891201,-2.51436181878212,1.68708036231577
-3.49308883143588,-2.23019827279509,2.12422094948653
-3.5346628149874,-2.12249649873249,2.49652851671585
-3.64107788121252,-2.15922847834708,2.8283132214127
-3.80473469629295,-2.31679312831848,3.13711585761541
-4.02383668529861,-2.5777753618297,3.43406442616819
-4.30441318510678,-2.92892685665076,3.72302165850463
-4.65843343523537,-3.35400534358525,3.99851274011904
-5.1013836726504,-3.82760411528217,4.24129949832795
-5.6432596469931,-4.3037442496651,4.41260477735176
-6.27198204065967,-4.70474507599171,4.45083594637419
-6.93152027328913,-4.91621254479712,4.27738345182694
-7.50701790581849,-4.80662555445641,3.82680492764141
-7.8483342146266,-4.27929888035502,3.09409308276437
-7.84898003035449,-3.33896105064744,2.16554396607632
-7.5267412820464,-2.09945743924666,1.17519523753051
-7.02750260015712,-0.71777187211124,0.216202614560024
-6.55255962286786,0.683226628589569,-0.709218134158211
-6.2842682397229,2.03943178933161,-1.67445922164265
-6.34765009810745,3.31941508567266,-2.79022985541573
-6.79186622037371,4.46565805745616,-4.18424845914733
-7.52999963702262,5.30623923161705,-5.97683118672635
-8.20115625255837,5.44562943033187,-8.16363968793436
-8.08018368079354,4.30560034165786,-10.3258485209742
-6.52787684314075,1.69200187341701,-11.5286630115868
-3.95341072629537,-1.55124689912501,-11.1783197472477
-1.55492563357509,-4.26512463008604,-9.76071963356376
-0.0548045088004956,-5.98778292820445,-8.04264348712749
0.566427933730857,-6.80341866824861,-6.36164270776005
0.629597615148231,-6.93381188926642,-4.76993548713242
0.442594788378066,-6.62335006672452,-3.27709119619625
0.181133317158684,-6.10594242728507,-1.9054585611597
-0.103668876659595,-5.57621816620599,-0.664992061558378
-0.433267604371724,-5.16998799551982,0.462604314172866
-0.858012178749964,-4.97472679323957,1.51710259780483
-1.4395837954511,-5.04934586604422,2.54752255422812
-2.25610727179703,-5.44220591482644,3.59278446085146
-3.42372389354305,-6.19417685321345,4.65133312606367
-5.10482343628034,-7.28572084612081,5.61145336256767
-7.44072832637325,-8.4813731355453,6.10271446728498
-10.2153736742918,-9.05357769781163,5.34405264752538
-12.3463288039256,-7.93451882825843,2.57425297165684
-12.5573993729798,-5.17945587980907,-1.58772271577899
-11.0743346106185,-2.53642570504091,-5.33183955701928
-8.92453829483409,-1.29662577022448,-7.59615619468701
-6.64195291751989,-1.31191749768309,-8.33248085093863
-4.45748267270148,-1.83509851251904,-7.94302554447109
-2.53967609611142,-2.31643374935156,-6.9725332736394
-0.956069646170874,-2.59893120586597,-5.88370593921237
0.320722440237824,-2.75150758025677,-4.95593645303124
1.35556871824585,-2.88580349819936,-4.31185801934699
2.21843750443932,-3.08181470908841,-3.97911009390647
2.96648795590046,-3.38532936956062,-3.94483898708993
3.63755432155843,-3.82780683686671,-4.18029694901894
4.2406944631398,-4.443701373123,-4.64641843764247
4.73965844224505,-5.27542288583642,-5.27944401440819
5.02851587989692,-6.34757099692732,-5.95152072677072
4.91456294557831,-7.60003902775647,-6.42492951869609
4.17297264361857,-8.78997047346079,-6.35391024680231
2.74751963107085,-9.50382570764378,-5.45974939972135
0.923196887506846,-9.43917109368082,-3.80786782478166
-0.849290293688085,-8.71355051894571,-1.82046915775214
-2.32321223919871,-7.74790680525707,0.0654758550537724
-3.52619929728845,-6.91861857535245,1.62277995172189
-4.58902743367859,-6.38869567308471,2.78963196557144
-5.60695447900622,-6.1289980461043,3.55047441121237
-6.59227437559887,-5.97806554182163,3.87672147517924
-7.46067616025231,-5.7047963795897,3.7303860674398
-8.05063596973425,-5.09501559296302,3.12149247858247
-8.2109439274247,-4.05976814439329,2.17003596766742
-7.92675839854509,-2.6858283254637,1.08249326282742
-7.36020192226867,-1.16026289745271,0.0306048582442642
-6.75849773000486,0.354057027708824,-0.939384963422122
-6.34125446416966,1.77194355663265,-1.89071270978232
-6.25062480611941,3.05951671744907,-2.93461416801958
-6.53240583543555,4.17674438239394,-4.18972641783898
-7.10762860245088,5.00079089407963,-5.75687944891595
-7.68581400085817,5.24564887946315,-7.64061111458935
-7.69630276468928,4.47804043868681,-9.55118062222853
-6.55341414997458,2.47753092098507,-10.7899058153247
-4.34768427301988,-0.24401815012274,-10.7626746408221
-1.92779877792893,-2.76053269840817,-9.68584387379653
-0.0375078099396527,-4.57856550841312,-8.24170113026777
1.11802384126764,-5.71291025057863,-6.8656033012173
1.65245057151771,-6.32124230858662,-5.64617053158272
1.76469580045899,-6.53867449452054,-4.52864455012403
1.63062571040323,-6.46983289730298,-3.45845945047016
1.37335721294288,-6.21633366838308,-2.41605765478919
1.0559224083715,-5.88037320196443,-1.40213080490061
0.691090590180912,-5.55674544253409,-0.415465797580841
0.257011234743588,-5.3265856453609,0.558463072160436
-0.290342234401516,-5.26010365371847,1.54783265667218
-1.01395874739454,-5.42454930943904,2.58632871866316
-2.00851058357442,-5.89510088547891,3.69713458788721
-3.41516802064317,-6.73703506901744,4.85269417675339
-5.43601202695498,-7.93630245431988,5.8768852046421
-8.20752528675734,-9.16140202814741,6.23622076461553
-11.3017549731733,-9.421933161128,4.89150877808907
-13.2096743082055,-7.59696341858751,1.16725212824443
-12.7895190587059,-4.49916358605947,-3.6033183725204
-10.8182848375908,-2.41427053173332,-7.28771542789496
-8.34272854760309,-2.17214038541572,-9.039891195342
-5.87180284399716,-2.96831476059211,-9.072742046521
-3.74525610810948,-3.792527217149,-8.04575038588876
-2.09918238901545,-4.19716406866131,-6.62156029700844
-0.872336263770616,-4.20956549929168,-5.22047106580953
0.0491531320170605,-4.01514240508571,-4.0358194265168
0.755069581006177,-3.77592153840721,-3.12452345497221
1.30545424097047,-3.58282253989898,-2.47607750316835
1.74261109287898,-3.46960191647806,-2.05393612505575
2.10003432490661,-3.4366206425221,-1.81391959689108
2.40322461113578,-3.47170363233095,-1.71825782715394
2.67168421189676,-3.56068510773477,-1.73749412100318
2.9198641708653,-3.69238051273737,-1.85012758930383
3.15768051753457,-3.86118543436541,-2.04248184636267
3.39116130762553,-4.06649690593193,-2.30423038185275
3.62170901825654,-4.31336359268097,-2.62750482232566
3.84464093555177,-4.61110484759325,-3.00224431077983
4.04679509239369,-4.97036019059425,-3.41132923856104
4.20225342658269,-5.39995020532294,-3.82487417460143
4.27149244667914,-5.89490235336526,-4.19265514022319
4.20114278125789,-6.42602324875618,-4.43933969124715
3.93950616474362,-6.92674271576173,-4.47215626073684
3.46085362481559,-7.29832156751915,-4.20481340693837
2.79221382239002,-7.44440079973529,-3.59844251521967
2.00993354123462,-7.3266598894455,-2.68862886604322
1.19593660801552,-6.99784303456909,-1.56846946019634
0.387884075692274,-6.58505738473029,-0.340425700909585
-0.439320560993125,-6.24375028293267,0.924143777830702
-1.35902097602363,-6.11472609483765,2.19210364878299
-2.47842814804215,-6.3113982851143,3.44489306045951
-3.93395765415242,-6.89439106312522,4.62555327135188
-5.87420719499195,-7.79678756020352,5.54240242348628
-8.33034771699429,-8.64231712349522,5.72048176569716
-10.8301169240894,-8.57682228284266,4.40624709343594
-12.2066182698249,-6.8248933055371,1.30510514953132
-11.7413597413374,-4.01192512263999,-2.49073001571718
-10.0746470347481,-1.70078776675165,-5.51111410943386
-8.05126598717694,-0.628998385761316,-7.20757816761474
-6.00402876652296,-0.528492789455601,-7.70398240370837
-4.05551805336284,-0.842500933137861,-7.35886553182475
-2.30281826447645,-1.1950293949796,-6.58970487746187
-0.793801318031836,-1.47480701192137,-5.75057898099874
0.486269037672059,-1.72298700070886,-5.06829784116256
1.58693123996034,-2.01827127245638,-4.65823989725881
2.56931405263847,-2.42910116551734,-4.56333543200626
3.48191836991387,-3.01597721315345,-4.79586101433738
4.34114768081518,-3.84895127107515,-5.34779384838301
5.09530506551959,-5.01980870671405,-6.17208856272676
5.55934065859792,-6.60869577282099,-7.1082175187802
5.34420561114425,-8.5407516952591,-7.75748303583831
3.97168211897072,-10.3295179313492,-7.46874166892955
1.42890515323459,-11.1404825968471,-5.83616033858876
-1.47350309262971,-10.6073430082718,-3.37320193785488
-3.84669550120246,-9.25180850000901,-1.0894554164207
-5.41492397037747,-7.73526170671244,0.451494626629907
-6.28991533488959,-6.33020775184159,1.23463010886156
-6.63833024892567,-5.0419455791088,1.46849109757471
-6.60639618254423,-3.82286115274614,1.38220686010791
-6.33028343952681,-2.65481320862354,1.14290575905539
-5.94476134696564,-1.5414469598365,0.839825193678355
-5.56760876459658,-0.483401228663448,0.494271142879104
-5.29276714528631,0.53507561106708,0.0848832926850113
-5.19454459338967,1.54539093638932,-0.43356743324894
-5.33845381700162,2.58537597389328,-1.12397299193358
-5.79305450034926,3.68228727211029,-2.07733433426368
-6.61726493010898,4.81497164213623,-3.42962717456047
-7.79385101280821,5.82242672349899,-5.37298471304552
-9.01275091572403,6.20950529901695,-8.04534489919904
-9.34393479686475,4.99785333289401,-11.0684089221799
-7.66919695946793,1.48532427006927,-13.0275905509797
-4.62056006359056,-3.15728374020669,-12.7392060152473
-2.38129759360947,-6.85990779768791,-10.8678984168822
-1.90316992946284,-8.73107688233329,-8.46124256601656
-2.53229871237219,-8.92023645316072,-6.01428331487547
-3.30681492116054,-8.02894295242156,-3.84069671488566
-3.74945451136307,-6.70315472835249,-2.09932650318313
-3.8455491196852,-5.38022847346864,-0.768837371857575
-3.75397826005881,-4.27194709334977,0.244401377944332
-3.62147830774234,-3.44475030804225,1.02831618683156
-3.53171718929888,-2.89282379340868,1.64923837643417
-3.5166938339768,-2.58197738711408,2.15713963860565
-3.58083284317525,-2.47353576012188,2.589967767431
-3.71878440823024,-2.53255913644768,2.97631915614706
-3.92759342356775,-2.73330752866924,3.33528498154328
-4.21106005775386,-3.05506753633662,3.67678491138445
-4.58083535992955,-3.47675980434589,3.9992210293091
-5.05378814509004,-3.96870126518529,4.28481896451296
-5.64378553672173,-4.47955898631055,4.49182736702754
-6.34012968174158,-4.92062851772941,4.55000173034064
-7.08058093618906,-5.15867227566492,4.36612914476294
-7.72927027108267,-5.03548215002035,3.85875929468496
-8.10529768122533,-4.43836221381881,3.02427121066262
-8.08503393508071,-3.38289035411121,1.97407523546512
-7.70012126179464,-2.0163742945855,0.874919623170656
-7.13369638539601,-0.529888256947248,-0.164271542645705
-6.61876564030829,0.936806301321946,-1.14883694076265
-6.34756657911824,2.31509476140046,-2.16565039774485
-6.43116471737486,3.56773907045184,-3.33342810120237
-6.88014183692932,4.61928981526326,-4.77402265615769
-7.53974127739937,5.26689446605891,-6.57234478724559
-7.97376323709686,5.1098961462366,-8.63185003305906
-7.49030462394218,3.6955118243945,-10.4322900588052
-5.70925184272284,1.10503104706781,-11.1523314296881
-3.20658838187573,-1.77167427274425,-10.5188539786621
-0.97598694959502,-4.06587366608686,-9.11597525091007
0.484342338972483,-5.54548947447888,-7.58557201164862
1.20260957946613,-6.3384645211021,-6.17147916962191
1.40158313354313,-6.61652198565186,-4.87364538546163
1.30820263159079,-6.53267127262769,-3.6507716295886
1.07913132482973,-6.22901875592319,-2.48878045217769
0.791006333250483,-5.83850806710844,-1.38971347910792
0.457090032528709,-5.47403998598422,-0.349657095140418
0.0524150251184173,-5.22379878834921,0.652232984204173
-0.468566514316496,-5.15619771999995,1.65070286115443
-1.17075565102344,-5.33603418440466,2.68501726865961
-2.14577357937503,-5.82895671972968,3.78090297479245
-3.53660763303502,-6.69444417045806,4.91174797132971
-5.5394483694911,-7.90393531177826,5.89906450451077
-8.27967840515084,-9.11156683479351,6.20805354165184
-11.3087421421547,-9.32926489131773,4.8218223642719
-13.1340319105806,-7.48276177796207,1.11845346086817
-12.6760936405421,-4.4073860102205,-3.56146419037532
-10.718234739341,-2.31647260001124,-7.16136616563428
-8.2761740677408,-2.00746277307258,-8.88413639990841
-5.82885322849939,-2.72261138881389,-8.94015426380931
-3.69204218100415,-3.50127928324433,-7.96273883447054
-2.00570710655287,-3.90947605643687,-6.59544047567799
-0.728882384701716,-3.96363858794039,-5.25550011251819
0.238915504287017,-3.83357976007231,-4.13839442999458
0.985951901497553,-3.66774773985844,-3.30057298141407
1.57521079702859,-3.54810250020124,-2.73250099897903
2.05391013266426,-3.50456222406358,-2.39814922444168
2.45856881923413,-3.53844415130299,-2.25633649256615
2.81618248329226,-3.6422534648915,-2.27365420181498
3.14665020478958,-3.80858577642673,-2.42321778177216
3.46224455519862,-4.03639670430908,-2.68622987608219
3.7671592524571,-4.33203197251563,-3.04667660958069
4.05473587363346,-4.70880992395854,-3.48605746037402
4.3026792083065,-5.18269308286436,-3.974424352007
4.46660363165464,-5.76242143497262,-4.4586124059963
4.47620659853403,-6.43003707359136,-4.84899787675058
4.24655683584984,-7.11493561278627,-5.01748997568965
3.71499748402611,-7.68314405821987,-4.82482833014348
2.89557066704177,-7.97477454363992,-4.18533185792288
1.89914773198852,-7.89734594235467,-3.13158732216928
0.870365575661705,-7.50235487934622,-1.80501710201262
-0.108891404654173,-6.96763025455747,-0.37314964283314
-1.05719291850763,-6.5066512714168,1.04676319261652
-2.06264319638757,-6.29506316725964,2.39864740338295
-3.24285330683034,-6.43951581189608,3.64849475490268
-4.72506651154504,-6.95481695448096,4.71654739498429
-6.60434236685269,-7.68585321845181,5.38252755835124
-8.7837656347496,-8.17079794357668,5.20029934838481
-10.6925430404043,-7.65913428610323,3.65836434705976
-11.421886579003,-5.75777921315196,0.85009400957791
-10.7029349478877,-3.16184738113052,-2.21537010718613
-9.1922047672807,-0.970306364518716,-4.59014983896351
-7.54367639749499,0.336569883457796,-6.03804257729002
-5.9812629435466,0.864577832064102,-6.70142903742132
-4.51509192518205,0.91033873104206,-6.788359524944
-3.13859115347416,0.730848160304021,-6.50407760789937
-1.86255283650657,0.472905135427723,-6.04491857190679
-0.691451767506134,0.180579161056706,-5.57443320405763
0.391482193921365,-0.163919585471077,-5.21265227476812
1.42344665049887,-0.605550830382588,-5.0408294940439
2.44990027627836,-1.20453702065152,-5.12116543965681
3.50825758142982,-2.03932776354101,-5.50827602495407
4.59814870537512,-3.22983344134902,-6.25476729307378
5.61009278599552,-4.94725994703745,-7.35761667148499
6.16904519867606,-7.35234166747895,-8.59861571901689
5.45254105604045,-10.2536823511464,-9.24064555359962
2.60612000476852,-12.5314199152003,-8.13839311283046
-1.7581665681728,-12.8000480524977,-5.31927155920671
-5.68755675551911,-11.2721774309322,-2.67438218718808
-8.01216836613482,-9.02916929033909,-1.58353994487709
-8.6776339411524,-6.64294345449917,-1.80770250402136
-8.14376840026302,-4.39748511775375,-2.47696626925367
-7.02204125863521,-2.48749060679459,-2.99813603695717
-5.80110645872881,-0.96282652476009,-3.23659813847529
-4.75487157765971,0.230172206090178,-3.29547267456429
-3.99108470511414,1.17044350355384,-3.30766987461947
-3.52498130752597,1.93054356374539,-3.36019919177677
-3.33260023370628,2.56851674489396,-3.49390993618323
-3.37944502192943,3.12700226041541,-3.72555407986639
-3.63107026382016,3.63209566199895,-4.06708187527224
-4.05132016808945,4.08971159194003,-4.53618154241849
-4.59099418832302,4.47746222774009,-5.15711970182481
-5.16545649476199,4.73193855006966,-5.94643124992347
-5.62807102546562,4.7395191375354,-6.87691483075362
-5.76192336585448,4.35544123711406,-7.82448449331735
-5.34293456148341,3.48956435880214,-8.54660144417518
-4.28827293074196,2.22463967555773,-8.78495775179593
-2.75541597069712,0.813010704260614,-8.46819237238704
-1.03990628079768,-0.508133524238604,-7.79117825562213
0.612689759293064,-1.67139317342421,-7.07252704159381
2.07948172454747,-2.75625890160166,-6.57265418306969
3.30984050581634,-3.88698285626131,-6.41762624937897
4.2434840154533,-5.16736446823873,-6.59255735612808
4.74250870881991,-6.63482490453504,-6.92457188204987
4.57430279694475,-8.174436688761,-7.05790334856828
3.53537918709486,-9.42626140672231,-6.53583913092153
1.74024515584788,-9.91340444665278,-5.12081296704796
-0.296179085063201,-9.48075953681878,-3.08970957410848
-2.07359985777128,-8.48283831938962,-1.00155258681593
-3.44806648498047,-7.41560804257288,0.753538673095513
-4.52136220811601,-6.57063408556193,2.05199659112528
-5.41870949227546,-5.99682778395502,2.89836866117884
-6.19668258808207,-5.59009729876042,3.32533014938658
-6.83433055452776,-5.18547332395452,3.36198421159343
-7.26177764793915,-4.62879359089371,3.05564851786165
-7.40927091901413,-3.83483015031212,2.49165214562483
-7.26533172690743,-2.81144371014983,1.78626245166343
-6.9055494395396,-1.63408339937815,1.04191050668813
-6.47006838853051,-0.390123885613961,0.301968004589034
-6.1132001615988,0.863842403763509,-0.457568281345732
-5.97138383996067,2.10775788099838,-1.30848596268161
-6.14876662158431,3.33551350830257,-2.35137126135646
-6.70703085067553,4.50839468357471,-3.71517805429615
-7.60419869742482,5.46820793242019,-5.55125551190644
-8.52612301938884,5.79592495825482,-7.92729320388787
-8.68747718497638,4.75557675209645,-10.4826795558723
-7.21165235325964,1.89172218463176,-12.1198741093295
-4.46094913099023,-1.91610313901648,-11.9321620437182
-1.98820353829344,-5.12917569294041,-10.3850247997322
-0.72453963684637,-7.04060352797662,-8.38167356452816
-0.514205871989064,-7.70602443588457,-6.32449733683688
-0.801145231453394,-7.46196208286972,-4.34901473776654
-1.16434227156137,-6.72818461635243,-2.55758273151882
-1.45623763074759,-5.87735586997865,-1.00822274123072
-1.70407490492294,-5.15714990156098,0.305638928957546
-1.98615340606872,-4.69836512195605,1.42955887228285
-2.37348961728468,-4.55126877562544,2.42516088200824
-2.92607821287387,-4.73025622539938,3.34401624924438
-3.71141466720549,-5.23125267343889,4.20914534732657
-4.81722782185923,-6.01542729274239,4.98326761915794
-6.32935992461384,-6.94734252740551,5.50949134070304
-8.21342641561724,-7.67576450674199,5.43477976683751
-10.0644481056398,-7.58025436032007,4.27697236036571
-11.0730022945614,-6.16364425759124,1.90441434028149
-10.7423950559453,-3.77758686758752,-0.98883033174164
-9.47791949580763,-1.41160317345195,-3.46839295681126
-7.97044103367638,0.270524478733754,-5.16049712099905
-6.55893602556265,1.18178442176225,-6.14415934330271
-5.27435962688988,1.50563217186845,-6.5854655137562
-4.0656967941656,1.46891798914997,-6.62722991401636
-2.90512308504523,1.25117838143085,-6.40182048577763
-1.79306491006583,0.955706209466596,-6.03889158226653
-0.732733812574778,0.616904402068007,-5.65781235437673
0.286867881457624,0.221727952995101,-5.35651379904716
1.29310189411085,-0.269770416121762,-5.21219285996882
2.32278281106493,-0.916699089103271,-5.29290164218498
3.40724494628269,-1.80132596839452,-5.66608071617556
4.54188202323113,-3.0475557488893,-6.39735051974601
5.61224241567236,-4.83655423875922,-7.50127493118367
6.22338266857548,-7.34637377292921,-8.76921065785986
5.49339701110851,-10.3866700327545,-9.43192211097169
2.49571521407498,-12.7670181406768,-8.27050272674163
-2.0971287923363,-13.0159145928299,-5.35458214451744
-6.16991937873181,-11.3998258180114,-2.76334436572725
-8.48957446183449,-9.05327467019647,-1.90291212625525
-9.02496494554979,-6.57844868626622,-2.38356762849773
-8.31527009475449,-4.31788220853846,-3.19986574918974
-7.03167880975968,-2.47751637944203,-3.73560182482759
-5.67097469030277,-1.06680938806076,-3.89517780136419
-4.49052623406709,0.00363075248332421,-3.82208094652978
-3.58342213083168,0.826417146494232,-3.67640460390792
-2.95568122813214,1.4726262446862,-3.55869745358459
-2.57682127752064,1.99498315746188,-3.51167003390524
-2.40633932253002,2.43396221622123,-3.54350682845816
-2.40891945483255,2.81963686301989,-3.64951078674721
-2.55584347524478,3.17387338812786,-3.82371325157336
-2.82601355730492,3.50995908676685,-4.06601211235049
-3.2008830034767,3.83178158765031,-4.38393392696968
-3.65870628977415,4.13030221598186,-4.7927831049491
-4.16257995824998,4.37834420132469,-5.30837346985333
-4.64816004708604,4.52245339938556,-5.93665859945877
-5.01064070705054,4.48338347538064,-6.64772760711878
-5.10441087774065,4.1688956437618,-7.35032205967603
-4.78715418912171,3.52732650358897,-7.8865012507863
-3.99665892635216,2.60331987975586,-8.09213074838649
-2.80715329671236,1.5382130922601,-7.90527420661672
-1.39141282142924,0.479770608420498,-7.42719835352684
0.0807607455952502,-0.513669462536351,-6.86824628552142
1.5047856742967,-1.48774505327309,-6.44752317831115
2.83422520585595,-2.54595052362873,-6.32329374509707
4.02645353446242,-3.81104443679821,-6.5729644062069
4.96656944186158,-5.40152105099658,-7.15707320696204
5.37112671089415,-7.36231179717516,-7.82574393936394
4.75958992268674,-9.45753699315054,-8.00774383658693
2.78147076254669,-10.9675953484965,-7.00878201914062
-0.124915087911069,-11.1411273338221,-4.79323378823636
-2.90527440610205,-10.0898172333234,-2.27232620191955
-4.90418151809086,-8.54519980752745,-0.33860081916526
-6.08073728478432,-7.00396370985885,0.760975395883158
-6.60487562780691,-5.58245894487877,1.18830323296186
-6.65757450241189,-4.25531835883162,1.2057083882015
-6.40480117557099,-3.00239623820033,1.02327803749204
-6.00353985663816,-1.82586966934382,0.76053119870424
-5.58938824553515,-0.726935034744062,0.455504858503355
-5.26728797504206,0.309768473983329,0.0938177293015401
-5.11353250406095,1.31718556896632,-0.364995107506544
-5.19251884534002,2.33674430528917,-0.979238856299925
-5.56561861229832,3.40386812136118,-1.82787650546448
-6.29406905564692,4.51923841633391,-3.03087153763098
-7.39240013820678,5.57913665897251,-4.76485627910814
-8.66719942155092,6.21280646834202,-7.21058378480776
-9.38918531094495,5.57463284734156,-10.2107657336901
-8.35251678539331,2.72365460975506,-12.6436540539406
-5.50417070199694,-1.79143193268364,-13.0133873886791
-2.8361359260992,-5.90216281510457,-11.4792270762142
-1.83757853767466,-8.3187495491497,-9.1718562135034
-2.22079837910172,-8.9609788449289,-6.7116599309488
-3.00905538654127,-8.33319953256155,-4.43415635500205
-3.56233935682644,-7.09813761603239,-2.55265413658742
-3.75677706458134,-5.76293036276451,-1.09472963251488
-3.72106914650595,-4.59975353865561,0.0176850430594139
-3.6114646901666,-3.71004432547682,0.876130265749128
-3.52782618742778,-3.10411826501113,1.55333808236791
-3.51397240416766,-2.75367652467165,2.10442729422798
-3.58058734504229,-2.62037006464775,2.57139601778529
-3.72530054587748,-2.66786722418049,2.98563909249809
-3.94700978967399,-2.86890723787927,3.36786638871889
-4.25043211856917,-3.19954133504714,3.72856180634101
-4.64878529994613,-3.63569424550276,4.06474005740297
-5.16049566850492,-4.14231548870799,4.3542705587241
-5.79617642295733,-4.657837827984,4.54857695339977
-6.53705226240608,-5.07892222299575,4.56686274165942
-7.3014834883568,-5.25462123524928,4.30788359067877
-7.9288593928498,-5.02000708319657,3.69735724729258
-8.22929377503242,-4.28139572180803,2.75985313060534
-8.10313684507655,-3.09380925020218,1.63938881187009
-7.63227993268049,-1.64041806153877,0.511604655955378
-7.03522828301816,-0.117358956910417,-0.5364812188352
-6.55012697445138,1.34900070533252,-1.53732348407888
-6.3535429822195,2.70058879504301,-2.59340663875596
-6.52663459870343,3.89578354388726,-3.82665666703781
-7.0331072765248,4.83166523199038,-5.35014000535657
-7.64040663987267,5.25866916893011,-7.20556699752924
-7.82707393918665,4.75092113617188,-9.18763337999545
-6.94673971346074,2.98509387688411,-10.6614797510495
-4.89264778467283,0.3074567628462,-10.9231145903589
-2.42503396531847,-2.34536450459898,-10.0034557498326
-0.392812027489976,-4.33458356487663,-8.56903081501788
0.894350472928285,-5.59560899348702,-7.14010819008505
1.51909209640253,-6.28180595486571,-5.86190808190884
1.68345088245324,-6.54049717296126,-4.6969594227918
1.57797500291715,-6.48894499976397,-3.59069482181768
1.33800878736339,-6.23753968772218,-2.52128863888916
1.0339478115427,-5.89427083429621,-1.48860961532668
0.682972859505885,-5.55891317532045,-0.490813866523194
0.265169325469929,-5.31430200638317,0.486866677556354
-0.261731942721932,-5.23040866103152,1.47313275141463
-0.959752955010472,-5.37462919025407,2.50334867415719
-1.91760381920012,-5.81768821877187,3.60327720118519
-3.27276274838867,-6.62810717376298,4.75401968273888
-5.2215068057733,-7.80370508434635,5.80111627652636
-7.92069149989374,-9.05784493742129,6.2560272949512
-11.02755930175,-9.46839312975342,5.11988012403265
-13.1191414265268,-7.85102708542052,1.60359808540216
-12.9088180227348,-4.77609058509456,-3.1625873110436
-11.0316528724393,-2.5229171536159,-7.00333681326358
-8.58048898295003,-2.11759981186537,-8.94036603999296
-6.09464014021933,-2.85638151219642,-9.1149331172721
-3.9238624762227,-3.703170355694,-8.16297555672169
-2.22846946537388,-4.15200210846804,-6.75930412235808
-0.961968393959711,-4.19806886716091,-5.35021847346049
-0.0110455682614332,-4.02139904569906,-4.14647761600652
0.716159747195001,-3.78804591882839,-3.21531587254523
1.28269536481371,-3.5949953464422,-2.55027903355391
1.73280712229623,-3.47970849243259,-2.11575233741596
2.10083234294066,-3.44488732102156,-1.86831803255404
2.4130499650625,-3.47947008405804,-1.77018952549901
2.68990661387781,-3.56931951495165,-1.79067560821504
2.94612040468867,-3.70401650355855,-1.90895255329079
3.19209969478199,-3.87776435217286,-2.10973138721321
3.43370484170165,-4.09106535828243,-2.38328389175357
3.67184542981786,-4.34974577857707,-2.72081902408233
3.90063626005154,-4.6639160018459,-3.11089179250494
4.10427505182148,-5.04557353019453,-3.53422005905595
4.25338510537375,-5.50195000425211,-3.95601246522753
4.30255347162022,-6.02518748116517,-4.31873011457729
4.19414507039933,-6.57739649392258,-4.53835934363275
3.87599020390739,-7.08016053955252,-4.51539828507437
3.33015917299628,-7.42429382856758,-4.16462924430069
2.59973228177585,-7.51546783216983,-3.46194965659194
1.77371163763859,-7.33305189825409,-2.4632766365859
0.933717178334788,-6.95576558953618,-1.27678838100928
0.104815183337108,-6.5298928017296,-0.00680473757998017
-0.753388642382981,-6.21749954193332,1.28104844153076
-1.72635563613638,-6.156659744032,2.55845399976155
-2.92997006045776,-6.44822685368298,3.80081233079821
-4.5063337184746,-7.1235916432706,4.92340938452072
-6.58716936782084,-8.04327695636676,5.66831467316994
-9.09554993285446,-8.69433579508457,5.47148276303587
-11.3393669897044,-8.15426419122424,3.62630926106799
-12.1482263382476,-5.97071127679076,0.227633695511346
-11.2333993208612,-3.17969224663119,-3.37382689388212
-9.43442214013719,-1.18640407646401,-5.97294804878687
-7.43719468093257,-0.382935599774962,-7.29689754241657
-5.46343476364781,-0.386212725996876,-7.55696057454802
-3.6072195620418,-0.695230457476371,-7.11417490405229
-1.94665038226471,-1.01778754168654,-6.35339692396446
-0.512701846597037,-1.28875458808646,-5.58314759564585
0.717733625960276,-1.55808376215639,-4.99473849642596
1.79684965668487,-1.89876154399627,-4.68308689110249
2.78209450388665,-2.37699099165869,-4.68919484658106
3.71622429757479,-3.05772441087008,-5.02636700037142
4.60062902979785,-4.02514331791567,-5.68887434314257
5.3470552531189,-5.38782591509276,-6.61400353413846
5.69243948547302,-7.21493708040408,-7.57719640032247
5.13595299680389,-9.32752600234699,-8.04844025260989
3.20523371293992,-11.0196355932136,-7.29657987864249
0.192388686488003,-11.4019452698409,-5.16590416392309
-2.80972243100989,-10.4325572029979,-2.57700007239002
-5.00492981482896,-8.84991834079486,-0.565212255394322
-6.28176890012995,-7.21319691062075,0.540345177401905
-6.81105987064871,-5.66943333674738,0.918390650290862
-6.80007983070107,-4.21258248383164,0.874441751149142
-6.45519329917825,-2.84217758490598,0.648960465707848
-5.97089321929135,-1.57326093909182,0.365696766063116
-5.50646291380366,-0.408299180552505,0.0512929823818502
-5.17584967184474,0.6735864644996,-0.32225040591911
-5.05654356562997,1.71217648034664,-0.805856992989241
-5.20796231000736,2.7522237487319,-1.46425314577618
-5.68654435632081,3.82416064273315,-2.38702795573175
-6.53234974365654,4.90553687228197,-3.70542321555418
-7.7014366266601,5.83102164820266,-5.59921673311655
-8.8552326630099,6.11166820877847,-8.17447238525294
-9.08416600893128,4.83680578254824,-11.0156489272026
-7.39061961299855,1.43931964143311,-12.7770890879584
-4.41613926037841,-2.93302273748231,-12.4240855675888
-2.13882217202719,-6.41409367570071,-10.6150512030239
-1.44241674020134,-8.23313492693397,-8.32504648065422
-1.81885712147679,-8.5262341628286,-5.98075516903283
-2.44854737811252,-7.80927798265424,-3.82629390158103
-2.88460685468288,-6.66341675270547,-2.0155030947227
-3.07843833920298,-5.51295743755434,-0.568372940953615
-3.14634250771067,-4.58033344124532,0.573308589855926
-3.20591608483079,-3.94349877265574,1.48627778894272
-3.32739852457277,-3.60552435661118,2.23882706472553
-3.544034327395,-3.53980666799627,2.88469449577733
-3.87432306180149,-3.71269418376343,3.4602955083846
-4.33811890929171,-4.0876384247192,3.98111306105962
-4.96295804836298,-4.6172646386166,4.43323519673529
-5.77340386223264,-5.22068761028125,4.75944420302774
-6.75696168121252,-5.75304297207866,4.84487153027946
-7.80328483714898,-5.98365059457146,4.52493810939256
-8.65898539104314,-5.64936804580146,3.67262045766949
-9.01593188361916,-4.61781021409974,2.34285558603485
-8.74806667819908,-3.03568497667302,0.810910392976849
-8.04279074142583,-1.23868348080005,-0.628690193541807
-7.25025352188213,0.480690562270753,-1.86992688569616
-6.6610887673724,1.97392099751368,-2.98339169669975
-6.40727233805451,3.18801816657548,-4.09607429658191
-6.4671741064978,4.07162381043181,-5.30661008108314
-6.66616665890876,4.5160260498809,-6.63944673235562
-6.68387903106157,4.35003057987368,-7.9819271600054
-6.14089497202276,3.44308915131006,-9.03280970870761
-4.85072949918684,1.91842732329776,-9.42574379936845
-3.01567167011813,0.180385841149811,-9.05162934313268
-1.06080021160625,-1.38544376782056,-8.19286270464047
0.688486678572559,-2.66592602246359,-7.27449658277724
2.10097227698658,-3.75244277228946,-6.58649014634468
3.14816218879098,-4.77193909673166,-6.21676914812754
3.81036306704384,-5.7972043835676,-6.09159650265524
4.03849285821948,-6.81547196009045,-6.02291554799694
3.77302990048406,-7.71148413352507,-5.75990396074629
3.02384361453091,-8.29037903934267,-5.08477746796895
1.93665118194887,-8.38732349544379,-3.93514958895442
0.748408905152645,-8.01550506551689,-2.4475253017582
-0.365302579243065,-7.37888268036057,-0.843195246521815
-1.37794238855607,-6.75311026366469,0.705868049830486
-2.37178554084365,-6.35858490788991,2.11786645459607
-3.46611159752434,-6.31410901786079,3.35892887268104
-4.77222173194644,-6.62438694640896,4.37456766002461
-6.36094730146752,-7.14933565932886,5.01222978679818
-8.15875453570258,-7.52687476816619,4.97236442405497
-9.77615230278271,-7.19086313763562,3.9042277712369
-10.5601897810762,-5.75200819298783,1.81307081744363
-10.1865874372032,-3.51663074271536,-0.673262107098103
-9.0419106175818,-1.2558938062899,-2.82241820992395
-7.73238280116708,0.496755290622675,-4.37000259888131
-6.58203532097602,1.62321302531341,-5.40689844670256
-5.62449508823847,2.20674641482861,-6.07288130026689
-4.77112134764853,2.37984842807056,-6.45154681576328
-3.93014604614845,2.27187695157718,-6.58508270901972
-3.05309575776246,1.99324714613741,-6.51193211717259
-2.13314077412248,1.62425058873,-6.28863369641942
-1.18344209236067,1.20713523691072,-5.99189707778406
-0.214345979452154,0.745260685431874,-5.70523761294803
0.778084787687807,0.210842113269344,-5.51100625285684
1.81204007177748,-0.447228777458286,-5.48771668303205
2.91039530998261,-1.30490458072705,-5.71620771824985
4.07637025539473,-2.47322326277443,-6.27813999914148
5.23635121626736,-4.11985564825191,-7.22886998949716
6.10065739617129,-6.44458253945929,-8.46817791058362
5.93334904212227,-9.44157973542718,-9.43614235943187
3.66063127769845,-12.2604109872186,-8.93025302393214
-0.7004706506209,-13.2561767717283,-6.36715420501763
-5.19013350495613,-12.0731351434997,-3.43546655934353
-8.11258670767979,-9.83545170937971,-2.0643941349426
-9.13498206257311,-7.33413642509539,-2.31150374326206
-8.69151160469293,-4.97128049801694,-3.16938138709624
-7.47458974372371,-3.01418585154381,-3.83375876089779
-6.05791041575374,-1.51616497423065,-4.07896818146711
-4.7640600824209,-0.391227900804278,-4.01802000165302
-3.72373757357917,0.464109812155823,-3.83070871119585
-2.96174929253059,1.12689681698842,-3.64487713555267
-2.45360724217555,1.65197537716882,-3.52207732399536
-2.16001404521388,2.07986547922648,-3.47941712217173
-2.03973201440294,2.44281019712341,-3.51139340091059
-2.06071361707837,2.7647020597236,-3.60712858316722
-2.19909639968199,3.06314632343503,-3.75766516197807
-2.43763581216765,3.34981785495629,-3.95950814104431
-2.76434234157398,3.63000095403,-4.21681372943711
-3.16548755628696,3.9011284403408,-4.53961634675357
-3.62107982206788,4.1491580983856,-4.94258762461509
-4.09501804915442,4.34362422439424,-5.43818184078597
-4.5242228060775,4.43257099529524,-6.02440464193493
-4.81143270193189,4.34535628017364,-6.66434323577345
-4.83135712780683,4.0093173590986,-7.26797545109258
-4.47228717948253,3.39404601973212,-7.69799107290472
-3.69817577878138,2.55019628092492,-7.82766108582096
-2.58080080442334,1.59586860414111,-7.6234520618719
-1.26303899610375,0.643002494035551,-7.18309039572536
0.119258701143677,-0.272420301927924,-6.68897975648695
1.48369151221797,-1.19735120578211,-6.33159863515342
2.79324313743721,-2.22979353325552,-6.2596787590179
4.01143239185677,-3.49171918596389,-6.55897418208019
5.02789554871296,-5.11543644261831,-7.21647106270211
5.54964049178417,-7.18136174118584,-8.01270118481628
5.02538152667829,-9.49389496126045,-8.36100646209783
2.96213283094455,-11.2801324915968,-7.44862903028928
-0.247479532775417,-11.608926595887,-5.14780332256589
-3.36374615844778,-10.5195958847224,-2.51570367180879
-5.54909331191977,-8.82169268828447,-0.625964933673697
-6.71134929305934,-7.05823495768865,0.277363618289835
-7.05084460713436,-5.36707785908187,0.471843448878691
-6.82840958285857,-3.77197488566228,0.319623439667329
-6.31028385718342,-2.3026405955997,0.0605443458525465
-5.72660619368636,-0.979601258623576,-0.216932881158716
-5.2436530562796,0.2056258772722,-0.522378590700498
-4.96396786548082,1.29108355389311,-0.904705039655755
-4.95111805350725,2.32654805580606,-1.42442090287244
-5.25197639515796,3.35696880915515,-2.15392162950895
-5.90332062687317,4.39605081139332,-3.19353101688967
-6.90226624593442,5.3721730260385,-4.68883441806256
-8.08681236134342,6.00894343908992,-6.79297463199701
-8.89168783154292,5.66190507483743,-9.42737819236013
-8.30108992530817,3.51176285242998,-11.784666604377
-5.9176228786522,-0.292541159482282,-12.5310319218651
-3.07926286356981,-4.16854355126303,-11.4384994662994
-1.33193179908176,-6.81381362277377,-9.46064130719743
-0.917220815399127,-7.98109442013988,-7.27177781245317
-1.24398440200269,-7.95427843169833,-5.11315835992846
-1.71168806053197,-7.21145892614632,-3.14041089610814
-2.05551999081021,-6.22025739706594,-1.45189703255656
-2.27779798282075,-5.30865959115941,-0.0560650825809502
-2.47256595500726,-4.6461784938258,1.09455658508659
-2.72583451364864,-4.29461038900862,2.06538267102813
-3.09538286799687,-4.26002403035418,2.91680658318254
-3.62604293662528,-4.52543114260695,3.68954271197127
-4.36865565687699,-5.05763200880539,4.38980128489111
-5.38391627520132,-5.78506534070937,4.96341417353971
-6.70410969251502,-6.54169305212944,5.2563841062464
-8.22800505154606,-6.99797662463261,4.98926630167857
-9.57734054554809,-6.6926463829625,3.87084891638395
-10.187061504419,-5.35385727790045,1.93021328638048
-9.80265308969001,-3.27630878315084,-0.310972015115181
-8.76575097396659,-1.11155358860345,-2.27346825569187
-7.61377388462172,0.671991335618385,-3.76081565393681
-6.65948987996882,1.93214679510224,-4.86792124365634
-5.94576235521488,2.68912146197932,-5.72198899103292
-5.36497040970011,3.00726277681274,-6.38137216622579
-4.77180188135221,2.95924504934053,-6.83726299999558
-4.0561149482665,2.63178953529943,-7.05477511419852
-3.1776347490055,2.12641779316003,-7.0206288436617
-2.16123890827246,1.5380187740686,-6.77617952595317
-1.06125858899442,0.923435179418067,-6.41572377162404
0.0758475232827467,0.286849387648481,-6.06031107331612
1.23029092301512,-0.412835329001693,-5.82936050499885
2.40455673913626,-1.24972530056124,-5.83134741097027
3.60022790880064,-2.32528347160757,-6.15722705181711
4.77076468600942,-3.77903499127923,-6.86671118683131
5.72074806263471,-5.782257603036,-7.90760379955656
5.93129739485672,-8.39835819231371,-8.90131096282063
4.51867889658309,-11.1347566426562,-8.91077800185326
1.08817311773583,-12.6583792136021,-7.05314547257955
-3.10390751636067,-12.136480375729,-4.10658054763603
-6.34527995216372,-10.308939524891,-1.91392114369272
-8.01154123969596,-8.07781128784457,-1.20182973856585
-8.27169311855372,-5.81210382758882,-1.48024954105672
-7.60747468057442,-3.71467797914319,-2.01906467791147
-6.55332190603553,-1.92092279827789,-2.42117896208195
-5.50585759318763,-0.456766828061464,-2.63935400871801
-4.67973360115854,0.723134879969576,-2.77232474092183
-4.15456676053481,1.68915220878678,-2.92320712683691
-3.93906463319465,2.50713681935807,-3.15700278560309
-4.01367269774112,3.22791008978301,-3.51205843218099
-4.34666086082888,3.88000623476087,-4.02003151198303
-4.89303150088033,4.45775505616123,-4.71981966675881
-5.57046024872403,4.90006501295939,-5.65433821464809
-6.21166905939584,5.06512513872685,-6.82706062140151
-6.52525051547199,4.72827395812032,-8.11689085332868
-6.15152319980188,3.694075648708,-9.1929913838478
-4.91283145312639,2.03213560531694,-9.6273024046375
-3.04711455317097,0.147908431952109,-9.25809504489997
-1.04199556929162,-1.54110103762089,-8.36840781226027
0.731947079189278,-2.90543454286974,-7.40676242836063
2.12793216991583,-4.03749191990119,-6.67147483076297
3.11550308571743,-5.06342168808855,-6.23975951361983
3.68437801172997,-6.04690003258996,-6.01812542693664
3.8069175919394,-6.9608925076641,-5.81203827083338
3.46718887386425,-7.68947320998679,-5.39527809517267
2.72415335212024,-8.07532258591377,-4.6066776532764
1.73795469195881,-8.02574246788758,-3.43504989033472
0.701030316637332,-7.60698433355579,-2.01398012585298
-0.275093170954679,-7.01978073080124,-0.516275795752648
-1.199377311451,-6.49791810574589,0.93721956013013
-2.15931121912407,-6.22602690011899,2.29308084561518
-3.27017027041221,-6.30794938476053,3.52640921630281
-4.65117005094894,-6.75616229970304,4.57490292558035
-6.39186078731961,-7.43192249062981,5.25606145680677
-8.42388194425135,-7.93221564124224,5.19047552804173
-10.2780921062896,-7.5821831352436,3.91296377912164
-11.1340283313552,-5.9322257398397,1.41662172738873
-10.6244267067425,-3.46084216792093,-1.47362186353893
-9.26975431249158,-1.16806453097111,-3.84530401047027
-7.74051543734337,0.381722480665027,-5.40758769877432
-6.31971399835631,1.17356527044345,-6.26868121928109
-5.01978486819332,1.42104986689618,-6.60247643033885
-3.79738251922256,1.35137134004255,-6.55855775333442
-2.63383705303382,1.13122924497702,-6.27885373483799
-1.53066188332445,0.846069255552749,-5.89571217126854
-0.485910466199195,0.516071147367349,-5.52437911704934
0.518557435016929,0.120221038694743,-5.2558892964485
1.51560524228265,-0.384835057306476,-5.16077446739267
2.54432219475616,-1.06140924933415,-5.30419541365639
3.63337864045356,-1.99666107098397,-5.75181513909333
4.76640036357167,-3.32545065306374,-6.56621844962688
5.7932952152688,-5.24028973183177,-7.73990783898895
6.23831558220556,-7.89333227280264,-8.98717461134808
5.12980977053508,-10.9509743494251,-9.40594359722013
1.69240842340849,-13.0270652049268,-7.83210209027244
-2.99418698022294,-12.8485448459855,-4.78661218975965
-6.80677676744069,-11.010875503819,-2.48261916326512
-8.77175680583503,-8.59637981271688,-1.97108381777149
-9.00877945290421,-6.12933012393835,-2.61841430774305
-8.12254003351618,-3.94059622854134,-3.426954489742
-6.77477937376185,-2.19782577394453,-3.88737540024655
-5.41541164509321,-0.875705667716024,-3.97695127556156
-4.26248412995732,0.12541548884986,-3.85951884360106
-3.38692448830202,0.895466323596998,-3.69040259961225
-2.78472934732911,1.50060298333699,-3.56057924144258
-2.4204968146866,1.99016166931284,-3.50496054019355
-2.25387994640551,2.40131024420267,-3.52755607947064
-2.24951882569551,2.76235815116419,-3.6208702051028
-2.38016845698677,3.09396764005516,-3.77714321101908
-2.6261133578798,3.40955001609453,-3.99408172537536
-2.97111407859779,3.71472502678145,-4.27656188469128
-3.39811007545809,4.00491457352664,-4.63702374291739
-3.8800303846335,4.26108003125256,-5.09130131114562
-4.36905616937129,4.44316181611115,-5.6506616060427
-4.78322795919223,4.48589823971544,-6.30341837398384
-5.00189898941917,4.30621534098103,-6.99059353942243
-4.88327218262425,3.8324991194214,-7.58922218749298
-4.3281614829717,3.06270990143141,-7.93968383586032
-3.34454420605831,2.09120565345934,-7.92985739483999
-2.05864321526361,1.06318155768767,-7.58374167468997
-0.638788255978837,0.0764067772838503,-7.06047366911205
0.78645039081288,-0.870220694665994,-6.57317470594103
2.15229493686823,-1.85505545179076,-6.30602056576808
3.42455803856309,-2.99306746401473,-6.3822015073774
4.53928564750689,-4.40999951539383,-6.83520762265434
5.31016963972421,-6.21553753629114,-7.55331705678334
5.33309457902481,-8.37020998930847,-8.14163965785918
4.06777120658881,-10.4071269011436,-7.87572080494409
1.43180650412738,-11.4182626375915,-6.21369159237206
-1.68850361323463,-10.9387459522942,-3.65218448827982
-4.23939814358326,-9.5100860268812,-1.32302812537876
-5.85711922431602,-7.85220573093487,0.147909790104545
-6.64727629585466,-6.2618018555318,0.791836210070662
-6.81685258551611,-4.76944674630702,0.897357951407325
-6.57716678452609,-3.36680634870685,0.741202832270552
-6.12873851336873,-2.06479076618439,0.490451985103832
-5.6455409130446,-0.870641663552236,0.204415694223174
-5.25559948682232,0.228965742802027,-0.127626224187668
-5.0471813944727,1.26846842080928,-0.548795950864524
-5.0826214792559,2.29359448264557,-1.11629469766826
-5.41798787157917,3.34466821198613,-1.90561028954071
-6.10542945573449,4.43034108383417,-3.02724068557751
-7.15685655193331,5.46636079429669,-4.64451718645922
-8.4051489963884,6.13461759490339,-6.9316284677789
-9.21280796589185,5.68646698950612,-9.79092209568213
-8.44048147103767,3.19807114160159,-12.2664223962201
-5.80128944937198,-1.03142880628171,-12.8850135626807
-2.99452792518401,-5.12838683625346,-11.5695646035924
-1.62673213606986,-7.72575773707955,-9.39433478610099
-1.68040175322624,-8.63660456014289,-7.01807925581161
-2.31766041201099,-8.26450658152858,-4.73883371309162
-2.87703184672148,-7.21103063763964,-2.76695204777003
-3.16035865608987,-5.99339501277348,-1.17660451990386
-3.24642255172465,-4.91923564818422,0.0718293261299226
-3.26972507223984,-4.11897213880017,1.0553556132517
-3.32484366553949,-3.61878057693148,1.84855665760512
-3.45871014201365,-3.3996635175487,2.51171019108705
-3.69105575564157,-3.4275257213965,3.0900798482599
-4.03513512315625,-3.66769748831429,3.61165508124218
-4.50989321804911,-4.08414572947246,4.08358440789764
-5.13997056775016,-4.62634313750714,4.48434835640237
