-0.244976962474506,-0,-1.10239633113528
-0.199218393308158,-0.0326955543999637,-0.948690643530999
-0.194710505567012,-0.0618512682332613,-0.816086335401058
-0.21929968134981,-0.0926160161438873,-0.701475108163449
-0.268173775101832,-0.12890248100537,-0.601928361631646
-0.341499335014255,-0.174371688648057,-0.514807649857184
-0.44251843803319,-0.232867064258372,-0.437244906520073
-0.577318824517799,-0.308955927589362,-0.36603352807279
-0.754884627065442,-0.408440475188859,-0.297032003692169
-0.986480635902852,-0.538343601107555,-0.224338404371773
-1.28711234113364,-0.708104724955196,-0.138811257334953
-1.67346987963365,-0.929038404919672,-0.0259874575937831
-2.1642350042139,-1.21587126963787,0.138357871663379
-2.7723474185992,-1.58494019539914,0.39299641530212
-3.49470023935043,-2.05397308039153,0.800527338391611
-4.28498237068747,-2.63788681913004,1.45894706856622
-5.00419608778015,-3.33735078352839,2.50464526085336
-5.34621191090805,-4.12195609931412,4.10854327314285
-4.79237370204855,-4.89838236863891,6.39938031860551
-2.72317017620524,-5.48491450481876,9.31708240842754
1.08237756450573,-5.62714311953595,12.3993632005142
5.73884504871565,-5.11523192903518,14.7751060345425
9.35945642160888,-3.95650118422209,15.6386221956336
10.5067584138992,-2.43135736798328,14.9036370333961
9.35981494054124,-0.917771908928062,13.2284946659273
7.12713856293225,0.325289373442762,11.4113647295293
4.87668273292004,1.22241042509091,9.92215206617278
3.08638501977148,1.81346351124248,8.87691374932515
1.8170816251505,2.17564307299515,8.20672626985844
0.967837060946295,2.38020992062022,7.79493815701701
0.416270110916545,2.48105332036479,7.53751007263321
0.0680637421760395,2.51532682010984,7.36008120067327
-0.139621521982396,2.50847804960539,7.21538592483987
-0.246734390482944,2.47840500706732,7.07690137176106
-0.278968021724733,2.43812411136389,6.93270113816509
-0.254764511660779,2.39744131384721,6.78061724286588
-0.188327619090451,2.36373528800447,6.62456302720286
-0.0918937960924521,2.34237798220121,6.47194792571811
0.0238429295508653,2.33710684089499,6.33189379934867
0.149003214516373,2.34998948092207,6.21386293408997
0.274360835242994,2.38187935563184,6.12727799366797
0.39079541298739,2.43202598803413,6.08030300994499
0.489149938855767,2.49830625303357,6.07941225918027
0.559111030177361,2.57747262326149,6.13020320534478
0.590946810939798,2.66433960356294,6.23365466024918
0.574143463205471,2.75246436287564,6.38850751152762
0.501574780801589,2.83400637948066,6.58703017399885
0.368931896355236,2.90002699521697,6.81679961131286
0.180845833059224,2.94201989881884,7.05835675511752
-0.0501307561247791,2.95220466543992,7.28766770771738
-0.301105685031204,2.92592279950379,7.4782781461979
-0.542561290879048,2.86226777790288,7.60526472123899
-0.74336475974216,2.76502804614204,7.64978966800374
-0.87755041898726,2.64238168327861,7.60272868399529
-0.9298267909615,2.50563885198842,7.46616025927277
-0.89670263150636,2.36749900125707,7.25149078783358
-0.787419097279324,2.2402008544682,6.97877254215747
-0.617262496246573,2.13408299607526,6.67076820620098
-0.404045702325386,2.05688494461848,6.35087475779832
-0.164039309409991,2.01415889789153,6.04120207321165
0.0891869186345842,2.00820279162322,5.76082655724641
0.345756146766689,2.04106585460394,5.52784691328933
0.597391401999035,2.11198865549694,5.35709454433602
0.835550518098981,2.21976948105809,5.26333653347307
1.0487241207688,2.36156958384884,5.26057469639051
1.21981796081926,2.53248965507731,5.36211915795588
1.3241852417525,2.7244968729262,5.57899678711451
1.32995078260522,2.92520895783847,5.91623430244956
1.20182113765428,3.11712764356041,6.36797667065937
0.911573607734794,3.27807111165398,6.91084831559386
0.449448219051916,3.38218260935471,7.50022703584558
-0.154039916448811,3.40596136504385,8.06820667447142
-0.824952390014715,3.33267404992519,8.53320311190149
-1.45367129214114,3.16028470071864,8.81837275535087
-1.92880151721274,2.90384072016553,8.87380224906205
-2.17478002093339,2.59261123245002,8.68986478827357
-2.17695250370266,2.26299213730222,8.29871164613469
-1.97389981472995,1.94924773069421,7.75736643667035
-1.63522624950056,1.67702103339493,7.13124841109173
-1.23047063683091,1.4615809326774,6.47754326646444
-0.812466332406839,1.3082138453753,5.83935181334453
-0.410636368676203,1.21648395162337,5.24515540556169
-0.0348182772448965,1.18351042900965,4.713106316031
0.319344569787048,1.205093879367,4.25350525950277
0.663286134457722,1.27894831247802,3.87451607049758
1.01070386025823,1.40433263832787,3.58416434999729
1.37358833918059,1.58327384484,3.39535429902513
1.75739571872952,1.81803666445716,3.32495370857716
2.15581902857443,2.11164590022302,3.3997238774496
2.54165489874279,2.46474461060431,3.65692853743555
2.85463042247926,2.8713022547415,4.14223838247659
2.98855199596586,3.31307900982516,4.90337841494406
2.78827945169914,3.75204464337606,5.97001049294476
2.08199010259564,4.12507901962218,7.31668084424357
0.763823288548858,4.3463005357108,8.82140087013677
-1.06644785348949,4.32836652870529,10.2420819389536
-3.02907875756502,4.01918708571362,11.2682734705838
-4.58077770188248,3.43969542403362,11.6536767065396
-5.31275034630998,2.68543503423242,11.3426079149407
-5.18469475253627,1.88779309278649,10.4902601579572
-4.47044350070815,1.15803973051367,9.3496423158022
-3.53608033762852,0.55624641594263,8.14835319930408
-2.65787133824324,0.0930863162985532,7.02807812075865
-1.97453498296818,-0.251907412945554,6.05076214836405
-1.52044092130931,-0.511500068827764,5.22917205678656
-1.27618581925496,-0.719032084350978,4.55444548215485
-1.20479936350987,-0.903361063049846,4.01235970661265
-1.27134647943178,-1.08771758920718,3.59193103014242
-1.44886058760987,-1.29067714006391,3.28886884387599
-1.71744428340751,-1.52740169732892,3.10777596024544
-2.05849947032139,-1.80999109907619,3.06302461797658
-2.44699140043009,-2.14788228250712,3.18298472222416
-2.83701013327611,-2.54511138355163,3.50931676389168
-3.14569106452485,-2.99599241514393,4.09407081551026
-3.23581877636961,-3.47892522756072,4.99188220604597
-2.91509222113196,-3.9472070602204,6.23086263875617
-1.98168039172013,-4.32360641879694,7.76696670667696
-0.346726702059299,-4.50690963319712,9.4305958400598
1.79771072753664,-4.40186566024611,10.9143392621695
3.92551566796252,-3.96787203742857,11.8616725779688
5.39972608854458,-3.25618967197566,12.0421090384335
5.8641967665077,-2.39753832163562,11.48196836451
5.42496136090464,-1.54084922276965,10.4217585232442
4.48000758269787,-0.793609613296907,9.15850098112917
3.43539515076503,-0.200206907772988,7.91746721322884
2.54627249979406,0.245857837785462,6.81638601618687
1.91018119704567,0.577216738831228,5.89217402482707
1.52955800984304,0.832479400567984,5.14223041114713
1.36535115918891,1.04739596567788,4.55030789256496
1.3710605907292,1.25097943670709,4.10138107875744
1.50609830093563,1.46554620237808,3.78749113979347
1.73804988585455,1.70810321756152,3.61133111209269
2.03600043428529,1.99085628802648,3.58570462340848
2.36232934086232,2.32094110271922,3.73489751739875
2.65996352298607,2.69888481978587,4.09516125894969
2.83869285839019,3.11394175136506,4.70674142339008
2.76807251626709,3.53896182941336,5.6012412477807
2.29012400593917,3.9248290637033,6.77493182625467
1.27585858410379,4.19975563418237,8.15030432369295
-0.26757802318589,4.28127139258469,9.54535407865257
-2.09666210211576,4.10485005246482,10.6905758334146
-3.75731586107026,3.66014971049901,11.3207968151901
-4.7980530552761,3.00805654428997,11.3017260155445
-5.02694660517582,2.26046793297252,10.695181341212
-4.58026940933188,1.53257930011551,9.70407459993027
-3.77231590904856,0.902941789541359,8.55659716636641
-2.90251838489916,0.402596816720941,7.42296502203501
-2.15840130623802,0.0249726514091149,6.39540788457248
-1.61407507267769,-0.255742057738897,5.50667253556972
-1.27447811602409,-0.470127891236699,4.7586681086838
-1.11191490018103,-0.647283123899741,4.13973565655202
-1.09391540363833,-0.811267873722605,3.63746204339814
-1.19340956503203,-0.981665781826518,3.24299352331656
-1.39136521290891,-1.17453919927582,2.95321811629222
-1.67598238363969,-1.40388365484166,2.77379164472178
-2.03627497556959,-1.68170258352078,2.71939480364365
-2.45543907007435,-2.01838160429467,2.81839429969403
-2.89742944367642,-2.42017688687425,3.1133499963078
-3.28858984532221,-2.88600992754235,3.66444071635626
-3.49649501824639,-3.39879669743262,4.53671196382564
-3.31667382829598,-3.91668109699657,5.78160627474374
-2.50421054279356,-4.36312961596254,7.38543098484025
-0.892084466156303,-4.62853231836729,9.20413958801382
1.40453786723732,-4.59607533631252,10.9234791176815
3.85230254207889,-4.19871462309785,12.1303640856165
5.69029858668749,-3.47017391839415,12.5098652505938
6.4043338307784,-2.5470799931158,12.0360465162257
6.02926368171187,-1.60232251082239,10.9588085698809
5.0104282103769,-0.768840119792067,9.62750428297865
3.83775760354771,-0.105261420801452,8.31451046186221
2.82726163107749,0.391800451023669,7.16215719418486
2.10118591959999,0.758304951676829,6.21306214144564
1.66417612739746,1.0376504887855,5.4623397902864
1.46808186201071,1.27013796011146,4.88888118870573
1.45483958414634,1.48762932509396,4.4740123590946
1.57301004709055,1.71359459810106,4.20866415503999
1.77808415199352,1.96432378041708,4.0942711323865
2.0269925640562,2.24978995958984,4.14389191853853
2.26803509643461,2.57268500257755,4.37848073101865
2.43043163781856,2.92699923449644,4.82607084413149
2.41916079672125,3.29396172306439,5.50743971502644
2.11738346428041,3.63890249629271,6.42414250779603
1.42110065265512,3.90989007749234,7.52838384224527
0.301956955023418,4.04431780470202,8.70173687572825
-1.12141856590184,3.98514825905865,9.75500891329075
-2.56320926132833,3.70641127531763,10.473478253023
-3.67007217859492,3.23229942738829,10.7018727583261
-4.19615268112954,2.63383346688835,10.413004656204
-4.11894909673423,2.00278754927946,9.70948756627668
-3.60944275597573,1.4188195943493,8.76111968375684
-2.90623468676696,0.928441196461107,7.72970805162175
-2.20305186222779,0.54588935625215,6.7268347843277
-1.6112971544808,0.261379589277385,5.81154628835769
-1.16988999948031,0.0544650992903899,5.00487810078501
-0.875315130840701,-0.0973781825794653,4.3074314309691
-0.705700178565359,-0.214674875445227,3.71057817568736
-0.636440842438909,-0.314331333064106,3.20316882826743
-0.6480799870158,-0.409858630926212,2.7752213287075
-0.727468336124812,-0.512324999355791,2.41808644881177
-0.869230677403199,-0.631441316448467,2.12671924093784
-1.07368675169606,-0.77647693103873,1.89937134416476
-1.34614764189143,-0.957302461719439,1.73954305072788
-1.69404840681896,-1.18455454245572,1.65711682861033
-2.12416497532166,-1.47018182384698,1.67212643884006
-2.63533674707773,-1.82647854215502,1.81836254086579
-3.2062105418343,-2.26456492380789,2.14964413077084
-3.7719735063936,-2.7891349694452,2.74297335469437
-4.1898283317503,-3.39006134234417,3.69799949275135
-4.20508707222657,-4.02744097784747,5.11236241266222
-3.45276011286092,-4.61443976229894,7.02683233682047
-1.59971721914493,-5.00882991080532,9.31459794062952
1.33241257787926,-5.0395643131362,11.5876190107808
4.64702962841715,-4.58853661076929,13.2543585602139
7.17664136227664,-3.68419645754492,13.8257636742236
8.08298602232119,-2.51651327628938,13.2508473267794
7.44725761789949,-1.33502489599038,11.9248388966422
5.98102652759045,-0.321608626114858,10.3629890953748
4.40219153402798,0.455775699898211,8.92691027999801
3.10915751231827,1.01500773619464,7.7661538268276
2.21247290580477,1.40968669918295,6.89553454676203
1.67078196932134,1.69728724256414,6.27616711452074
1.39335577174136,1.92462322463507,5.86211667629204
1.29028676409564,2.12442060011559,5.61894217870488
1.2854679912642,2.31698026669816,5.52502022000995
1.31677235929269,2.51224464409669,5.56949375466113
1.33064974506752,2.7115309571667,5.74627757297099
1.27858941226467,2.90851766708692,6.04909388382263
1.11813927820401,3.09003025708026,6.46393628336349
0.81873858296608,3.23730430916315,6.96335984700813
0.373439974440276,3.32872033856178,7.50146741538058
-0.190080866467568,3.34356778047818,8.01406047656949
-0.803031895289663,3.26914758399226,8.42730393219718
-1.36893114828217,3.10476388080934,8.67302989218529
-1.79171741421337,2.86516461480328,8.70861873668309
-2.00766743787888,2.57711274666575,8.52700480700564
-2.00450387761172,2.27328010322218,8.15678416011999
-1.81566220055696,1.98453572479597,7.64880845995808
-1.50099266152208,1.73438840161392,7.0615625917893
-1.12141076319648,1.53688075882311,6.44722860366771
-0.723454837832241,1.39870504436541,5.84637047108031
-0.334229857862248,1.31920568366421,5.28636361648514
0.0365351969288155,1.29720127244775,4.78627690551345
0.39160627441992,1.32943254866462,4.35789992610291
0.740019398191692,1.41435274500843,4.01146829203185
1.09245206907493,1.55185576463613,3.75804977506178
1.45661071480838,1.74327058401341,3.61244957166983
1.83204799880711,1.98985346605909,3.59397997710848
2.2038949816061,2.29315645008091,3.73316744793848
2.53349908600768,2.64960156001905,4.06557539406107
2.74699731175158,3.04811273855006,4.63403727180697
2.72884844317212,3.46298818064193,5.47279077243295
2.33371135292374,3.84886247159997,6.58444916981524
1.42899192024891,4.13813084708196,7.90767802101264
-0.000967823088443807,4.25117050586906,9.28114095118629
-1.75816689141051,4.12097827192074,10.4543901714682
-3.42969143107103,3.72739196903374,11.1633172260919
-4.56480318096278,3.1183334793443,11.2513021407891
-4.9245996806442,2.39599700994718,10.7448065019704
-4.59064588285001,1.67452061008618,9.82294300572142
-3.84733459863874,1.03782885950169,8.70830566626601
-2.99431993183428,0.524310453527367,7.57864879584145
-2.23507214773026,0.133746859382226,6.53769605962984
-1.66016669188763,-0.156249912391058,5.62713527880747
-1.2846697453787,-0.374919467431462,4.85357235017841
-1.08660607660453,-0.550884399237941,4.20786363024401
-1.03428008234337,-0.708474974082643,3.67717594025767
-1.10062153504651,-0.86740291798768,3.25156281277874
-1.26659349600342,-1.04399096041297,2.92607296157749
-1.52033532002866,-1.25216426694991,2.70220518591169
-1.85442988841313,-1.50461451853913,2.59084189615244
-2.25876951551881,-1.81261302166197,2.61373933757816
-2.71117466269365,-2.18532452682302,2.80747344612059
-3.16121052872265,-2.62675897680147,3.22564476032842
-3.5090138069194,-3.12960395632008,3.93488285277526
-3.58059375582036,-3.66672634111896,5.00578316713282
-3.1333575572216,-4.17900526798747,6.46945885929066
-1.92033846153408,-4.56936229423185,8.26114622542086
0.130940587914079,-4.71323905748988,10.148752857544
2.69357005937647,-4.5035645369327,11.7333098450429
5.03587778575659,-3.91523701304226,12.5980351695445
6.40748089133153,-3.0406791497134,12.542666441996
6.54000409786702,-2.05397634534661,11.7025374514953
5.73498671369984,-1.12396056388197,10.4238000775987
4.53254038033098,-0.351538664821607,9.04853323479694
3.37116089197768,0.239292755221844,7.79155772145998
2.46915160391568,0.674072935010157,6.73853571510901
1.87768690013557,0.996683239986853,5.90013974304985
1.56190443998451,1.25185729770935,5.25665603802502
1.46106521860741,1.4765026579713,4.78548002678638
1.51487053999679,1.69832006579179,4.47104566975582
1.67204506012879,1.93661184345601,4.30957674882348
1.88535159505145,2.20328518090339,4.30738791074601
2.10443026335484,2.50304615178108,4.48030841400882
2.26538245704323,2.83234929660941,4.85100891805005
2.28460215755746,3.17631793908002,5.43808438980758
2.06149600192059,3.50632221951971,6.24406742585623
1.49974450674684,3.77850683173063,7.23454511421687
0.555635386101093,3.93735690508425,8.31619984380126
-0.696028996822021,3.92962226035522,9.33109809358979
-2.03598058231216,3.72381863389201,10.0876383691573
-3.15695247103952,3.3292898308249,10.425900593729
-3.80396878953541,2.79982912965552,10.2864722954236
-3.89526907702702,2.2151598356073,9.72830545868082
-3.53719114253775,1.65273639206395,8.8909395706138
-2.9294500619367,1.16523563715231,7.92571946313389
-2.26142996001601,0.775730753833405,6.95021833957868
-1.65922006856838,0.483001199989769,6.03576815002239
-1.17816274506847,0.271505719152366,5.21357283012597
-0.827803444957208,0.122462713922701,4.4920053553879
-0.592573955311136,0.0171198844713967,3.86643163177945
-0.449607284921316,-0.0600882848332039,3.32761378629337
-0.377000125549789,-0.121391371188374,2.86484027827107
-0.358347235016892,-0.176004904130131,2.46856293766702
-0.382815485618364,-0.23116239392282,2.13032532871592
-0.44464788118633,-0.292808409001306,1.84282347989517
-0.543156435993668,-0.36650215707793,1.60108760654725
-0.681346191370569,-0.457960178362157,1.40169447512976
-0.865335402877262,-0.573413615732654,1.24333499636935
-1.10498452268767,-0.720656205109632,1.12852223189683
-1.41194165240631,-0.90871093841782,1.06386242719096
-1.7993737951828,-1.14870221287351,1.0632847690948
-2.27838208201019,-1.45362294259108,1.15145678568041
-2.8505339385424,-1.83733997806836,1.36877138965782
-3.49355146271643,-2.31306016702884,1.7799005378766
-4.13161980525446,-2.88641758920605,2.47759102627086
-4.59260607991137,-3.54519306171507,3.58131086880502
-4.56110187560427,-4.24117607746031,5.21056106198588
-3.58982318708544,-4.86791308885604,7.40600431872231
-1.29466579507102,-5.25240408828729,9.99253438122964
2.20243365858064,-5.19491025659394,12.4669105863946
5.91333056589872,-4.57930526050428,14.1168483159929
8.40785726146939,-3.48138352480325,14.4474982559007
8.90402602802279,-2.15664997801756,13.5530445725909
7.7780179366239,-0.889446660260279,11.9933743502075
5.96433668381702,0.145089258164848,10.3496881665202
4.21706549338057,0.905253913276379,8.95729639537674
2.8679547676028,1.43167566798312,7.90955460432604
1.95732943845158,1.7888716202657,7.17693079877192
1.39975760049734,2.0371743037849,6.69266902195932
1.08618931822832,2.22140759770924,6.39572733275502
0.92280667449757,2.37084049791522,6.24190488112425
0.837908384974758,2.50241774727915,6.20137014026456
0.779558401824162,2.62377229114779,6.25454977040885
0.710324610766209,2.73595326063881,6.38561423582374
0.604321089870954,2.83519430875268,6.57937125882412
0.44681889540619,2.91479375596978,6.81693636709717
0.234693186594946,2.96668724395238,7.07494879452131
-0.0226391851938296,2.98298247170729,7.32519081926694
-0.302469860885944,2.95868252787582,7.53708609206739
-0.573149311566496,2.89265814236496,7.68187323155387
-0.800000734567959,2.78885485022644,7.73743058391067
-0.953376793981286,2.65616435665756,7.69249819513701
-1.0154307487373,2.50714362196563,7.5485356490604
-0.98351343937512,2.35594360212795,7.3190475190318
-0.867651498890882,2.21602339975991,7.02537509726316
-0.685667334770044,2.0987421087267,6.6926953431783
-0.457986866906877,2.01234620870944,6.34653194296075
-0.202592579142405,1.96256694477925,6.01034279639414
0.066195163401423,1.95220890639724,5.70463058990508
0.33840995407087,1.98252477867189,5.44717957435968
0.60649272597149,2.05362338594923,5.25432236727729
0.862905880587699,2.16417647519053,5.14099120411647
1.09710940107984,2.31169602280484,5.12212769383834
1.29253950572085,2.49169093269672,5.21237682241601
1.42387632990946,2.69662623841376,5.42513737167215
1.45663648349098,2.91436359391828,5.76853483133183
1.35021295778634,3.12710668386523,6.24031467513341
1.06682318039565,3.31096770818369,6.82063545306648
0.589529195508919,3.43793242344664,7.46451472283612
-0.0597415727368219,3.47934079489353,8.09989380552502
-0.802719314635687,3.41515699461404,8.63576205001959
-1.51721511479851,3.23979520493112,8.98214099613546
-2.0709747440304,2.96762788192909,9.07669395297268
-2.37112190781069,2.63067504204521,8.90481110385742
-2.39389501229893,2.26962049995471,8.499025716691
-2.18255952165033,1.92367452132823,7.92399119426254
-1.81924870368584,1.62173770936124,7.25446718104316
-1.38532542032103,1.38072908831314,6.55440392199933
-0.942921909296919,1.20629557395254,5.87154322087574
-0.526045857178649,1.09643112668164,5.23577375606338
-0.145306725787733,1.04647649208718,4.66428151812599
0.204546138116972,1.05118057709514,4.16601561676235
0.537183811113206,1.10693995450554,3.74646390157664
0.869497592040841,1.21256296069174,3.41106917176103
1.2175578223669,1.36889191536735,3.1670864919578
1.59357197475973,1.5795073997678,3.02816195950175
2.00152299145913,1.84916959555938,3.01608228954227
2.42994943320167,2.18160945476831,3.16217212332425
2.84136429739194,2.57787877026101,3.51234674320315
3.15507731713063,3.03010686347637,4.12323626115735
3.23400228093151,3.51381994734607,5.04834711506882
2.88436700544939,3.97993696707765,6.31469994130913
1.90555838725308,4.34844869839711,7.87303055365378
0.221425294047061,4.51633502943935,9.54356278926135
-1.95120642322414,4.38980895405974,11.0099642962601
-4.06510719661519,3.93315009024814,11.9161676745546
-5.48610394877654,3.20427312304664,12.0453826179511
-5.88404116322885,2.33773098643652,11.4410343255141
-5.39199478339894,1.48248061253658,10.3538962801282
-4.42356719560455,0.742368828558756,9.08293002375758
-3.37863946429992,0.157603286076582,7.84643734846367
-2.50122336756447,-0.28100983425278,6.75546487732595
-1.88177680161708,-0.606713646844975,5.8438185155693
-1.51706618889641,-0.858878103549584,5.10636909014273
-1.36606828723761,-1.07295166228456,4.52629969488438
-1.3822630735191,-1.27746105532739,4.08903184982618
-1.52554588023558,-1.49439630053295,3.7876654314496
-1.76282764332054,-1.74028044917501,3.62503200643137
-2.06278014431378,-2.02696146749568,3.61534037037776
-2.38593420981189,-2.36097776104384,3.78386253347901
-2.67237570436933,-2.74169792582785,4.16653602904326
-2.82914286593526,-3.15703799377739,4.80251687760307
-2.72161318140431,-3.57803701007205,5.72228645439636
-2.19264564221559,-3.95309673736416,6.91521005128372
-1.12562960504326,-4.20927540705776,8.29295324641515
0.450859863301036,-4.26524234063237,9.66428855667783
2.26926757573247,-4.06144010737938,10.7576822532777
3.86932720783601,-3.59476771061611,11.3188433614376
4.82286880813806,-2.93241990907252,11.2346548695453
4.97276313791524,-2.18735733640479,10.5829479999003
4.48016390602686,-1.47157241508704,9.57232403470417
3.66185569035005,-0.858282276506936,8.42569886844571
2.80486647991629,-0.373547590223508,7.30376696917184
2.08264691894661,-0.00889330216462851,6.29140526781567
1.56104938176126,0.262001037481834,5.41779674123696
1.2395780872261,0.469878703314062,4.68235666575154
1.09027864398124,0.64286987626588,4.07353324342338
1.08168197508844,0.804355701650791,3.57942894207806
1.18736592838541,0.973407745708751,3.19111066053395
1.38969365157279,1.1657153121956,2.90598709334291
1.67783966280204,1.39506954365187,2.72994751652962
2.04171584805694,1.67344425453844,2.67802374066963
2.46517326750405,2.01124255684711,2.77880661830052
2.91274471378218,2.4148888639545,3.07539791558679
3.31083593639805,2.88354646860528,3.62900749585641
3.52668838760051,3.40023753912421,4.50543809527662
3.35282064593305,3.9231483512971,5.75874393419082
2.53990962538528,4.37513781681277,7.37651037259298
0.914367666649062,4.64492101126995,9.21473244021853
-1.4090911295634,4.6138331306372,10.955102225549
-3.88959366140081,4.21334993689754,12.1781358814457
-5.75169572049689,3.4772020883572,12.5629696176737
-6.47106063686609,2.54423996115968,12.0836442857852
-6.0849017572669,1.59017124277716,10.9954553750493
-5.04906244274084,0.749608109689362,9.65410543736617
-3.86125537024777,0.0812611585537836,8.33493396122065
-2.84075129165594,-0.418567707658975,7.18089919549956
-2.11022915079103,-0.786527374488778,6.23416038949178
-1.67149618491225,-1.06705728584123,5.48798039286912
-1.47501971929279,-1.30061940108049,4.9206952743168
-1.46165445745646,-1.51914946921489,4.51351063000849
-1.57847836004282,-1.74604061107814,4.25696645481593
-1.78006420752672,-1.9974267398735,4.15311974563467
-2.02155667570517,-2.28259278279627,4.21369870387405
-2.24981716324717,-2.60387968598202,4.46078132295647
-2.39356146097671,-2.95405191254323,4.91870561405944
-2.35619973197412,-3.31358093575846,5.60833597741225
-2.02597859260367,-3.64691561503933,6.52460937353157
-1.30747549170713,-3.9024783466157,7.61505253902611
-0.183877652888144,-4.01916107891935,8.75799613093445
1.21461457824838,-3.94377628222616,9.76568140301758
2.60307597352742,-3.65497396356381,10.4326218274068
3.64357664030037,-3.17979290318576,10.6157244114472
4.11353296375083,-2.5897378054653,10.2988710876222
4.00613228165243,-1.97374576753901,9.58734880417301
3.49391697392125,-1.40703449569686,8.6465914290427
2.80377137543744,-0.933415844196891,7.62996457026209
2.11937402393581,-0.564926040416563,6.64353040174475
1.54309297229852,-0.291373203815337,5.74217931199299
1.11186779744848,-0.0939302267662558,4.94687920367157
0.820476820435558,0.0494824204303608,4.257522259928
0.647316191117109,0.158352916221179,3.66568216739282
0.568456743800686,0.248596545630226,3.16050390736129
0.56470701135571,0.332827029101481,2.73192553901971
0.622966259807754,0.42126776929695,2.37099976942804
0.737305876927802,0.52270803599499,2.07161429596983
0.907468739745889,0.64543269673047,1.83035815801725
1.13829189220308,0.79820034562877,1.64786524512357
1.43792849077649,0.990684687800542,1.52975715438878
1.81609838203316,1.23402765666322,1.48929865286747
2.27971956249203,1.54055690976427,1.55059263468503
2.82490244160847,1.92265957942307,1.75289066881398
3.42264073703191,2.39146233471484,2.15907823802287
3.99003077902,2.94917235768756,2.85585627090672
4.35232498110743,3.57959069419214,3.95101815629031
4.20875579452487,4.23105737021665,5.54182358747658
3.15995872928132,4.79807733522401,7.6399497948415
0.910411411164241,5.11919478999587,10.0487727847932
-2.34756236401982,5.01961746939047,12.2871982480683
-5.6839840348728,4.40945667355188,13.7225824240063
-7.86390505691379,3.37153252168008,13.9476586762758
-8.2656193694792,2.13863085447038,13.0716472540123
-7.23902384890849,0.961820632635863,11.5884894468308
-5.60593524665224,-0.00505082525458965,10.0117136999462
-4.02813388821954,-0.725132981115984,8.64345662367714
-2.81178537541357,-1.23327530940335,7.58130616587743
-2.00103208657205,-1.58989802768732,6.80925127276119
-1.52553555229704,-1.85110234097706,6.27774123372674
-1.28713262849437,-2.05987589028641,5.9392715452717
-1.19633472730095,-2.24496672014161,5.75955869723418
-1.18127048362104,-2.42290703640109,5.71807848106549
-1.18397790068701,-2.60057402742342,5.80234486935632
-1.15632916250328,-2.77692034678299,6.00369396898745
-1.05802164001272,-2.94430857408008,6.31030862319602
-0.85713572036051,-3.08949881030415,6.7034192402661
-0.537980767666915,-3.19567246613285,7.15056795017661
-0.108970762957856,-3.24543219665759,7.60511070506441
0.391713653806592,-3.22474207895634,8.00939208079795
0.898364337831719,-3.12752101000734,8.30391379304978
1.33253892175409,-2.95869774072384,8.44056755281682
1.62591354588672,-2.73448784048762,8.39471253905212
1.74189317197888,-2.4793577345298,8.17139788623911
1.68196089764976,-2.22028355427144,7.79999685358531
1.47965210285157,-1.98141626348692,7.32533928375576
1.18188409789076,-1.78071566353315,6.79457185559144
0.834007092095793,-1.6290622716618,6.24983377617432
0.469557667688504,-1.53117555236972,5.72418082249228
0.107380385191848,-1.4879680712152,5.24172621196922
-0.24604870037925,-1.4983555787455,4.81981723002453
-0.592307250699927,-1.56143227540932,4.47281447543215
-0.936443486378714,-1.67625083065208,4.21354744375951
-1.2820990737093,-1.84282590350437,4.05708142569942
-1.62660419209477,-2.06111874735253,4.0220417816787
-1.9550652275948,-2.33025145869601,4.13347704010807
-2.23245284016583,-2.64574036520294,4.42242007343932
-2.397800192763,-2.99526042885964,4.91827677790306
-2.35992145375832,-3.3556785848621,5.64403589661099
-2.00674237215372,-3.68808726771256,6.59642438439299
-1.24786871993021,-3.93810380818579,7.71784260727828
-0.074635369650647,-4.04200576442077,8.87944816109662
1.36335116321682,-3.94687388092748,9.8848724422193
2.76175837798407,-3.63436751968232,10.5255654717316
3.77615516727749,-3.13691060650045,10.6652765672324
4.19499580738182,-2.53056587596126,10.300204692931
4.03417905235634,-1.90644639898406,9.54885129306789
3.4827583841223,-1.33857681962024,8.58230976754662
2.77315617751747,-0.868419992384224,7.55365806594726
2.08609857625364,-0.504478028486064,6.56515823731149
1.51949144571515,-0.235782609813803,5.66893719510964
1.10261129571646,-0.0406956258822319,4.88120271492422
0.828507428500389,0.102592747938976,4.20117283335554
0.673804389770064,0.214031443692811,3.61926792010315
0.614613237374134,0.309694592927362,3.12450292278755
0.632116110705915,0.402418443384242,2.7066893029645
0.714750018848876,0.502752419942861,2.35796309852642
0.857899199189826,0.620105014807105,2.07337024597695
1.0624690007019,0.763505331838441,1.85117375826116
1.33411540196147,0.942568011308463,1.6946996490613
1.68092446292127,1.16792937601887,1.61386638190413
2.110252973145,1.45152619665691,1.62842223737556
2.62181323670982,1.80569415897797,1.77163054697633
3.19592329300758,2.2419136445872,2.09695300645539
3.77002191784717,2.76561354676927,2.68177571177457
4.2049309466816,3.36733359708506,3.62495026150278
4.24852671257582,4.0089536953117,5.02768017702936
3.53210220014701,4.60498270842072,6.93733915197809
1.71290490986093,5.01408983942559,9.23449470092724
-1.21313956701493,5.06284438934322,11.5391027885285
-4.56841539094573,4.62746069200406,13.2558971539509
-7.17150249885742,3.72935208218055,13.8763908746446
-8.14613770086309,2.55700397793801,13.3327089165988
-7.54242758467781,1.36309570990073,12.0142071985568
-6.07253727307789,0.335210778459858,10.4447945462915
-4.47195339429651,-0.454170873347741,8.99750318234281
-3.15322116704911,-1.02223797403984,7.82725301597733
-2.2351583639353,-1.42178010782442,6.95172069808684
-1.67653971745178,-1.71146775546578,6.3303529342087
-1.38617251722163,-1.93861394924878,5.91617602282532
-1.27218889470225,-2.13650744861924,5.67274411660017
-1.2581648617938,-2.32564347472206,5.57795971347704
-1.28131258374168,-2.51617685287008,5.61923577513313
-1.28867348095265,-2.70962198974194,5.78976607114573
-1.23318117416456,-2.90001663693811,6.08214725753275
-1.07406280130397,-3.07475844084389,6.4822187128691
-0.782650811672013,-3.21589659900536,6.96276992676842
-0.35299412227309,-3.30267367126473,7.47906124857003
0.186740087156877,-3.31622396258243,7.96974841335051
0.772196902744951,-3.24443016775469,8.3650229514391
1.31271907804339,-3.08664631867729,8.60019920653
1.71815377599738,-2.85693844516966,8.63492023166913
1.92792576526347,-2.58053917870408,8.46170986225121
1.92959508457467,-2.28842797195465,8.10718299340828
1.75202743767331,-2.01018388012425,7.61818833604398
1.45140543943924,-1.76850360608515,7.05088705265073
1.08449963630583,-1.57772542958037,6.45531143673176
0.696186811166986,-1.44396187589823,5.87102855447322
0.312892139934648,-1.36830141539872,5.32592183411288
-0.0552665261358906,-1.3491343699032,4.83891070111391
-0.409858184119646,-1.38413544354662,4.42308926151658
-0.758691931176454,-1.47200365913637,4.08974886934299
-1.11089830931979,-1.61231806922879,3.85032802444268
-1.47222232891587,-1.80615299772789,3.72038950297853
-1.83990521413552,-2.05468215469092,3.72093937061735
-2.1959214471129,-2.35789907767533,3.88118897011106
-2.49760858801046,-2.71136248594787,4.23781275117156
-2.66825324442187,-3.1014804611278,4.82890914747829
-2.59388656358788,-3.50047450852474,5.68168075493229
-2.13402635217603,-3.86093193967881,6.7909045955072
-1.18331698125815,-4.11663982043178,8.07984616141697
0.246343246912475,-4.19210288934334,9.38158696569832
1.93326527957742,-4.02944106796964,10.451936900122
3.47423900823883,-3.61887926628756,11.0509578472822
4.46473161547697,-3.01405777745667,11.0522966368834
4.72128959511514,-2.31528098420385,10.5029124141814
4.34829679311335,-1.62805141174079,9.57895182451237
3.61875794039328,-1.02713230807107,8.48745704570988
2.80553128967303,-0.5454112323524,7.38966075013866
2.0884763173891,-0.179805365612971,6.37791045951127
1.54626278880356,0.0906737071529077,5.48980081125195
1.18918524118465,0.293837526561249,4.73038276060325
0.996384332312649,0.456040665847319,4.09127066563949
0.93863285308052,0.599797430936648,3.56029400521423
0.991115298345284,0.743422116266033,3.12727837824133
1.13688553610583,0.902100898028049,2.78603775151173
1.36675248927184,1.08902290683266,2.5360231438248
1.67693436837224,1.3165223863667,2.3843844634954
2.06420141719263,1.59653180423947,2.34827718798364
2.51790480566062,1.93976609642695,2.45737977446991
3.00811400894209,2.3545946039226,2.75937237481065
3.46532639045239,2.84148830968176,3.31814351913157
3.75282716626255,3.38678790093057,4.21463465911666
3.6504082312123,3.94922659069575,5.51430963443061
2.86842747218043,4.44889128414848,7.22556331303854
1.18223411301973,4.76493044401325,9.21064482296605
-1.3282058785913,4.76187675788191,11.1320047073133
-4.08116499396909,4.35319888351945,12.5152970946972
-6.18073990870844,3.56920373306165,12.9833471174363
-6.99557952651696,2.56251631229622,12.4935739128349
-6.56020113402246,1.53187165560439,11.3381582455568
-5.40034070484914,0.628872033781249,9.92212155728398
-4.08725417978787,-0.0827740929109397,8.5531566261005
-2.97520574423705,-0.608988021304001,7.38301350003459
-2.18882311777546,-0.992539190705985,6.4479691031927
-1.71949432014866,-1.28232060910628,5.73340095819835
-1.50437707132325,-1.52165291830807,5.210792607111
-1.47368873940524,-1.74334199892887,4.85789449493099
-1.56450529955608,-1.97027866525074,4.66286821578734
-1.72199028963318,-2.21647960706957,4.62494803910083
-1.89296736950612,-2.48810654597301,4.75359462402781
-2.01753572376254,-2.78269472959314,5.06184610318368
-2.02390642570593,-3.08808345583096,5.5614781955767
-1.8298142317821,-3.38044210101585,6.25093937510281
-1.35908962154744,-3.62356204181131,7.09892778824963
-0.579322961674545,-3.77299002379058,8.02835472981691
0.457878575742549,-3.7846569412977,8.91386515626195
1.59050083664396,-3.63066514361585,9.60068914869173
2.58259812896946,-3.31411019703918,9.95269099710075
3.21991987263036,-2.87309225940501,9.90381103554119
3.40609771475572,-2.36998829277133,9.48109875056299
3.19046650348773,-1.87051137189867,8.78359930265153
2.71519112384762,-1.42491063785766,7.9346523209217
2.13634755550605,-1.06029447129596,7.04122945785944
1.57118222505834,-0.782712740776321,6.17623657753772
1.0824197122325,-0.584459395506923,5.37894724314875
0.690066381717106,-0.452654274709978,4.66585605843187
0.386438452702286,-0.372802910489791,4.03854562621205
0.152623819966747,-0.333026987762252,3.49245050664985
-0.0333930303295824,-0.324533191319034,3.02036879876345
-0.192409296658096,-0.341768068031349,2.61474026750273
-0.342659531441715,-0.381922834332006,2.26827269516967
-0.499934535375263,-0.445067396057072,1.97591595035624
-0.678559551294069,-0.533225006981649,1.73379987921043
-0.892560459058944,-0.650779797944049,1.54111836047454
-1.15546001733536,-0.803648516113158,1.39979536202952
-1.48240996844565,-1.00081318010889,1.31825063058739
-1.88664345863548,-1.25258926429951,1.31152455839289
-2.37772689691335,-1.57164399186556,1.40715699150689
-2.95158103546347,-1.9705329670994,1.6486277932257
-3.57506341853813,-2.46026400322582,2.10472861518847
-4.15341023560133,-3.04219861227676,2.8714961741555
-4.49025732137562,-3.6958368771161,4.06180901073955
-4.24933090654001,-4.36179312011078,5.77655713977498
-3.00555638757534,-4.92152619528281,8.0080042946018
-0.487022172399335,-5.19989485878915,10.5127869109257
2.99815463674177,-5.01807361024076,12.7460307887227
6.36245323174722,-4.30538460732411,14.0492042591451
8.3309318813865,-3.17897139732224,14.0681358245699
8.42329377297709,-1.89915807237629,13.0141966152189
7.16120697731762,-0.717777436399099,11.4440252431115
5.42083166158575,0.228087967316699,9.86520202514899
3.83111921624508,0.918329655281194,8.54605357183124
2.64315715007104,1.39890491899936,7.55131399936078
1.86550065588719,1.73273458780326,6.84768220838275
1.41094692927238,1.9753366175893,6.37740517007481
1.17682416640135,2.1674624104476,6.08992714434973
1.07514946892161,2.33534648755671,5.94998808736894
1.03707878759424,2.49348489105467,5.93523170640182
1.00946050760349,2.64728592956819,6.03063740458035
0.950627562354605,2.79504965717802,6.22446160602644
0.82839842443684,2.92950990233629,6.50184539661064
0.622474266378268,3.03955687845736,6.84068075336105
0.327544498289526,3.11205131194306,7.20993964407543
-0.04205663657878,3.13416761880597,7.56885780329504
-0.449580770754726,3.09756941962436,7.8714190985126
-0.842174474316822,3.00000062171934,8.07310454519902
-1.16242747768291,2.84819871386903,8.1414470900524
-1.36490620266907,2.65677694150818,8.06315979566178
-1.42734333977759,2.44535893628332,7.84547025427758
-1.35430272895882,2.23495599419814,7.51336466763992
-1.17058936674627,2.04418990644272,7.10180057035101
-0.9096920114282,1.88735084143288,6.64781375525604
-0.604522441719077,1.77313279792211,6.18546283922039
-0.279413243696855,1.70688694930416,5.74302824570019
0.0503682472474647,1.68958434866057,5.34226162477855
0.377998526728035,1.72174762507146,5.001257824525
0.701467537588245,1.80275299513561,4.73539933402448
1.01964205749069,1.93206037146787,4.56037282212736
1.32781710092002,2.10865633308965,4.49354602853891
1.61310012845246,2.32983698786714,4.55378113954933
1.84905834894864,2.5905423579951,4.76351920851617
1.9907098735041,2.88034346691661,5.1450382671736
1.97378552113514,3.18043377655714,5.71257968150868
1.72235591754953,3.46133670614681,6.46080787827016
1.17204954428165,3.68270774066793,7.34908947775129
0.310445029675502,3.79767807103559,8.28779838458471
-0.777907198049294,3.76451941810594,9.13965043926613
-1.90162991553658,3.56226384024357,9.7487916537046
-2.81726152218128,3.20393224829653,9.99345171055563
-3.33385987088761,2.7364046458162,9.83307089735015
-3.39709668460829,2.22566492576452,9.3196160666662
-3.09004464119437,1.73494277363813,8.56433870832524
-2.56800862416262,1.30849009582267,7.69034094179091
-1.980920784036,0.966929512079754,6.79636939171872
-1.43136579340056,0.711599714209453,5.94542903140888
-0.968952080681334,0.532682355353504,5.1695590477162
-0.603456357866123,0.415778862627218,4.47950296333213
-0.323183262565748,0.347151055637006,3.87483810430297
-0.107379425763131,0.31546969493219,3.34958230688684
0.0658367739584448,0.312769435020294,2.8961883529197
0.216518630335916,0.334144485011522,2.50686763137327
0.361890492360672,0.377553219583025,2.17494736651656
0.516948440088472,0.443289971011593,1.89505970961337
0.695671338339273,0.534032488614987,1.66423646305213
0.911532210852096,0.654218984139136,1.48152315019932
1.17836997451472,0.810382254491721,1.34977432763905
1.51032561755118,1.01109017013117,1.27703932966172
1.92189030654551,1.26785922243962,1.28044715459138
2.42098235729331,1.59267607615577,1.38744640214324
3.00312207593545,1.99896867880718,1.64459328213731
3.63151329359897,2.49690354745786,2.12185996792945
4.20665004541246,3.08679964975618,2.91622752875521
4.51983302774724,3.7471222443766,4.14730747082326
4.22623167220748,4.41409739189809,5.90861151716187
2.89012137834901,4.96361093356233,8.18498121509071
0.265433824531922,5.21653261801323,10.7082709817475
-3.28223094447694,4.99589006443698,12.9110379988474
-6.60891788666462,4.2416859010852,14.1340471217531
-8.45404084778058,3.08694190860408,14.0596934542081
-8.41384480913547,1.79899508418461,12.9398336608852
-7.07166647637821,0.625809821965457,11.3465514154888
-5.31005366721319,-0.304470989470506,9.77685676638397
-3.73363771612958,-0.978878078354828,8.4816942834385
-2.56997231859621,-1.44648948122031,7.51400163944093
-1.81376281514418,-1.7710063623437,6.83450777298237
-1.37365029502263,-2.00701599661903,6.38423693833135
-1.14671217345185,-2.19417229200192,6.11268700768112
-1.04631102930783,-2.35769106183007,5.9850607971686
-1.00505991551713,-2.51130808662903,5.97891126863051
-0.971491012164915,-2.65987501946695,6.07928021818394
-0.905762911953942,-2.80142193637679,6.27349904791726
-0.777945219065929,-2.92872420908127,6.5461160957729
-0.569973070594487,-3.03101338586216,6.87477304448897
-0.278521986413977,-3.09565375515974,7.22849040814442
0.0797940330389706,-3.11130830932628,7.56764472400222
0.468996065307557,-3.07010105995045,7.84803194660355
0.838319338749885,-2.97136133897406,8.02902057839349
1.13489723866399,-2.82208432027287,8.08146798046166
1.31680260858641,-2.63635916954865,7.99336454634484
1.36580354237331,-2.4332807894975,7.773964113097
1.28678402988101,-2.23267042623014,7.44707027307625
1.1038432305261,-2.05206401891806,7.04642992631706
0.848263112284115,-1.90485685765268,6.607209595601
0.55044731258901,-1.79938599902918,6.16179980082124
0.233126448517909,-1.74053063687925,5.73728290672669
-0.0894328446406462,-1.72978062709923,5.35517677626822
-0.41040491648069,-1.76731998248945,5.03307720215079
-0.72709924597435,-1.85275980028761,4.78673485867137
-1.03709525738491,-1.98535150322333,4.63192946767141
-1.33396427433562,-2.16361937036219,4.58576710519448
-1.6026912682966,-2.3845217371797,4.66746847392161
-1.81450068138885,-2.64203335576278,4.89866036288844
-1.92403929028787,-2.92428817843925,5.29770219682479
-1.86654759028381,-3.21136221699459,5.87651229887362
-1.57374630252937,-3.47305222389258,6.62176194930427
-0.992379261175739,-3.66959676137789,7.48685161999267
-0.126242648230439,-3.75674730438544,8.377806492001
0.926207122933676,-3.69804504576024,9.15989237559036
1.97412658958953,-3.47896176675443,9.68947167244921
2.79273131190755,-3.1168663636911,9.86149445103011
3.22131736298715,-2.65992245643985,9.65181058855763
3.22834929693103,-2.17078318960044,9.11821445921289
2.90309317112835,-1.70718615659923,8.36837305588869
2.39086588027585,-1.30832924615097,7.51576537013188
1.82664082935054,-0.991609036257319,6.64994227578795
1.3004826238256,-0.757688740593949,5.82780985266355
0.85421829238847,-0.597001410123845,5.07810773874943
0.494762057957566,-0.496753986978677,4.41104220387104
0.209471501996861,-0.444676454604354,3.82639620193558
-0.0221657929614482,-0.431147245615646,3.31928225760665
-0.22206129154665,-0.449802416137809,2.88340003544056
-0.410748185579653,-0.49729306496134,2.51237192515214
-0.606634568580709,-0.573518432558031,2.20199089317354
-0.826541278091692,-0.680694765100628,1.94968143423046
-1.08645535647677,-0.823696153469461,1.75665061551595
-1.4019218079671,-1.00982459711921,1.6290634458482
-1.7867409003947,-1.24837433982516,1.57998476425744
-2.25021654358138,-1.55040099447018,1.63306771781622
-2.79020386056842,-1.9276694540211,1.82728180299158
-3.37873240143892,-2.39056172876383,2.2241332538669
-3.93452909341784,-2.94093479718871,2.90880884929748
-4.28742551742966,-3.56223670211357,3.98481911513403
-4.14489722366615,-4.20382016353482,5.54671077286306
-3.12155464208731,-4.76277830390167,7.60419760939748
-0.931337916028702,-5.08222719767397,9.96683415792045
2.24515922055754,-4.99196797770808,12.1696156361375
5.51789217617984,-4.40262202354725,13.597896056849
7.69060973089434,-3.39118860838323,13.8476865576527
8.135396987895,-2.18150599618362,13.0090216102767
7.17098843594839,-1.01939610141698,11.5565135410757
5.58587454090269,-0.0589114687777197,9.9920831293965
4.03566938340377,0.660458777033534,8.61998549804054
2.83230427410137,1.17084486136212,7.54387322003631
2.02836284417721,1.53103905580546,6.75355908760245
1.55873421160956,1.7967850851779,6.20294785673843
1.3285807934453,2.01111589196255,5.84714883303544
1.24936104452516,2.20325344982529,5.65338419590428
1.24915388436035,2.3902365119704,5.60264241237548
1.26886807525428,2.57935840483315,5.68423322061781
1.2579456372407,2.76973393752077,5.89146284266072
1.17209385446077,2.95338570131467,6.21462329064505
0.974265404183637,3.11611542182067,6.63630607390079
0.642960991718507,3.23925735617563,7.12411017135337
0.182187525977788,3.30250592663894,7.62849759400015
-0.36840954284793,3.28938319296071,8.0858030740928
-0.936347371185277,3.19099706272527,8.4275319267116
-1.43098661404079,3.01188928877952,8.59769921233586
-1.77069782831012,2.76912331563581,8.56526693618175
-1.91109322983703,2.49011764895173,8.33483082445649
-1.85343807666668,2.20518388581924,7.93945358018063
-1.63634015329492,1.94148788849459,7.42931022993347
-1.31518271977227,1.71908603992816,6.85760057515913
-0.943426780782118,1.54902394533033,6.27103616735471
-0.558967660495449,1.43622722365103,5.70489795119522
-0.182726946896706,1.3807798800655,5.18409080646959
0.179247971589325,1.38080432061696,4.72553103871963
0.530606932623556,1.43414500928794,4.34140530694266
0.879348163978089,1.54003151604002,4.04341606053559
1.23320772616545,1.69858744201851,3.84458606721886
1.59477678456959,1.91078545367567,3.76222158103248
1.95598915572352,2.17728886841821,3.8198996484306
2.29012380687955,2.49680785080904,4.05042598303199
2.54329003165727,2.86115680999749,4.48899642664336
2.6258508713588,3.25206550833515,5.17073924411562
2.41418117768422,3.63499810475275,6.11193824355156
1.77911546512359,3.95589520016858,7.28193877043915
0.651665961742174,4.14443311160593,8.5728199296329
-0.879300371397444,4.13115381738458,9.78682855807462
-2.51961258897881,3.8747243004342,10.6764729522388
-3.85334602304386,3.38996930684049,11.0412383071953
-4.55302092985409,2.74989147482115,10.8216950242389
-4.54797390227923,2.05855011685134,10.1179164162097
-4.02244191176908,1.41013572221131,9.12488558934972
-3.25286715742008,0.862784257193258,8.03106581280218
-2.47651211554867,0.433545653020664,6.96937919331364
-1.82966841014245,0.112532586140653,6.00865259000477
-1.35970218242396,-0.124735510495912,5.17146464934027
-1.06364688889808,-0.304648852224612,4.45757604170345
-0.916345948801948,-0.451628903069305,3.85661516429257
-0.890399928031507,-0.585905820142172,3.35698506259606
-0.963975344259088,-0.723975218730669,2.94909873335698
-1.12393646448436,-0.879742703299923,2.62799834911043
-1.36391084122537,-1.0655269049517,2.3937264071853
-1.68269583703056,-1.29328688703657,2.25422772221527
-2.07891955841734,-1.5747067442891,2.22695967604357
-2.54417003253662,-1.92110675800588,2.34333219964861
-3.04959434484322,-2.34073691329367,2.65086719192885
-3.52587955733618,-2.83552516584005,3.21870428330031
-3.83615495042421,-3.39142206323851,4.12707871661858
-3.74902055654581,-3.96763004532689,5.45232832216366
-2.96576144198713,-4.48243047689706,7.20311608022
-1.24236811711741,-4.8109000244731,9.24376784672909
1.34725627324354,-4.81144688524734,11.226146218739
4.19807097035031,-4.39269299421575,12.6553825422841
6.36742376859554,-3.58535314216278,13.1362081323688
7.19248656486178,-2.54913345543887,12.6269909019883
6.71678973290155,-1.49160973972676,11.4376778672398
5.50216769802285,-0.568899163070024,9.99357706795036
4.14320321102417,0.153775578398342,8.61133720808361
3.0015907204296,0.686115290794619,7.44147355121049
2.19895570903419,1.07239187210249,6.51686922271119
1.72111661711589,1.36304967205445,5.81916789326635
1.50035034963064,1.60214135264171,5.31749409749007
1.46174067311598,1.82267444168782,4.98703832900043
1.53985552825047,2.04694020364555,4.81533015074769
1.67726210036242,2.28806464890786,4.80046687565918
1.81884609250798,2.55084568847148,4.94921032672023
1.90443881805066,2.83148276495115,5.27169502664714
1.8645746940836,3.11646562601303,5.77447769767591
1.62621529476868,3.38147157058024,6.44764628429456
1.12951716271949,3.59200478129307,7.25264264865881
0.359130007503623,3.70701211751066,8.10988601422113
-0.617094418496495,3.68933303485669,8.89834951367387
-1.63991608677651,3.51931410206387,9.48030095646229
-2.50039124123564,3.20524891905064,9.74250409390264
-3.02250890386636,2.78553499132365,9.63769382792307
-3.14152974996088,2.31781496732842,9.20123254211572
-2.91152168241603,1.85973479249423,8.52415893286564
-2.45940208619274,1.45461755611334,7.71566580644701
-1.91906404275492,1.12536483030299,6.86934901268534
-1.38956189200207,0.877666091149009,6.04955811760088
-0.923647423166867,0.704859469064869,5.29191793744276
-0.537226471138724,0.596266612259723,4.61227368647763
-0.22241401083318,0.540035213925391,4.01353977438664
0.0390232353844017,0.526806930684281,3.49314240062679
0.268789917670857,0.550147687182998,3.0461165164058
0.488170938588741,0.6070259704873,2.6678998991067
0.716935621537304,0.697258144265521,2.35500760827497
0.973286884880489,0.823735856598492,2.10722320186076
1.27415795553607,0.991960065353683,1.92852588169976
1.63410480194982,1.209391148016,1.82852362228369
2.06441710417098,1.48605099709297,1.82696946337588
2.56665912118113,1.83273124552235,1.95648086826109
3.12161683311411,2.25940737075377,2.26878626429505
3.66815133792415,2.76965740935847,2.83605377285416
4.07052731724582,3.35382592948358,3.75448876202835
4.08934151791755,3.9731908360983,5.11413654285273
3.38286563167231,4.5455844537175,6.95333023352742
1.63590736900608,4.93667870456635,9.1550363325799
-1.14422277128044,4.98425351655847,11.3586889578071
-4.32838668925686,4.57185851427182,13.0065161657272
-6.82591493730694,3.7192555776379,13.622248397994
-7.81104357257646,2.59943794613632,13.1275605844259
-7.29995273848382,1.44953415476912,11.872611498037
-5.93808987087502,0.449971211897204,10.347206275439
-4.41894326975413,-0.326140016668229,8.91206392421678
-3.15063373942625,-0.889855368562506,7.72905027629735
-2.26034164922934,-1.29146918144502,6.82389017416637
-1.72108271331846,-1.58654052421022,6.16618490384256
-1.45071726583334,-1.82182280784683,5.71525435562339
-1.36165247329935,-2.03119442217783,5.43829141598489
-1.37986445004862,-2.23609186654715,5.31679984255803
-1.44247668960478,-2.44777673482272,5.3418956577919
-1.49365089077624,-2.66869625881536,5.51181551295574
-1.47976061407484,-2.89307200846365,5.82444340375638
-1.34871302071308,-3.1071707520037,6.27157275684741
-1.05734258621101,-3.29003540657554,6.82928623420458
-0.584698901278803,-3.41564619290419,7.45162944180513
0.0494714827448416,-3.45751958843457,8.06744349001663
0.772395506048596,-3.39626021079503,8.58795285875176
1.46761559635053,-3.22691610112545,8.92602963161605
2.00900537562801,-2.96328176584513,9.02099719155035
2.30630910967088,-2.63594301577391,8.85706273647394
2.33519717808243,-2.28425089187218,8.46460938891714
2.13629202094665,-1.94608479031136,7.90580927281667
1.78513002234276,-1.65037877701657,7.25133620881796
1.36163530158994,-1.41368006141899,6.56474482394345
0.925876105486164,-1.24218620379748,5.89295114090978
0.511763865137553,-1.13452478133806,5.26612669797814
0.130661407651655,-1.08674953997448,4.70231629665955
-0.221912330141492,-1.09386113476347,4.21110552856284
-0.558773873799918,-1.15257234078831,3.79884446966119
-0.895946859576041,-1.26174991834852,3.47168139718633
-1.2485786305783,-1.42252002380477,3.23831438942886
-1.62746506212456,-1.63820801975879,3.11336097091909
-2.03409411630776,-1.91256657610283,3.11841905851791
-2.45405721978713,-2.24946341259373,3.28802906510265
-2.84446195821371,-2.64804618963835,3.66767084571309
-3.11968183320015,-3.09790226919721,4.31062952810984
-3.13538216452753,-3.57187046810818,5.26891459533565
-2.70220325269445,-4.01705621962054,6.5556219270005
-1.64047173924541,-4.35201329876727,8.10437209416229
0.0881489477524501,-4.47580387404917,9.71955118415317
2.2211036669916,-4.30485384112116,11.0828331273533
4.20336136179389,-3.81644407492416,11.8603774995714
5.45190241342288,-3.07982456827372,11.8773686797949
5.7093440157909,-2.22971743384902,11.2063244630108
5.15598700606823,-1.40618081995952,10.1041299395418
4.19350218618554,-0.701706005229078,8.85013756695214
3.19114735105693,-0.148653313693643,7.64294259074873
2.36425366632083,0.265608451506302,6.58003818178485
1.78799681149262,0.574098288753361,5.68972100216899
1.454386919701,0.814697157416195,4.96577834293272
1.32386495772524,1.02102059330637,4.39243901039818
1.35313350607646,1.22024083597778,3.95617990854436
1.50586925083926,1.43355573157065,3.65100438558614
1.75247266274763,1.67717262012135,3.47996994825991
2.06538493468312,1.96313155712644,3.45740372996869
2.40929968323393,2.29893189442101,3.60966634525491
2.72804084786582,2.68548416552656,3.97506384297757
2.93022800454709,3.11250962269151,4.59730752415146
2.88012095742279,3.55290806091805,5.51290048488932
2.40863346319009,3.95632289372147,6.72306993574118
1.37275160641912,4.24792163664494,8.15178991640767
-0.231054712500564,4.33998787779287,9.61162751519542
-2.1513441776131,4.16249849403555,10.8178681974973
-3.90233577293362,3.7022824669302,11.4855186747383
-4.99758461195094,3.02380167491362,11.4716797869111
-5.22881061581963,2.24546050570083,10.8418236538863
-4.74726714908356,1.48959071382827,9.81520846253754
-3.89316717570441,0.838199001579298,8.63467565004254
