6.08045729541436,0,0
5.79259533722831,1.85271655642595,0.062243680112174
4.9373313238615,3.64371311496505,0.11339832299901
3.56436633172631,5.19867509930458,0.121510000841584
1.78547236377513,6.36032093518256,0.0873454534691148
-0.255004437733514,6.99874851765434,0.0498191911688647
-2.38843833950679,7.0263797809807,0.0298684318984399
-4.42891952663615,6.4045565734974,0.0215273714258003
-6.18494522849678,5.15143447038859,0.017609396568782
-7.47780225670847,3.34386082631664,0.015544965050213
-8.1598208657442,1.11446774788331,0.0145624073356115
-8.13236091052318,-1.35677550540417,0.0144033407683007
-7.35054413202018,-3.85721603027188,0.0150482764240955
-5.84379384062759,-6.15806418907088,0.0166771091770716
-3.70494906083067,-8.03484239592834,0.0197935362721295
-1.09296336328115,-9.28885890867004,0.0255854457598629
1.77978396006035,-9.76474360608252,0.0371016391786158
4.66141001652785,-9.37441516243722,0.0632848760078205
7.27900401490503,-8.10065796147414,0.136605509637422
9.34533942375858,-6.0145801329616,0.401924626285662
10.500468551576,-3.28780663068347,1.59619531368113
9.94576765355908,-0.263808977663197,6.72805869402514
6.19792665609119,2.31289147981993,15.0348126481129
1.44895104884785,3.59953466547938,8.21378002687799
-0.956521274907433,3.85266378983969,1.54972138524193
-2.28114041174993,3.58010362943667,0.193541405549319
-3.29381793787611,2.93435665186312,0.0362543250372207
-4.04585389727334,1.97380537611621,0.0218546445327847
-4.46869303164896,0.769498641059407,0.0199479885856871
-4.50513589364166,-0.581991096040459,0.0195786010180757
-4.12727975787915,-1.96515378213273,0.0200493630568622
-3.34612065251874,-3.25464999607224,0.0214161458150363
-2.20805916865837,-4.32600031051104,0.0239309210561206
-0.79580168575002,-5.06603148903795,0.0280995745074305
0.775788126760402,-5.38735518695047,0.0348552543931616
2.37109778022026,-5.23546109228272,0.0459355469768732
3.842681541935,-4.59481254654089,0.0645881052814217
5.04467686451302,-3.49708109002521,0.0964654248910765
5.84495671676465,-2.01793152619547,0.149732157272849
6.13831188263124,-0.274947255650218,0.229355608828695
5.85980147805489,1.58029724334377,0.31744110931233
5.00953208133513,3.3758914632248,0.354195641770739
3.65424369030248,4.93905508125188,0.285354044943294
1.91624019977186,6.11801689318989,0.158363122454929
-0.0683374278412578,6.79020002439832,0.0683695630423495
-2.14933624944577,6.87084248872401,0.0332198729850788
-4.15391371526808,6.3196607935267,0.0223847446258691
-5.89656904117948,5.14875549381894,0.0180989529235912
-7.20181849394469,3.42897258126425,0.0159036028777276
-7.92268326769976,1.28506875670399,0.0148344105577794
-7.95693443143341,-1.11131763753129,0.0146052966181255
-7.25932116454388,-3.5548905713387,0.0151750629701704
-5.84854091294449,-5.82305003988451,0.0167057634444609
-3.81167235053411,-7.69622315999249,0.0196527747541126
-1.29793148948879,-8.97745924107293,0.0250893706772247
1.48951243837719,-9.51119261585285,0.0356985832312574
4.30798028014894,-9.20595007540631,0.0590473497000941
6.89279948204752,-8.03694966064983,0.121314935997791
8.96736986460383,-6.06606162058574,0.33220804684202
10.2096242949556,-3.44928881244852,1.21468604205127
10.0010798486865,-0.483727896952737,4.92061842137946
7.07872736858385,2.21739449642341,12.6090489096981
2.43750059743216,3.82051543047333,9.41984366150802
-0.407864151246221,4.32264447531924,2.22135639968205
-1.99600819355438,4.20546754252026,0.299826921237136
-3.22465772337958,3.65365534900936,0.0460281960814432
-4.20004166286267,2.72492710523171,0.0222360926931416
-4.84508167776454,1.48524119323039,0.0193783031382527
-5.08202806155608,0.0299470936924024,0.0186361087995251
-4.86444602842248,-1.51979902539978,0.0187625943268872
-4.18441611765167,-3.02686299380601,0.0197434995538258
-3.0766694209916,-4.34985639977857,0.0217741840519529
-1.61693951683515,-5.35545833649721,0.0252909261052867
0.0813569689767958,-5.93153354383875,0.031156821421821
1.87546293230486,-5.99943316149128,0.0410801020539796
3.60459378233641,-5.52212410251408,0.0585569559953413
5.10158714317092,-4.51045116536001,0.0908995043380292
6.20850222396175,-3.02901342694382,0.152498440782545
6.78860637642091,-1.19124676500609,0.266082248175368
6.73775695309634,0.845536551397724,0.443632964989351
6.01324678123479,2.88948017537765,0.618468703530683
4.66857877608635,4.73781355126081,0.618476934783855
2.85810366444258,6.20830854440549,0.392853784525095
0.756660993648633,7.16115551953089,0.156463064244718
-1.48874426413213,7.49638021262459,0.0515920511283887
-3.71657560122691,7.15551405709842,0.0252488382984936
-5.73458388257586,6.13082638840071,0.0186278250587029
-7.34666389249875,4.47539446452574,0.0158323125680285
-8.37991044250186,2.30336353868327,0.0144225480138698
-8.70415636982345,-0.21672148963459,0.0139121436421898
-8.24390640066711,-2.87420564864241,0.0141829169615744
-6.99597746953818,-5.43240084514447,0.0153190097565457
-5.02522647156758,-7.64921809390181,0.0176657263583793
-2.46967978031318,-9.29952263368749,0.0220614695172403
0.470668918033901,-10.1954196623045,0.0306110995589196
3.54607048928312,-10.2099319381756,0.0492950263871563
6.47610089866854,-9.28783237907127,0.0991043473574215
8.96279884512749,-7.46235729878085,0.273350636676743
10.6588828876798,-4.86474835288663,1.08817088130571
10.8560884660175,-1.78063846781685,5.39415487796936
7.57708457007537,1.08783493033001,17.5442479432675
1.7755138485379,2.58027655707579,12.5582291767275
-1.01574653746951,2.78400108585909,2.38439616294127
-2.11307767378356,2.45591820926614,0.288227152550949
-2.80181008012935,1.84190458287104,0.0467565853547883
-3.24467051563342,1.01430808973654,0.0243960276641089
-3.41251176911422,0.0395713200432025,0.0221722760144023
-3.27470579849756,-1.00116019065359,0.0221298755055215
-2.826940867977,-2.01601854086147,0.0229625259568829
-2.09010548982996,-2.90966638991472,0.0247066254323467
-1.11522593958628,-3.59248407691071,0.0275973821079167
0.0220922851961332,-3.98916936200951,0.0320454766814572
1.22686652725631,-4.04513587051754,0.0387101752780918
2.39126174530652,-3.73494918977036,0.0485524224340231
3.40408833794586,-3.06513753942859,0.0627808696821957
4.16233406481616,-2.07780858879237,0.0822700004664993
4.57725410904545,-0.844507938777141,0.105960984220413
4.59162918399188,0.532799051711673,0.127916960948855
4.17951176647865,1.93465899878256,0.136457123245938
3.36000172437889,3.23235625089595,0.122031339963009
2.18954392050589,4.30105297461603,0.0900776650313345
0.756721876431646,5.03121527678655,0.058384541857167
-0.825625045679207,5.33704314298926,0.0380628686503431
-2.42451511337349,5.16536377397983,0.0276015674495498
-3.89581394464027,4.50406016922911,0.0222079475455753
-5.09704999085356,3.38423857219968,0.0192093650457168
-5.90136331362927,1.88120891020168,0.0175642052395467
-6.21066012698351,0.11011476040932,0.0168697399940566
-5.96623054011727,-1.78247071028986,0.0169918389934542
-5.15497762095179,-3.62924891042919,0.0179744878160839
-3.81841986470976,-5.25700437440026,0.0200477202385495
-2.04807721234773,-6.50310684870743,0.0237446406574557
0.0202411594696552,-7.22777251916397,0.0302223921921263
2.21233702649743,-7.3338022941835,0.0420442156982132
4.33165139454173,-6.77376279845713,0.0654540043770957
6.17363518266758,-5.56127762199006,0.116914559939341
7.53629085367038,-3.77079319318325,0.242842132615516
8.22954622538606,-1.54589493741022,0.564140949595679
8.06232062097277,0.904456292523526,1.29359895348541
6.87864703996774,3.30123500124304,2.33718272197256
4.79851851086517,5.33331947213783,2.53672117585235
2.35707888975143,6.77671358260378,1.38622567384925
-0.0582915741469186,7.55398622065986,0.383819778089409
-2.4136107315291,7.64102476095623,0.0716473030298274
-4.64461356851266,7.01997449235754,0.0237745220828573
-6.57863409835116,5.71065032006489,0.0171583288512517
-8.02346589540007,3.79136439015021,0.0149404144878323
-8.81759111219898,1.40277192165707,0.0139123769664944
-8.84622382842147,-1.2646423868438,0.0137085775759001
-8.06034137724965,-3.98146049777226,0.0142899543922146
-6.48296344201258,-6.50050527392232,0.0158303113196974
-4.21046646007884,-8.57760673868415,0.0188276353901773
-1.40938781830989,-9.99330154189839,0.0244971397089383
1.69290225681353,-10.5768556982625,0.0360487317525773
4.82624183108637,-10.2253675926358,0.0635151776281835
7.69470707561824,-8.91456396505822,0.146778693155078
9.97965788199711,-6.71561296736233,0.490621816804141
11.2257493560841,-3.81561629893173,2.35861474632499
10.0965887566375,-0.654957177115896,11.6240384911768
4.45709089869979,1.66161079139742,20.5511134328206
-0.245148423961478,2.31014453734792,6.28876224149006
-1.75527297211279,2.10357082165904,0.83187314589984
-2.41652199360836,1.57988788018235,0.102380909654662
-2.80344711945743,0.864411558279003,0.030251155335639
-2.9466144190676,0.0217390284004799,0.0237296586606945
-2.82535593912633,-0.877312525584023,0.0233351476400037
-2.43592116577198,-1.75320806933717,0.0240965085875533
-1.79733947326229,-2.52363984466122,0.0257358863000599
-0.953789603211067,-3.11131905127739,0.0284145927006405
0.0293615714275155,-3.45103063405029,0.0324373648852709
1.06974140127251,-3.49660364555581,0.0382476582544256
2.07445919127361,-3.22590333971823,0.0464131509284896
2.94789848955706,-2.64509687218316,0.0574653083699104
3.60095375264085,-1.78987893168955,0.0714015293794589
3.95921220321982,-0.72310071837552,0.0866675196687113
3.97115504209462,0.468711232063281,0.0989600459499497
3.61640281783653,1.6818416230919,0.101839251099078
2.9099228496548,2.80576343200022,0.0914188219858903
1.89745235990061,3.73198755616082,0.0715058728774016
0.6549773148794,4.36461403832815,0.0513422515937532
-0.718442887725478,4.62919181512731,0.0369536071246159
-2.10650895735804,4.47963139215628,0.0283639325008353
-3.3836373132607,3.90484154215037,0.0233975652119187
-4.42598222982204,2.93198080361014,0.0204758725349388
-5.12337385731749,1.62651958921837,0.018830210678168
-5.39118817853747,0.0887082769631769,0.0181205272194841
-5.17666438921992,-1.55431508755785,0.018230038387849
-4.47196705383771,-3.15718446560657,0.0191912160832249
-3.31123346481818,-4.56985178433483,0.0212090943141754
-1.77361439600494,-5.65041342725764,0.0247407831690729
0.0218763840669122,-6.27893343282629,0.0307128650295555
1.92462701712524,-6.36965688898001,0.0410335479607086
3.76408610728529,-5.88268851950095,0.0597821741428936
5.36333952843455,-4.82856137598808,0.0960659593141631
6.55265197182493,-3.27285567889555,0.169880184363251
7.18134474475215,-1.33492534095238,0.318738675902803
7.1299960516696,0.815941596987098,0.578535505386353
6.33898456262883,2.97109386779648,0.873640463540301
4.86877441938944,4.907240410936,0.919192174595543
2.921981081051,6.42872678785704,0.583874260487701
0.714951666257296,7.39765190264066,0.216588596074634
-1.60899466361651,7.72233802863119,0.0601835700028096
-3.90100295809424,7.34788972648958,0.0254148608651872
-5.96921164167452,6.26999818380617,0.0182542826672454
-7.6132592249167,4.54550254728549,0.0155018048423544
-8.65516758108592,2.29307176439347,0.0141373188863853
-8.96284666029471,-0.31121720635393,0.0136600980174028
-8.46296889261338,-3.04913323364023,0.0139571706564192
-7.15171531216052,-5.67682779110395,0.0151239042049492
-5.0990978089099,-7.94467634584988,0.0175224294060891
-2.45028937413158,-9.62244831361113,0.0220351506815386
0.587710378385159,-10.5165927112709,0.0309341017087587
3.75562532725862,-10.5015266925629,0.0507890643945164
6.76402742718518,-9.52024783497443,0.105787487966979
9.30300029984178,-7.61080270310764,0.310181601995912
10.9945396515159,-4.91489490144804,1.34704971706942
10.9513671750534,-1.7549414743509,7.16246117966235
6.71980862449783,1.01502524879525,21.0801362585039
0.787582474255788,2.17007162803042,10.9230368217603
-1.44138051165184,2.13584547984512,1.6951960458634
-2.23099881815422,1.68660538342832,0.197184740612753
-2.669618105665,1.02705461388818,0.0391188680652004
-2.86942171019802,0.227441407304238,0.0246815126997451
-2.81460077995715,-0.644973769505117,0.0234878657047836
-2.49612694399019,-1.51390604739846,0.0240087588494935
-1.92787283741388,-2.29918710201894,0.0254104592803478
-1.14675285047231,-2.92337743819325,0.0277846099859078
-0.211860044455482,-3.31908568670863,0.0313896273364741
0.799682660085318,-3.4358721854439,0.0366130206023529
1.79882762310059,-3.24653728961148,0.0439535867976067
2.69207828942552,-2.75002103371677,0.0539132537127709
3.3900324787347,-1.97424430365987,0.0666094093233643
3.81566788126065,-0.974373699864826,0.0809481923179545
3.91267798416821,0.170073978348768,0.0935134569684562
3.65280646286833,1.36103246008644,0.098588066242809
3.04311484112629,2.49132329442634,0.0916580989061879
2.11952478243419,3.45284800344104,0.0744134031934047
0.951236939642555,4.14925020010098,0.0548000988139158
-0.370986302827861,4.50049454129441,0.0396154076849632
-1.73632695426636,4.45483676162769,0.0301170527583646
-3.02318950701463,3.99240177432199,0.0245442727091297
-4.10891591945605,3.13065067990938,0.0212424830613751
-4.88160155228318,1.92489940400215,0.0193328023626954
-5.25132182813816,0.465308726459974,0.0184125079945058
-5.15821211475313,-1.12936924121479,0.0183234303129095
-4.58408342866239,-2.72016055115879,0.0190622444052325
-3.55132511354453,-4.16025213632497,0.0207858247328073
-2.12735516340518,-5.30759005995566,0.023866979787219
-0.419853309218928,-6.03859017088115,0.0290617765019003
1.43052272675042,-6.26080036797451,0.037890718058403
3.26088352872129,-5.92320105659061,0.0535203460513726
4.89771901490427,-5.02207571611875,0.0828624143566299
6.17272964399252,-3.61006807139897,0.140664262601571
6.93523259705996,-1.79156106403256,0.254777164642284
7.06173100133194,0.281006219371608,0.457139996100113
6.4802855365076,2.41350486862914,0.712473733258806
5.21507243960892,4.39084712322233,0.816455391853284
3.42311540681283,6.01318915516492,0.592368684505019
1.31041740215048,7.12691459514663,0.255199631913089
-0.966422815742154,7.62749276448095,0.0764367603492299
-3.26149704884972,7.44725240667449,0.0292567159296177
-5.38979450960856,6.56562428253449,0.0195113338324881
-7.15041672765597,5.02198804513887,0.0161589821914706
-8.35937204945329,2.91816928950916,0.0144932214057559
-8.87165319205132,0.413717627079019,0.0137931130172905
-8.59626801929147,-2.28526984044505,0.0138792067243593
-7.51108973065227,-4.94158977225698,0.0147894257910306
-5.66633927427089,-7.30797305966124,0.0167965442437785
-3.18561472734934,-9.14904331120993,0.020590636986192
-0.257772818877795,-10.2607243214061,0.0278934155540617
2.8718852400706,-10.4973258300058,0.0434764566401621
5.92346323148665,-9.78542821400965,0.0834629869033694
8.59627542920548,-8.1350286955018,0.217779607543568
10.5520637117086,-5.65490403596111,0.834182763449605
11.1747724539362,-2.59454131706984,4.2737493772631
8.53593514022087,0.423227667268195,16.9099568031574
2.34175975008217,2.14608749781508,15.7365380968328
-0.931647040595523,2.4051417870103,3.22393166861316
-2.02218230106447,2.07519944819293,0.389159443175951
-2.61070645920781,1.48061005746384,0.0571868297373909
-2.95342041306168,0.705481453021576,0.0259833223942292
-3.04059955123702,-0.185267035552686,0.023123675870193
-2.85187844982096,-1.11611250430714,0.0231705389864637
-2.38830749219086,-2.00370262061555,0.0241481564664112
-1.67608501986233,-2.76394800428362,0.0260315364732633
-0.764912761688951,-3.31824847222415,0.0290423069394535
0.272448059972943,-3.60353514142335,0.0335393476367405
1.3478614381075,-3.5776590483856,0.0400437603326997
2.36376148213619,-3.22319384034466,0.0492290861273785
3.22193478196267,-2.55408268868822,0.061688629129904
3.833173064692,-1.61407978410659,0.0773010392873322
4.12525142033119,-0.474072680364265,0.093944783298288
4.05131269404951,0.771821478431351,0.106172771181668
3.59921390011691,2.0138764067397,0.106636746095149
2.79096652558221,3.13714183583199,0.0922068720915754
1.68338413149067,4.03248577215676,0.0692586698192433
0.359895294734721,4.60457577624502,0.0483677519676768
-1.07243250076226,4.78334295816832,0.0346105805962933
-2.49061164637792,4.52785287119542,0.0267780414561543
-3.76450270072077,3.83673957823996,0.0223166531443228
-4.76882396862906,2.74710961869754,0.0197189627561201
-5.3935525628959,1.33413386463801,0.0183093414413246
-5.55902297537156,-0.290644749506837,0.0177953252388134
-5.22242950543771,-1.99077717832971,0.0180928005749592
-4.38247099791897,-3.61423440021296,0.0192772819102394
-3.08630747569624,-5.00638089520696,0.0216072686118694
-1.42597190404527,-6.02491173552647,0.0256425586917665
0.467444620137714,-6.55317619855955,0.0325319712610954
2.43272249555302,-6.5127360133469,0.0447060194653079
4.29092422731006,-5.87312233177272,0.0675981803851945
5.85985187276806,-4.65892593467348,0.113829022229156
6.96577818890379,-2.94997453574495,0.212431235888899
7.4578615058893,-0.883964275417182,0.41784016632516
7.21311835024749,1.35220026372505,0.774227601821989
6.18454051752037,3.53059207909615,1.1340326712118
4.48348173629284,5.41698671728816,1.08515733081609
2.37463867467502,6.82389937597806,0.594221309206897
0.0779335709271444,7.63281823023579,0.186876593253582
-2.2823908588203,7.76787335944996,0.0484634582227735
-4.55571451246895,7.18923828337674,0.0226038549360084
-6.54538934427251,5.90972169164071,0.0171920379230213
-8.0527426151779,4.00383051561774,0.0149249234230568
-8.90930197598674,1.6091880994959,0.0138374110410227
-8.9967992401846,-1.08301096639387,0.0135803375362792
-8.25996056810097,-3.84308827097355,0.014101693137346
-6.71569869052927,-6.42092979450178,0.015560412075894
-4.45644509532536,-8.56739036830871,0.0184277949068521
-1.64718250607099,-10.0581284916758,0.0238558116786731
1.48598501534324,-10.7153848606493,0.0348861151183846
4.67137759545993,-10.4285425209181,0.0610297513913037
7.60987340272799,-9.16755911760603,0.140124575953229
9.98013354031188,-6.99827745755828,0.467720409369666
11.3257341154118,-4.10086379085798,2.28760161674966
10.285737041108,-0.911418876108923,11.7993407400231
4.48416977552288,1.4324644640669,21.7443519797993
-0.359042410720102,2.04484469598856,6.51088950442445
-1.80296851372044,1.79492492481833,0.838459516797598
-2.36847453309229,1.25185441473539,0.103053243263094
-2.65773527507099,0.545964412686804,0.030809135714415
-2.71055961867472,-0.257197005818333,0.02433833274491
-2.51521597094203,-1.08855387400273,0.0241306064927264
-2.07574790688577,-1.87314053089914,0.0251140195880418
-1.41753179398029,-2.53577321638907,0.0269928562119333
-0.58809546688312,-3.00800004942448,0.0299280968449259
0.346340306486917,-3.23496781495587,0.0342059197458665
1.30586489357919,-3.18078123991911,0.0402081950608342
2.20292663343117,-2.83333350774184,0.04834016699432
2.95045825103393,-2.20759645286897,0.0587883897973907
3.46932236931819,-1.34460223676444,0.0709819041949245
3.69818190559234,-0.310960408735283,0.0827539415496575
3.59815516292037,0.807821167809102,0.0899564996104423
3.1607879807013,1.91297871076183,0.0881216632262602
2.40907085266751,2.90229553880667,0.076406742654248
1.39388350552822,3.67759294775982,0.0595913219806225
0.193877208458345,4.15669596640054,0.0442761311825172
-1.09361634569652,4.27768808397084,0.0335703879708796
-2.3567050379407,4.0084334752279,0.026937002842788
-3.47847584265584,3.35016866301732,0.0229150525402519
-4.34723305309615,2.33984596115044,0.0205043822501046
-4.86778948632339,1.0493601110425,0.0191944092938754
-4.97127377441111,-0.419451721084932,0.0187536158839476
-4.62184901132043,-1.9423164534175,0.0191224122300876
-3.8243466749354,-3.38194416650722,0.0203808568161655
-2.62500941444629,-4.60061598903749,0.0227804201720498
-1.10981441898461,-5.47237110371929,0.026843714551786
0.600357046114568,-5.89589927998796,0.0335896898482992
2.35913561802808,-5.80571545808795,0.0450228592377885
4.00525506224371,-5.17747961024693,0.0652506798323872
5.37658993072928,-4.03917971882503,0.102491328894966
6.32229574110748,-2.46709351771415,0.171925404770616
6.71931261808624,-0.587067025371725,0.292596608093634
6.47975154424802,1.4366005311931,0.458859087687706
5.58963623710005,3.41098911240532,0.577709048730376
4.12879507526958,5.14120580017499,0.50599705818584
2.25574535250641,6.4592812234215,0.280802456911557
0.129722637258554,7.23609832199123,0.104227097266906
-2.10126917543222,7.38319173666549,0.0385925463107584
-4.26477631339631,6.8543070134043,0.0226088596549258
-6.16551307680508,5.65803281042917,0.0177427288012135
-7.61342816348344,3.86391953934754,0.0154308356745224
-8.4485173883728,1.60142978807093,0.0142968500995964
-8.55462343973552,-0.950452529793648,0.0140079849172025
-7.87800200300508,-3.57360316233286,0.0145045335225375
-6.43361106552101,-6.03097595367981,0.0159328395258014
-4.30621465275513,-8.08546099049112,0.0187372273294814
-1.65117906501482,-9.52397423282378,0.0239769633219357
1.31937700069502,-10.1738648493917,0.0343872613777014
4.34749230253332,-9.92846986573317,0.0580896354383196
7.15066052018167,-8.75856513300659,0.124912931891324
9.42983153768014,-6.72168405416917,0.373601347992956
10.8056904924515,-3.97835300300741,1.581464889489
10.3804068692224,-0.876604501873714,7.49023431937442
6.18867219746761,1.74992972291719,18.1955497458928
0.95948182079778,2.9035237490422,9.02441463665938
-1.26565674108756,2.98225514934461,1.49879551887046
-2.30027463614455,2.60404154977626,0.17984725535026
-3.01320982327337,1.93787486353792,0.03613678730727
-3.474433785522,1.04755973926525,0.0230337673041392
-3.64172718121609,0.0033385087138112,0.0215643359112222
-3.48245218693133,-1.10781823565545,0.0216097643584829
-2.99216132478064,-2.18745253885807,0.0225005793398787
-2.19537880376425,-3.13408223632734,0.0243306367555912
-1.14743112535333,-3.85283040404686,0.0273693610419152
0.0709253949529733,-4.2624592234543,0.032101928035886
1.35669992806836,-4.30770322025039,0.0393074048702333
2.59516093951821,-3.96257662859222,0.050195746834567
3.66725694767285,-3.23413750304331,0.0664508634968577
4.46340981800287,-2.16935593579846,0.0896072395775938
4.88964636140224,-0.846135848184344,0.119098151075356
4.88487240546722,0.625698526022159,0.14794208809383
4.42500121508443,2.1175472670267,0.160562095903728
3.5316255756593,3.49176389220965,0.142804685946582
2.26947065727099,4.61602092267171,0.101650808867869
0.734767533928892,5.37476547877067,0.0619447634422396
-0.951762596095584,5.67888560805395,0.0381711082800334
-2.64906650000931,5.4742623271032,0.0269430796024353
-4.20397312628012,4.74909137355455,0.0215044657947802
-5.46578839343088,3.53924388005367,0.0185579504790933
-6.30074610422249,1.92641831248228,0.0169656469098112
-6.60454363306197,0.0340902856944287,0.0163182362256263
-6.3181419972354,-1.97966093448119,0.0164826881425809
-5.43190678624268,-3.93729338870605,0.0175103823246665
-3.98823340377362,-5.65376955212838,0.0196606549046243
-2.08931261513607,-6.9581326636654,0.0235156553654111
0.119742923164939,-7.70176751921602,0.0303923026720344
2.45162728395405,-7.78479891180342,0.043308577747387
4.69717878040844,-7.15986614141305,0.0700473196989293
6.63629160081226,-5.84077641197446,0.13327689284173
8.05318954363487,-3.91486354730506,0.303415426838802
8.72994188064866,-1.53926501970037,0.790448402618825
8.40735222833952,1.04751864603888,2.02065637332294
6.83479692639365,3.50674790743296,3.79455794547738
4.26520180546208,5.46028811833089,3.73515873312186
1.6015672250608,6.70342893653439,1.65511665466542
-0.778598188341637,7.24371119732306,0.364699576444027
-3.00051644823872,7.1074496863762,0.059673420556917
-5.04035465997665,6.29959991457181,0.021788265494212
-6.73622384248722,4.85844042639358,0.0167697318307855
-7.91409086317902,2.87818659060557,0.0149828862849179
-8.43403391023517,0.508695634304111,0.0142309414614731
-8.20862687182534,-2.05547959783672,0.0142752250637663
-7.2110995092839,-4.59004139012983,0.0151447439596091
-5.48734736091269,-6.85961286485196,0.0170900397893079
-3.15110253516984,-8.63853382895219,0.0207521706582675
-0.380715135640103,-9.73280513896682,0.0276732360810735
2.59387153709883,-9.99906642491677,0.0419908589726646
5.50695675564872,-9.36341532694786,0.0768829672204235
8.07457780881606,-7.83255194542172,0.184630415620705
9.99107105591373,-5.50437621737362,0.621725285356315
10.7906361403171,-2.59180837070254,2.77733523241293
9.22304982124394,0.436086146953863,11.1586489878035
4.14137472410427,2.59728087365859,15.9159205724261
0.080463503686993,3.33422044273611,5.02905358025368
-1.6153087115206,3.27290457606975,0.723801737143339
-2.6274531512319,2.81232018828846,0.0911492300172142
-3.37892391234202,2.05176144935481,0.0275389411615992
-3.85693155022537,1.05183382363063,0.0215714541377731
-4.0077215063513,-0.108890620075681,0.0206903118949483
-3.79735845282387,-1.33330671907364,0.0208566013724946
-3.2236099119776,-2.51230484974306,0.0218655504177732
-2.31761842381899,-3.53497271047453,0.0238676448110967
-1.14129067221527,-4.29621017745077,0.0272058240152975
0.211707342802394,-4.71209027434164,0.0324733260295557
1.62777655781504,-4.72065874640711,0.0407351454742969
2.97879589220827,-4.29867792385717,0.0537276863470027
4.13450405189629,-3.45896550435297,0.0741474183755457
4.97413612327745,-2.25535045532264,0.105199277801216
5.397842032264,-0.778969775985348,0.147755116343384
5.33837602899726,0.847296689727214,0.192867467318705
4.77485247577762,2.47845054967567,0.215133172247923
3.73983737444332,3.96220500550866,0.188755806207849
2.3143016892032,5.15528753932917,0.125384695586704
0.609265486853846,5.93594153627732,0.067972357933305
-1.24322753174567,6.20978970632911,0.0377955592692709
-3.08878843299861,5.92452883105927,0.025618322062055
-4.76071724455639,5.07258909230091,0.0203000247908161
-6.09508608559265,3.69772531837753,0.0175253434989641
-6.94909015225189,1.89538743203934,0.0160655658435287
-7.21471264492415,-0.194814411133051,0.0155221156759756
-6.82986593083908,-2.39797858545525,0.0157833453317092
-5.79138287098101,-4.51749942531117,0.0169246535482852
-4.15521801279817,-6.35329800100004,0.0192475277624216
-2.03504819401694,-7.71879903671711,0.0234581797670952
0.403140870943573,-8.45865093122212,0.0311775360707521
2.95226412419313,-8.46665363728574,0.0464532844146503
5.38028223283945,-7.69813758245964,0.0808561727870113
7.44623950122303,-6.18036600537148,0.17261564222577
8.90535610803439,-4.01632449796048,0.463206399044458
9.46733095822778,-1.39494742657079,1.46413634079788
8.66088861656838,1.36874600141875,4.29873026895495
6.03401474826096,3.77584913367471,7.43228019609532
2.64271582165609,5.34959882848578,4.94552938797051
0.0276671175626173,6.0753465025179,1.33559857598207
-2.00765750273007,6.14012296404034,0.20244009551461
-3.81443220655168,5.61677793672835,0.035766950649118
-5.35999307745288,4.5386524535222,0.0195255082306051
-6.50421708329638,2.97318315355312,0.0168217568358376
-7.11773985871235,1.03476317714597,0.0157605635209492
-7.11358053465969,-1.12005838471754,0.0155577797265593
-6.45114018364596,-3.30642760089514,0.0161707283213756
-5.15378590974254,-5.32476192533859,0.0177562623793803
-3.30050306643427,-6.97806470365066,0.0207564492481284
-1.02926609081557,-8.09219798358794,0.0261633507105882
1.47570627202707,-8.53216825534227,0.0363070440999496
3.99585386142411,-8.21412067679707,0.0573674283375253
6.29477616789955,-7.12559254581932,0.107848784413356
8.13032178540764,-5.3222330896883,0.252625257115273
9.24958104923097,-2.94177362308478,0.734842103581502
9.31193858391493,-0.218253043969515,2.33440032690685
7.77244612026403,2.46293572451875,5.83896699819796
4.61198070223299,4.5629152435594,7.00282326650601
1.47795652224053,5.7706183374828,3.12695901447512
-0.833853847798921,6.21537348791803,0.640692547862124
-2.77338784934064,6.03946517918169,0.0897412457904191
-4.50133175799358,5.28382287526145,0.024744417476976
-5.91255129992224,3.99127862537108,0.0180099380981111
-6.86419024949201,2.24891565326589,0.0162206334947948
-7.24110859666533,0.189937629678747,0.0155263365194028
-6.9733992651149,-2.01548877013372,0.0156440205862005
-6.04438063365864,-4.17270595885101,0.0166160157365387
-4.50216244328428,-6.08076301279442,0.0186926632109266
-2.44860453311435,-7.54707380391724,0.0224935105819199
-0.0434531823510594,-8.41008215877398,0.0294162679148198
2.51210090006755,-8.55424160126811,0.0428852944775159
4.98842925224805,-7.9206423045054,0.0725493283949462
7.14455442433745,-6.52544294022156,0.149458749911523
8.73558153875947,-4.45705009537962,0.387985159842497
9.48269972638253,-1.88876388528589,1.21582750499348
8.94710160770748,0.888215279230993,3.7432493663468
6.58134864762092,3.39897673371149,7.37521917522035
3.13371356409867,5.11828417713886,5.77656690057792
0.367796422722335,5.95594424547941,1.75460835804957
-1.71033618083008,6.11020241123191,0.281869860065684
-3.53113283448843,5.67494799351138,0.0442166493471808
-5.10824311027353,4.68378714937458,0.0204683401110386
-6.30817920484469,3.19711631480739,0.0171560554166494
-6.99957961161204,1.32207648559164,0.015940034689522
-7.08756396910193,-0.792368974597549,0.0156198679403232
-6.52669564084707,-2.96594317989672,0.0161079583587662
-5.33014785760369,-5.00235974893877,0.0175309243540491
-3.5667192686586,-6.70418707857146,0.0202784404066743
-1.36663558002223,-7.89528789075665,0.0252192598793205
1.09408502233065,-8.43476925386643,0.0343717649325954
3.60289469135786,-8.23148386180893,0.0529399245325534
5.92737713081587,-7.26301897398834,0.0960005070378982
7.82754017044609,-5.57239370267055,0.214948880374267
9.05993728095198,-3.28544236235087,0.597323115210047
9.31844199356141,-0.614948856800626,1.86174781669482
8.11758896281473,2.09203533128713,4.91030543667114
5.24787327731266,4.3277848566803,6.87942313334948
2.04899560534398,5.71488492999503,3.70328677187065
-0.395894970795552,6.31086661803664,0.872274326172346
-2.41736975610903,6.26335095670208,0.126295774931286
-4.23402468017019,5.61877123106997,0.0281987109145761
-5.76007577731395,4.41286432782496,0.0184554947644293
-6.84713519597316,2.72332074435281,0.0163011346468217
-7.3691413201585,0.676720050215368,0.0154182020473127
-7.2439284509275,-1.56025827082158,0.0153632071052769
-6.44172690414459,-3.79318453105703,0.0161346326180908
-4.99657472872963,-5.81623836485001,0.0179348688449129
-3.00072098320765,-7.42909960254521,0.0212900145001752
-0.605936541154141,-8.45887204152249,0.0273915584067594
1.99092634429677,-8.77436575329951,0.039151536584907
4.56018423218047,-8.30370856399338,0.0645886887661134
6.85634466369851,-7.0442937442391,0.129581960855605
8.62900301275213,-5.07038136872833,0.330802701793405
9.59864600510604,-2.54021388997685,1.05320099094323
9.32325768634753,0.271708452779613,3.5022074124739
7.10997919249488,2.89118924897905,7.96084190083721
3.4574188790889,4.71865067697683,7.12829775710494
0.510611851575019,5.59761743669868,2.29866829131956
-1.54411718394712,5.77421498122614,0.376700625113445
-3.28154077412388,5.38214388135572,0.0543962871748585
-4.78195011241095,4.4623504422613,0.0216913158693435
-5.92970385627896,3.07187869041169,0.0177517331247257
-6.59997281770898,1.3101172890617,0.0164689571393127
-6.70284405178689,-0.682694825985312,0.0161129249944617
-6.19325874261019,-2.73735117205455,0.0165689278508196
-5.08113772955366,-4.66827119130684,0.0179523667106892
-3.43170416754386,-6.28983300443763,0.0206196726405518
-1.36430501179287,-7.43375388115306,0.0253662862311741
0.955745112036871,-7.96376900251683,0.033997195408419
3.32779078394929,-7.79625716441278,0.0508758923599071
5.53349279258893,-6.90494584970613,0.087944575907526
7.34775349858452,-5.32837159387232,0.182252809941106
8.55007596122864,-3.18149400336847,0.45387159638261
8.89659189553359,-0.653437424165895,1.25351661139038
8.0717330407319,1.96787512018805,3.08518201198235
5.89529667991867,4.28585733996737,4.74604820348208
3.05044362155588,5.94157566256106,3.33559051336097
0.482115421636534,6.84909837260033,1.04572907355904
-1.77763381492983,7.07118495348302,0.180164720251897
-3.8766629916778,6.63271724434666,0.0344758337633462
-5.72878900290701,5.55105328901849,0.0189447129278211
-7.16473993345836,3.88877513971118,0.0160147433564707
-8.02733952989068,1.76314880284161,0.014758853897973
-8.20254544795326,-0.657827738426556,0.0143823198451955
-7.63108879483353,-3.16916623425847,0.0147955028097399
-6.32121502772948,-5.54499059594314,0.0161179635195085
-4.34741161779251,-7.55806509238867,0.0187420506580648
-1.85077171238129,-8.99993716222637,0.0236029411066216
0.969330886358016,-9.70327477885864,0.0330049535862528
3.87090437967448,-9.55802427772936,0.0534562536820117
6.5859825741193,-8.52781247591566,0.107030145804148
8.83217190568224,-6.65707111939254,0.287045502256231
10.2878045165289,-4.0873921083936,1.05639417756277
10.3494901034022,-1.09721534167836,4.57083005112079
7.58983176651169,1.70883007319269,13.4602787785238
2.58819220859024,3.39135200837354,11.1853259676639
-0.440257929085513,3.87453714579353,2.65080429195997
-1.9445385067005,3.72945186247426,0.353118289805614
-3.03665975538931,3.184727065661,0.0517598228170506
-3.87841023554904,2.30599296810499,0.0233174536999489
-4.41054477891967,1.15784222582344,0.0201979908346477
-4.56788027068913,-0.169997428244125,0.0195379267750612
-4.31291907890764,-1.5660683489639,0.0197629305935689
-3.64440599105912,-2.90578642013806,0.0208466737300022
-2.59868651799674,-4.06245440821473,0.0229853126536943
-1.24899372415864,-4.91842499674485,0.0265943784478582
0.29893383545621,-5.37530888296126,0.0324679632973758
1.91317809363425,-5.36836656670479,0.0420679851278799
3.44796829711951,-4.86965946036029,0.0581486659743815
4.75420563734112,-3.89605426012476,0.0857133094358475
5.69343190415429,-2.51101132407353,0.132697471483117
6.14877867530971,-0.82060436698538,0.206987645327177
6.04285840499649,1.0305616014776,0.300629525616723
5.3533438239531,2.87392183413471,0.364304565294443
4.12776912366874,4.53366385045714,0.327423004568266
2.47761013211567,5.84776464041651,0.202111286227202
0.540111864120449,6.68597556131739,0.0903854966543594
-1.5408173296427,6.94985781288055,0.0400211828386469
-3.59826140583671,6.58477280853749,0.0244741039062206
-5.44775134149844,5.58753727202224,0.0190185171090104
-6.90788366526332,4.01160646626748,0.0163642609443776
-7.81953294017699,1.96603354070081,0.0150090081969919
-8.06596437087081,-0.388525854555379,0.0145453413818775
-7.58397287975519,-2.85427209963574,0.0148710989521863
-6.3719111646951,-5.21074943697033,0.016085753118246
-4.49724715427541,-7.2337182690717,0.0185402283959431
-2.09310822628859,-8.71744180842272,0.0230670225294133
0.65230401639295,-9.48934142136116,0.031711378918542
3.50372089227381,-9.43694382996111,0.0500274277981754
6.20042890232591,-8.51642225093408,0.0961000650925163
8.46865633381433,-6.76313785494557,0.241951573617417
10.0057212639149,-4.30189086576695,0.828704294780251
10.3178755024628,-1.38138293469506,3.42752938659309
8.23670627228459,1.4898419085827,10.9740282469907
3.57356433575244,3.44139160420011,12.0050233617613
0.126871007004225,4.1701844706036,3.58974391791956
-1.63699588825886,4.17438989422615,0.530643960726002
-2.90018942983904,3.72577253070087,0.0702990881647579
-3.91510714405752,2.89653038785168,0.0245747261289727
-4.62573575964535,1.74623796155662,0.0199417292727922
-4.95220750929249,0.361723767803415,0.0189244906046707
-4.8415219123493,-1.14337195623688,0.0188635371727667
-4.27793589532719,-2.63792194169585,0.0196356918570323
-3.28454659542173,-3.98355588395312,0.0213916477575719
-1.92690827946783,-5.04702897492327,0.0244913224322473
-0.308217433050726,-5.71312780205066,0.0296482445439784
1.43763692744442,-5.89510990002043,0.0382694462048098
3.15596193122222,-5.54918289265699,0.0531241676862938
4.68435180348209,-4.67477576834411,0.0798639785847609
5.86557465947303,-3.32264671925946,0.129468063228414
6.56067128407437,-1.59255733036542,0.219673362039392
6.66098506046648,0.371245135404288,0.363285246200844
6.11196802248919,2.38858395688698,0.520104175304817
4.9408399743621,4.26376769844685,0.558230486861048
3.27027346421834,5.81150581462366,0.395504701540553
1.26606476022409,6.88310474431861,0.17791838726311
-0.922636414987262,7.36887846138976,0.0617615675795032
-3.13917920773458,7.19833368571953,0.0282202149716119
-5.19716618264593,6.35023596442159,0.0197954456158707
-6.90125568631329,4.86225970632971,0.0164825058511604
-8.07264730606742,2.83174637518835,0.0147989664025298
-8.57181127440056,0.41338559295487,0.014085374953224
-8.30991667806728,-2.19419693681793,0.0141640914119648
-7.26595966344083,-4.76194541057234,0.015069814052863
-5.48737902109409,-7.05096062433109,0.0170690714632498
-3.092661969579,-8.83259813268817,0.0208341401341526
-0.265809476654192,-9.91194722838247,0.0279967949394393
2.75798725527797,-10.1462619404283,0.0429989953563661
5.70779176691646,-9.46270310340881,0.0803715961112897
8.29506684240462,-7.87343715872703,0.199253460349959
10.2014028980154,-5.47925484832181,0.704753433746522
10.9118705841657,-2.50989271910124,3.29966292420457
8.95877008347771,0.513174025882927,13.0979197294729
3.45255403078706,2.51471803188381,15.911401700732
-0.3236721267687,3.07028546212147,4.24220476078882
-1.79631038061535,2.90590133248693,0.566529756608223
-2.66923244268134,2.38849473903557,0.0743497874836485
-3.28775715915455,1.60904855926613,0.0264713995704361
-3.63504624233309,0.630219594421198,0.0219186696378406
-3.66766332440504,-0.469329267140652,0.0213517363719292
-3.36291302561481,-1.59553758371835,0.0217649592038162
-2.72970757030434,-2.64633261500174,0.0230355706311697
-1.80524472445393,-3.51996875673333,0.0253477861450018
-0.657811797773206,-4.12574416453422,0.0290568087814259
0.620685392791996,-4.39038715682256,0.0347817262044008
1.91935178726973,-4.27008635673629,0.043508082612407
3.11931211912077,-3.75331645587001,0.0567234959266318
4.10105730882245,-2.86209566842218,0.0763653735407921
4.75995302447146,-1.65953712224387,0.103647084464914
5.01347802092455,-0.239065187990489,0.135994899769034
4.81257282302393,1.27904204635003,0.162129479149239
4.15399927170549,2.75833168070103,0.163520948042553
3.07909472625976,4.05996906840679,0.131989433068653
1.66879667141867,5.05589952978588,0.0857810599324467
0.0315379044507892,5.63880971433907,0.050532583501855
-1.70090177477449,5.73280054495941,0.0323703541930968
-3.37923100904717,5.30080716401394,0.0240946189635415
-4.84752839005785,4.35084655227631,0.0199216168863737
-5.95811969826652,2.93870905823189,0.0176285331630823
-6.58633598025908,1.16620663692617,0.016469661676593
-6.64620183642606,-0.824643696357168,0.0161717263416714
-6.09664610821994,-2.86435272762005,0.0166862228393025
-4.94930150010292,-4.76717944534193,0.0181470064163149
-3.27609383941419,-6.35045101466848,0.0209244833834368
-1.19707298721205,-7.44693555460185,0.0258638701021837
1.11903472696649,-7.92819037036229,0.0348332213351115
3.47227384744901,-7.70976804235485,0.0524724456214676
5.64348629810928,-6.77172098843364,0.0914649120531936
7.41075930367024,-5.16011769629042,0.190738435483298
8.5550494157712,-2.99210333179753,0.475211870241226
8.83389706263851,-0.460926201314055,1.29710648593976
7.94210990334393,2.1423065948115,3.09755425436361
5.74148800870729,4.42551118736383,4.5597556983634
2.93527240033246,6.04730984733487,3.07805903924804
0.394370788038303,6.93091125725421,0.940209854630103
-1.87051378373976,7.1306416266667,0.160660229166118
-3.9810619154889,6.66520131297639,0.032433593771492
-5.83810830307252,5.55229131054982,0.0186620002902992
-7.26905347854509,3.85644551606422,0.0158727618682332
-8.11704690004985,1.69854553437601,0.0146555627539869
-8.26812208542051,-0.750801004567496,0.0143082504519032
-7.66699165783409,-3.28385600062588,0.0147480047562939
-6.31990665965858,-5.67206879344019,0.0161072686958338
-4.30717474896157,-7.68641550515808,0.0187911083834337
-1.77334603528327,-9.11810906888674,0.0237703109029865
1.07920341586908,-9.799178774802,0.0334663218331611
4.00493692381278,-9.62263777217775,0.0547582442348396
6.73245656836191,-8.55195370797346,0.111602758928261
8.97674814583508,-6.63774873073011,0.306931477274084
10.4044930933947,-4.02538595786152,1.1651072803131
10.3568772423277,-1.00828189413922,5.13938747231954
7.28990894193557,1.76282044537026,14.5348454583225
2.19291040735145,3.32730588138213,10.7344054832281
-0.652798595238988,3.71295414624641,2.32642881234505
-2.0512787228946,3.50992411641589,0.299498690564258
-3.06533066740537,2.93062960460907,0.0465896125664697
-3.82775490858804,2.03936305850635,0.0230537316848111
-4.28089038997772,0.902567605376059,0.0203968923563943
-4.36652605837675,-0.389647757782808,0.019885164705165
-4.05392295765814,-1.72769455644673,0.0202415508143613
-3.34809042072446,-2.99092435515924,0.0214708592060778
-2.29022515069884,-4.0586805774407,0.0237880337287169
-0.955962393176799,-4.82049656081728,0.0276308935380845
0.548363821120218,-5.18631888192846,0.0338158521377189
2.09322344427676,-5.10071974762357,0.0437971256529445
3.5373295511218,-4.54255882383514,0.0602382959661374
4.73919138583211,-3.53684391707603,0.0875950370204872
5.56906905490355,-2.15077394216739,0.132052767985163
5.92223427372127,-0.492810064298768,0.197059636077781
5.73299005467006,1.29505015721721,0.269005369083844
4.99029857378593,3.04971188227911,0.302739853595806
3.74852271716548,4.60458151705706,0.253647781176536
2.11350145480668,5.8077187970199,0.150718312901653
0.21505403634551,6.53576727469541,0.0701998837263591
-1.8019991545348,6.69910479528742,0.035203060534558
-3.77038701760906,6.25077026752615,0.0235072290175414
-5.51015837605099,5.19613411103619,0.0188045450886976
-6.8475936158261,3.59477720975513,0.0163966802348244
-7.63573134055365,1.56156180336622,0.0151849123605929
-7.7669530644758,-0.743199220783364,0.0148394363154857
-7.19055459428944,-3.12324574507077,0.0152895743550754
-5.91453094309765,-5.36387315234894,0.0166645787496723
-4.01429349581391,-7.24977386176352,0.019358960830737
-1.62735905673605,-8.58611062711118,0.0242921699005686
1.05622003805938,-9.21444948647897,0.0337024379949552
3.80485674526843,-9.03621694056241,0.0536331056733589
6.36373871737889,-8.01730032182744,0.103717037055193
8.46816697164578,-6.20642224938693,0.25989937173001
9.8280984348044,-3.73793474904016,0.859380550049017
9.98146663580245,-0.8634245266224,3.28327638712331
7.960063309281,1.93381839638285,9.49360577479468
3.75796137933345,3.89525769529936,10.2257241474985
0.432055855077343,4.74100978984864,3.33660405581919
-1.49880366179823,4.85198217396859,0.52917016463906
-2.97524405064043,4.45585958399821,0.0705768775493912
-4.20918849174285,3.61489444207736,0.0239300558905897
-5.12504218554775,2.38587795051497,0.0190874594199603
-5.62411203702203,0.859184887903818,0.0178603648092916
-5.63348787125308,-0.843148320183243,0.0176034650448483
-5.12469010354742,-2.57440891458512,0.0181680590578146
-4.11128447045033,-4.1769771655929,0.0196806121587322
-2.65631299874268,-5.49528614249962,0.0224840615757803
-0.867084625960556,-6.39067620390034,0.0273009110196932
1.11163958746276,-6.75422108524234,0.0356421810392791
3.10741565149855,-6.52033360937679,0.0508089589427677
4.93490213548782,-5.67623547760332,0.0804257521685029
6.40748385786044,-4.26249035757414,0.143155384179014
7.35476308865806,-2.38284751415296,0.281641711960554
7.62357039339271,-0.193615890037466,0.572005246982248
7.09821047202259,2.09481970057954,1.03931165585016
5.76715178672669,4.23719969985961,1.38562701221273
3.82508469340162,5.99815746795631,1.11831470083897
1.58470986812837,7.21487742697795,0.494647335264
-0.770018423042259,7.79286900574063,0.129579450812286
-3.13112998594789,7.67363621572003,0.0352701899368773
-5.33513146192902,6.83525131406203,0.0199648533746269
-7.18048151826282,5.31238055069345,0.0161605584110592
-8.47639916642599,3.20372706370931,0.014391775432881
-9.06967825292364,0.667790781143546,0.0136229562851339
-8.86391679952152,-2.08769910423728,0.0136405785131638
-7.82681456572522,-4.82265335011616,0.0144677325814047
-6.00360148809455,-7.28329941042306,0.0163547609597928
-3.51408072232555,-9.22557015197686,0.0199538022469379
-0.547848433019094,-10.4392264657286,0.0268796999620085
2.64995986970987,-10.7680611282687,0.0416265697578858
5.79498168666436,-10.1277511965251,0.0794858175995094
8.57969215142039,-8.52120007729217,0.20768885948659
10.6583385099943,-6.05114842984358,0.812026796711154
11.3953835323359,-2.96389507033119,4.37545467099325
8.66345920311731,0.0966848710137144,18.44422791847
2.06486309064988,1.77131980692959,16.6887524836956
-1.14801653965947,1.92222445869279,3.14908644216955
-2.0656919444445,1.52185874496365,0.366729999888148
-2.48106033604865,0.906089602698587,0.0557674890586401
-2.65454958950731,0.161709196090669,0.0266804512208632
-2.5898915100975,-0.646261552257517,0.0242326357531625
-2.28189614390451,-1.44688148250544,0.0246600880583456
-1.74385284022139,-2.1656899515703,0.0260484077347725
-1.01196450744978,-2.7316756436593,0.0283782982593361
-0.14185525798565,-3.08347279290578,0.0318642223869651
0.79457061395912,-3.1754822282256,0.0368233819000359
1.71445467638154,-2.98338783234824,0.0436316372675164
2.53159288178581,-2.50858347578899,0.0525805403172309
3.16380214684999,-1.77787068583404,0.0635333240132509
3.54082165005144,-0.84362671976618,0.0752563051234686
3.61239171519901,0.219372359135983,0.0847403089533493
3.35539880220295,1.32019575171655,0.0876692253161403
2.77391814196928,2.3591024391646,0.0810701310145713
1.90643299047561,3.23783926878743,0.0668830947018501
0.814677380840427,3.86534275909882,0.051008595469133
-0.41401417537898,4.1711076054564,0.038370417562312
-1.67678167430542,4.10719252797103,0.0300459882191829
-2.86053427902504,3.65778518006507,0.0249109613336971
-3.85181934028618,2.84049891744684,0.0217768194468517
-4.54783683054429,1.70858186276635,0.019944400328356
-4.86688023486285,0.347360471780634,0.0190700610960467
-4.7560550502185,-1.13194565793259,0.0190168878119154
-4.20020256070822,-2.60038549382243,0.0197895826936136
-3.22149892094612,-3.92148276539243,0.0215443915768691
-1.88554331105025,-4.96454178414672,0.0246338847998599
-0.293792777870815,-5.61623801527282,0.0297577099835508
1.42188303833959,-5.79332170993609,0.0382630745769707
3.11022912313145,-5.45141588222737,0.0527917442373592
4.61102405551646,-4.58931754969805,0.0786529731902322
5.7694493023001,-3.25757514401581,0.125878249193699
6.45045662678008,-1.55533938892458,0.209822701891557
6.55028476865835,0.375949759491599,0.33959417301138
6.0146178956111,2.36095220004955,0.476276584800057
4.87134326800222,4.20820644358557,0.503836620850625
3.23502857043744,5.73586790891236,0.356164922135694
1.26345066499988,6.79733590838337,0.163010855795628
-0.896748216940484,7.28139368388937,0.0590841846765492
-3.08754078804999,7.11758076550875,0.0281179711849701
-5.12325512922136,6.28393046374371,0.0199240739090384
-6.8102135107284,4.81712909749234,0.0166063268101586
-7.97282198362715,2.81412991897369,0.0149094902880557
-8.47040536842668,0.425716496207093,0.0141878655376998
-8.21739026745941,-2.15076913875878,0.0142596759756089
-7.19167620648163,-4.68994693018702,0.0151582542842694
-5.43776724276515,-6.95465460069437,0.0171491940844468
-3.07478933757316,-8.7198059338684,0.0208901386862891
-0.28305192951218,-9.79165683711,0.0279836975419438
2.70482714734494,-10.0288398233773,0.0427518784963581
5.62205249737704,-9.36119282374281,0.0790094962941191
8.18228771692196,-7.79514408522495,0.192666328611071
10.0758994269283,-5.43375945671007,0.662312802234343
10.8178969181835,-2.49784434613398,3.00269913780164
9.07820642811869,0.522100082208476,11.8922740641771
3.84578555675277,2.61273357924675,15.7527087009478
-0.0775946928522528,3.27821542938604,4.64252868798858
-1.68921141068325,3.17956184768545,0.649086000595549
-2.66043922976438,2.69690839313993,0.0830204557327205
-3.3742655990445,1.92465356198352,0.0269202637113841
-3.81372907756188,0.924239519513265,0.0216042970897336
-3.92754690659467,-0.225282221385093,0.020834904679102
-3.6852446591872,-1.42700850541633,0.0210783974452864
-3.08871449632814,-2.57356735101296,0.0221675647673495
-2.16969624381802,-3.55546178733425,0.0242703644361036
-0.994315556540254,-4.27250487793243,0.0277315805209698
0.344720773914095,-4.64228078599433,0.0331695574102596
1.73340351491141,-4.61049324371758,0.04162804696229
3.04545825573358,-4.15418670827773,0.054844318889747
4.1542035785058,-3.29251852148154,0.0753210846075977
4.94193039859924,-2.08039858301691,0.105812263138671
5.31277134274698,-0.610838446810024,0.146133713978934
5.20693297614058,0.992196134569902,0.186078705945002
4.60856840128172,2.58601669199187,0.201434915215705
3.55390309849348,4.02206321962125,0.171811645034115
2.12329983243937,5.16027745302755,0.112392410015621
0.427926684996708,5.88208479621644,0.0618897875458071
-1.39877982847312,6.10050700009947,0.035823047522216
-3.20354186923008,5.76606215402529,0.025035290864757
-4.82185091055791,4.8767716695216,0.0201113347192767
-6.09347868478388,3.48010668364763,0.017495210291723
-6.8810519014906,1.67484031520239,0.016130962364947
-7.08182603207904,-0.398111325678739,0.0156641912335388
-6.64174047363286,-2.56397105419465,0.016001624568498
-5.56260120032901,-4.62932373809209,0.0172352714040647
-3.90200074526829,-6.39619652571885,0.0196971485505246
-1.78032112316629,-7.6848702445418,0.024131673595985
0.635598338226368,-8.34685564107661,0.0322530156347886
3.13959623407392,-8.28230905437797,0.0483484326771435
5.50252843015542,-7.45491480939403,0.0845431047247119
7.48687989150654,-5.89613559896424,0.180669006671683
8.85386310961319,-3.71577485495079,0.479582000516561
9.32161649700048,-1.10622971908605,1.46922647824573
8.45528354359233,1.61913226400284,4.08572327799476
5.90481862282675,3.98520231125217,6.69312367409137
2.66886091461004,5.55731847733577,4.39710522928543
0.0802440723768847,6.31157206585234,1.20914901238286
-2.01346823845676,6.39936835573009,0.186876448860672
-3.89723338736201,5.87854144342621,0.0343070677847462
-5.51859509648059,4.77918051420214,0.01919978711534
-6.72863566715566,3.16892097352588,0.016524369351206
-7.3917417027521,1.16517803131506,0.015437211974999
-7.41469990076368,-1.07116232126555,0.0152078648612488
-6.75330710448576,-3.34857916213674,0.015788252950838
-5.42954879814688,-5.45988558511797,0.0173304899574921
-3.52217257441437,-7.19911282625717,0.0202777407319892
-1.17335150928278,-8.38440906714212,0.0256313129088621
1.42747392858577,-8.8712343343017,0.0358142635167506
4.0536329987344,-8.57422074418611,0.0573144581729016
6.45882116889291,-7.47271488572066,0.110723931439351
8.39105081348089,-5.62576913721452,0.27178980879527
9.57448267826364,-3.17214997845169,0.852366474587742
9.60029596611687,-0.363488530519919,2.95706676958142
7.72694609644736,2.35731634710642,7.72035963785277
4.03849061715626,4.35085720395448,8.38148541217765
0.839287834303056,5.34494522762736,3.07805687221606
-1.27591748431305,5.59406707795584,0.538451803844337
-2.99085305802172,5.27683452851467,0.0731389823234747
-4.47456829468249,4.44365717327356,0.0235570237256075
-5.63102591032845,3.14662591618898,0.0183105794138724
-6.33832613138616,1.47723886776061,0.0168577538128329
-6.50351279205786,-0.433368548820169,0.0164022450914867
-6.07949279034776,-2.42351634306163,0.0167588347170657
-5.06821038554758,-4.31488608490563,0.0180191251759238
-3.52661870260082,-5.92660595591197,0.0204974123385307
-1.56566728592746,-7.09409544894354,0.0248903142685813
0.660270700994493,-7.6806568866032,0.0327529951539042
2.96007693245299,-7.59870993181398,0.0477198807030484
5.12371663893836,-6.8159324068488,0.0792799391736152
6.93453384395666,-5.36253296839157,0.155082958621266
8.18132800079407,-3.33982426653612,0.359562272650307
8.64971587295755,-0.919853177381333,0.92570666779545
8.08841042472377,1.64424875209348,2.21669006792503
6.32579507562385,4.0095717353404,3.66184722353066
3.75363827776522,5.83089982743893,3.08211693474984
1.17987728295483,6.95306856449144,1.19673473580344
-1.1772250209161,7.38369842236364,0.242485256840736
-3.40750819191838,7.13136075055857,0.0435243841008355
-5.43417921912894,6.20015539954373,0.0200447581738904
-7.08146248970641,4.63745677733314,0.0162254894121253
-8.17634630513656,2.54875722476643,0.0146609686015157
-8.58369051936976,0.0942661797653452,0.0140513042713758
-8.22491511077262,-2.52185976933347,0.0142261515739237
-7.08523988708837,-5.06885225219708,0.0152472287584134
-5.22095804020723,-7.30709061757979,0.0174185258097516
-2.76038855032727,-9.01126459098491,0.0214881677262521
0.105482458504093,-9.99224324981056,0.0292882586853687
3.13611699610933,-10.1139581458402,0.0459321543684384
6.05779711429874,-9.31593709476867,0.0884375549797666
8.57881837674603,-7.61737979069155,0.228988360020752
10.3736179119254,-5.1353774820344,0.846228150401436
10.8640119610598,-2.12045251329271,4.02301587655385
8.41068447666712,0.842764863536619,14.6858487010866
2.77887751677153,2.64774255615237,14.4512495393171
-0.585386340527078,3.07116210047239,3.3692921694335
-1.9246036256464,2.85147567672768,0.432177318380542
-2.7592150294885,2.29745187176584,0.06056528692201
-3.34431625053515,1.48947939561946,0.0252400829349539
-3.65258201663456,0.491661974638634,0.0217725264832038
-3.64138542379278,-0.615385406693114,0.0213723734460162
-3.29437373799733,-1.73607967645237,0.021890057506475
-2.62086773405279,-2.76772948739755,0.0232834438496545
-1.66492067781903,-3.61063777379474,0.0257484428117705
-0.496123400082061,-4.17426788240407,0.0296775992001847
0.789536392802312,-4.39072058632465,0.0357178179629968
2.0803436780078,-4.21932076159376,0.0449136332701952
3.25650716931957,-3.65198924767904,0.0588288023956825
4.20116312020104,-2.7182712938219,0.079346691258103
4.81006184548811,-1.48285503062737,0.107454169365924
5.00664427606694,-0.0446402292588504,0.139670121149068
4.74621906438615,1.47424317377174,0.163492459567993
4.03152058754192,2.93635707687668,0.160531264937462
2.90940664798651,4.2036006919412,0.125707869070361
1.46475471325857,5.14996403394023,0.0799847326856737
