0.360472771853538,0,1.62212747334092
0.284608693579288,0.047668033141055,1.39609624155141
0.259428150774846,0.087978679838997,1.20217622868591
0.270792984110173,0.127379016813913,1.03616881828602
0.312089648811086,0.170802227451672,0.894877442253516
0.381204594415876,0.222486716094451,0.775504288531223
0.480121878557375,0.286762912147189,0.676450716234382
0.613667899958204,0.368382073119773,0.59710205128337
0.789982556775883,0.47330129709356,0.538683377261321
1.01916979969736,0.608392868534254,0.50443747012421
1.31427069946288,0.782446256391089,0.501463318316028
1.69162111696273,1.00721602052246,0.543553394129255
2.16466369080799,1.29505063496755,0.652376848697571
2.74424087182252,1.662371364508,0.866950707492645
3.42029343817699,2.1242721171559,1.24724968811631
4.13929220805844,2.69165026612505,1.88370379716132
4.75867846155287,3.36229993351862,2.90416387682725
4.98447908049869,4.10130832107138,4.45464379608944
4.34602133924501,4.81611945211815,6.63233930953137
2.32441866543008,5.33682827889237,9.34876762162795
-1.20399357507708,5.43708877998775,12.1602033793768
-5.40379525432902,4.94013259603716,14.2893817885143
-8.64088592374646,3.86336901885946,15.0456510070158
-9.70290277283862,2.45672230275875,14.3599987487602
-8.73325188734865,1.0529559345681,12.7957597713053
-6.76799507840817,-0.116149672040841,11.0536357643215
-4.75384567949207,-0.977593360799681,9.56900221766927
-3.14453425974075,-1.56452742717812,8.47392239204902
-2.0181187363761,-1.94652517417321,7.7329893111661
-1.2888606822724,-2.19060074195927,7.25910752500104
-0.838275043797726,-2.34751581003306,6.96990923577667
-0.56665785166963,-2.45121988663304,6.80416079238612
-0.402047931602341,-2.52297620944137,6.71995682259009
-0.297533788702062,-2.57496323037768,6.69033226834918
-0.223251712366731,-2.61380401458215,6.69704678897618
-0.161449741785714,-2.64259955659106,6.72722934506865
-0.102543753017773,-2.662422614029,6.77098134332599
-0.0424988529537022,-2.67330934701504,6.81995884161288
0.0188324545852748,-2.67508691357797,6.86674688428751
0.078994079598266,-2.66770045132125,6.90482136126894
0.133998584098247,-2.65164332071451,6.92880221811216
0.179113424205786,-2.62795627769565,6.93447348723958
0.210195208335809,-2.5985536493644,6.91991601875528
0.223576806724828,-2.56574495972606,6.88447908865579
0.217598650656318,-2.53237753297602,6.83018885928273
0.192105637554428,-2.50137822745755,6.76062695677924
0.148602125584122,-2.47555892393899,6.68084772670576
0.0898233915324556,-2.45753959691046,6.59695451783039
0.0200301931158608,-2.44917919259056,6.51570178680229
-0.0560424363267252,-2.45182227746419,6.44384916417936
-0.133072363768087,-2.46600637502495,6.38782417488952
-0.205364580359807,-2.49150536881591,6.35345683501458
-0.266980967578126,-2.52716899445898,6.34543286717663
-0.31208891059257,-2.57089428432392,6.36668781108141
-0.335098480215157,-2.61978643535183,6.4183612816863
-0.331096782417805,-2.67016755129757,6.49931704490219
-0.296462678075524,-2.71768300792212,6.60576193467734
-0.230084932419568,-2.75760249515126,6.7307355199698
-0.134035157729017,-2.78521037013358,6.86439860162113
-0.0147028719397764,-2.79670834198032,6.99469708008145
0.118218645871443,-2.7890281366588,7.10821195881589
0.251369653501774,-2.76114196077898,7.1918175125426
0.370098366212322,-2.71418685650357,7.23471265638225
0.460660800049343,-2.65138224222046,7.22979080050101
0.51238922839424,-2.57779351430956,7.17475820237841
0.519371661114885,-2.49975836513396,7.07255070031082
0.480838535380776,-2.42410050603175,6.93067398999967
0.400436742158481,-2.35748987215171,6.76008756648002
0.285510625935211,-2.30564143642002,6.57417132134775
0.14497727756417,-2.27296519191757,6.38689112323964
-0.0120707943160515,-2.26292529383749,6.2122919846642
-0.176242118751137,-2.27691834999823,6.06321828791325
-0.33853719186793,-2.31575641905781,5.95228185564552
-0.489780934566852,-2.37805220095342,5.8894590820705
-0.619562660834297,-2.46170731137139,5.88455953945532
-0.716144267120233,-2.56250742248938,5.94425236010456
-0.766247167520013,-2.67446290506766,6.07211353522296
-0.75570311861253,-2.7895762636781,6.26733799260576
-0.671067096134846,-2.89765559159255,6.52308835016345
-0.505096804029269,-2.98698386338352,6.82336760382769
-0.259925208556337,-3.04541456326383,7.14365260934247
0.0486108883973148,-3.06188223125705,7.45120761607904
0.388738335519616,-3.02923927472915,7.70889586486951
0.717186401906865,-2.9457160317534,7.88099065694648
0.988194307056468,-2.81677742967674,7.94148767247067
1.163787813379,-2.65382090611008,7.87769244978804
1.22440252013193,-2.4730394720884,7.69478931054406
1.17076674591113,-2.29184359930228,7.41196584840258
1.01890996279814,-2.12648067276123,7.0566800999071
0.795411408375688,-1.98956284210516,6.66098102218358
0.526249102037291,-1.88982135958346,6.254485902957
0.232715817804903,-1.83278993958992,5.86333973825073
-0.070257038306168,-1.82033676411496,5.50882654841531
-0.374137577916747,-1.85369775586614,5.20951839074585
-0.673891658275704,-1.93245000624122,4.98145529611147
-0.964798898983477,-2.05568173951392,4.84044900125197
-1.23854989098707,-2.22150584561805,4.80308101389926
-1.47937210277018,-2.426096610514,4.88652786217861
-1.6599129839614,-2.6627190066045,5.10885525420604
-1.73897689047844,-2.91943402404985,5.48468907911407
-1.66100035361257,-3.17696316554421,6.02038832185181
-1.37181643078114,-3.4077082790139,6.69866012407566
-0.832734007008605,-3.57649917837159,7.47387022301459
-0.0567839912838008,-3.64591848886071,8.26078399322291
0.866582185021788,-3.58596530982189,8.94285168663277
1.77587766523584,-3.3862241856543,9.39954976042959
2.48733734425036,-3.06261960500605,9.54412973482182
2.86885074652739,-2.65591710663682,9.355002544381
2.89081487286949,-2.21924910331418,8.87819126355237
2.61948336389651,-1.80256027793963,8.20142993589549
2.17156419040598,-1.44157942481984,7.42166830117581
1.66073015851537,-1.15352862543975,6.61904204659884
1.16600219902281,-0.94209790280088,5.84740855338843
0.726886453673695,-0.800748649232968,5.13646894160744
0.352608738159695,-0.72038750163786,4.49973438167831
0.0338992916644542,-0.69202578614238,3.94116839305614
-0.247878528901915,-0.708411584866816,3.45938452717003
-0.513801718732113,-0.765689020045658,3.05237070869832
-0.784862400260407,-0.863045821633628,2.71898138119301
-1.08048268869926,-1.00272004789902,2.46106848832882
-1.41760738542097,-1.1895721573805,2.28521494124767
-1.80952960203003,-1.43100015478284,2.20583871271853
-2.26194199393751,-1.73595184197753,2.24826291529108
-2.76439763459453,-2.11279300724763,2.45189019325772
-3.27597347803734,-2.56647622623152,2.87482028147607
-3.70040085565834,-3.092375563127,3.59527765797791
-3.86067047624964,-3.66480621944656,4.69397621963171
-3.48629442724214,-4.22504740274107,6.22574139439894
-2.27931420653089,-4.67003822278095,8.14333875051085
-0.107255766987224,-4.86054954922774,10.2139240498676
2.71371370357825,-4.66885217096902,11.9997684468819
5.36201507316059,-4.05429736215671,13.0150202312295
6.94055003135978,-3.11320926252578,13.0089273893698
7.10491598992124,-2.04191581400161,12.1267161760995
6.19877377807721,-1.03368482561263,10.7675826381277
4.85279773644595,-0.202013459845434,9.3231814495621
3.56666170576496,0.427308842708524,8.03053307719337
2.58038611205121,0.884283084472206,6.97694808177771
1.93739675600388,1.21936878642503,6.16334535358387
1.58973484750681,1.48096609385908,5.56172894161737
1.46350466906431,1.70788047717024,5.14338278666038
1.48726007068736,1.92793527809833,4.8888543801407
1.59988368375439,2.1589523143218,4.79097128965579
1.74591498309219,2.41007287974015,4.85230477260626
1.86875962122311,2.68209017554049,5.08158419442937
1.90363382313815,2.96685585920394,5.48922250994767
1.77869083917195,3.24577215523822,6.07459206112589
1.42400759598526,3.48956979065703,6.81639025734401
0.795711898858137,3.65975546182003,7.65788715206483
-0.0853252442526221,3.71571518499097,8.49837389525505
-1.10656289868117,3.6269048123005,9.2047947529388
-2.07698852555674,3.38588410756586,9.64522961872144
-2.7927157126494,3.01601845941062,9.7344840502586
-3.12448363702132,2.56664739089503,9.46489018005617
-3.06616164947347,2.09742860260762,8.90200706629211
-2.71396176723847,1.66065587303476,8.15023808087857
-2.20547152095527,1.29019043572313,7.31453571083269
-1.66129713602004,1.00019531722027,6.47532274492972
-1.1582650622325,0.789356849487854,5.68250304155341
-0.729548728781386,0.648450896323386,4.9609074941035
-0.378669407509963,0.56623741366837,4.31995878979304
-0.0913248628328796,0.531633512507816,3.75908863430543
0.152966538177554,0.536692993848976,3.27438792393559
0.376033640711152,0.576497665805587,2.86064274405001
0.598460095393405,0.649567623967202,2.51399601189904
0.839354714048259,0.757279327307791,2.23248653250398
1.1160934687519,0.903541397749603,2.01729121839719
1.44473326540092,1.0950295342983,1.87522686424938
1.83880256923128,1.34066028059702,1.82072445463951
2.30550591918097,1.65084437643981,1.87916089270032
2.83784020865989,2.03614528371418,2.09159164313842
3.39896150824961,2.5044660529762,2.52066257168551
3.89565275155757,3.05368718423749,3.24959106232447
4.14331053831425,3.66191091786618,4.37686048188804
3.84568918427298,4.27075380687075,5.9767039520425
2.64859280583972,4.77158971261137,8.02301097663183
0.352393376332105,5.01007798469076,10.2836305239738
-2.74346713762746,4.83610983628602,12.2801637941731
-5.72002442046541,4.19213054948936,13.4515427287125
-7.5149646341177,3.17876441171171,13.4913931610495
-7.69985269441648,2.01731467112772,12.5583519311821
-6.67149870052459,0.927681487444558,11.1131189543922
-5.16248654075569,0.0376914524238421,9.60181070056819
-3.73996734726182,-0.62714641181198,8.28303222924481
-2.65796366403187,-1.10288334650422,7.23960139769146
-1.95288967422077,-1.44458458284826,6.46257066941044
-1.55968710781088,-1.7049480731013,5.9116472059287
-1.39062634059232,-1.92417589585228,5.54952271037054
-1.36451008638768,-2.12968295759894,5.35073496298358
-1.41331763473222,-2.33767590253803,5.30214252701538
-1.47848898379312,-2.55491339226213,5.39904732477687
-1.50538318446961,-2.77974894247819,5.64086113365403
-1.44073415774594,-3.00240216661293,6.02325931315104
-1.23496484961932,-3.20530457265351,6.53163262475525
-0.85357548229262,-3.36453724621018,7.13181843419793
-0.292452723592146,-3.4526111683662,7.76517327793257
0.402177703109671,-3.44550418168317,8.34937338894088
1.13273242438779,-3.33009451490605,8.79314699955944
1.77106174962978,-3.11005454764434,9.01794504615923
2.20263886928229,-2.80865351397917,8.98429625688378
2.36633327285647,-2.46215659983378,8.69935923867853
2.27372256801087,-2.11088992513838,8.21345557505274
1.98693231618033,-1.7891592333012,7.59549856939108
1.58891073309248,-1.51975955419364,6.91521941767046
1.15162036708886,-1.31412311009185,6.22843218762141
0.722616476904782,-1.17338665024777,5.57329608296693
0.324137479445028,-1.0952396915998,4.97384779330555
-0.0414419397215588,-1.07438584508963,4.44300630434591
-0.383631113494578,-1.10656730689276,3.98827879538252
-0.717625547998598,-1.18922440657702,3.61498815588767
-1.05968522613352,-1.32261985044495,3.33047945589996
-1.42342098750584,-1.50864896406046,3.14501871031626
-1.81640930666735,-1.75163406234931,3.07720105912227
-2.23388948337493,-2.05539910039594,3.15355169117544
-2.65023445028358,-2.42228755713852,3.41377930925327
-3.00456767078807,-2.84817263800538,3.90897842570091
-3.18558772263005,-3.31597948570428,4.69386850272822
-3.02325943627321,-3.78765279061729,5.80886233121646
-2.31879803652873,-4.19686062022959,7.23813919365275
-0.93279820567234,-4.44949801840255,8.86039659193139
1.04716950797773,-4.44658397529475,10.4144832205945
3.20674744414361,-4.12575102276437,11.5528750800468
4.92449285863864,-3.5061446374251,11.9920021074023
5.72500101578946,-2.69366859992438,11.6668274180301
5.56397063957641,-1.83556473996686,10.7559138613461
4.76176602906114,-1.05506867606096,9.54694343155974
3.7358109579803,-0.416605736194863,8.29209624888402
2.79195301581524,0.0711195090496465,7.14230425082161
2.07472579308118,0.433336734172579,6.15786582107074
1.6130725257578,0.707148888763594,5.3469252880779
1.37931545069633,0.929212444954524,4.69672013005734
1.32890465759271,1.13051298025336,4.19117369173256
1.42040502602151,1.33534611625419,3.81958548691206
1.6208357906609,1.56251574071421,3.58059881957371
1.90145036899684,1.82608060907634,3.48219402216339
2.23158916566202,2.1360996206491,3.54527417219455
2.56633591033646,2.49661779324123,3.80085566117964
2.83381937966696,2.90338275828258,4.29001582028105
2.91918189073161,3.33850015517027,5.05695631117828
2.67001238518034,3.76342396794425,6.12021432720332
1.92253603833723,4.11550537526897,7.44689242709585
0.590495355821001,4.31120268229905,8.90672575505226
-1.20462128284533,4.26923494775869,10.2577155042133
-3.08070972728528,3.94518878343032,11.2029786134171
-4.52256380992862,3.36595867638744,11.5191903720299
-5.16756522244232,2.62752590843199,11.1705917026809
-5.00211479578769,1.85511240414117,10.3137095393255
-4.29465811302684,1.15271960420446,9.18942380100677
-3.39132691888784,0.575184717343868,8.01187054044427
-2.5484840587707,0.131262295890482,6.91324760522193
-1.89264357969782,-0.199630873548006,5.95077881810319
-1.45554674076981,-0.448347272780801,5.13719515625991
-1.21844148733244,-0.646771113385408,4.46418483653222
-1.14631387161312,-0.822466884346777,3.9178809903093
-1.20744012686477,-0.99769528708173,3.48795188740367
-1.37697941682555,-1.19048720577459,3.16910173497598
-1.6379357126618,-1.4157246279178,2.96431138044273
-1.97657724275301,-1.68630260604726,2.88715660274044
-2.37360126346019,-2.01233843375923,2.96231113743995
-2.7934646073079,-2.40017655011826,3.22908538790994
-3.16629323515657,-2.8489625253242,3.74301716356897
-3.36954897629126,-3.34275443340916,4.56312944015888
-3.21511103575752,-3.84301310250815,5.73739066124105
-2.47398976623281,-4.2786477829121,7.25591045047464
-0.988720394503722,-4.54835354718055,8.98799507843183
1.15441955189286,-4.54206241281694,10.6492965931504
3.48858192298776,-4.19168103876293,11.8553285933461
5.31427879670668,-3.52026988859077,12.2964770517777
6.11452485804439,-2.64800765682246,11.9161952454455
5.86841667835122,-1.73712452771909,10.9259874309683
4.9574077371586,-0.919137827651619,9.64870730629196
3.84474428304594,-0.258151741114241,8.35341578202672
2.85154974022151,0.241854724350759,7.19174490670607
2.11769243320504,0.611441625489244,6.21760672815
1.66113856123269,0.891785579338177,5.43252126679521
1.44292850179218,1.12216375568938,4.81868238761196
1.41143499608485,1.33443513454469,4.35880556852201
1.51904369325294,1.55295926943882,4.04277086340163
1.72604137155238,1.79559394169562,3.87096222618664
1.99531773280082,2.07443061165183,3.85427498589819
2.28385125054795,2.39579861152255,4.01502302282502
2.53077062890007,2.75827479462267,4.38388199976891
2.64701870227903,3.14929511209047,4.99329551119483
2.51004206711654,3.54049651637215,5.86488335012492
1.98304606142549,3.88332574759756,6.98121857694094
0.975313756649867,4.11188009297813,8.25374513305502
-0.475259598838858,4.15384969452177,9.50602289416991
-2.12339899167729,3.95882652328,10.4957489636232
-3.56829683247852,3.52637445674296,11.0009785057999
-4.44039741724781,2.91637901562879,10.9212838086712
-4.60184400720232,2.22893783869224,10.3226462397268
-4.17992303244839,1.56404702476016,9.38258592854848
-3.44700259640365,0.989342552992056,8.29990161985593
-2.65699211727964,0.531537271582612,7.22254302095003
-1.97136278144895,0.186020816221284,6.23373107775765
-1.45694566325276,-0.0690740460938146,5.36574393240876
-1.11966691705296,-0.260406119417296,4.62216706509092
-0.937667264516134,-0.413110582454774,3.99415980844105
-0.883105136021104,-0.548379222125108,3.46999034998853
-0.932653279980783,-0.683518183679278,3.03955977885608
-1.07074532257246,-0.832897852855659,2.69629781614044
-1.28967346613721,-1.00911509122675,2.43888061407399
-1.58739764651637,-1.22413992388685,2.27295742939716
-1.96332729900141,-1.48975631165816,2.21314561785998
-2.4119609605209,-1.81734583387099,2.28629240650003
-2.91204721397229,-2.21655027858823,2.53566871378708
-3.40792863151695,-2.69180049819062,3.02500281296233
-3.78399527991638,-3.23419985044275,3.83209051101804
-3.83596161399189,-3.8119835832851,5.03887529826788
-3.27508691106693,-4.35550309778471,6.68072627251805
-1.81987962670106,-4.75046264285677,8.67072000777711
0.57292952582692,-4.85444139083329,10.719714475425
3.4476945213904,-4.5537759531753,12.3544152724774
5.9005446736282,-3.84044079393071,13.1193785392184
7.12502919215022,-2.84449063448944,12.8627514554633
6.96247899809306,-1.7714853308579,11.8154883886866
5.88065296853833,-0.800143773687769,10.4004466374911
4.51005269897704,-0.01979348453278,8.9781603323117
3.28531634951581,0.561936163955887,7.74254253750469
2.38603236039213,0.983302550386495,6.75203398814533
1.82384633007694,1.29549437809279,5.99615091237577
1.53940615510415,1.54498929792811,5.4447799889359
1.45716380573216,1.7678766533727,5.07061409983359
1.5082663782747,1.98922742448052,4.85739262812343
1.63346984148252,2.2245094725127,4.80049670853406
1.7776515038618,2.48072936355524,4.90470843378471
1.8825945615958,2.75640787832081,5.17936690510734
1.88201642468871,3.04080595162669,5.632342728246
1.70268105598621,3.31262419839585,6.25988797139724
1.27840099400221,3.53968737186846,7.03235056496207
0.581446627926701,3.68291012117304,7.88095709691014
-0.346742136238746,3.70263128733782,8.69558679327603
-1.36960119333863,3.5738170587501,9.34036873376386
-2.28638225511288,3.29674639140009,9.69221498207961
-2.90579681007085,2.9022558090866,9.68437343817952
-3.12998395192695,2.44404538583102,9.33067888403545
-2.98396661746894,1.98096499089068,8.71027506985842
-2.5799860927886,1.56091995235975,7.93014961950755
-2.05462891905258,1.21230757554667,7.08984544866089
-1.51768809992357,0.944712880450286,6.26154313882022
-1.0331437101964,0.753952774428679,5.48748228073914
-0.62534405295884,0.630371341165069,4.78804830961827
-0.291737516735171,0.562334547519102,4.16925377570766
-0.0160574953440749,0.539814228898226,3.62973234759933
0.222985550760785,0.555606862960244,3.1649523942207
0.446947520436326,0.606055748115391,2.77059109857752
0.676184647549614,0.690207361101535,2.44267352311424
0.929360880199252,0.810411115352001,2.18056896321671
1.22366990871201,0.971542114613504,1.98733329281231
1.57413572122464,1.18064286286698,1.87153104584549
1.99302082346576,1.44752228321601,1.85155176684017
2.48341895956377,1.78256440935932,1.95729888323996
3.03012172490713,2.19604632367259,2.23742361526061
3.57954756428125,2.69261483990281,2.7604419807522
4.00947594614848,3.26511392728952,3.61887399978856
4.09924071193513,3.87995427996039,4.90377881871799
3.51821999642433,4.46239956370221,6.66726676326297
1.94146295804217,4.88647448283568,8.81867496063378
-0.692881549319532,4.99179450389267,11.0380983650922
-3.85546448507402,4.65078362053487,12.7889846153209
-6.49857489386408,3.86007559811918,13.566121347695
-7.71906469498325,2.77203970442083,13.2231468420246
-7.4033920886148,1.62015734166846,12.0563091735609
-6.13279037040745,0.596739871574569,10.550217486104
-4.61638234093361,-0.209478189464946,9.09094745400105
-3.30699215235022,-0.800167764619651,7.86663037613583
-2.3668550551166,-1.22134890997349,6.91920769272875
-1.7847949324947,-1.52904564568453,6.22340311760292
-1.4839497807543,-1.77147236996462,5.73930073734378
-1.37711572756891,-1.98435037354339,5.43335836138436
-1.3884953027293,-2.19092155921599,5.28531853375514
-1.45421617024575,-2.40403763553218,5.28624148332867
-1.51753041899704,-2.62750814522565,5.43356178379117
-1.52376910527931,-2.85689030748835,5.72727438975425
-1.41935898209076,-3.07957470118553,6.16094780616253
-1.15615640295584,-3.27517643944199,6.71503582893903
-0.705597984853725,-3.41715965306,7.34718019016074
-0.0798961001837034,-3.47816005747925,7.98840767492211
0.656736449394554,-3.4356738768193,8.54927182226804
1.38908554914431,-3.28115693775039,8.93688571643662
1.98347879212652,-3.02540119577029,9.08154900928752
2.33658177790195,-2.69768182755745,8.95876532131785
2.41015236280509,-2.33788124906865,8.59231984612427
2.23849135541956,-1.98616885123701,8.04388803526743
1.89673189157619,-1.6742939377514,7.38623968248873
1.47058556992782,-1.42093096979483,6.68750321989698
1.02619292973786,-1.23340332066753,5.99814076624965
0.603028253631484,-1.11163558302144,5.3516224689698
0.215364223346627,-1.05049514171066,4.76661784338811
-0.139344615045478,-1.04518279317086,4.25388387159403
-0.473864881790432,-1.09143892150037,3.8189774650997
-0.804771941651369,-1.18730059503179,3.46659075360383
-1.14868138806171,-1.33386269110991,3.20450671684587
-1.5186310893426,-1.53364573577132,3.04384049562644
-1.92073071569948,-1.79150872732669,3.00495350630123
-2.34727326877284,-2.11173909608423,3.11757530674482
-2.76676358117599,-2.49607637095714,3.42448390131849
-3.10878626817781,-2.93876793320933,3.97980765497505
-3.24789798292384,-3.41953766352462,4.84013753305144
-2.99860650043281,-3.89472437845527,6.04154834372866
-2.15275812420674,-4.28988301007271,7.55398885074498
-0.599123010001142,-4.50524946238442,9.22482926900505
1.51403910085841,-4.44152993350426,10.7612511111299
3.69401476115898,-4.0471741193233,11.8009199920486
5.29023467840541,-3.36164354461234,12.085758228537
5.88973631224296,-2.50906975530028,11.6080770076568
5.54199789579335,-1.64101606944211,10.5898947421409
4.63038608902278,-0.873096706858173,9.3335707188026
3.57483137080908,-0.257423174603205,8.07815070949774
2.65309586652785,0.20764940708796,6.9541979515324
1.98197878835157,0.552145331980309,6.00772707551375
1.57033126547168,0.815752366250914,5.23781504341616
1.38162481201725,1.0348808882378,4.62879277752388
1.36887967519447,1.23945437013582,4.16500785080388
1.49050127516557,1.45268999476163,3.83802407338816
1.71194931439156,1.6920456428676,3.64836041724756
2.00227844459141,1.97027537220264,3.60818897910562
2.32433707650412,2.29494141783138,3.74035276705133
2.62306523119034,2.66716971635845,4.07966278366755
2.81218356043702,3.07727990131575,4.66525212788355
2.76483187882358,3.49986574811534,5.53052564607285
2.32827241820561,3.88830413025621,6.6737045769926
1.36695456645322,4.17270972150089,8.02668938455767
-0.124728718116141,4.27187921902895,9.41686907230574
-1.92692501538407,4.11933197543801,10.5827780807737
-3.60359197389111,3.6994700017516,11.2575916387993
-4.69844736107619,3.06660660090875,11.2932932682298
-4.99578140843509,2.32882793737627,10.7358275997706
-4.603104696771,1.60124996552123,9.776002677546
-3.82263513536801,0.965990832811203,8.64124330540053
-2.95716947978882,0.457455097274048,7.50686277336701
-2.20296214857049,0.0724005493365914,6.47105169415029
-1.64190876495512,-0.213839501337563,5.57049425719291
-1.28423687950494,-0.431091037272251,4.80957578986159
-1.10464371171907,-0.608431805905811,4.17761068175848
-1.07118147435975,-0.770145429552497,3.6622157056581
-1.15621744696441,-0.936030231395,3.25370785753991
-1.34055630466834,-1.12230031216711,2.94809961449522
-1.61244056978022,-1.34300575115852,2.74939329683088
-1.96224587987057,-1.61043228396115,2.67047147675316
-2.37623232783745,-1.9355342592225,2.73729153519373
-2.8240728346407,-2.32579340188384,2.98994715736225
-3.24215358625232,-2.78217878590435,3.4853493304816
-3.51054810944999,-3.29207572537735,4.29149026324006
-3.43789165834883,-3.81950139379801,5.46632922408089
-2.77573495998141,-4.29506342513811,7.01770564234911
-1.31777060279545,-4.61280488742149,8.83402221547091
0.896124743929005,-4.6522005121267,10.631134481801
3.41132120632948,-4.32825404185832,11.9960909062588
5.46287993797323,-3.65119402306592,12.567094709899
6.43326373671347,-2.74262729947729,12.250272967036
6.24485804951342,-1.7780564252329,11.2569268095031
5.29501899397576,-0.9057430912946,9.93890318499593
4.10258904491743,-0.200007666648864,8.59824583628192
3.02986060127103,0.332812146014599,7.4035933720602
2.23633804511209,0.724291393315657,6.41440613430897
1.74057798645716,1.01936591528403,5.62940663891019
1.49941011516794,1.2597684124155,5.02831426624665
1.45311521814459,1.47934974282196,4.59064656878702
1.54694759881491,1.70311718667291,4.30479495482732
1.73426917491851,1.94860579812534,4.17070715608362
1.97037364715412,2.22638893337524,4.19789625525807
2.20455140406439,2.54026882284982,4.40666606586741
2.36965177359974,2.88502895990476,4.82115332072135
2.37401749321981,3.24383535165072,5.46413510489837
2.10878969040388,3.58449926672807,6.33601496588096
1.47144834363352,3.85851271754667,7.39619918318849
0.424981506665624,4.00598862768612,8.53752330045133
-0.933030186718026,3.970527430808,9.58346944638375
-2.34376331389184,3.72294684873314,10.3266202863894
-3.46925318157377,3.28093208136434,10.6072745542587
-4.05455502031513,2.70845078133637,10.3826570877866
-4.05068986680324,2.09314093520629,9.73798009265171
-3.60219626311936,1.51433272907929,8.83163258672651
-2.93286573829331,1.02247687367593,7.8223644363037
-2.23899551268117,0.634851641222201,6.82625280323773
-1.6387971844356,0.345337791640467,5.90755748441553
-1.17891131760057,0.135578714243875,5.09187771640107
-0.860867733980705,-0.015878477260955,4.38265489946232
-0.664953963466252,-0.129067111185708,3.7725454286187
-0.567068148551609,-0.220494832465087,3.25094320860559
-0.546865292879549,-0.303254052034264,2.80757143503739
-0.589721474103686,-0.38785482008296,2.43293131999483
-0.68833602204923,-0.483135306831932,2.12029944377076
-0.841140445881051,-0.597215835671341,1.86532982774239
-1.05215133472023,-0.738636893432368,1.66762047312265
-1.32860631419188,-0.916497374204655,1.53071053845288
-1.68015636725907,-1.14128500585981,1.46491170062414
-2.11620756018365,-1.42544454184639,1.49096719350534
-2.63737727467222,-1.7811329614675,1.64184180639913
-3.22618374428663,-2.22070549537402,1.97233807594695
-3.8216009323131,-2.75050242896339,2.56196162957887
-4.28455040016727,-3.36197016488353,3.51284845826066
-4.35766990303281,-4.0178017541878,4.93306126650927
-3.65811043530002,-4.63178804779487,6.87768181481179
-1.81885628324905,-5.0589836871134,9.23243268142382
1.18436805762955,-5.11834788020826,11.610216369752
4.6562719522936,-4.67851777772144,13.3916961001993
7.35863312756808,-3.75916148952899,14.0426244423185
8.36468912428598,-2.55542216986574,13.4893851790607
7.72550997272634,-1.33080464890125,12.1402632469103
6.1937564799371,-0.279943785802776,10.5440571251758
4.53573028937273,0.523342009359563,9.08519218464668
3.17516304280283,1.09760640381815,7.91905545583863
2.22822241311481,1.49809717550126,7.05796992443136
1.64712136019473,1.78507057234128,6.45547175814225
1.33636551326031,2.00626758161718,6.06066684566332
1.20090176916536,2.19509199289177,5.83366684990098
1.16312230766495,2.37176675705922,5.74939886177841
1.16102754317922,2.54614183706985,5.79263510181736
1.14414113886154,2.71966470984437,5.95380567825611
1.07052284832276,2.88689096588828,6.22189638633241
0.90608772805464,3.03655142222949,6.58102272705506
0.630905867971162,3.15347806515976,7.00333484994264
0.24438966166882,3.22041622896866,7.44807385060548
-0.22519121272309,3.22266108175874,7.86197558452347
-0.722085702809427,3.15134652286476,8.18661528895371
-1.17268888913172,3.0079965249572,8.37102173766408
-1.50632547149804,2.80503675940625,8.38356820054957
-1.67624245142626,2.56389289241166,8.21940489958407
-1.6723645158248,2.31039274438718,7.90032869326381
-1.51695024944072,2.06929729954261,7.46511763988688
-1.25228547587819,1.8604298827948,6.95976411439161
-0.924148604369053,1.69641831779324,6.42767889134586
-0.568773091368695,1.58428462316338,5.9042071267535
-0.209398651337402,1.52591411264982,5.41599204894101
0.143726347499594,1.52106366218234,4.98256380396885
0.489532202854501,1.56848341075978,4.61874467280582
0.83156563784944,1.6678472064523,4.33888676727391
1.17344256494509,1.81838515810943,4.15674295396907
1.51386717950787,2.02019904793395,4.09038107804541
1.84109215298455,2.27238502350996,4.16264373315644
2.12650401849167,2.57092791038434,4.40067626325231
2.31667648586415,2.9061468265353,4.83552622338176
2.32981409729419,3.25781324805883,5.49110061139413
2.06349056379648,3.59184417244408,6.36927790067074
1.42170437107135,3.85872255748623,7.42867000599239
0.373858755052325,3.99833573330498,8.5612626462695
-0.975393530076638,3.9557434539666,9.59120046324898
-2.36635898442835,3.70323740804637,10.3145819101847
-3.46586486293113,3.25978461013801,10.5767477412306
-4.02786827434731,2.68969188154354,10.3397492180283
-4.00965935298566,2.07960371380356,9.69014541330625
-3.55710264676091,1.50746624011233,8.78512925734821
-2.89166765438511,1.02206823766261,7.78108612449257
-2.20458529400733,0.640140335999535,6.7912664125229
-1.6108733887173,0.355286027598756,5.87845679039692
-1.15544508228627,0.149358458083744,5.06761502426539
-0.839249846560303,0.00125493348643075,4.36203421531987
-0.642587623824329,-0.10866694742163,3.75442776891261
-0.541631358564466,-0.196525336684084,3.23436908500224
-0.51597857053675,-0.275085318344986,2.7914348438465
-0.551157048643205,-0.354503350667433,2.41621888902539
-0.639544868840324,-0.443248717783072,2.10160930343069
-0.779480089403131,-0.549130438817637,1.84301468894242
-0.974124348268246,-0.680021060556858,1.63872314512131
-1.2309664617851,-0.844762008609711,1.49141115007854
-1.55993682281833,-1.0534180924549,1.40933931111279
-1.97077545135262,-1.31728291863444,1.40882669799519
-2.46964659502154,-1.64972038363899,1.52001996940693
-3.04661743935778,-2.06296826098521,1.78950478649852
-3.65870689080062,-2.56638903788911,2.28917772431614
-4.19633875708399,-3.15803570894926,3.11672453805978
-4.44093977871949,-3.8120424040283,4.38545214951808
-4.04076843041509,-4.45953442347425,6.17866955075048
-2.58533196289439,-4.97239029637531,8.45357728621485
0.112911702919526,-5.17279564257645,10.9146236712603
3.60551696923553,-4.89760708075452,12.9858597255334
6.73528084726297,-4.10817742392042,14.0467182015104
8.34405877467905,-2.95268622684181,13.8472962636625
8.15358347471355,-1.69406827138431,12.6765457838957
6.78218510099219,-0.563805933246756,11.0921206433102
5.07291048336714,0.326044736913512,9.55625215047784
3.57406543668859,0.970687510407575,8.29245746916828
2.48185694170669,1.42024749453925,7.34404264004272
1.78433042717637,1.73604368311918,6.67424264565738
1.38960554631307,1.97115962199462,6.22752591089832
1.19835377214974,2.16348810540118,5.95824506175101
1.12680653561442,2.33700700602424,5.83575131734596
1.10863472420542,2.50451773923535,5.84120289919713
1.09132739734645,2.66995860208292,5.96187092708891
1.03212524996268,2.8301281154603,6.18754083107565
0.897094175581667,2.97605614168103,6.50309919101638
0.664325846838247,3.09464267215,6.88478144244917
0.328514014754443,3.1704037106901,7.29757459538296
-0.0913296546521142,3.1889110803924,7.69451896854557
-0.550409802896004,3.1408774993677,8.02286905030896
-0.985548772039053,3.02484436216059,8.23300693357109
-1.33034918224863,2.84946784367749,8.29001643743725
-1.5348474397327,2.63240040604875,8.18207635961693
-1.57914687372517,2.396618749129,7.92193135674942
-1.47443772621206,2.16567451660477,7.54095126681145
-1.2537847033446,1.95974564846605,7.08010854020278
-0.958595824682545,1.79290297746667,6.58118296792691
-0.624813989978742,1.67390140216121,6.08003336753454
-0.278223865481133,1.6061590063077,5.60511560679697
0.0675493205152688,1.59004705282496,5.17734786318199
0.407961158938273,1.62595098986857,4.81450222010515
0.743940786713894,1.712491181509,4.53040337887762
1.07723505868832,1.84925447464715,4.33997753778476
1.40578552104792,2.03578997180946,4.26052582178899
1.71860709342999,2.2705649316067,4.31270489071278
1.98937066466477,2.54976855450896,4.5225810349039
2.17129624279629,2.86357096924594,4.91547857140431
2.19169835738959,3.19369034329772,5.51378744357004
1.96049288677549,3.50916172521193,6.31861756994903
1.39271356924213,3.76552237224241,7.2934903134814
0.458402345318163,3.9091426397847,8.34433324803268
-0.761449388179942,3.88871686659453,9.31666445726062
-2.04771853002337,3.67686688780852,10.0276038195537
-3.10796465232309,3.28524152889385,10.3291218038722
-3.70607432642446,2.76697467933352,10.1695923098838
-3.77449493769636,2.19906920863126,9.61071274280029
-3.41792071550904,1.65486851007849,8.78607196809905
-2.82588849709337,1.18427688408263,7.83953017232542
-2.17731154256289,0.808818781511,6.88308080858774
-1.59019606022819,0.527204093636447,5.98455814244915
-1.11776873204117,0.325578413303759,5.1751628125341
-0.767601901675902,0.185473250588758,4.46248949607025
-0.525139417955038,0.0896545935469764,3.84296554779761
-0.367686435944568,0.0235434583724819,3.30761965878178
-0.273795018764913,-0.0239282059060004,2.84655213356793
-0.226136634844909,-0.0609670899114579,2.44997872698305
-0.212512577441171,-0.0935338678778831,2.10912428258548
-0.225568873890212,-0.12612653996281,1.81685370174418
-0.261309881227965,-0.162394952916144,1.56639929898706
-0.31925961015506,-0.205736028788753,1.35288396780196
-0.401065034844024,-0.259497865144842,1.17183210949942
-0.510996746032062,-0.327593226065624,1.02049949404087
-0.655334570736328,-0.414607749672087,0.897361559105006
-0.843328572558842,-0.526623248716812,0.803277067888789
-1.08551387246533,-0.670554661181694,0.741198438222449
-1.39608618047233,-0.855991168679711,0.719259761821646
-1.78943722527969,-1.09398161405103,0.751678262614348
-2.27916774711588,-1.39819638153228,0.863786489291849
-2.8697872875259,-1.7832454938417,1.09641289288
-3.54357492732205,-2.26407735954362,1.51618175526656
-4.22936030192456,-2.84810469036116,2.21849502239515
-4.75622566748126,-3.52637161662221,3.33297502402907
-4.79956566864193,-4.25256658368352,4.99253843613449
-3.8767940937435,-4.91935369725874,7.25920846426129
-1.54230889935716,-5.34530064270559,9.97141528388894
2.12898307882509,-5.31403775030465,12.6100589407798
6.106536206889,-4.68966357451245,14.4039539272693
8.81385328301083,-3.54508962775796,14.7974902384555
9.36036814720286,-2.15346356257003,13.8805579369263
8.1431705957077,-0.823581501197576,12.2618862479355
6.19145839136901,0.255646356266542,10.5745803137579
4.31926676426546,1.04029654475723,9.1726635776148
2.87416278523772,1.57452658714023,8.14431333062678
1.8892085772862,1.92684349610842,7.44580566046178
1.26891711592602,2.16010175793379,6.99664813235391
0.898843657908574,2.3203689363576,6.72531111084807
0.684426652303317,2.43775973879045,6.57972068738832
0.557092366974522,2.53023716328306,6.52452243554558
0.470644131200541,2.60708735374249,6.53637398778283
0.394741151086703,2.67206826341596,6.59778529639325
0.311077004106751,2.72520017210277,6.69465200037473
0.210505145521722,2.76459197802878,6.81310206195533
0.0913432377659043,2.78753119867331,6.93904749956133
-0.0419197332172046,2.79129807646017,7.05769873264974
-0.179442131156277,2.77463595757946,7.15466295255081
-0.308380408725513,2.73782145442725,7.2172182330115
-0.415056475421692,2.68316543861534,7.23585889818514
-0.487473631526361,2.61493065271104,7.20556211430447
-0.517388098120664,2.53892660618449,7.12643690974327
-0.501554299001558,2.46186432626436,7.00369435901854
-0.44191729070342,2.39051340293647,6.84687936934965
-0.34395317721098,2.33110846699057,6.66805467637238
-0.215946639143411,2.2887110372089,6.48094283012079
-0.0668982968268682,2.26727524670935,6.29950978459856
0.0938472809780975,2.26920046406929,6.13726369794368
0.25721265692555,2.29560451273967,6.00685150875564
0.414189386018124,2.34608335858318,5.91937796019856
0.554974174512286,2.41917836960525,5.88525509951765
0.668868425503502,2.51144425603213,5.91192979720744
0.743364915961003,2.61800468991138,6.00494918076641
0.764005622409316,2.73194229457067,6.16659675019114
0.717397398665956,2.84406361448473,6.39237660006026
0.593127959050332,2.94349803922569,6.67097026535348
0.387556599991997,3.01813473679048,6.98267126940069
0.109570432862789,3.0562964980515,7.29864273380021
-0.217084187781656,3.04860338965808,7.58349903938938
-0.554432333908676,2.99060315749663,7.80053402381334
-0.856892034377404,2.88388465036442,7.91788245254233
-1.08202056451327,2.737172652463,7.91643892300638
-1.20018552762369,2.56436641258033,7.79206147274562
-1.20231262088932,2.38256499359609,7.55754664495491
-1.09743636677652,2.20870295984927,7.23668276235956
-0.907954635074005,2.05717924029664,6.85986024161296
-0.659821858960768,1.93901708860866,6.45766169022219
-0.377604816316524,1.86095339724807,6.05836701392417
-0.0793324733669385,1.82643475692312,5.68542163302719
0.223639546593644,1.83729682187169,5.35879610071766
0.524761526440684,1.89352029674434,5.09524514939113
0.819497910287731,1.99455038027351,4.91059040753482
1.1017258644947,2.13896654150245,4.82069034639433
1.35989219116364,2.32404013074845,4.84228125440029
1.57242950080484,2.54496055519951,4.99423472042691
1.7048891784218,2.79233297506022,5.29306387029667
1.70972381052716,3.05063415662432,5.74851549366542
1.53071831723721,3.29661275457021,6.35648575990703
1.11775499560258,3.49858668321701,7.08748393497127
0.456249235793246,3.61978089054908,7.87542567950723
-0.403964002471898,3.62564041164377,8.61824113329135
-1.33496353487471,3.49495891495803,9.1942162225126
-2.15760904778972,3.23031505124723,9.49640142265634
-2.70652371438315,2.86081363080693,9.46858237151424
-2.90073558689192,2.43532445136145,9.12621724976744
-2.76234316628084,2.00652901593461,8.53922320260273
-2.38987307404649,1.61749689277735,7.80356044391881
-1.90140358162101,1.29462375720845,7.00829656735402
-1.39426264226507,1.04767009266239,6.22021593454607
-0.926355255534592,0.874066057215256,5.4798911646107
-0.520413021804805,0.766127950927025,4.80818091557569
-0.175040849604836,0.714551918524484,4.21317820063003
0.124580048076887,0.71128335148115,3.69599441593249
0.39883731930948,0.750682060215294,3.25447484678216
0.668834150921213,0.830811265479325,2.88755283249345
0.954872179157179,0.952472058366428,2.59562024477809
1.27514741317486,1.11943021612105,2.38328609635336
1.64471191941367,1.33805577636302,2.26168322341821
2.07221476341649,1.6160608019831,2.25023638090442
2.55539148960701,1.96291681537363,2.38369129069324
3.06691738167183,2.38496199750357,2.71178337740794
3.53629365878525,2.88169275086826,3.30282664269587
3.81994127512774,3.43763186844286,4.24173313560437
3.68618306320827,4.00821794109039,5.59521363781153
2.83434321693227,4.50850357116095,7.3665677619268
1.04289927529975,4.81183382001456,9.4026409744095
-1.57430001416894,4.77960015641559,11.3419880319224
-4.37780857733159,4.32930532274819,12.6929552732386
-6.43530405997504,3.50282041864394,13.0862171127491
-7.14114562704553,2.46563355105211,12.5125191755635
-6.59448309591873,1.4217102875971,11.2971741197863
-5.36280764450497,0.51974872832558,9.85593842282383
-4.02438013401376,-0.183643102238216,8.4905498768061
-2.91585715556691,-0.700822041404739,7.33964207377283
-2.14641698181248,-1.07654722097834,6.43175518897024
-1.69491959660633,-1.36132221922122,5.74632675059807
-1.49322907749202,-1.59804553926889,5.25315623660984
-1.46913368750939,-1.81865067172974,4.92976479141679
-1.55810643811663,-2.04486926865938,4.76426783842734
-1.70405201334252,-2.28937871580571,4.75611015570717
-1.85202657490893,-2.55674062877755,4.91380513109035
-1.94106018069928,-2.84267350316845,5.2478446584593
-1.90052016276225,-3.13318653647938,5.76527826264847
-1.65418959654365,-3.40310852869919,6.45728681341619
-1.13931975300979,-3.61635810213818,7.28399604191322
-0.343038628477406,-3.73108527877563,8.16199421186954
0.663645209073623,-3.70889040512078,8.96632487117325
1.71298342533639,-3.52957845700852,9.55380161957743
2.58700607838062,-3.20326769315614,9.80965154832111
3.10679559733518,-2.77063862001852,9.68891594262938
3.20997770160336,-2.29134065635939,9.2307670861182
2.95812352053325,-1.82463483924306,8.53158715733519
2.48651072621354,-1.41403672593564,7.7047824044642
1.93310511710863,-1.08182609706552,6.84516046129348
1.39792026117632,-0.832471698389263,6.01669564228502
0.932909561962481,-0.658605831504521,5.25413690406574
0.551785726515293,-0.548169860317469,4.57147663187006
0.24588450876614,-0.489116099351593,3.97099981934873
-0.00387821733649085,-0.471519504315214,3.44909276125363
-0.219401147704825,-0.488549350266529,2.99996386660539
-0.421737074311209,-0.536767339444494,2.6181923620568
-0.630213690966321,-0.615564479640875,2.29928462276743
-0.862558760127035,-0.727319532503687,2.04159913861479
-1.13505672443838,-0.876613559167385,1.84646585801112
-1.46344088543663,-1.07087894834594,1.72121445667843
-1.86117133148841,-1.31960044327983,1.68068287428644
-2.335570574209,-1.63360446920779,1.75061393402425
-2.88042020933797,-2.02441589375588,1.97381206155549
-3.4587721322179,-2.50033375151241,2.41423643906452
-3.97621951682158,-3.05997863840027,3.15849053309301
-4.24194332807746,-3.68178391174422,4.31120804612909
-3.94654710205497,-4.30586541405384,5.95182999789953
-2.7182979740371,-4.82007434068028,8.05570780516597
-0.343943626177544,-5.0642840236385,10.3840941678415
2.86603799865853,-4.88066262596747,12.4371524182505
5.93711482960618,-4.21028308785527,13.6274679448989
7.75590658117755,-3.1615639250155,13.6442686078894
7.89272538324736,-1.96687705890194,12.6658577813508
6.78824501965821,-0.853885811099697,11.1812611544652
5.21381359082575,0.0484591455801007,9.6512956070179
3.75003829687014,0.717598250798539,8.33470152738833
2.64618061640082,1.19288260090219,7.30774849904384
1.92814597323485,1.53188619097711,6.55390900003118
1.52449262157202,1.78776291282099,6.02877766359339
1.34269767004517,2.00077507663106,5.69181750022152
1.29878856472459,2.19781823447378,5.51493852144584
1.32405272762279,2.3942377024756,5.48271309680949
1.36066515598319,2.59599268211757,5.58834952659155
1.35688600949434,2.8008269253991,5.82681933324854
1.2648042390217,2.99900994744539,6.19047480620574
1.04435750675154,3.1741902699918,6.66028655380327
0.671404346945369,3.30493529600689,7.20082588708341
0.152586565817297,3.36856072407624,7.7560571563007
-0.465131700272123,3.345831524178,8.25305992912525
-1.09428028100307,3.22822519402437,8.61481775729687
-1.62892925356452,3.02192482327838,8.77936590377255
-1.97948214443596,2.74841722096532,8.71801597618454
-2.10067815507115,2.439177787558,8.43986519120603
-2.00385062920037,2.12860174522177,7.98799673490161
-1.74185618922641,1.84567725882771,7.42213622222072
-1.38031939158602,1.61051739566418,6.80073404115514
-0.978412090392262,1.43304652105512,6.17271673809477
-0.575510778130712,1.31666983131709,5.5734108706864
-0.190669767776978,1.25951016217662,5.02582552841743
0.173267925043265,1.25840781003048,4.54446445508653
0.523310252679146,1.31074602278135,4.13954591467549
0.870959024818473,1.41545368629172,3.82056718384882
1.22751821946547,1.5728117458992,3.59839285285879
1.59967003133458,1.78472896207761,3.48897605097757
1.98428638354891,2.05393128004784,3.5167802130769
2.36059771079529,2.38031405149741,3.7123370534535
2.67999892317675,2.75985293753899,4.11774400910429
2.85380315042424,3.17787516996969,4.77730311324568
2.74879074737582,3.60294982303883,5.72263256525666
2.20709115358796,3.98147857512808,6.9435976947346
1.11003471954424,4.23803185690685,8.35043704662549
-0.509704335027389,4.28835544329076,9.74513059237699
-2.36816154742197,4.07254696421462,10.8477226183554
-3.98727592567302,3.58928282824131,11.3996538439415
-4.93045285577954,2.90962706274373,11.291171540298
-5.04991366913923,2.15055035146571,10.6106139367212
-4.52244625236341,1.42582420328323,9.57532281901538
-3.67804971458781,0.808351145339654,8.41314680731563
-2.80849060553457,0.322531018388907,7.28503414582146
-2.08478327029557,-0.0424182971020864,6.27319065668675
-1.56881772535013,-0.314050052982444,5.40437214356139
-1.25708900076876,-0.523871916002439,4.67647051267829
-1.12058618607581,-0.700381840071693,4.07788392380115
-1.12556269349309,-0.867422591454432,3.59574698878237
-1.24575180778886,-1.04413245920806,3.2223061303771
-1.4630489872352,-1.24640468641124,2.95645949413048
-1.7646243940217,-1.48768687587431,2.80510792441094
-2.13827945919579,-1.77994936419354,2.78686322618049
-2.56205618442101,-2.13229636633309,2.93248514104776
-2.99102457926636,-2.54973550018507,3.29032008629502
-3.3377571384725,-3.02661398024103,3.91913619566733
-3.45129326439809,-3.54045397228116,4.88366725281476
-3.11502751555566,-4.04064885807716,6.21961488718255
-2.09386870911063,-4.44132722515535,7.88326884078347
-0.286754809057474,-4.6295494597521,9.68428410536269
2.08016252569302,-4.49878699421025,11.2745730895182
4.39036316538531,-4.0077554546356,12.2555263102742
5.91966088846935,-3.22029076817316,12.3841409209022
6.30404313858202,-2.28824084806809,11.7201740583983
5.71634796983484,-1.37651574580789,10.5541907581267
4.63542928917978,-0.596202576890944,9.21934800398615
3.50401300008135,0.0134826689467858,7.94848064676185
2.5785755276322,0.466509335566717,6.85227316869454
1.94107003529278,0.802248631810672,5.95640184906526
1.57781045480344,1.06329193028905,5.25008956084763
1.43753051934567,1.28723572468981,4.71276361339448
1.46538508009057,1.50338863954691,4.32865431737322
1.61348968220173,1.73326586312222,4.09119324811019
1.84072040409319,1.991877559679,4.00555031835168
2.10447782685044,2.28793452298115,4.0869459486715
2.35130274559299,2.62306603929994,4.35983881073585
2.50555706334218,2.98946707813151,4.85395725446745
2.46409543148396,3.36576777919311,5.59138969870719
2.10483922729328,3.71364106370429,6.56846580645504
1.32126601103256,3.97643959312302,7.72893373641781
0.101329332436634,4.08828123705117,8.93733442360979
-1.40320735932888,3.99256935338762,9.98763247686179
-2.86944572634539,3.66876678390368,10.657393816457
-3.9287929946721,3.15134126915029,10.802404600017
-4.35697127762372,2.52094504951122,10.420470263851
-4.17497595447227,1.8738175443857,9.63935151321686
-3.58928239244387,1.28732803523011,8.64158124129304
-2.84811543825482,0.803673557745476,7.58752053184737
-2.14104332356361,0.430420020970045,6.5822052950278
-1.56641749507602,0.153869042926511,5.67625406017791
-1.1539427920216,-0.0483004442731255,4.88571434896459
-0.89282833102628,-0.200217636207999,4.20712482377309
-0.758815559311148,-0.322788071891597,3.63051260056458
-0.727183496151248,-0.433204628157039,3.14451130079486
-0.779760329763759,-0.545389124778991,2.73987312574429
-0.905291074707585,-0.671001709329815,2.40958717882759
-1.10041018973079,-0.820722492944922,2.15138451875771
-1.36692348073002,-1.00507440724269,1.96784919466873
-1.70957505773974,-1.23500553611684,1.86851737311213
-2.13242088214678,-1.52232450867253,1.87314401689348
-2.63151139901551,-1.87910769777868,2.01587675556617
-3.1811997139378,-2.31527990121788,2.34973239657874
-3.71179728236163,-2.83381186946312,2.94978030488347
-4.07787184248826,-3.42195863508087,3.90898307967755
-4.02799166727039,-4.03775187169628,5.31587057227754
-3.21473413316989,-4.59311933438861,7.19594964981368
-1.35073819288482,-4.95014177220244,9.40557905377434
1.4976369765904,-4.94845961526103,11.5589597509409
4.63419479388033,-4.48519293709522,13.0965626013447
6.96956095676077,-3.59766025586833,13.5776988246032
7.76647910219114,-2.47076232614327,12.9793215924571
7.13289706132129,-1.33793250143616,11.6788278558048
5.73860211337935,-0.366727807105282,10.1562066079487
4.24617470031589,0.38093358162635,8.74718707711458
3.02586447122764,0.922629133063664,7.5940291830931
2.18403000555426,1.30907125461313,6.71539310035449
1.68386821135439,1.59559381526526,6.0783607776877
1.44127093432885,1.82755087278458,5.64274694945266
1.37204643370853,2.03707270097022,5.37908290978626
1.40335753857369,2.24457625711409,5.26982324880739
1.47396552924783,2.46046439616321,5.30854036806189
1.52797898269987,2.68639028993745,5.49398147371625
1.51077314033423,2.91575274642601,5.82511080522628
1.36927386346352,3.13383331078926,6.29302115863752
1.05921117585459,3.31849510895934,6.87270561317646
0.560594144518077,3.44254011765017,7.51530071569272
-0.10305831889162,3.4786081973372,8.14567112497011
-0.852065114565236,3.40740754716741,8.67114755107364
-1.5621437616588,3.22465138654503,9.00149418204903
-2.10266330754345,2.94666496328438,9.07766604271584
-2.38487161261132,2.60630049614104,8.88800263351952
-2.3895743293096,2.24457024354945,8.46743339104233
-2.16493065114582,1.90030516417128,7.88282929240302
-1.79371406215043,1.60170227934158,7.20835262498629
-1.35699747931315,1.36480281040308,6.50726514476274
-0.915178684182674,1.19461543234254,5.82607127538568
-0.500492912496057,1.08879894496462,5.19362063879023
-0.122139797346704,1.04244793108277,4.62623656684145
0.225859888157294,1.05049637927324,4.1326290630538
0.557634236505868,1.10939688448063,3.71804720008594
0.890175210841972,1.2180641090969,3.3878729946843
1.23955071490437,1.37776435535344,3.1500627090561
1.61731857768526,1.5915313652517,3.01732675040091
2.0272968542274,1.86501530003879,3.01368505924685
2.45666079561332,2.20136610180227,3.1700623369498
2.86601609259244,2.60157839043196,3.53381328626957
3.17168887575495,3.05699670006746,4.16172956733213
3.23286885840004,3.54201716522676,5.10695324769718
2.85302340036981,4.00587613800872,6.39385518634772
1.83293705191696,4.366601477448,7.96744003283108
0.108867671715386,4.52041475044808,9.63899292185201
-2.0821163729306,4.37547568743846,11.0860403341449
-4.17756146308558,3.90008010950938,11.9537672028819
-5.54682640935571,3.15774154592697,12.0370239080524
-5.88628085850743,2.28654789274266,11.395908625267
-5.35352793614033,1.4342564635318,10.2891615140565
-4.36852319595531,0.701442479297673,9.01375421158562
-3.32626447123392,0.125010613321306,7.78265372558028
-2.46085994709336,-0.30669845644251,6.70108747427649
-1.85615734967856,-0.627430264249922,5.79998975175701
-1.50496900393061,-0.876782955351148,5.07264630079864
-1.36506428908,-1.08990207967066,4.50200679180523
-1.38994326285175,-1.29494286596364,4.07384061092216
-1.5396458053889,-1.5135231453172,3.78161659726063
-1.78137570137911,-1.76188417083833,3.6290613014834
-2.08329687952116,-2.05155557160489,3.63110632215211
-2.40470915920776,-2.38857468350714,3.81353608089583
-2.68364017655207,-2.77164443782218,4.21281099492177
-2.82449928175392,-3.18760901326832,4.8675475532055
-2.69006250370153,-3.6060134362252,5.80642240953554
-2.12565300979287,-3.97388089000082,7.01335700847777
-1.0202174993935,-4.21693523731365,8.3940565719522
0.580361429957159,-4.25510011759577,9.74997062089267
2.39264480140153,-4.03189700909505,10.8081001644484
3.95183198391567,-3.54942341333539,11.3217823759878
4.84426070068529,-2.87906076648082,11.1913351962614
4.94043569758889,-2.13504726361708,10.5084140366972
4.4156501935102,-1.42690323731902,9.48352440773217
3.58951246029366,-0.824164534033497,8.3367296934734
2.74071299615243,-0.349866093554413,7.22243722517291
2.03343662746376,0.00619768505737711,6.22051235705182
1.5270562001979,0.270905297746579,5.35715113402892
1.21852026736653,0.474695288404747,4.63082288009846
1.07912511107099,0.645311592129253,4.02967522660012
1.07795065546224,0.805709125597968,3.54210552933891
1.18908953417767,0.974627407755868,3.15928219877085
1.39572555765734,1.16752361072569,2.87902692280281
1.68760201433426,1.39807576544372,2.70761704620312
2.05491074527983,1.67817609403429,2.66046610300885
2.48148560249635,2.01817619265569,2.7666592791576
2.93133465126089,2.42453160298119,3.070329124075
3.32965940318186,2.89598100433499,3.6326696359713
3.54190211586453,3.4152538661573,4.52024698461942
3.35638261533079,3.9396657148973,5.7880516926408
2.52237033386097,4.39068683710877,7.42075357752648
0.868537527510137,4.65566988513344,9.26982883031661
-1.4799120383128,4.6157469715196,11.0110537306071
-3.96825302258938,4.20368266419404,12.2214306981527
-5.81449512675798,3.45667170159568,12.5839460058328
-6.50288564846983,2.51651618775372,12.0812884582926
-6.08723650855346,1.55998656430729,10.976864495421
-5.03361166048885,0.720602329566674,9.6286754692339
-3.84049050973869,0.0550525815226597,8.31004843053827
-2.82295501712182,-0.441677628641249,7.16099581686298
-2.09834128004782,-0.807456699009898,6.22073680086399
-1.66615697883502,-1.08669719744893,5.48175007803159
-1.4752423088305,-1.31989342610087,4.92180475090038
-1.46590924258078,-1.53878099073517,4.52215996652532
-1.58494254814808,-1.76650482448438,4.27361940526191
-1.78645474452025,-2.0188840247116,4.17845310012252
-2.02493615069362,-2.30482516104732,4.24863121658033
-2.24624046277793,-2.62614440093669,4.50609282966718
-2.37792463087576,-2.97495882609579,4.97473430538116
-2.32379516496192,-3.33095535465458,5.67296653455173
-1.97225370212504,-3.65780939001428,6.59422812411974
-1.23404167910962,-3.90385228732039,7.68141699953487
