-3.90367393884788,0,0
-3.74472158314298,0.740484197211521,-0.0387069233340937
-3.76507449349733,1.44090505770356,-0.201307463736157
-3.97541907958808,2.16064469023695,-0.511558490863086
-4.39979689838305,2.95303344746107,-1.01034677450639
-5.08684794760506,3.85947332593688,-1.77516583176379
-6.10065097947011,4.88526081113806,-2.94133192323926
-7.47138005613568,5.92391388563443,-4.72613026186664
-9.00612087126683,6.55568935232553,-7.37120664981394
-9.86942420022445,5.74949979962098,-10.7235889558716
-8.64057547193525,2.3255931120948,-13.4024971846387
-5.50490266076014,-2.93637382936704,-13.6397261987188
-3.11954564603359,-7.45613747390534,-11.8079258186275
-2.97977282191525,-9.79451142436103,-9.21065499168709
-4.21974028423212,-10.0094063600405,-6.62353313742986
-5.43388992323465,-8.87549187812989,-4.58447690565976
-5.94243885192094,-7.19187091571464,-3.23288702340734
-5.7565901067029,-5.44257829242271,-2.35382085103744
-5.16081494485962,-3.853098986254,-1.70628399694536
-4.44344570841383,-2.50813452067877,-1.17800568725879
-3.7960391283248,-1.41717328666184,-0.752571191800419
-3.31027197056104,-0.547626299945044,-0.441082309978855
-3.00990338484381,0.155167930759806,-0.248390551290092
-2.88742828781698,0.751504044382621,-0.171298111675546
-2.92754631486402,1.29990624079609,-0.205553843150371
-3.12223108565953,1.85309634753815,-0.354529754984881
-3.48003339471387,2.4593192727132,-0.637615326974112
-4.02811456208746,3.16241351701253,-1.09647567905312
-4.81710303722831,3.99796448846887,-1.81067020014779
-5.91432805702048,4.97162023883329,-2.92080306584857
-7.35688188635086,5.98467337321156,-4.65396174853306
-8.96854748973197,6.63230948237842,-7.27067004047698
-9.9368095818863,5.8848033283349,-10.6596927609326
-8.79927130844893,2.48075096720076,-13.4586115768284
-5.65511874307867,-2.88962240436577,-13.7956287743905
-3.2444537876859,-7.56451031686116,-11.9764067918701
-3.17771430308191,-9.99672466596205,-9.35126721363101
-4.54932033917451,-10.224403526683,-6.7586621944204
-5.86073718891205,-9.05894511356002,-4.78729206981134
-6.3870523297412,-7.32755546013106,-3.56323759338828
-6.14342752576478,-5.52435584070928,-2.81048781995108
-5.44078098231029,-3.87722300064496,-2.24370943067436
-4.59824709798721,-2.47262374390153,-1.74541783216167
-3.83220990681395,-1.32380942977027,-1.31787954534415
-3.24899367939041,-0.401425281591141,-0.993130895763556
-2.87846317777377,0.346654688367656,-0.789272251861409
-2.71246366347871,0.980927555125569,-0.70687372963343
-2.73437551424877,1.55973976444922,-0.741046652183947
-2.93539675653513,2.13585821984506,-0.8931445586964
-3.32086512732308,2.7558550592745,-1.17890229931497
-3.91695876662778,3.46036109463465,-1.64047484033843
-4.76807841854004,4.27763308476681,-2.35964067998739
-5.92509002397982,5.19796838428087,-3.48090523003774
-7.383261937334,6.09122952543361,-5.2239608117567
-8.88419602426418,6.50568090209973,-7.79512399878446
-9.54421782360998,5.43508524626309,-10.9305716693916
-8.11048285596201,1.93908933167526,-13.213543757027
-5.0240760293944,-3.00083069264656,-13.1650575581024
-2.69845267976648,-7.08559822216671,-11.3123481017221
-2.33909472619986,-9.18292909869673,-8.81510377444618
-3.215970050312,-9.39645360963273,-6.27952617118376
-4.18006906953773,-8.39774305606031,-4.10993851160552
-4.6628852360586,-6.90485565156866,-2.47420257840422
-4.65891672147862,-5.38218377526725,-1.29162514418469
-4.37476545513355,-4.04763353269874,-0.419371702116803
-4.00912412164501,-2.97384258565622,0.242819292171632
-3.68432507954054,-2.15906943419918,0.7503971640355
-3.45141451007269,-1.56611183517149,1.13758819558855
-3.31733179370256,-1.14691096583264,1.42988075616593
-3.26861831655238,-0.854602103673464,1.64764633923719
-3.28585681000529,-0.64870335447977,1.80613711687827
-3.35083060382226,-0.496215301181997,1.91513535277539
-3.44844166583414,-0.36977886900232,1.9800028519129
-3.56787430019849,-0.246474601816331,2.0015073592536
-3.70191949701606,-0.105603308011102,1.97707397067613
-3.84723151212787,0.0731089824987439,1.90019999364964
-4.00460100827708,0.3104787906692,1.76096562819662
-4.18049792340109,0.629391268969956,1.54446374144397
-4.38999003967552,1.05623846416553,1.22850292604014
-4.6612692838619,1.62057993926716,0.780538615236774
-5.04178828159007,2.35348403964077,0.151502304729673
-5.60824172227739,3.28429040556109,-0.740332525645001
-6.46642011714607,4.4151728710187,-2.0297732470608
-7.71563769138006,5.65030059334758,-3.9382529849128
-9.27324411258713,6.59084276950277,-6.75499597199654
-10.3902601585627,6.14734267020587,-10.4743931496444
-9.41145725216489,2.7623798980116,-13.7626598896345
-6.16997370073758,-3.0913976951448,-14.4101922970325
-3.80993172340612,-8.34373029204934,-12.5763369533559
-4.29391432002413,-11.043080297473,-9.84425894688882
-6.3851631040803,-11.2374718812753,-7.39873880348864
-8.16453007355175,-9.96877898774723,-6.08813882774524
-8.78017675182596,-8.23709305944552,-5.85393831448576
-8.31834763919106,-6.61005070676009,-5.99162768274515
-7.19935955906506,-5.26767329931514,-5.9130510240769
-5.81151460523379,-4.15344305499188,-5.43837406330374
-4.41231441925619,-3.17384585739747,-4.67507622286697
-3.15246889829612,-2.30240932426929,-3.8216991248166
-2.10431709961264,-1.5616541219815,-3.04318299642177
-1.28224850526686,-0.973824399504318,-2.42700144730248
-0.661319312140816,-0.537429585646463,-1.99434257484883
-0.197130951380336,-0.23117701846399,-1.72783623833329
0.157815456018202,-0.0269546724916277,-1.59661253820851
0.445323685873538,0.100409652132928,-1.57106287755359
0.699146199907564,0.168636291114627,-1.62918935089378
0.946670302244917,0.187592623896056,-1.7572202266998
1.21102649470739,0.15967532217776,-1.94913992498292
1.51389527558102,0.0794396417401242,-2.20704620449044
1.87775887437573,-0.0667342301576892,-2.5409572633086
2.32795585092794,-0.303376623848959,-2.97087779963924
2.89352942265762,-0.67102798593887,-3.5298305845187
3.60709182713725,-1.23909393597188,-4.27048502687783
4.49095454901644,-2.12267368913015,-5.26486690424729
5.5168122212484,-3.5153761405421,-6.59072977380842
6.47435026542074,-5.70020890805937,-8.23684923970761
6.66086241640865,-8.88387579655052,-9.78999446813622
4.65725083766872,-12.4396118400683,-9.95383904875639
-0.25332575126085,-14.2917198561038,-7.53374186795974
-5.91462116121566,-13.3573664563978,-4.35806451347597
-9.7104596960844,-10.9120620790561,-3.36346020929529
-10.9355197672871,-8.18396704546782,-4.65102259177677
-10.2268417449941,-6.0537217084591,-6.47544002918914
-8.59291250980739,-4.92053528793354,-7.53139378687787
-6.73628135324697,-4.46689450907826,-7.53527759874111
-4.99423122925109,-4.17556697822003,-6.76557132862548
-3.48050178184998,-3.77129535268586,-5.62819517451699
-2.2099579488031,-3.24770625737841,-4.44556392079382
-1.16943637051284,-2.71124184472856,-3.41112146992423
-0.335982659350235,-2.25785749064556,-2.60805176415303
0.325014374502003,-1.9327913963071,-2.04751451608281
0.857580921112974,-1.73813625141175,-1.70319579892361
1.30569900003345,-1.65611817466184,-1.54068515054808
1.70895298100236,-1.66438012131783,-1.52975756610613
2.09997360416959,-1.74631913598843,-1.65253869655346
2.50589286930956,-1.89435552252545,-1.90313788455033
2.94982626649289,-2.11333554542741,-2.28801429124753
3.45240744115926,-2.42546314942014,-2.82610054032215
4.0284542149828,-2.87584379276047,-3.54368797586585
4.67814173036619,-3.54448507002351,-4.47001135204511
5.35748344151509,-4.55808665173605,-5.61464879014226
5.9064899427894,-6.06718670262624,-6.89686217986972
5.92754257784931,-8.12842061046284,-8.00034002378961
4.75953445386584,-10.3717459517765,-8.22079986621068
2.03204665609093,-11.7829081165902,-6.84454239160751
-1.48255792010368,-11.5628705537397,-4.2379943462633
-4.47934853074012,-10.1262831263925,-1.76224215719225
-6.36666309724289,-8.30111429365608,-0.291080951565544
-7.19629758061017,-6.46388391004485,0.199400749630088
-7.22403217133606,-4.6947145314465,0.116081960115721
-6.75706127926256,-3.0407516306455,-0.172016937991805
-6.09620537767272,-1.5485483922574,-0.479535787213104
-5.47386659343538,-0.23103368291609,-0.778784539832554
-5.03809071307235,0.937707486965634,-1.11666030524242
-4.8690478005871,2.00729773029441,-1.55742326704128
-5.01425237394328,3.02831741903534,-2.16976879146091
-5.50100619954868,4.03093668624042,-3.03513223035533
-6.33190700846568,4.98592365389326,-4.26954632190724
-7.4093754862896,5.72579128733164,-6.01036749129562
-8.36551095444509,5.8097140790141,-8.29009322399786
-8.40420027988313,4.52888574016593,-10.6650901730638
-6.78865858905626,1.56989675210508,-12.0290753312543
-4.05128672207157,-2.10128218979371,-11.6416743326747
-1.67156740114261,-5.09371645849263,-10.0633092357711
-0.434339376333969,-6.85796684289896,-8.12846736034642
-0.172893582512147,-7.49067753063837,-6.17588955450949
-0.39543758604165,-7.30147454981943,-4.3031117453894
-0.727355871049196,-6.65835474517876,-2.5872456099049
-1.02517399806641,-5.89487369893141,-1.07886052176957
-1.30221391974442,-5.24225565521744,0.224118520329234
-1.62547731824823,-4.83055246189096,1.36173842207596
-2.06405156733696,-4.72064373152431,2.39080825668572
-2.68411326419484,-4.93969393346403,3.36133011338046
-3.56438992309514,-5.49479258259674,4.29321624571911
-4.81180522757849,-6.35591470593191,5.13648357464132
-6.53402506196809,-7.37306520059539,5.69143967258833
-8.67466933492583,-8.11868213424764,5.5125522947938
-10.6959134941574,-7.84021998183215,4.01126287935753
-11.6092246561924,-6.05538407326628,1.14176804852476
-10.9922037542682,-3.42479081636836,-2.10988439589182
-9.46795061622662,-1.16400112798055,-4.67585848872715
-7.74359433132008,0.149452125889873,-6.23482215520239
-6.07507654314892,0.624421557702905,-6.9165321575121
-4.49174725907327,0.600446644111578,-6.94819743804132
-3.00700609192178,0.370942456103202,-6.57646916412098
-1.64585549804787,0.0885020703408307,-6.03453778769692
-0.415298102525338,-0.213815457649944,-5.51049812868811
0.706200155167605,-0.56743422145138,-5.13363326301165
1.76162201112779,-1.02699470862543,-4.98530327789994
2.79890662438739,-1.65783444618243,-5.12165252563152
3.85053452068677,-2.54523735634022,-5.58976648584047
4.8965600033265,-3.81605368950221,-6.42136269034115
5.78044941942079,-5.63524556267241,-7.5603820349218
6.04302459011584,-8.09852921083246,-8.67612597392521
4.84478480230055,-10.8124475754643,-8.9128514278287
1.65170363848717,-12.5271482492518,-7.32291219831728
-2.50849920641995,-12.2454025940555,-4.43206434865504
-5.90145993151695,-10.5409213915164,-2.0551528618839
-7.77566635974109,-8.36178147724801,-1.11656299257219
-8.22682511819466,-6.11714737919225,-1.26219954683811
-7.69638755443623,-4.00362475663352,-1.77227661951631
-6.70686073079449,-2.16429706787372,-2.20071159226609
-5.67463242492085,-0.645607017656413,-2.45518099542674
-4.83795478355719,0.588788295243092,-2.61872622295466
-4.29720401252672,1.60261586490783,-2.79376869292662
-4.07082161327168,2.46335684065327,-3.05078691860616
-4.1444807329331,3.2235146031584,-3.43332828365891
-4.4888522607362,3.91235374777247,-3.97796795775151
-5.05978391690108,4.5211649898826,-4.73061417479985
-5.76638293866816,4.98076276726002,-5.73673826861837
-6.42213948978254,5.12667704347638,-6.99933173685169
-6.698801365979,4.70676218951922,-8.37008331986733
-6.20607566546584,3.51804295544208,-9.4646832275126
-4.79691129560197,1.68415764590771,-9.82128142576057
-2.8002922841346,-0.312312569163834,-9.3279434367097
-0.759471128347333,-2.0383147430975,-8.34369701832062
0.963784711768721,-3.39520358369137,-7.33762380617067
2.2497185911803,-4.49234642940612,-6.57598536607267
3.09391680140981,-5.45003454927605,-6.08979160883405
3.50670982406219,-6.31255389097311,-5.75999930490056
3.49718911131956,-7.04054807588771,-5.39889781567186
3.1010663764816,-7.5361839486453,-4.83015525789119
2.41253489565403,-7.70166709347656,-3.9607346433357
1.57689537493986,-7.52143656766432,-2.81886440213659
0.721258732837895,-7.09437492061184,-1.51350626850512
-0.105617378738706,-6.59634677657651,-0.159229306783951
-0.938633830811766,-6.20979282994924,1.17424113858693
-1.86382142769368,-6.08039993571379,2.46129781648825
-2.99400981810172,-6.30491446434169,3.68534096229875
-4.45932113455303,-6.90682798467104,4.77947135854205
-6.37986345572691,-7.75986836847253,5.52867731230489
-8.70605353454403,-8.41794760705782,5.45329828485727
-10.8719780071154,-8.05952928501572,3.92135425184646
-11.8241865439614,-6.15320630792682,0.900019754792619
-11.1461540448878,-3.4426724927737,-2.50228319089581
-9.52859028574752,-1.23226865576998,-5.12590629874918
-7.6942542394811,-0.0709073103013867,-6.63604012259488
-5.89454269971634,0.237865845480867,-7.18121077237323
-4.18296129803533,0.10335969585786,-7.03677669959052
-2.60323632298674,-0.167876763686873,-6.50497671827572
-1.18966245006643,-0.448430870619811,-5.85940435118875
0.060408820103926,-0.737925491280747,-5.2986780715589
1.18125495655522,-1.08813690815811,-4.94465761360676
2.22517076287923,-1.56145873385268,-4.86433083258429
3.24075582057434,-2.22628188250115,-5.09967533104703
4.24965786108735,-3.17295075383495,-5.68082944581656
5.20121196758002,-4.53034989603795,-6.60364392691966
5.87534417307343,-6.44136677291911,-7.73592162833645
5.73485677100533,-8.88318136912098,-8.61259838896065
4.01961928864694,-11.234068198656,-8.32887532387633
0.641325881065942,-12.2674437187783,-6.30405085859578
-3.11812746521014,-11.4988622454943,-3.47503551024031
-5.91982857935884,-9.71912520795901,-1.37296322944422
-7.386788450967,-7.68113748526982,-0.520368542961498
-7.70903677270384,-5.64550033558142,-0.542758623817984
-7.26039152707646,-3.72471346958698,-0.894522598890303
-6.4564396072107,-2.01090221052551,-1.24666876061889
-5.63128134119221,-0.541590325045263,-1.52448718964404
-4.99140390437563,0.705032924903486,-1.78269034648729
-4.63507462986,1.78333280663526,-2.10033138075077
-4.59949615163903,2.75218926588132,-2.54453297957377
-4.89146651029909,3.6559021587109,-3.17607310496291
-5.49841631725861,4.5004366003026,-4.06951922775514
-6.35679408028531,5.21339565911715,-5.31816716352794
-7.26786223661713,5.57415636263462,-6.98472177508399
-7.77415979266282,5.15717152442421,-8.93108721250657
-7.22001146143648,3.52993107262747,-10.5742144144899
-5.35437295953066,0.850326251372435,-11.1032230781552
-2.86095894054866,-1.97731492189759,-10.346937452403
-0.703133245420271,-4.17804917456866,-8.9267108928424
0.687008765960189,-5.59265503367465,-7.4369350424119
1.35676149256955,-6.35932665419112,-6.07697820787369
1.52435462613222,-6.63942562005619,-4.82625063915711
1.40468295743823,-6.56846101876553,-3.63702274865232
1.15077649823201,-6.27841831031879,-2.49392556654252
0.838604326714146,-5.89630118077608,-1.40141225076016
0.482621760545698,-5.53439467565701,-0.358463569409822
0.0579862065619052,-5.28234230319602,0.652123919073684
-0.482337728554636,-5.21240914685228,1.66234962015943
-1.20410755864544,-5.39098502045171,2.70914323739109
-2.20312857763767,-5.88771975142439,3.81591163291142
-3.62246037577095,-6.75859374204814,4.95042325936965
-5.66028941150327,-7.96800229374836,5.9221428068609
-8.42596166070633,-9.14397426470714,6.17398695492441
-11.4231748627187,-9.27094462517806,4.68287569145904
-13.1375194136913,-7.32915282089647,0.905415893528778
-12.5796523040864,-4.25921102204738,-3.73661975812771
-10.5892576754813,-2.24188255827409,-7.23690523552273
-8.14953449523193,-1.97773748368314,-8.87206185400841
-5.71730016866862,-2.68954185892635,-8.87583622329013
-3.59672985836776,-3.44378235764597,-7.88421001918172
-1.91976878465456,-3.83472653802211,-6.52810606812569
-0.64503907378416,-3.88871691811437,-5.21317809751092
0.325407183171883,-3.77271446402134,-4.12643012237536
1.07633088093012,-3.6283317068468,-3.32236174534402
1.67170792899841,-3.53298078571882,-2.78875970177563
2.1593137372397,-3.51386640584993,-2.48905503823988
2.57534892407974,-3.57268560611538,-2.38424577117189
2.94703314064488,-3.70288626492978,-2.44060404633281
3.29299381118619,-3.90036587229556,-2.63319079775711
3.62347563069329,-4.1676218390497,-2.94237910937122
3.93838512609956,-4.51486539543257,-3.34909317338717
4.22319418551224,-4.95834299046832,-3.82774957522749
4.44258105827584,-5.51260925661395,-4.33422276835622
4.53322766345233,-6.17465899209116,-4.79093325854562
4.40884285238839,-6.89590475662715,-5.07794735790858
3.98432994164255,-7.56024665733975,-5.0440722299423
3.23609592877126,-7.99809535046433,-4.56567800934128
2.24601934032086,-8.06728533289808,-3.62355904296735
1.1711797669763,-7.76163361089641,-2.33614422418556
0.135608125365192,-7.2304476615399,-0.885947276006235
-0.841293260075833,-6.69713445372931,0.576832058641863
-1.83064428050019,-6.36496029543773,1.97151577161272
-2.9453510713451,-6.36531548979866,3.26060755741329
-4.30963889319827,-6.74224097253909,4.38667928040638
-6.03111101733013,-7.39939575554011,5.18729806405989
-8.08910335685534,-7.98403155234716,5.30575729881033
-10.0896069670815,-7.82872475534821,4.23916235904171
-11.1999335419813,-6.36079590572623,1.84192179210903
-10.891268021466,-3.91194623765264,-1.14297066954502
-9.58678781566199,-1.52146882065098,-3.6957077793147
-8.00834005416884,0.124256431316595,-5.40056974031104
-6.50397919420957,0.962741140174816,-6.33143537777671
-5.11507550241479,1.21862699320546,-6.67219024607259
-3.81052435826618,1.14649533615544,-6.59834446979434
-2.58010657830489,0.926991471360201,-6.27449157775544
-1.42883736303879,0.648607321760854,-5.8527229392123
-0.352644241254412,0.327631742163098,-5.45902282024007
0.670399691395247,-0.0624114621520563,-5.18810512713101
1.67785042297882,-0.568226470111028,-5.10949629444918
2.71112783986253,-1.25387398175662,-5.28504960204681
3.79814731073832,-2.21126626368308,-5.77850799519602
4.91395059413706,-3.57837064987128,-6.64206407873116
5.88429571014574,-5.54969640312375,-7.84491137055726
6.18833721743591,-8.24486365410679,-9.04323431855764
4.8362744987087,-11.227587950705,-9.27084291706423
1.21582717321857,-13.044650257152,-7.47025372170798
-3.38932449598503,-12.6199168315575,-4.41774524169377
-6.96672731488963,-10.7013785346188,-2.27054437422032
-8.72242295023885,-8.29620975002062,-1.85607103602052
-8.84183230211971,-5.86818097784581,-2.48599419294264
-7.92993983365424,-3.71594269869093,-3.23162100705482
-6.61721004369595,-1.98790941851808,-3.65240168158877
-5.32582246903397,-0.660997498414341,-3.74794121583511
-4.25731153572515,0.354498534596872,-3.67383783088637
-3.4736334569379,1.14371034597042,-3.5690721337555
-2.9667198794358,1.77292624119372,-3.51138344402387
-2.70209518296879,2.29250541419626,-3.52985276735096
-2.6415705099949,2.74044794905595,-3.62880576758887
-2.75260340776964,3.14411199718013,-3.80587708209936
-3.00865031246562,3.52069343472347,-4.06175701430211
-3.3865592456401,3.87561516504568,-4.40504449776411
-3.85853959179075,4.1988061807619,-4.85179677001183
-4.37988353790188,4.45746564394633,-5.41962349338103
-4.87200650899626,4.58883269234121,-6.10994841155663
-5.2091026118213,4.49944585133031,-6.88052099449353
-5.22511062807529,4.09036192888335,-7.61383605988153
-4.77241407895242,3.32182247069645,-8.12348324570631
-3.8161913462079,2.2748942180068,-8.24063901550786
-2.47986094423306,1.12593449057923,-7.9412527373632
-0.968805519137302,0.0243915288923713,-7.38051588129024
0.544025209264772,-0.997048241338817,-6.80267712786829
1.96620005653559,-2.0099943232502,-6.42570020733845
3.25503270522304,-3.13005319148049,-6.38533713690848
4.35146107982621,-4.47872042752065,-6.71618696025165
5.09847788865065,-6.14884368376279,-7.30579817660604
5.16238085511491,-8.10033665229397,-7.79891752586278
4.10937865031174,-9.94293678498874,-7.57188936559554
1.85602701614358,-10.9234082920029,-6.12605658389151
-0.908336054976065,-10.5979526143919,-3.77242735784909
-3.28941388632023,-9.36796966077221,-1.42707815390104
-4.93510442962643,-7.90729511655244,0.285796021875593
-5.92475755507197,-6.55756926792793,1.26893925067597
-6.41819455528575,-5.35488167502033,1.67644285622233
-6.54352390155254,-4.23877768577289,1.71008714568465
-6.40750224265257,-3.16505674870386,1.53654577459428
-6.11533133922895,-2.12247298862607,1.26317946764462
-5.77037010961283,-1.11258539957516,0.937675755573834
-5.4643185925312,-0.130116991484475,0.561033237290466
-5.27402038569466,0.844565536361809,0.10415483731765
-5.26750851382316,1.84305312324662,-0.482262690022612
-5.51293648002837,2.89882633618157,-1.26812521094673
-6.08549827512878,4.02685221095417,-2.35944271621795
-7.03990169633439,5.17195911350511,-3.91563404936469
-8.30463568335077,6.0840594490716,-6.14256336888218
-9.39167562877476,6.08341112125691,-9.09242582945085
-9.13648352932151,4.07091142875536,-12.0400910536234
-6.75423706701635,-0.173904565567064,-13.3244744081485
-3.73225990212425,-4.81476705345448,-12.3341675449858
-2.17690274247205,-7.98063654642239,-10.1448662182545
-2.34230373901094,-9.19991828199326,-7.63005654015764
-3.22981688574397,-8.85918835659089,-5.22801615031818
-3.95495488966989,-7.66223577355179,-3.23370193565172
-4.23425570545452,-6.21325193142183,-1.71701920356473
-4.16863540517371,-4.86077149316254,-0.587389169396895
-3.94796452893872,-3.75074931511908,0.265759145059969
-3.71516129038529,-2.91593182468812,0.922535642839045
-3.54269684542944,-2.33513193483792,1.43701701529102
-3.45248425568792,-1.96795314014934,1.84858976675372
-3.43991099620288,-1.77172434321447,2.18813480013957
-3.49124695094178,-1.71045410563368,2.47951857422906
-3.59280960625262,-1.75702130496593,2.74069613320788
-3.7350096764983,-1.892681639545,2.98468979185878
-3.91333508860982,-2.104380828887,3.22042698608558
-4.12899818014324,-2.38328331314321,3.45268661682564
-4.38806723593113,-2.72099286710696,3.68145656658532
-4.7005858645018,-3.10630560713881,3.90010103026938
-5.07767247037006,-3.51956468711752,4.09228690124406
-5.52485440409618,-3.9258982182527,4.22892611177318
-6.03245298688184,-4.26894897070495,4.26634709476549
-6.56218254318587,-4.46798677592458,4.15027740515738
-7.03776015029361,-4.42848500936436,3.83266671170505
-7.3570225447604,-4.07357600048282,3.30040521219398
-7.43372755923929,-3.38243097845996,2.595095194172
-7.25217171234383,-2.40894256571944,1.79953068257148
-6.88792203253595,-1.25329176845871,0.987683876389414
-6.48003721641441,-0.0122911736724629,0.180709828851838
-6.18204959522641,1.25371861114467,-0.660914900227668
-6.1297775304193,2.51910221364982,-1.62079540483466
-6.42441191185284,3.76183694925243,-2.81269203561811
-7.10545857962554,4.90200671028721,-4.38013210550652
-8.0493158660102,5.68898920427828,-6.46386896829323
-8.76003545144403,5.55709355897558,-9.01096872448379
-8.29748849026525,3.75809426226053,-11.3496071380689
-6.14054833245885,0.318227485250287,-12.2640001032777
-3.31582706570988,-3.39504457409339,-11.3892010752705
-1.30817493700204,-6.08963123177942,-9.56799552734625
-0.541385883146018,-7.4499531565618,-7.5186361875258
-0.603944731238577,-7.68579242354889,-5.48324339063067
-0.95510162347371,-7.18751176563212,-3.57448125803501
-1.29145633860658,-6.36687580138792,-1.88179755726632
-1.55555639192314,-5.54870051325228,-0.434815550285414
-1.80729272705381,-4.92851551380765,0.791816593985337
-2.12517364957578,-4.59678179846041,1.85490037437358
-2.57396207676742,-4.58548537318428,2.81355426467618
-3.21475316016228,-4.90142800375811,3.71021390254977
-4.12223748936568,-5.52924476746388,4.54817850069449
-5.39034123940297,-6.40192929940369,5.24958402322651
-7.07938536588022,-7.31087560606847,5.58202349253469
-9.03229395413986,-7.78328685721878,5.1116296808487
-10.6418634107927,-7.16300730763206,3.41621384892758
-11.1031198351452,-5.23929705771564,0.69644239917779
-10.2938570094887,-2.73911495412524,-2.12084930772699
-8.85516330586988,-0.615173879231432,-4.28585562796148
-7.36545567485632,0.729193696081634,-5.66239051814219
-6.00610662181472,1.36215959692034,-6.39722665885144
-4.75247198275555,1.5048374845275,-6.64933330836749
-3.55905839559847,1.37246852318334,-6.556887751475
-2.41334032885931,1.11339871745689,-6.252977141153
-1.32023865572668,0.799162773986659,-5.86577359855365
-0.277608384918275,0.44051042075147,-5.50701095018217
0.733324678347397,0.0104047979260049,-5.26494882174456
1.74569832339039,-0.540157334298116,-5.21169649427486
2.79650461620725,-1.2784152862885,-5.41293034922944
3.90676354533346,-2.30212002476773,-5.93702764538352
5.03706131228364,-3.76133882199898,-6.8388538994701
5.97729388187436,-5.85263102857879,-8.06512662886125
6.13358017789462,-8.66346892410518,-9.20393058194811
4.46673598420374,-11.6210141975078,-9.19395021878354
0.550474634919002,-13.1670458840539,-7.09915892440241
-4.05656715769166,-12.4540781746921,-4.04107464581056
-7.41840443681678,-10.4051193169923,-2.15724339601569
-8.91195689065252,-7.95571402600456,-1.99936201554573
-8.81768570870902,-5.53959112855408,-2.73659273943797
-7.78230652536004,-3.44983862826232,-3.46780949585049
-6.42204623343116,-1.80398202936061,-3.82917455615835
-5.1241360814147,-0.552522080683255,-3.86707868152942
-4.06332811070973,0.401125118344244,-3.74892436860663
-3.2854721275061,1.14137440891231,-3.61131899247722
-2.77655261388644,1.72995372136955,-3.52633782375912
-2.49960595942111,2.21387728113261,-3.51855427603723
-2.41487450653548,2.62916206728716,-3.58827382599623
-2.49088907444742,3.00189709152772,-3.72992171654264
-2.70194550427607,3.35018811453923,-3.93985956234105
-3.02855304664342,3.68292546797238,-4.22194759770743
-3.45143971347717,3.9977987409856,-4.58855179498874
-3.9411217219513,4.27702928662866,-5.05577458474535
-4.44769987019113,4.47949109615953,-5.63726479803271
-4.88466855921793,4.53654796975789,-6.32248820900932
-5.12191296461902,4.35706548525788,-7.05085009579852
-5.00554906351919,3.86189607254425,-7.69036330104559
-4.42510610522416,3.04635244785104,-8.06559280734373
-3.39105233017988,2.01580126099453,-8.05291467109517
-2.04559697598994,0.932612466685658,-7.68074333524544
-0.574486095863695,-0.0959881899974921,-7.12510114834471
0.884001718025654,-1.07237097649565,-6.61481736412246
2.26173968844069,-2.08106534741411,-6.34012066871374
3.52171404583274,-3.23978390033562,-6.41737853796255
4.5916358065288,-4.67222830655499,-6.86437354757457
5.27515803600788,-6.46908782515964,-7.53768546491912
5.17131806028181,-8.55122235447736,-8.0142363802803
3.80553053942942,-10.4154544217643,-7.59502965010847
1.21058651650771,-11.2158005722219,-5.8515198490551
-1.72481727083314,-10.6286077872757,-3.33686684493279
-4.08573980502313,-9.22297286283498,-1.07631987543369
-5.60355168669914,-7.66196336967458,0.395370736908891
-6.40172607824022,-6.20541162811876,1.10479480674084
-6.65969662965287,-4.86112205762019,1.28786395017297
-6.54321686645425,-3.59503856604998,1.18286221038113
-6.20680351598407,-2.39895601362033,0.949778099622886
-5.79422021619284,-1.27630668604256,0.663001159526978
-5.42236123490476,-0.221246564746972,0.330656468482298
-5.1793455856652,0.790280716139259,-0.0761406795899804
-5.13357462166426,1.79581549304546,-0.606337024937454
-5.347132992549,2.83558839874451,-1.32645039542537
-5.88442608218566,3.93292907843458,-2.33273904543171
-6.79753167109627,5.05068803801504,-3.77435738521312
-8.03192321504025,5.98222555551616,-5.84720389029849
-9.17918873526509,6.14024299656515,-8.64044415847038
-9.18679088186189,4.49244474006566,-11.590277782687
-7.11453249346824,0.602250866757769,-13.148568892627
-4.05787708398401,-3.99500155684552,-12.4543130051609
-2.15013387508748,-7.36536669943906,-10.4175194552451
-1.9630585584964,-8.87772229586036,-7.97602458097116
-2.68257206794723,-8.80516919520459,-5.56148812166447
-3.41059308947472,-7.78585082951345,-3.46545325010278
-3.77853689891783,-6.43680673941519,-1.80776859015068
-3.82672850752353,-5.14742136074257,-0.544545634123669
-3.72058919164918,-4.09408999418477,0.420268718147108
-3.59502024499371,-3.32551664182402,1.16958834272158
-3.52189497034337,-2.82726552584656,1.76671509030943
-3.52578507591885,-2.56261865983798,2.25929061737642
-3.60808706014789,-2.49319559623444,2.68333655734843
-3.76385502946462,-2.58655273191837,3.06531752933863
-3.99150797950135,-2.81789798870036,3.42254224490028
-4.29672838208773,-3.16646028323418,3.76254534676979
-4.69346761318872,-3.61001002464892,4.08005592044515
-5.19842334418518,-4.1137730579185,4.35198969479055
-5.82200381983729,-4.6176092841525,4.52869495886132
-6.54220549327749,-5.02079171413734,4.53267619693608
-7.27793801446084,-5.17752313660352,4.26687094854622
-7.87387653319478,-4.93270550670466,3.66431443372312
-8.15136903283681,-4.20123402854989,2.75218368873024
-8.02122777624058,-3.03881394459898,1.66776563938316
-7.56226115824942,-1.61702400642285,0.574444862717947
-6.9848241735592,-0.121730685557356,-0.448254750688541
-6.51853724884802,1.32738744806105,-1.43299960075319
-6.33523281508483,2.67576755677733,-2.48009070254381
-6.52145586203312,3.88290493727158,-3.71126689184371
-7.05034979340661,4.84769249698689,-5.2442401758854
-7.7001844080468,5.31789643277166,-7.13273141304992
-7.94631162232858,4.84699194914006,-9.18560641764568
-7.10520017663758,3.06599022158717,-10.7548698652884
-5.03240390413542,0.299615525070423,-11.0788303859143
-2.52203200008332,-2.46390123040276,-10.1577839362597
-0.481842117780149,-4.52483959593709,-8.67769766933775
0.764042747389782,-5.79677369708345,-7.17927022552066
1.32457252073986,-6.43877956267356,-5.81275779685791
1.43096114072019,-6.61432334699885,-4.5511094761048
1.29227128328739,-6.46813868056092,-3.35646767292395
1.0435850100762,-6.13789848424403,-2.21991910660546
0.743352250877878,-5.74972526420939,-1.14355013378251
0.393831690585152,-5.40897228557679,-0.120033774841444
-0.0355912646565853,-5.19775708361773,0.874758613879371
-0.594421724972058,-5.1824075751608,1.87714592102974
-1.35187914159485,-5.42736445922862,2.92477299607514
-2.41036330419946,-6.00105659027019,4.03610365193531
-3.92647894276115,-6.9539253648184,5.16134248071915
-6.10106013382535,-8.21335316848685,6.06189526186928
-8.99097695943756,-9.30840232574317,6.08529448162733
-11.9104846450097,-9.1104462616313,4.16310210509339
-13.2399943700586,-6.80825522545787,0.0328566630671347
-12.3211595984711,-3.77952503121946,-4.55849164810368
-10.1818983336173,-2.11227906393431,-7.75247275587661
-7.70086063569426,-2.14760746129535,-9.04810890508588
-5.29947545728127,-2.95908185755578,-8.79497329765772
-3.26529718215719,-3.67350979572351,-7.66873553775189
-1.68794000573289,-3.98587990071269,-6.27200548247965
-0.49882393516978,-3.97467019573114,-4.96475640485141
0.405148265423411,-3.81665409302467,-3.90127085349503
1.10463362658695,-3.64673267449117,-3.11910578577649
1.65886278088749,-3.53378788609696,-2.59829346041453
2.1117559266416,-3.49892310507364,-2.29962782725951
2.49653497324916,-3.54036918191297,-2.18443537832163
2.83901227615286,-3.64847888165935,-2.21873855609327
3.15729587352042,-3.81616308770058,-2.37830880432446
3.46272955238262,-4.04219333298236,-2.64516484484937
3.75886747699681,-4.33349911793359,-3.00534126985784
4.03915014956584,-4.70256452321498,-3.44067478009503
4.28196078280481,-5.16532983074764,-3.9230590612281
4.44475962281148,-5.73043049903687,-4.40167296295779
4.46065201466015,-6.38137920966056,-4.79133411962245
4.24766538801524,-7.05241480181542,-4.96944958564753
3.74341312405442,-7.61678980420106,-4.80095308389227
2.95610327365496,-7.91938652840811,-4.19780229545332
1.98789969456723,-7.86460843701429,-3.18375042070169
0.978378683330897,-7.49391801672572,-1.89060771072784
0.0114288495853156,-6.97348580779157,-0.480363769270084
-0.925261307760449,-6.51088141957851,0.929604703609863
-1.91516341803606,-6.2843795222967,2.28136937622507
-3.07318896447164,-6.40566838130301,3.54300320645465
-4.5287132767396,-6.90428895199279,4.64229797745997
-6.38698329365775,-7.64905413417996,5.37563447194083
-8.58707213838283,-8.21182608169462,5.3085016673214
-10.6047101844875,-7.836926744144,3.89124228770855
-11.5015739366067,-6.03689495844469,1.11646004521545
-10.8931593681804,-3.42884370299674,-2.03914964673722
-9.39602622015109,-1.16828987571891,-4.53892903557996
-7.70830030839924,0.186371308330851,-6.07370992532181
-6.08900616365442,0.725149212890358,-6.77202602379701
-4.56313303024121,0.761772665571398,-6.85208739373833
-3.13282929290955,0.572606665258219,-6.5384494309762
-1.81467185054007,0.311794931979771,-6.04522846536034
-0.614407205457418,0.0219555444185193,-5.54885628778729
0.486907650547834,-0.318700653284004,-5.17415539758715
1.52853765561709,-0.758948833420011,-5.00421787099617
2.55797433535021,-1.36012829810261,-5.09824505811809
3.61227710302926,-2.20274008943943,-5.50844210724419
4.68668061980728,-3.40689924018489,-6.27950094137311
5.66092735227119,-5.14215477819854,-7.39419660755381
6.14040804207193,-7.55325267243991,-8.605291388174
5.29731326186103,-10.3971192877647,-9.14240301967669
2.36658436673068,-12.5183239921524,-7.9129089704031
-1.92844270450554,-12.6339510695824,-5.07422615186962
-5.69628717916549,-11.0602442479264,-2.49431465061324
-7.89427522387621,-8.84365564450524,-1.42112186140324
-8.51090538018617,-6.50611350461652,-1.59426523986291
-7.99653448688263,-4.29952521625186,-2.19890989850382
-6.92957964203844,-2.4016444018426,-2.68860682159067
-5.77721422068908,-0.863765980913042,-2.93875719223394
-4.80543680889752,0.356183888704037,-3.04121168612189
-4.12095503257393,1.33195643865473,-3.11729106111239
-3.74135905659648,2.13407194715738,-3.24706546932771
-3.64557503386692,2.81990080116541,-3.47108991626685
-3.80142280675817,3.42912979987993,-3.81198812716367
-4.17281357239042,3.97933988384995,-4.29267049253457
-4.71062455257528,4.4572403476714,-4.94282517292222
-5.33092842809408,4.8023567997102,-5.79037563184701
-5.87884728274891,4.89025269914287,-6.82318960966682
-6.10691664974324,4.54390132622319,-7.92111456005284
-5.73250014257627,3.6269003255515,-8.80806711106207
-4.62547132078158,2.20975627071014,-9.15426217983568
-2.96223497124549,0.600543316870819,-8.8387180691162
-1.11303561420229,-0.886234960531674,-8.08177161538921
0.617489143394519,-2.14884402386422,-7.25720283238459
2.08637271846136,-3.26930368884257,-6.65291033577425
3.24410353960915,-4.37472328583969,-6.38343302636458
4.04354144137086,-5.5532897330059,-6.40145817606522
4.38670485502483,-6.80943266689061,-6.51488446173524
4.13369331987604,-8.01289597917514,-6.41149615297225
3.21621689525865,-8.88063165034189,-5.76681729583387
1.79445762142174,-9.12040542877381,-4.46180006292869
0.230400728492136,-8.69510326110281,-2.70312662360952
-1.17691156447242,-7.8857256430293,-0.849591133437592
-2.36294436463332,-7.0690603228973,0.835298044938516
-3.42668920557941,-6.50301241139258,2.24411892484366
-4.49196392387537,-6.27475885917152,3.34250176395126
-5.63770909570945,-6.31896781066404,4.08864974451291
-6.85924762533645,-6.43730156463487,4.38654506394473
-8.02076867229131,-6.3226938108872,4.10279657670911
-8.84315575102751,-5.66633866232921,3.17878164890107
-9.04962887656883,-4.36565807233237,1.77833573427037
-8.61529250847833,-2.62774667969177,0.250472563836866
-7.81920865320862,-0.798545351948808,-1.12462592669539
-7.02685443057406,0.871533067798939,-2.29333562013895
-6.48944117467036,2.2785917125133,-3.35496022487532
-6.29331863109707,3.3876315976342,-4.43310182018027
-6.37544852773289,4.15130513575555,-5.60844027950156
-6.53477454672857,4.46266964695068,-6.87863213136997
-6.44921092427285,4.16826380546959,-8.10250606611546
-5.78839775559634,3.19427022853798,-8.97955234272043
-4.44154564394859,1.71008908866354,-9.20420591854852
-2.63970987404976,0.0968965086080465,-8.74592453297514
-0.763232402864999,-1.33823053537033,-7.9066857038514
0.920758198153578,-2.53790173354011,-7.07340372174949
2.30710534293403,-3.60552840761055,-6.49890699071723
3.36457781625855,-4.66411010094249,-6.25694132325195
4.05397986154486,-5.78470730664283,-6.26757724977846
4.28827556303584,-6.95044381296914,-6.3247839035127
3.95697100100913,-8.01837616711654,-6.1324172918313
3.0366003249696,-8.72686461604843,-5.41776886216157
1.70607634136676,-8.84640295437782,-4.11541566326965
0.283081346139185,-8.38942607539716,-2.42873138146968
-1.0002047593605,-7.62846931684905,-0.664450060172626
-2.11498141673165,-6.89982578504578,0.961760910716534
-3.16216090246545,-6.43579388986167,2.35944491282552
-4.26413266523912,-6.32205622120179,3.4929368278734
-5.5073357979055,-6.50259612548781,4.30409758948001
-6.89906256553465,-6.77312682982146,4.65831586318747
-8.29006185767327,-6.77623956060215,4.35063832353563
-9.32314188385931,-6.11719067302539,3.25315919530121
-9.60744948832935,-4.65698044466296,1.54548082773669
-9.09275217634603,-2.69501665253321,-0.299506833459227
-8.13992291355651,-0.708445465870996,-1.89553460198947
-7.19044839046419,0.989633493875574,-3.1688609840535
-6.49749977582887,2.29685642220455,-4.23245518370044
-6.10094685502473,3.2020361328564,-5.20558263689938
-5.89100436581323,3.69964046518832,-6.13850764013111
-5.67262194405243,3.76808204497212,-6.99487582510555
-5.2339984773648,3.40114659300511,-7.65888005952065
-4.43465799265849,2.66474817351194,-7.98556593124239
-3.27728529715517,1.71413564530285,-7.90167963320805
-1.88988875873948,0.722823287259414,-7.48054586301099
-0.431097078653793,-0.215640443950826,-6.91690050044397
0.991597884194677,-1.1177030343829,-6.43016428377972
2.3315585716923,-2.07076300821043,-6.19496581078603
3.56549915876724,-3.18903312267815,-6.31332698828518
4.62927018715152,-4.59502858519769,-6.80195162749693
5.33098018362058,-6.38663419526558,-7.52554536091052
5.26438384780166,-8.49999403407312,-8.06905393839356
3.92031330973095,-10.4402743161656,-7.71823249717443
1.28467868331833,-11.3263619122907,-6.00031889632037
-1.74577496777907,-10.7732370107824,-3.45738767182147
-4.1924285912898,-9.34798229436818,-1.17125514440045
-5.74968150039871,-7.73765196716742,0.287881053381196
-6.53533267021311,-6.21436069596467,0.954548205798327
-6.74307084372201,-4.79486549109004,1.09237612561493
-6.55855048443817,-3.4586943262136,0.956701847656633
-6.16247395661056,-2.20704959662007,0.712287206788447
-5.71241893790873,-1.04699553513312,0.423974191644388
-5.3318113478936,0.0320844630479686,0.0899293710283016
-5.10841868887959,1.0596624327585,-0.326651859816987
-5.10850486178682,2.0777744880666,-0.879965651710173
-5.3911477435416,3.12712714881428,-1.64160382868481
-6.01579792071632,4.2235144154324,-2.71674586852816
-7.01424286720204,5.30424390607635,-4.26387019404414
-8.27246820539513,6.09970775473701,-6.47259630657827
-9.24887053324006,5.92115646576655,-9.33544018408195
-8.80589413371701,3.76083738747901,-12.0517332260798
-6.3566169548656,-0.395632028276173,-13.0612809431356
-3.41756789738012,-4.74459486480249,-11.966226200342
-1.85399966672966,-7.6604449341421,-9.82125731102023
-1.85163298019737,-8.79410421420093,-7.40134645687904
-2.54745740564667,-8.5123855730536,-5.05905517981919
-3.17698555136939,-7.44510806448047,-3.03971806737561
-3.48323950121128,-6.15369659722681,-1.43064073176648
-3.5379903485662,-4.97627489687315,-0.186938372501495
-3.49204855261308,-4.05849673818419,0.777438962475668
-3.45615340363696,-3.43333847633878,1.54001777973505
-3.48530810218367,-3.08163919581546,2.16250503642625
-3.59835623895208,-2.96767480267142,2.69199251243857
-3.79987813456279,-3.05563984631594,3.16238708682289
-4.09540952560072,-3.31537917945547,3.59410868903025
-4.49678837365654,-3.71633846440824,3.99244925834746
-5.02367609955477,-4.22083759117912,4.34132192750714
-5.69285255912546,-4.76571100897481,4.59407143334477
-6.49291415873296,-5.24155239319602,4.66517570781505
-7.34537988768889,-5.4818340570856,4.43846157040086
-8.07584798591604,-5.29084643944918,3.81534817197734
-8.45851536117308,-4.54345121627924,2.80731718929042
-8.35945176933508,-3.29045936878402,1.57694288519097
-7.85702053184275,-1.74368237795028,0.339716997963006
-7.19887771051808,-0.138065226369609,-0.789238320287703
-6.65261478459073,1.37658431143873,-1.83806907147456
-6.4019015924481,2.73446540362077,-2.91447534149699
-6.51875704428873,3.88957058127129,-4.14047256572458
-6.93987003767844,4.74010403933221,-5.61362803453187
-7.41163088698088,5.05589885493588,-7.34321135872302
-7.44189054697412,4.48527559267459,-9.0998738474961
-6.49620338199846,2.82526277043981,-10.3142543242114
-4.53957605986801,0.441449471135131,-10.440141520555
-2.21047177960866,-1.89275917923363,-9.56536974515666
-0.197949992556957,-3.69179378244039,-8.28086298509354
1.21531470380927,-4.93382453634549,-7.05925473854854
2.04413467079682,-5.76113795244353,-6.04581245425901
2.4032644565512,-6.2830828043493,-5.18682512489661
2.42056188824758,-6.55172186281315,-4.37850893897824
2.2113930484666,-6.59511029424362,-3.54538915427213
1.87276733362118,-6.45479752942089,-2.66021440004974
1.46749456850066,-6.19289657376318,-1.72915156760362
1.02083933525834,-5.89058595487276,-0.768648030068397
0.521834958565294,-5.63253947248193,0.214253889520579
-0.0684970639555664,-5.50080468964855,1.22860818771828
-0.812472450017006,-5.5761919136025,2.29523302373303
-1.8000188386921,-5.94139334913623,3.43111455149477
-3.16643673422638,-6.67385926893619,4.61405958643424
-5.10210159516567,-7.78155128438935,5.69492448697416
-7.76510038495064,-9.00066984204993,6.2075690157536
-10.8507217540281,-9.45124038275941,5.18964977424933
-13.0036189028369,-7.94048164189255,1.82608169732444
-12.9034122072087,-4.90351850102773,-2.86639613902029
-11.0965842725464,-2.55107236383703,-6.74053876558835
-8.68395865937379,-1.99995713989446,-8.76775431992857
-6.20852006036276,-2.64174866533997,-9.04445923580719
-4.00903979423152,-3.46346488051357,-8.17244434347764
-2.25990345512183,-3.93471364780738,-6.81978282786156
-0.93588535536527,-4.02478360587725,-5.44539753111522
0.0641193832685573,-3.89823328097221,-4.27305998328743
0.832236602879211,-3.71490806991152,-3.37583979339366
1.43458637590493,-3.56876088015127,-2.75069582303116
1.91940264701686,-3.49698558324897,-2.36387256793366
2.32393586178266,-3.50393096699043,-2.17408719451967
2.67660167192785,-3.58126340875778,-2.14504095513569
2.99847053001431,-3.71958997887313,-2.24863822766472
3.30385373308139,-3.9142916834675,-2.46474975954072
3.60019494283217,-4.16822413117866,-2.77900259476823
3.88669143766247,-4.49071900398499,-3.17635348790517
4.15065544846863,-4.89694127832752,-3.63665330784604
4.36188644780797,-5.40138164369884,-4.12375679679827
4.46751138658825,-6.00396590023428,-4.57345034902339
4.39316697893913,-6.66959794270695,-4.88517917602556
4.06018362593894,-7.30672097590072,-4.92699108618392
3.43139499376995,-7.77030004582487,-4.57687337376824
2.55682565134206,-7.92089228427598,-3.79102672704977
1.5637320965794,-7.71809851811936,-2.64480139659527
0.575185550315777,-7.26223917704485,-1.29118228645688
-0.366688039320171,-6.74635242441766,0.122846556474556
-1.30941081785481,-6.36954780561168,1.50827515175672
-2.35356229528119,-6.28451988031722,2.82480900765279
-3.62141958208272,-6.57235119701563,4.03349402885113
-5.24076203513268,-7.20941744294121,5.02029265506702
-7.27800244456667,-7.96111717375594,5.4911888243181
-9.51610879449968,-8.23973127311744,4.9165719728558
-11.1915171214391,-7.27461326984621,2.85921005782839
-11.4427451980151,-4.98843411308724,-0.253659919810248
-10.3509475530644,-2.39728581090183,-3.24383088213984
-8.70212135130618,-0.502252108930279,-5.34984584069505
-7.01596154098207,0.46012798046998,-6.5048247658051
-5.41718341761929,0.729716444554974,-6.9005752006275
-3.91084402926805,0.63142760979174,-6.76670995813799
-2.5104792095932,0.395241747898513,-6.33362101639052
-1.23266496727511,0.120827761192514,-5.80760762912635
-0.0719173223891222,-0.185679387684441,-5.34551327955521
1.00153246419171,-0.56372134340602,-5.05340819077304
2.03410356228758,-1.06783111690918,-4.99825088873169
3.07111870742765,-1.76779527537726,-5.23569693723614
4.13556232572811,-2.75926767913125,-5.81410821056341
5.18093445338891,-4.18590088500739,-6.7580287822108
5.98237086676719,-6.2235236461998,-7.968494866863
5.9491418427743,-8.89758232781814,-8.98272579844893
4.15807227462676,-11.5673483622345,-8.78182077649342
0.401973522217913,-12.7986888716101,-6.63814247897885
-3.81589678533942,-11.981730519776,-3.68062650038615
-6.86618579934599,-10.0163358227212,-1.74735731524161
-8.28234951948857,-7.72618638533136,-1.31714134812957
-8.31768865709051,-5.44094612581334,-1.75266560782803
-7.5034773513928,-3.37084003448386,-2.32426858930379
-6.37887690884204,-1.63706061377574,-2.69880432946936
-5.31471595887285,-0.243418481313894,-2.8773078794913
-4.49612791616526,0.869336503853055,-2.97601695904114
-3.98183440127284,1.77478053504512,-3.09696649847765
-3.76891690821642,2.53744467855062,-3.29918591448455
-3.83159191507039,3.20600189985994,-3.61455938940327
-4.13536762612352,3.80845795206816,-4.06790323717671
-4.63667486801178,4.34312917627381,-4.69035919723373
-5.26291460771692,4.76342003515207,-5.51653664931063
-5.87641145663344,4.95702328530993,-6.55444923294192
-6.23825286950718,4.740823727924,-7.71836165281754
-6.03777248302391,3.93552958721285,-8.75418627789885
-5.06637044633407,2.54261534649302,-9.29240470434017
-3.43794816393503,0.852602527798027,-9.11922597085351
-1.53714411461679,-0.758267219085847,-8.39404022916039
0.270308820351924,-2.11556660711642,-7.50679401144006
1.79938543024617,-3.27313864677356,-6.79074320571104
2.98927361669746,-4.35917052796804,-6.39479324012627
3.8080623300561,-5.46925128073545,-6.2891985982223
4.18915941526434,-6.61777976152475,-6.30500653648247
4.03371281817192,-7.70382748585037,-6.16956942316094
3.29624839219885,-8.50362823992445,-5.59828208156318
2.09863196191096,-8.77503297715603,-4.45920312933103
0.726948532212731,-8.46230724568865,-2.88160717240747
-0.559461424046964,-7.77174115690446,-1.14627653043363
-1.68393589215965,-7.03058736047534,0.510120469901005
-2.72197539525191,-6.50139608252214,1.97319243600138
-3.79651752856552,-6.3141779407803,3.20106900373227
-5.01135945744869,-6.46132396186155,4.14838573277524
-6.41253206399781,-6.79208605997766,4.69787321205463
-7.91429522988361,-6.98452992343964,4.63821751316997
-9.20389281503864,-6.59832217045734,3.75515615162164
-9.81646573928188,-5.34698820179165,2.09671840449385
-9.52662763154769,-3.41519291698373,0.110483236147737
-8.60920127340168,-1.32653271803523,-1.69076893004442
-7.55411035731333,0.496168332558245,-3.11085285093287
-6.69461497224902,1.89225746791873,-4.22854251997015
-6.12055545709957,2.84582239834432,-5.17417872370168
-5.74876833344956,3.37895509913078,-6.01901016409207
-5.41362096979823,3.5065133653028,-6.75210336936478
-4.93805206022514,3.25458514707338,-7.29825258987375
-4.20304723039259,2.69330556635632,-7.56283950233558
-3.19334130743737,1.94366836603305,-7.50053403466579
-1.98588529725434,1.13335343359432,-7.16558895484968
-0.688189347904925,0.334704245597761,-6.70012721515538
0.619977885203506,-0.459315735052576,-6.27772002500869
1.90339903766585,-1.31543625313355,-6.05150012719997
3.15061282082301,-2.33391378497456,-6.1379480919892
4.32831525773521,-3.63893000960286,-6.60274568377035
5.3029497205899,-5.37051620565163,-7.41239721915395
5.71218873940115,-7.60512281588276,-8.29600309341353
4.90254692391496,-10.0587927984087,-8.5569048092871
2.38729621494873,-11.7768728630261,-7.33466835740338
-1.180767869509,-11.8173287172771,-4.75503695671377
-4.37584296082354,-10.459551727038,-2.17331570526572
-6.42570174243266,-8.58644012444523,-0.613704750323247
-7.32138603383453,-6.65630407696444,-0.104980419782906
-7.33214220195795,-4.79026349573644,-0.205106327395867
-6.80623235662242,-3.05718015679303,-0.502568958881572
-6.07923565329064,-1.51289505494836,-0.799054267706415
-5.40441913250289,-0.170353907889498,-1.07227178094298
-4.93350185993397,1.00254380485115,-1.37710394366522
-4.74496337842759,2.05857367336272,-1.78172006603231
-4.87424879829816,3.05207079575461,-2.35061554497426
-5.34222872360378,4.01490857600235,-3.16050666037824
-6.14071030154993,4.92380776253784,-4.31508126873369
-7.17367924637263,5.63031677102464,-5.93897747149347
-8.10689946287419,5.74696133257235,-8.06380139242535
-8.2258820766317,4.64093752045631,-10.3124280604199
-6.81547756615122,1.98020385340254,-11.7009074616619
-4.22287523321785,-1.45338127958099,-11.4754641128447
-1.75553690087236,-4.38422280106309,-10.0556892268057
-0.257365741676019,-6.24035588767274,-8.25915128727275
0.28521351700606,-7.07696448870695,-6.46087465670142
0.252467196595962,-7.13977023897088,-4.73640837479881
-0.00224172220442417,-6.71921607306021,-3.12238529143053
-0.293984574473387,-6.09805816631561,-1.65893242239901
-0.586937868556742,-5.49965969338534,-0.358452237732495
-0.920592401308301,-5.07034923953798,0.802348936121246
-1.35544899107594,-4.89306173955493,1.87098814813608
-1.95799153371987,-5.01841115789159,2.8982571260703
-2.81064378904379,-5.48261771653686,3.91754471666086
-4.02921520151224,-6.29859799176873,4.90836780685466
-5.7633827280724,-7.39353384359533,5.71795816917107
-8.07920148644818,-8.4337034897665,5.92062013336523
-10.5922998723366,-8.62399441091325,4.76653459953337
-12.1712324839371,-7.11871265842032,1.81285796759113
-11.9223645695672,-4.35216697570202,-2.0291428045248
-10.3439485396051,-1.90900862310993,-5.22923514928256
-8.33010469871447,-0.694756767769097,-7.11099691143652
-6.26653081706972,-0.52602305896705,-7.74529114595378
-4.28640523132457,-0.837928897042752,-7.47482289984169
-2.49365980362909,-1.21300570635091,-6.7236211880497
-0.946736640452786,-1.51013036609731,-5.86445224528207
0.362233955406564,-1.76155993460836,-5.14453146153309
1.48165757209987,-2.04742509250877,-4.68971114858434
2.47175298100068,-2.4393510743403,-4.54989825466782
3.38372560384531,-2.99703874304494,-4.73647130093257
4.23854665026327,-3.78754776156981,-5.24254331406281
4.99599945010455,-4.89611576201394,-6.02438078660775
5.49430174430955,-6.40479346382206,-6.940248970854
5.38250027270325,-8.26508269966843,-7.63197123053258
4.19689262562702,-10.0620530107722,-7.48841731948711
1.83980800039607,-11.0052045298502,-6.0466137560493
-0.993519542746012,-10.639179562977,-3.67485045046562
-3.4087310734263,-9.38151450754427,-1.33345583312105
-5.06642353213768,-7.9068085929847,0.347018729243267
-6.05146513817606,-6.5416430445905,1.28005949330319
-6.52318875472539,-5.31138311477428,1.63286584185716
-6.61253314456286,-4.15636681104837,1.61850427335792
-6.43470186248466,-3.04006149487395,1.40948743536027
-6.10604147398511,-1.95849463863551,1.11244764843515
-5.73931630671352,-0.916142297860543,0.76937701908991
-5.43124845322456,0.0934498239955727,0.374121574881259
-5.26151663532115,1.09280441490246,-0.109213644119391
-5.29875497285007,2.11563953342344,-0.735394438412676
-5.61271620772212,3.19397772100162,-1.58236913198439
-6.27396615657751,4.33172408609537,-2.76639908319338
-7.3165300220313,5.44059664197811,-4.46094224296219
-8.59239321196895,6.18800244307943,-6.8595859960651
-9.4470973115911,5.76937395439765,-9.88258723225016
-8.65252213031766,3.15763446158918,-12.5209890600375
-5.90368815294017,-1.34090624383667,-13.1739997228023
-3.10815108944395,-5.65883197971452,-11.7765080156392
-1.97607200572425,-8.30633985782322,-9.48096852599715
-2.34244087864979,-9.1000028902919,-6.98785942412774
-3.18834572083071,-8.52656501293618,-4.66985042542809
-3.79415094742379,-7.27292668121074,-2.76634773617587
-3.99752434119834,-5.87814777129071,-1.30923702804018
-3.92865580989375,-4.63385701530503,-0.20960878775671
-3.75873480624509,-3.65336414828568,0.630122165517589
-3.60318835956057,-2.95193045893566,1.28453309767357
-3.51454849502653,-2.50243751256151,1.80721368764999
-3.50484346327463,-2.26358821537752,2.23932333497384
-3.56905953921049,-2.19826762781699,2.6116891545007
-3.69779275690962,-2.27525715132062,2.94789197297402
-3.88572855036964,-2.47245103083277,3.26402553141107
-4.13443448374857,-2.77351333095516,3.56909799358541
-4.45290791731744,-3.16323290293575,3.86364085058253
-4.85611340617283,-3.62121543913293,4.13625471045706
-5.35869214627155,-4.11188351489979,4.35833321472307
-5.9628004778345,-4.57288973591918,4.47832217319764
-6.63695013036367,-4.90350569475651,4.4203078684565
-7.29174242051551,-4.97041702673145,4.10329590760739
-7.78113112485501,-4.645552451515,3.48406310514155
-7.95865103034759,-3.87681888245517,2.60743668869557
-7.77332778137,-2.73400003875505,1.60132428761956
-7.31964138560306,-1.37237244681076,0.596293136440328
-6.79293040481288,0.0539466402058397,-0.358105942035411
-6.39736999655556,1.45025696569009,-1.30578925132192
-6.2893733703289,2.77363832990019,-2.34637720209019
-6.55349792971703,3.9854130855494,-3.60218214865249
-7.16812910265757,4.97634516526457,-5.19934963826157
-7.90733619377393,5.46465125204015,-7.20514551881705
-8.20155044600109,4.93663701660134,-9.41729657282754
-7.28971952334544,2.95525856670132,-11.1015087437992
-5.05706243087565,-0.0931910128518632,-11.4003339289292
-2.46912067353195,-3.0642161370671,-10.3574601522897
-0.526481254903239,-5.18849146166674,-8.7395865375402
0.501276707659049,-6.38367456732021,-7.08102250683345
0.82698565978495,-6.83352203350872,-5.5151803064338
0.762890633770269,-6.75604375706913,-4.04136888333607
0.540577913014542,-6.36812424746287,-2.66545902762408
0.269412324535374,-5.86751927868229,-1.40174544589388
-0.0350464381491267,-5.40975718563453,-0.248182223648664
-0.40537333384528,-5.10145993661728,0.82210773225148
-0.894500923249918,-5.01579151805333,1.85185190758031
-1.56803063570825,-5.20847554328859,2.88696121347807
-2.51820126451342,-5.73346153115193,3.95539656984215
-3.88214177834534,-6.62620093492524,5.02582228280661
-5.8404814680897,-7.82350226971271,5.91001412248057
-8.47470265730259,-8.93825411833347,6.07316630682108
-11.2772080823988,-9.00348656345952,4.58194988105714
-12.8398643923914,-7.10847660223849,0.997813130319354
