0.274612580706965,0,1.23575661318134
0.217740675972248,0.036360429753716,1.06355188518988
0.200488667200371,0.0673481811823125,0.915670096135146
0.211791011594256,0.0979910334423302,0.789011953318845
0.246285455556527,0.13210431411064,0.6808616711507
0.302829649822933,0.173065827607855,0.589223744623154
0.38308896320068,0.224256907383209,0.512605036707684
0.491118855743729,0.289430819914305,0.450290044651115
0.633823108462792,0.373418145717649,0.402851578038927
0.820130369176344,0.482001921613048,0.372246262217339
1.06170627657953,0.622590632567351,0.362990698484918
1.37257641195748,0.804422093999238,0.383512175221897
1.76815760258397,1.03873378635212,0.448363190827843
2.26511704694401,1.34044414581808,0.583753165131981
2.86998938637411,1.72435234840288,0.830049657285676
3.5700794123497,2.20705617878104,1.2547484852024
4.30032897760441,2.79797755224155,1.95511246322699
4.89506492224328,3.49168448974316,3.0684185685598
5.0251876928235,4.24510390143421,4.74189046605933
4.17940277366216,4.95191916174637,7.0600503786456
1.84980065320347,5.42524434767635,9.88266028289043
-1.96036221355349,5.43190901028972,12.686754960803
-6.20463887583055,4.81358726357767,14.6466424043516
-9.16371549635372,3.6341336887556,15.1351318711114
-9.80559940867402,2.18047343913257,14.2195235469892
-8.52796814187566,0.786713912958993,12.5532571524925
-6.44491389216626,-0.341018931477562,10.8224932205189
-4.44223184985229,-1.15339510247284,9.40746040032627
-2.89039034934823,-1.6977038039716,8.39303205823793
-1.81969321495703,-2.04589208634562,7.72192592874464
-1.12819192446242,-2.26326930857591,7.29986286264419
-0.697946096565317,-2.39776349385434,7.04412283146144
-0.435009205750806,-2.48117943263487,6.89477161287699
-0.274412700598635,-2.53344197908366,6.81191286472611
-0.174369102814493,-2.56655981544071,6.76997965719974
-0.109285874696161,-2.58752633022306,6.75280385932617
-0.0639334984147013,-2.60036532441464,6.74992637414666
-0.0298110916424259,-2.60729544655504,6.7544853093497
-0.00240196238263944,-2.60963110351313,6.76167231414671
0.0202944167900681,-2.60823266221927,6.76811845704857
0.038779262486472,-2.60375495642452,6.77147959421455
0.0527188547897181,-2.59681775925483,6.77013123608578
0.0615725764231382,-2.5881686362677,6.76328310725784
0.0647912339596357,-2.57861049171168,6.75079431926339
0.061905542200801,-2.56902722777035,6.73303470076148
0.0531430171145181,-2.560311118238,6.71121162448965
0.0388920739731771,-2.55332830746546,6.686787202206
0.0200655984212141,-2.54884765644399,6.66165979129706
-0.0020021377132193,-2.54748483776461,6.63797482897373
-0.0256039696687528,-2.54956238959356,6.61786048488474
-0.0488802272021296,-2.55514518749843,6.60324937244678
-0.0697862623269756,-2.56411498464088,6.59600327245361
-0.0863954704764983,-2.57590379133346,6.59719848575453
-0.0968874553944259,-2.58974496511378,6.60749131994449
-0.0996955960022917,-2.60460938122244,6.6268659173993
-0.0939907766619292,-2.61926727757845,6.6542519162845
-0.0792962160878954,-2.63238859952684,6.68806522144935
-0.0560797982960358,-2.64264370180469,6.72580435769347
-0.0256724027946007,-2.64883684691259,6.76436077813818
0.00969615810782035,-2.65013951987429,6.80035635178239
0.0472458158260582,-2.64583681586403,6.83010660456331
0.0835225042442603,-2.63597431099824,6.8504531590851
0.115004901494534,-2.62098817407578,6.85875779587059
0.138400899790076,-2.60185157802011,6.85335948764875
0.151028627434241,-2.57998390554802,6.83376619128801
0.150883602973422,-2.55715213806971,6.80055517323756
0.13747859009565,-2.53534343238826,6.75600486333887
0.111300461889247,-2.51650107168996,6.70324268310244
0.0738265738085856,-2.50246634092222,6.64623265796614
0.0275319509236327,-2.49478121723621,6.58956295523352
-0.0242887187743254,-2.4945003464414,6.53804422796973
-0.0778832409005535,-2.50217053887828,6.4963209073652
-0.129151572328475,-2.51776705831509,6.46862815384436
-0.173827304014196,-2.54062055748351,6.45842633715167
-0.207688161361542,-2.56942155648245,6.46810252661776
-0.226794400725541,-2.60224677049809,6.49868999288545
-0.227837580680606,-2.63662134881859,6.54957416527563
-0.208595590566303,-2.66965968633192,6.61828079758396
-0.168121628613266,-2.69818453433468,6.70055756146668
-0.10785489943829,-2.71911787914768,6.79004115260973
-0.0314036965449033,-2.72977696622265,6.87907854762404
0.0554096300328462,-2.72807195473452,6.95908490607
0.14467874887465,-2.71304431836893,7.0214970348344
0.227315552855104,-2.68493868702806,7.05861716468067
0.294482735183582,-2.64554201315778,7.06522366868245
0.338400507990281,-2.59769019856773,7.03836480163641
0.353887851595418,-2.54534015437265,6.97871454355497
0.33861027663993,-2.49296637733434,6.88992192511742
0.29341463141432,-2.44515205563768,6.7785079869311
0.22152151330986,-2.40620498349846,6.65285149828782
0.128297839953152,-2.37968603325415,6.52266341463485
0.0200976975910887,-2.36833679741852,6.39800858011372
-0.0960702583523581,-2.37407800359644,6.28908775752132
-0.212708099665176,-2.39724617412443,6.20489701158028
-0.322076446851919,-2.43756731590809,6.15406728499579
-0.416109358175178,-2.49322210784001,6.14316366271261
-0.486114909270991,-2.56131765381892,6.17724251946227
-0.523302610898677,-2.63755824302593,6.25842930805972
-0.518784992402233,-2.71635872176818,6.38594044281042
-0.465876259572924,-2.79092718552302,6.55406250249407
-0.36099075635838,-2.853687855186,6.75248801149157
-0.206132742447251,-2.89691255131107,6.96569538186623
-0.0106655425432102,-2.91350908595965,7.17338727648109
0.207456043034078,-2.89895758236005,7.35299957050185
0.424414871775404,-2.85137167611188,7.48216082860578
0.613377998126593,-2.77288600009033,7.54255381362863
0.750421440262793,-2.66969519231129,7.52378112973882
0.819417269102688,-2.55095632851985,7.42477222602599
0.813141677902566,-2.42746319259399,7.25230171614069
0.736050595077569,-2.31033903124891,7.02208189647627
0.599170313919725,-2.20939627991413,6.75338618227515
0.416889857245417,-2.13266761586396,6.4670664737814
0.204378418070285,-2.08576997172352,6.18381489282856
-0.0251780348237601,-2.07205913351377,5.92236179721921
-0.261082644586474,-2.09366770584066,5.70013299888191
-0.494204211090677,-2.15034621804885,5.53176610425043
-0.715514407663405,-2.24130890709268,5.43171966817477
-0.913788765833498,-2.36408212922172,5.41349088936692
-1.07396490411399,-2.51393984774764,5.48844978573153
-1.17537697453957,-2.68370143637689,5.66589525406891
-1.19185796780992,-2.86266406227425,5.95012742168576
-1.09464912796501,-3.03592715602199,6.33641864762448
-0.860094353609174,-3.18465707884335,6.80589388410307
-0.47836287391874,-3.28682904308596,7.32238329630253
0.0292194488383909,-3.3218584494342,7.83007506919087
0.606729544113775,-3.2745647496586,8.26127921771528
1.16797067063101,-3.14043765202083,8.54871667519356
1.61921938202002,-2.92933630459878,8.6442407005113
1.88816077941597,-2.66340777973716,8.52994714866167
1.94801266070246,-2.37281747099991,8.22387665252193
1.8170722536251,-2.08807324495786,7.76845935867046
1.54609215379769,-1.83421737846846,7.2187861502247
1.19332796067138,-1.62781593594154,6.62727737209469
0.807822119449935,-1.47746185511744,6.03679184604919
0.42153813874177,-1.38533573459504,5.47855446559669
0.0488374684994597,-1.35020384627106,4.97360743148886
-0.309034113168381,-1.36983982225258,4.5363987534343
-0.658564518469898,-1.44247894045151,4.17823593146911
-1.00895733509568,-1.56766095847087,3.91063938168511
-1.36737462678084,-1.74584191103559,3.74725665654441
-1.73412952287041,-1.97880621802697,3.7085791188071
-2.0962022323711,-2.26656245555331,3.82017657974066
-2.41923984344352,-2.60627672489246,4.11637472560192
-2.63719335911917,-2.98773792222885,4.63633983625171
-2.64551313430007,-3.38775874603797,5.41305234223322
-2.30952247892645,-3.76492538846363,6.4523414072362
-1.50529166008006,-4.05779881635184,7.70164793556431
-0.200807541727733,-4.19174611024151,9.02098510187401
1.44627007890639,-4.10069181113219,10.1828869434271
3.07289616092554,-3.75843307837028,10.9353178379447
4.25067975761709,-3.20065239355605,11.1097232772727
4.71809997740873,-2.51797882470829,10.7043641362032
4.50083156890818,-1.81856914631378,9.86598786910818
3.84319528444086,-1.18850597259296,8.80363377288262
3.03152117160075,-0.67211381066676,7.69584563355531
2.27575104342433,-0.275240717427342,6.65419894708872
1.68037112949296,0.0195290545092597,5.72931017561199
1.27163894747562,0.238896455537425,4.93362505531477
1.03467250934013,0.410053779808986,4.26130102254875
0.940904134795818,0.556748550148987,3.7005101170547
0.963424775996602,0.698400777239149,3.24001056598688
1.0829790957532,0.850896692508536,2.87226948768559
1.28863482942103,1.02793038997569,2.59519225266029
1.57525158251921,1.24191866712211,2.41317238225599
1.94025764030343,1.50493676298034,2.34016205570239
2.37635318050269,1.82820758579874,2.40176772650884
2.86123380814899,2.2210908677907,2.63977420146763
3.33986809404553,2.68710036672542,3.11338476639645
3.69876761426829,3.21811990364026,3.90037962664776
3.74262298081628,3.78230884644087,5.07480931632824
3.19580459221065,4.3124854108623,6.66976135449892
1.79280790466184,4.6990459476904,8.60016260844814
-0.5092302630698,4.8052421840079,10.5899999694719
-3.28213595041536,4.52200144043186,12.1880735931108
-5.67377981882358,3.83905396417745,12.9561065848317
-6.90491804059809,2.87725014303404,12.7353826928039
-6.80368117888475,1.83309934992953,11.7365977091108
-5.7944446836737,0.879758378030238,10.3584770577632
-4.4763562399864,0.108174879734767,8.95192806747717
-3.27996585935793,-0.470874420962972,7.71373646935445
-2.39115248800127,-0.892464184906817,6.70821889474931
-1.83107877443412,-1.2056232258634,5.93064954616783
-1.54683074664525,-1.45620516320777,5.35400827955221
-1.46741076530582,-1.68036413006818,4.95278060801615
-1.52709587748236,-1.90380673734174,4.71162733880799
-1.6692546091872,-2.14307334162494,4.62693449433747
-1.84088147390597,-2.40658288638418,4.70498155316583
-1.98486388738712,-2.69453864737858,4.95824428729591
-2.03296821011285,-2.99786013030263,5.40021910374246
-1.90555280154469,-3.29625567138557,6.03401117546343
-1.5232534650789,-3.55735541043213,6.83838070667298
-0.835901541272225,-3.73858730979864,7.75169002860391
0.134689166766301,-3.79403191611273,8.66214003831388
1.25738834701161,-3.69039110272527,9.4206858293899
2.31160424969275,-3.41986468735458,9.87966236690015
3.06684586646154,-3.01114777448232,9.94964971923892
3.38669416140021,-2.52096494776254,9.63077195661007
3.27778583586207,-2.0159036500475,9.00321523185412
2.86410700742114,-1.55198024822912,8.18884570070209
2.30333299417202,-1.1631341884984,7.30146613593345
1.72663414136335,-0.860973196360957,6.42430482954193
1.21238267702406,-0.641252767658818,5.60582247887365
0.791611143764998,-0.492149823602726,4.8683459771034
0.462697607790261,-0.399032078654891,4.21670040217392
0.209186593985114,-0.349367145948015,3.64789503369545
0.00935720949202011,-0.333479895963963,3.15527202679726
-0.158204668456687,-0.344976282338218,2.73132856328262
-0.312612999485459,-0.380330970236392,2.36860961219182
-0.470399063828382,-0.43903004963396,2.06178742211137
-0.646337006001661,-0.522492646110324,1.80637726528654
-0.855115341717937,-0.63500118524541,1.60162366311692
-1.10969291866292,-0.781525473423287,1.44786541781288
-1.42591111323947,-0.971125219697871,1.35324616301353
-1.81690788202738,-1.21346740544156,1.33095073357289
-2.29320227498517,-1.52086129108827,1.40619952915562
-2.85405592916925,-1.90659560022077,1.62088538755311
-3.47109843583919,-2.38102634102119,2.03725978878813
-4.06290613965285,-2.94755321942884,2.74564569978043
-4.45116516462372,-3.59089621842478,3.86053600926441
-4.32248760541427,-4.25851639691451,5.486633477745
-3.2609194873101,-4.84221111696447,7.63855895295761
-0.947012898850037,-5.17435008139726,10.1184671982157
2.42489382732077,-5.07238783647205,12.4267110776804
5.87913113205539,-4.44174635955252,13.9019004907212
8.11241436521563,-3.36929830367946,14.11898521968
8.48520104729929,-2.10037531733244,13.2042283895358
7.38455749115923,-0.895833327369639,11.6810839479692
5.6779896587459,0.087283575217576,10.0829283879305
4.04865847864248,0.81367227682094,8.71566593864813
2.79965665677893,1.32235358677037,7.66930990244248
1.96683471969267,1.67550136219939,6.92066191056667
1.47285942660979,1.93013641824051,6.41440784195862
1.21470840922055,2.12952530078785,6.09842349664098
1.10126228544002,2.30207492092678,5.9352475947085
1.06106679632227,2.46387548571267,5.90143850996374
1.03851197419411,2.62158085339247,5.98187769408374
0.989560834397751,2.77439532004575,6.16504327975045
0.879855667824587,2.91566993400147,6.43679310197282
0.685582495828659,3.03431979886332,6.77680565178087
0.398001339708843,3.11681133093618,7.15483675057452
0.0283401490375503,3.14972669910162,7.53049631213795
-0.389442531288329,3.12296972654983,7.85637986446047
-0.802278845572842,3.03306636721895,8.08552808808815
-1.14998338849771,2.88535673239806,8.18155315910925
-1.38160294264831,2.69360356914992,8.12655320083987
-1.46960734284853,2.4776865362505,7.92495043945748
-1.41497848790346,2.25945445290339,7.60047682200569
-1.24167415310481,2.05864036740498,7.18857743432917
-0.983718152100088,1.89092777459477,6.72733342616534
-0.676854813537051,1.76573652306703,6.25289588329308
-0.347610115768782,1.68875657098247,5.79472350987465
-0.0129291031157646,1.66173387849667,5.37603721917084
0.319477420528425,1.68475857411246,5.01500435653413
0.647667413755388,1.75733468141918,4.72717532408102
0.971456173643657,1.87892524939654,4.52782845926899
1.28796323694004,2.04883884374127,4.43398559428519
1.58688135455646,2.26499470840462,4.46440658015282
1.84508232494553,2.52331266814786,4.64175790508698
2.021193204095,2.81490083659595,4.98973260278535
2.0521838721942,3.12300449783697,5.52738070790405
1.86026514927713,3.42005180883418,6.25555633830313
1.37081209192304,3.66687944491078,7.14357978195068
0.550965644402835,3.81519050400362,8.11179574168184
-0.537539707243369,3.81882861271313,9.02685126413865
-1.71695162722434,3.64900150266572,9.72542936618636
-2.73419460984062,3.31124367748094,10.0678379914251
-3.36648189981634,2.84745616907764,9.99053008199835
-3.52310444085172,2.32434226709363,9.52969871381379
-3.26811681726788,1.81021861597797,8.79448285741898
-2.75780231825975,1.35566929851508,7.91492828904844
-2.15611657628021,0.986558282776947,7.00034526845181
-1.58165335646227,0.706720963285938,6.12268168402514
-1.09546213344476,0.50705968745925,5.31948478894407
-0.713552371968163,0.372481967504678,4.60415482187142
-0.42674146869752,0.28799339028843,3.97719108715643
-0.214427848786054,0.240635787376878,3.43218116342609
-0.0546254382489931,0.220951039004585,2.96092136614801
0.0725684642071686,0.222621494304754,2.55495103489094
0.183858142424065,0.241957215351979,2.20611775305732
0.292872098432564,0.277727851282776,1.9079786615528
0.411284779407496,0.330373279244171,1.65474368668658
0.550100955989554,0.402331149194962,1.44291544818624
0.720010553686465,0.497263508552102,1.27001087486795
0.932741635903087,0.620713099084233,1.13652393632801
1.20145426709111,0.780126407788975,1.04652020012378
1.54015390664253,0.984777509308733,1.00908515597132
1.96371776134824,1.24685658579202,1.04242458723609
2.48094434233237,1.57926340721507,1.17587515508937
3.08786564516266,1.99617857515847,1.45820098611576
3.74727640460178,2.5091750863551,1.96461372722729
4.35454584590349,3.1189081136951,2.7983631562919
4.68684829609924,3.8031864667774,4.08875072103982
4.37065315409855,4.4942317331993,5.93835740625838
2.93870335549051,5.05974191786705,8.32885348116012
0.125943985987584,5.30673647835477,10.9697707216681
-3.64010880411566,5.0482414140717,13.2424509033963
-7.09005076945973,4.22897573880313,14.4469028082761
-8.88925650468383,3.00351664521417,14.2811065909318
-8.6872879145043,1.661616587245,13.057413933963
-7.17677662497453,0.460724953293395,11.4008496863644
-5.30417405085501,-0.475841912759577,9.82213036248456
-3.67098989057219,-1.14452100354028,8.55639440263409
-2.47878822780672,-1.60068455482591,7.63630742868202
-1.70315429702364,-1.91005353844107,7.0089528703905
-1.24095044428278,-2.1278604114011,6.60540660200401
-0.98586532012526,-2.29301847192432,6.36931782063364
-0.85209397642788,-2.4299267934124,6.26123341056236
-0.776551125502496,-2.55178080264036,6.25524401744164
-0.713984397025371,-2.66375526505222,6.33291365701022
-0.632763795599991,-2.76525661554911,6.47911642682065
-0.512161916227581,-2.85174023508035,6.677726031888
-0.34272095091919,-2.91656625127538,6.9088600513845
-0.125968665319272,-2.95226961541848,7.14875481630765
0.12432146738795,-2.95266031199888,7.36997550422885
0.383921874336854,-2.91445157714104,7.54457947052761
0.622233869004351,-2.83844120891015,7.64795888203526
0.808838530314345,-2.73019108650095,7.66344623887663
0.920427254521461,-2.59933788668783,7.58512361224279
0.945428717270936,-2.45815454751118,7.41834639330558
0.885374798449087,-2.31970386215391,7.1783083043515
0.752020628050212,-2.19598502477025,6.88637316309253
0.562844096124874,-2.09665293282593,6.566509164656
0.335782611132417,-2.02892957173743,6.24220996687811
0.0869255235496817,-1.9968360514905,5.9347364357499
-0.171733566113779,-2.0033213267342,5.66346498200956
-0.43088348603441,-2.04854818169276,5.44453538737445
-0.682693397087881,-2.13221828606463,5.29340516609815
-0.918108820493122,-2.25259794966684,5.22465548353
-1.1239318271738,-2.40646395795749,5.25295389402049
-1.28088041534007,-2.5877862847387,5.39065631811951
-1.36152470150677,-2.7873249986817,5.64775607727089
-1.33176349081314,-2.99114693929096,6.02683391240563
-1.15501017550924,-3.17985395748287,6.51834224649486
-0.806257917623135,-3.32944338383134,7.09222147529578
-0.28560247029797,-3.41340611303359,7.69536304425204
0.362848123629107,-3.40867637633418,8.2523041139635
1.04887295371558,-3.30252344332843,8.67870954712883
1.65489966985361,-3.09783518570422,8.90164432905117
2.07286739614242,-2.8150040734259,8.8811344067338
2.24469743425752,-2.48770075968865,8.62317956622029
2.17288420249142,-2.15329275782423,8.16936923442283
1.91316868103428,-1.84460502733739,7.58474057343754
1.53938848212809,-1.58450164362564,6.9341219004541
1.11968657886166,-1.38468952200509,6.27193785377244
0.700429831921758,-1.24811527284307,5.63670642372668
0.304627552587049,-1.17307845930917,5.05330579842039
-0.0636085408039506,-1.15521184425804,4.53604767760119
-0.411766295922778,-1.19106908567772,4.09423898980106
-0.753234372677275,-1.27859803470681,3.73512534299115
-1.10239434828101,-1.41782084560189,3.4672049377711
-1.47059812704348,-1.61073415110148,3.30310890897109
-1.86185805442209,-1.86049350575489,3.26216323830253
-2.26666082338812,-2.17051614797026,3.37449982742032
-2.6519801185784,-2.54021771647884,3.67853066343454
-2.94756821460203,-2.96240490545537,4.22470774388609
-3.03429990122167,-3.41507308450272,5.05999759161151
-2.74478467828282,-3.85483540976275,6.20815044643382
-1.90439130871539,-4.21190272097037,7.62871935983428
-0.43124459387721,-4.39466255700679,9.17233807937701
1.51411975888162,-4.31718295992088,10.5676884945404
3.48466848754492,-3.93847408194389,11.4945378490325
4.91760766774325,-3.29789454329651,11.7321012380464
5.46098355893064,-2.5069205832341,11.275529018328
5.16076057742346,-1.70055207127088,10.3204937059666
4.34327648163423,-0.983115138001068,9.13148608681875
3.37939204453431,-0.403449632967267,7.92568994144792
2.52178799802655,0.0370649647107261,6.82712009472002
1.88172541655076,0.364750864436328,5.88279552296325
1.47630657640257,0.614081016943586,5.0977744096523
1.27779540957453,0.818493448883762,4.46012434319344
1.24653653784149,1.0061537066381,3.95531468817557
1.34812796752187,1.19949629473759,3.57437051323374
1.55531436922246,1.41629430943123,3.31515224106363
1.84694939886336,1.67076660598396,3.18563246169749
2.20069085435179,1.97409339716102,3.2054880117386
2.58214595674557,2.33312911853759,3.40667417179749
2.93103352237062,2.74788341535144,3.83384187049693
3.14292437578714,3.20651546958105,4.54063781769327
3.06063859565641,3.67712649131389,5.56824821091954
2.48730925389135,4.10096730908236,6.91643358610145
1.266914866528,4.39159989937236,8.48935519963338
-0.57724486691457,4.45005309386082,10.0602546466977
-2.70880461500977,4.20334999275314,11.2967499343481
-4.54127345526095,3.65145387151986,11.8936296429055
-5.55105611931551,2.88153995006769,11.7330209118548
-5.59047933494443,2.0338335720008,10.9404975370082
-4.91241608510114,1.23885683128669,9.78768030446136
-3.92398527988519,0.574045330693772,8.53775698134608
-2.95848672605878,0.0590111283570661,7.36289482364581
-2.19290170915229,-0.324799391462553,6.34095949166055
-1.67817220288624,-0.612233889304471,5.48993414933391
-1.39559537952886,-0.8403662930639,4.79983589802616
-1.304750449167,-1.04096031207175,4.25556027296118
-1.36373991497745,-1.23965614533623,3.84461120826501
-1.53892228157867,-1.45630386157935,3.56270651160491
-1.80309405487915,-1.70626435527345,3.41532365131334
-2.12917785951121,-2.00080503259787,3.41869226031441
-2.48055574309534,-2.3469098980756,3.60240974139095
-2.79684346355805,-2.74410664304455,4.00635542236711
-2.97942347970875,-3.18025971315961,4.67633787791145
-2.88353671861262,-3.62498600200459,5.64738843622102
-2.33429720498397,-4.02347840642739,6.91355022113591
-1.19637517542459,-4.29659551299276,8.38370209041019
0.505583057500432,-4.35420422066152,9.84999412444467
2.47163001427433,-4.13126040048217,11.0133045741898
4.18366793283499,-3.62481505846307,11.5936908483141
5.16877669623786,-2.91177200222232,11.4760482318934
5.27188484290583,-2.11751235926195,10.7590244042432
4.69361640055276,-1.36307677172287,9.6796858255072
3.79455076138206,-0.72404650838245,8.48126037384393
2.88513699772798,-0.22411715253821,7.3310541836744
2.14105978452029,0.150688598802449,6.31059485007032
1.62204244002905,0.430384298924073,5.44421522598733
1.31999085434231,0.648739623802193,4.72728990681441
1.20100494750272,0.835944954927618,4.14629673815854
1.22867711882298,1.01671416988846,3.68865202059535
1.37410746850538,1.21077947613305,3.34787674831209
1.61615090351594,1.4342006047179,3.12553117926635
1.9373070729824,1.70016526006691,3.03291672160517
2.31630849357774,2.01897236162657,3.09307700755212
2.71678844034515,2.39687814300657,3.34302991046245
3.07117473451777,2.83253179109967,3.83287239624554
3.26123169549629,3.31101586753484,4.62043062303303
3.11186083875418,3.79508228126669,5.74639248321795
2.40919598917522,4.21766882588294,7.2011649763498
1.00581073483446,4.48339376469124,8.86215221131498
-1.02383289836362,4.48799409999031,10.463984842655
-3.2541219578145,4.16552745970939,11.6456197369529
-5.03501690259919,3.53352752296123,12.1079968234137
-5.86634657197033,2.70166257070327,11.7826167281321
-5.69830360382306,1.82246418972477,10.8541447988687
-4.86713949286942,1.02380298882614,9.62287819149412
-3.80892149748527,0.371982051921137,8.35017370438018
-2.840357758953,-0.124916090762602,7.19038335869104
-2.1095500460037,-0.493111314066404,6.20415566287874
-1.64262530665552,-0.771720366316249,5.39726407392301
-1.40954733764368,-0.998236808987198,4.75594532634739
-1.36305265838198,-1.20434445145151,4.26352551943687
-1.45908686099758,-1.41468747241416,3.9093320172793
-1.66161595738587,-1.6478397129719,3.69201207869693
-1.9391668908808,-1.9174491938882,3.62121280153836
-2.25629754950042,-2.23213779195119,3.71748256261554
-2.56231743178144,-2.59449141956196,4.01340350328935
-2.77763694566494,-2.99720576418627,4.54776718155731
-2.78459431063286,-3.41829747291131,5.3550700657383
-2.43290309704927,-3.81556150572435,6.44333301656584
-1.58011684906012,-4.12372640127934,7.75925354603752
-0.188001297503147,-4.26269335053992,9.15162614292249
1.57144288283073,-4.1614887155658,10.3740805166703
3.29752718059105,-3.7923923003308,11.1532957158672
4.52298143177479,-3.19670448551522,11.3132479154127
4.97074130354253,-2.47373552024144,10.8593759919396
4.6937716488927,-1.74053176802602,9.96340128565492
3.96845033876196,-1.08668061262129,8.85130081441249
3.10591823692023,-0.555451965391445,7.71066568906536
2.32437713069272,-0.149758452452624,6.65360904987199
1.72544384776654,0.151851893541027,5.72690216018529
1.32979032489912,0.378772035831215,4.93942368151045
1.11711587558021,0.560350234478,4.28265712241952
1.05514622168575,0.721747481319009,3.74355404426576
1.1157449769378,0.883341351508792,3.31198325555868
1.27837915121324,1.06190412312475,2.98256261196911
1.53031738885012,1.27177262564347,2.75707632779317
1.86252374260977,1.52553014694548,2.64580454489091
2.26401874933365,1.8345906919009,2.6711323456876
2.71093544939687,2.20771981123364,2.86935039907134
3.15111258840586,2.64842676046194,3.29373716942693
3.4822098491959,3.14869682538164,4.01070361447638
3.53210665800365,3.68019300324178,5.0853062996063
3.05656680879083,4.18293964938261,6.54835657467141
1.82205137546249,4.55988419038903,8.32579828021639
-0.227418785417963,4.68885832763606,10.1821120500011
-2.75375635591315,4.46710880423585,11.7222655196223
-5.03320831057641,3.87436866821645,12.5424083830768
-6.34367299126828,3.00508421108672,12.4573130713611
-6.44197396067844,2.03096011586168,11.6078480372593
-5.63513867772371,1.11614531631471,10.3353288143934
-4.45063520893564,0.35753027519133,8.97204086359707
-3.31244891092471,-0.222781753529459,7.72567120052496
-2.43044586346821,-0.650380468777778,6.67899363189577
-1.8540224876121,-0.968276956004007,5.84296411641262
-1.54814593809664,-1.22069157293323,5.19811188604156
-1.45408807950195,-1.44382260562527,4.72280784723702
-1.51411108566553,-1.66507105660031,4.40277695768244
-1.67815844470122,-1.90373276971246,4.23410561542954
-1.9009433341795,-2.17198796982937,4.22397553452896
-2.13339252788263,-2.47511263194762,4.3895423516309
-2.31254298726907,-2.81005258031303,4.75411750601397
-2.35474466697308,-3.16276778830358,5.33890375747363
-2.15421109348719,-3.50500657968262,6.15187321617276
-1.60664276830086,-3.79209785681191,7.16198429783342
-0.660354269031164,-3.96744211031151,8.27765185211632
0.621726681651645,-3.97330308243466,9.33918688344887
2.01757670155312,-3.7747256304519,10.1464067987892
3.2051014684417,-3.37802852752646,10.5269578387075
3.90597755854593,-2.83691086028311,10.4105508078944
4.02482378146091,-2.23447852717918,9.85536304266524
3.66750398275144,-1.65210655073243,9.00589572323106
3.04221478843291,-1.14662660034599,8.02071677903754
2.3530757629935,-0.741831409611484,7.02519827203509
1.7331290436683,-0.436414345874992,6.09335219134364
1.24274242971674,-0.214770004090341,5.25839670857223
0.891296840587209,-0.05617254710253,4.52778485160004
0.663163532797469,0.0591550581385314,3.89661186179755
0.534875789890347,0.147969960421054,3.35512580265052
0.484247490117515,0.223629046401623,2.8922546259775
0.495465018942245,0.296485995862254,2.49862857939955
0.558637183880879,0.375001143951525,2.16603998280786
0.670269718673675,0.46667786838114,1.88887495100011
0.831625672122334,0.578755722088926,1.66363231697635
1.04869013149835,0.719196392107205,1.49050808410557
1.33058588918204,0.897012053992817,1.37394109585496
1.68787429394989,1.12242945648267,1.32445651978318
2.13153608996583,1.40828975342962,1.36368514180957
2.66320404728533,1.76695939969908,1.52521873888977
3.26662432921191,2.2115497472251,1.86569543581945
3.88099106422048,2.74862351349765,2.46583388286289
4.3651662922225,3.37062929310366,3.43304663788632
4.4529043377012,4.0398405576706,4.88137702758014
3.74896018647524,4.66825278396509,6.86890386347761
1.86412618797636,5.10627290952992,9.28313052474454
-1.23136242620869,5.16613408418883,11.7238791132871
-4.81136092700432,4.71098371399418,13.5467969813488
-7.57810537774265,3.76272596897387,14.1988694603033
-8.5723346919289,2.5260342943591,13.6129715480162
-7.86939474294694,1.27471767095585,12.2239577901391
-6.26777432098621,0.207928444838193,10.6031072358692
-4.55816840249701,-0.602934281505524,9.13961677494759
-3.16730391840784,-1.17750726458228,7.98624181481406
-2.20030678823455,-1.57539630116012,7.14523014362245
-1.60393076215832,-1.85698457456104,6.56582624049897
-1.2770782416475,-2.07055568408217,6.19226040254725
-1.12334444415998,-2.24912145937636,5.98227764961843
-1.06448517407418,-2.41260238038609,5.90771267319737
-1.04032493050226,-2.5705094705091,5.95139357467348
-1.00343395488604,-2.72434639169776,6.10108261122146
-0.916784170911698,-2.86934252567121,6.34347544491549
-0.752707908402765,-2.9957396718137,6.66129474385464
-0.497500285878645,-3.09082869366279,7.02761808385951
-0.154873363015936,-3.14075077413031,7.40564175524205
0.248530052011749,-3.13414915676961,7.74983090601703
0.66546625281233,-3.06536168031673,8.01282953902465
1.03722979400068,-2.93660598598705,8.15407005073811
1.30904887521097,-2.75900187940021,8.14951335837017
1.44417068712529,-2.55042264998506,7.99531849949083
1.43533875733794,-2.33249160663485,7.71032714505774
1.2988093441404,-2.12583287484898,7.32593899844078
1.06706935779177,-1.94715266282312,6.88034717772352
0.774968267646597,-1.8083620094122,6.41008016917809
0.452597397639787,-1.71613908829277,5.94698854959118
0.120061716746402,-1.67317961311921,5.51611774814683
-0.212236455692783,-1.67997659862365,5.13687557683569
-0.54068194946118,-1.73657528384755,4.82599706136506
-0.864769965083979,-1.8421404696956,4.5983190646197
-1.18276968284143,-1.99600530176526,4.46998031703173
-1.48719924581994,-2.19655874612017,4.45880597638437
-1.75927216418898,-2.44090877983164,4.58740824067816
-1.96401691561211,-2.72159525476003,4.87852826945106
-2.04644426026917,-3.02461636190104,5.35229042540598
-1.93223740404609,-3.32629226885925,6.01758775993617
-1.54382107824245,-3.5911959270903,6.85501334322844
-0.830789593523071,-3.77340238575544,7.80176351021795
0.177302038552905,-3.82567356983763,8.74099212346915
1.34100286239755,-3.71238307692218,9.51702309199984
2.42488516550802,-3.42693347860763,9.97749960206841
3.18782740226783,-3.00033103596708,10.0322451654558
3.49296751296039,-2.49284524796002,9.68677537768278
3.35612874115946,-1.97384328521764,9.02928396711079
2.91341118812285,-1.50035777429232,8.18834180884274
2.33072781554644,-1.10587124250805,7.28093118442336
1.74237982783091,-0.800440808512419,6.39054315158996
1.22686325020446,-0.578984989471043,5.56498485024755
0.811618870583138,-0.427149966003699,4.8235706765998
0.494185231134051,-0.330192723357734,4.17053158886232
0.256744416703023,-0.274686382743728,3.60157057557603
0.0770675528752869,-0.25023234685047,3.10891513326147
-0.0658888870491469,-0.249715656167664,2.68400398999005
-0.190001593827202,-0.269094916443995,2.31918312636999
-0.310354928432416,-0.306637215399787,2.00736658839142
-0.439737924164687,-0.362715071361833,1.74296515507889
-0.590143253583934,-0.439765810614697,1.52249467577006
-0.773276352946404,-0.54170757741945,1.34389865840317
-1.00163116655463,-0.674368886834533,1.20818696922475
-1.28861262396357,-0.845394487421058,1.12023938253756
-1.64846740853687,-1.06458999952311,1.09099761742767
-2.09520654721341,-1.34457728289248,1.14153698308264
-2.63470677806969,-1.69851475711297,1.3056884737972
-3.25533253595594,-2.13985638519164,1.63824492914688
-3.90422031097438,-2.6775978260354,2.22131376101612
-4.44930987895517,-3.3072480154207,3.16529336401631
-4.62946686962351,-3.99565992043646,4.59512641791362
-4.03758339495393,-4.65896639059465,6.58936000802464
-2.23514766394335,-5.14724216235088,9.06433845587001
0.88807673302045,-5.26266920243974,11.6371503576682
4.65500421045847,-4.8469888234586,13.6392059942959
7.69597652663208,-3.90161344614039,14.4480609185881
8.900363866535,-2.62980014204936,13.9389117730631
8.25648985997714,-1.32292372591049,12.5466877917255
6.59571633675537,-0.200926605878761,10.8859539809239
4.78125724350107,0.650692330257986,9.38651260309094
3.28800629096552,1.25108861629051,8.21530446244537
2.2370641334936,1.66072632440284,7.37440333686315
1.57460909968848,1.94266046893942,6.80572794407059
1.19326839668201,2.14761356775536,6.44466812882934
0.992427530438005,2.30996823488225,6.24197326631183
0.892324785869612,2.4506263071189,6.16377090257913
0.834368026486463,2.58002727385801,6.18839546277738
0.775443096440138,2.70110002871973,6.29967532477593
0.684888951900132,2.81127793536819,6.48257410376111
0.542758023411671,2.90415111768162,6.71984061563794
0.340911460496619,2.9712666603749,6.98897545740694
0.0842695301290947,3.00380459939767,7.2619936703652
-0.207933247903557,2.99476845129884,7.50666099535712
-0.504394436189043,2.94122744418775,7.69096911460512
-0.767351947724766,2.84500308347891,7.7872392571693
-0.961883608645483,2.71411767562514,7.77945475504229
-1.06378241616149,2.56078458299407,7.66445518027239
-1.06475021820536,2.39973212282345,7.45260099781393
-0.971196343457562,2.24582553799704,7.16393207207186
-0.801219183899628,2.11196261403669,6.82492685086369
-0.576683796418738,2.00797232441336,6.46280103604285
-0.318323413978436,1.9402791202062,6.1028439089966
-0.0422851585989687,1.91332503392258,5.76776196115715
0.23976632314942,1.92790362346824,5.47585585088292
0.520223303786925,1.98511128235661,5.24475323579835
0.792598559362116,2.08385674713157,5.08957379509054
1.04852590286371,2.22239627469272,5.02579944460688
1.2744436791618,2.39727053039063,5.06890101060572
1.44825177931888,2.60250211575346,5.23428234313881
1.53733116854166,2.82795045735991,5.53431047197424
1.49969702167585,3.05784418731532,5.97336003183102
1.28939383366186,3.26962393475335,6.54133039923186
0.873929864613504,3.43475506217365,7.20312998112452
0.254515074824808,3.5219797162355,7.89443985458784
-0.512217750706875,3.50391591078288,8.5236197520531
-1.30949586936252,3.36647752416047,8.98843507910186
-1.99004335897494,3.11654024876465,9.2062018711986
-2.42701607455374,2.78132168809777,9.13742931956793
-2.56265061493271,2.40289599225874,8.79930038865932
-2.42225840004211,2.02561471361154,8.25379384019053
-2.08528261602241,1.68526355668453,7.58016687350219
-1.64599593548792,1.40447803280983,6.85313449519268
-1.18261347197123,1.19230781238867,6.1302408341763
-0.742625240829323,1.04821469679347,5.44849734864647
-0.345111764869741,0.967036340015684,4.82873843264016
0.010889225490544,0.942457319099087,4.2814159422481
0.338258767799978,0.96887435889587,3.81076465350784
0.654711995838058,1.0434169222937,3.41978867489619
0.979036589461162,1.16599322438322,3.11277782043158
1.3279368706455,1.33884049150764,2.89718542187386
1.71352903785599,1.56681955986902,2.7877093563781
2.13845028599842,1.85522983782863,2.80681647323105
2.5894120887236,2.20999191038985,2.9922476448883
3.02259496127089,2.63193735453514,3.39413890561107
3.34570672279569,3.11226344313144,4.07552448338826
3.40111106859645,3.62340236731895,5.09677747286952
2.96604230181551,4.1089937858509,6.48573064664145
1.82423198848505,4.47871011555491,8.17605463532812
-0.0854380680861711,4.61784884048263,9.9532387659177
-2.46781055740883,4.42862213394302,11.4534398063967
-4.67011963343549,3.88592284087041,12.2944593333624
-6.00797376852581,3.07029239140725,12.2805898444326
-6.21058691303639,2.13930521277754,11.5180267651461
-5.51922917486461,1.25046498493371,10.3126822760918
-4.41762238035306,0.502147874919804,8.98304805337119
-3.31852159584234,-0.0765956826649251,7.73990516704629
-2.4438821564554,-0.505755237196333,6.67617011180165
-1.85658158095974,-0.825066735806333,5.81038765360371
-1.53414681488025,-1.0766198219428,5.128989541555
-1.4245924836882,-1.29643109645295,4.61210459063785
-1.47497577206031,-1.51242193506897,4.24549185904639
-1.63968693346729,-1.74503920471379,4.02424783069451
-1.87917414193556,-2.00852703193823,3.95520978694256
-2.15116225097672,-2.31109395608468,4.05583863412468
-2.40066159314882,-2.65354709344269,4.35180386396693
-2.54945521956568,-3.02701521662229,4.87341821263156
-2.48852940106872,-3.40863207421426,5.64464549242827
-2.09183745733034,-3.75751636449846,6.6583622649542
-1.25534728863736,-4.01478714622885,7.85116416170809
0.024959614160552,-4.11216047333595,9.07841600545691
1.5753137362516,-3.99367848238617,10.1235652689776
3.05078785750337,-3.64280937883425,10.7610853656716
4.07672149952906,-3.1002618489064,10.8549982510446
4.44407955394933,-2.45204869959475,10.4182802278823
4.20037215550018,-1.79663588070861,9.59313257864483
3.57160250113925,-1.21002407110033,8.56853216664773
2.81172587400445,-0.730471317233707,7.50372591030447
2.10504337255403,-0.362910783130539,6.49893304070924
1.54289511421002,-0.0911145060037387,5.60029474517504
1.14779682379201,0.108958832489694,4.81977167183229
0.906947476890174,0.261438911329262,4.15312721694777
0.794189234005585,0.387709655911758,3.58926562838405
0.78491223577131,0.505094252187705,3.11691311903987
0.861748772555116,0.627747795065183,2.72750977146283
1.01439084188218,0.767661013833555,2.41525531554114
1.24028628799577,0.936024451850843,2.17988544483493
1.54135188796125,1.14394057905919,2.02703420260362
1.9207392779471,1.40275077606521,1.97056518963145
2.37817279335825,1.72461715747094,2.03733439573899
2.89841609792988,2.12019320552017,2.26966708850188
3.43460743711588,2.59600202840046,2.73097438613508
3.88101143677252,3.14725112418544,3.50425291621696
4.03969295654678,3.74716567520294,4.6820638571832
3.6103610616146,4.33102015297614,6.32224685822234
2.26516807983641,4.78530332072338,8.36858496462029
-0.122025664327777,4.95864801740491,10.5553937152876
-3.16328250618766,4.71529838554645,12.3942281770502
-5.91468465695103,4.02298800698728,13.3644536117512
-7.42341245574121,3.00233759186867,13.2400741607304
-7.40394245034337,1.87169385469449,12.2270688716729
-6.31436447343727,0.832911084138364,10.7802115553856
-4.8499052065066,-0.0063662303021418,9.30604119453188
-3.51399805191648,-0.630352921617827,8.03007524855091
-2.51875714974069,-1.07870010107623,7.01888544318375
-1.88405450335303,-1.40509579633714,6.26065185869865
-1.54501646131496,-1.65934321736086,5.71910774999784
-1.417669755034,-1.879625896884,5.36094548139824
-1.42605240654485,-2.09184987460946,5.16525471437595
-1.50538900416667,-2.31140374486571,5.12249384966322
-1.59823885648497,-2.54458395195867,5.23198460390427
-1.64809854804485,-2.78920319850257,5.49667835001974
-1.59588808504507,-3.03437049518277,5.91658885055317
-1.38489044897721,-3.26048701312834,6.4782208277855
-0.970940203695225,-3.44011302834469,7.14724015759823
-0.345748849716313,-3.54157037700855,7.85874637481899
0.44065224658408,-3.53595407478875,8.5187610582318
1.27276126343141,-3.40681064665577,9.01968850481194
1.99684203353627,-3.15905842422626,9.27108337355255
2.47557130691941,-2.81955218169807,9.22702693241543
2.64244583440802,-2.43136996534016,8.90167958102758
2.51612879510758,-2.04085377439163,8.35543476222713
2.17899771885178,-1.68646364786481,7.67162073784031
1.7319092338408,-1.39196693414839,6.92945917023488
1.25804492629941,-1.16776561816882,6.1893073478125
0.809182583509329,-1.01292664717668,5.49003924199967
0.406821401601903,-0.922173120465347,4.85348513043615
0.0507528140009874,-0.888447178210887,4.29000663565218
-0.272124891131483,-0.905312663420131,3.80299338764609
-0.579990919619151,-0.969303041902416,3.39444325994944
-0.892459720776673,-1.07976088864565,3.06710876305191
-1.22756167693173,-1.23847902940771,2.82630692987422
-1.6000077579738,-1.45048511851893,2.68455949387711
-2.01655421494721,-1.72131638998978,2.66083847111863
-2.4713747735423,-2.05780815575621,2.78810292791227
-2.93339699968914,-2.46383304726995,3.11364680035076
-3.32947775698772,-2.93535710854991,3.69818542931214
-3.520549676315,-3.45341764084037,4.61288740807689
-3.29724173686202,-3.97205919839631,5.90409408880926
-2.41053048258403,-4.4103475148788,7.55156649252178
-0.707737532376144,-4.65484431020752,9.39464891704244
1.65758762622479,-4.58897533965909,11.1004861358834
4.10699651682547,-4.1522781948372,12.2492702487521
5.868691133491,-3.39047493192849,12.5444451834072
6.4678873811673,-2.44910286650365,11.9914783203329
5.99634028717094,-1.50248370193997,10.8646234654589
4.92719657997676,-0.678370019631412,9.5164265028689
3.74715000825594,-0.0283275598517997,8.21002980376644
2.75362755525197,0.456293146008082,7.07584025207259
2.05321369884928,0.813593316190771,6.14897586591384
1.64123527285931,1.08762301620925,5.42083739081432
1.46555457793131,1.31826549608178,4.8692579186656
1.46726487516228,1.53656977653028,4.47609016023321
1.59469251608313,1.7651699117061,4.23323567027564
1.802712568443,2.01946382156696,4.14321804930638
2.04660562873256,2.30837815109113,4.22004223297182
2.27191656601349,2.63322080728895,4.48490640470005
2.40474684521459,2.98605578929396,4.96409507620604
2.34705924731678,3.34588063891445,5.67579338027552
1.98657496391858,3.67581780226906,6.61240078429165
1.22940224010267,3.92252404567608,7.7169262809714
0.0701404557424176,4.02465974479133,8.8601137885566
-1.34597577811697,3.93052136205711,9.84923425725371
-2.72198776470354,3.62243625478498,10.4798115272115
-3.72160083832092,3.13217178055577,10.617759338662
-4.13805141923923,2.5343610206501,10.2589341965417
-3.98496250656548,1.91830683209564,9.51815043603947
-3.44560969610767,1.356971392518,8.56268844988448
-2.74713327525958,0.891465276757971,7.54313614278927
-2.06725091818796,0.530892141091673,6.56087173081853
-1.50323365903729,0.264804736471517,5.66816308512714
-1.08498038725207,0.0722683985061123,4.88185431765291
-0.805993818898147,-0.0680778413856813,4.20146781028392
-0.643754249215677,-0.175618918494429,3.61799485915675
-0.574454348969023,-0.266059910436553,3.12047542179178
-0.579528600691432,-0.351862106559227,2.69903842606201
-0.64650575765127,-0.443180670064942,2.34491680663751
-0.770138764484649,-0.548826322485111,2.05236379756515
-0.951026410662894,-0.677319871200742,1.81874759121588
-1.19416338367595,-0.837491982446957,1.64516867074744
-1.50821966441322,-1.03944649892534,1.53874000044782
-1.9024740787305,-1.29456024291703,1.5144811121623
-2.38206350459551,-1.61510645049658,1.5988238845123
-2.93964944867551,-2.01360327110513,1.835389990734
-3.53754012541396,-2.49994640814198,2.29189460465795
-4.07756791755061,-3.07330178192997,3.0591231109664
-4.36211990740848,-3.71179029636429,4.24565863811228
-4.06315206907572,-4.35404495843052,5.94009062541117
-2.78595206624208,-4.88279867899389,8.11815354342963
-0.30232440765613,-5.12964560444269,10.5292388752174
3.05151717838872,-4.92887120205588,12.6440402158066
6.22918378709532,-4.22177276568614,13.845734464608
8.05691411570004,-3.12725577982503,13.8213628258416
8.11589577230426,-1.89249107731852,12.7801781530268
6.90849348244504,-0.753890875739856,11.2471775161657
5.25401710482374,0.160494447054476,9.69852437375329
3.74287709548543,0.831880753149622,8.3898519898519
2.61567763083066,1.30396365123966,7.38785076761983
1.88422842093711,1.63725219974992,6.66611813568784
1.46798076637948,1.88556955214625,6.17417675936856
1.26917283448593,2.08891864522904,5.86719980216967
1.20252115599204,2.27329312327659,5.71477211087174
1.19912019183961,2.45317850449364,5.69862294705665
1.20310975238831,2.63374480282337,5.80805435249578
1.16733332927998,2.81246821733607,6.03462868247797
1.05192412091991,2.98030699485295,6.36603205632333
0.826595211009597,3.12281062833005,6.78098964481351
0.478922593432582,3.22235884473919,7.24396397951088
0.0222694079401991,3.26114961765793,7.70481219139112
-0.498177414009312,3.2258256983618,8.10287829949405
-1.01053307728314,3.11208232711555,8.37809918941079
-1.43306295859768,2.92691238569277,8.48377131905305
-1.7005388795352,2.68941522438749,8.40132456735501
-1.78283665085209,2.42557072488188,8.14133068014197
-1.68892738687969,2.16295254348039,7.73790328156197
-1.45858383818953,1.92525334429782,7.23899194825046
-1.14148946003553,1.7291692179637,6.69245497586274
-0.782341850790932,1.58459895514751,6.13950864951864
-0.412808758276131,1.49489880286198,5.6117322515475
-0.0490807884975251,1.46028574516196,5.13164155700684
0.304608623524359,1.47953555587865,4.71565402844655
0.65150485594192,1.55143311230858,4.37711487218607
0.997512941238266,1.67508349505136,4.12842787773667
1.34642946609091,1.85126289799403,3.98609858977456
1.69481537165767,2.07942549216469,3.96815294963872
2.02574042346038,2.35922381947961,4.10242626005958
2.30153614758658,2.68505933440757,4.41876124589638
2.45481346640181,3.04426189028335,4.95084415518252
2.38824894538005,3.41132624374406,5.7196939948828
1.98628644063449,3.74474422403982,6.71737176508462
1.15687980390277,3.98645503573843,7.87927859632879
-0.0926708163756936,4.0708443768887,9.06243934958153
-1.58631905520061,3.9460130826044,10.0585302918726
-2.99376040875508,3.59892046670622,10.6562587543251
-3.96314731062746,3.06942083535876,10.7288953165258
-4.30356602354699,2.44068467471936,10.2929689784936
-4.06372855694208,1.80641962875706,9.48460764396242
-3.45751331284924,1.23869585722583,8.48318490273389
-2.72381289865815,0.774435596863255,7.44013552222105
-2.03728990594454,0.418305000454744,6.45179939422635
-1.48562953987997,0.155702736804892,5.56371666406835
-1.09185420415096,-0.0358241964983459,4.78889823458092
-0.84333859018632,-0.179434160421298,4.12324018871861
-0.715683460920337,-0.295123536027641,3.5565941024581
-0.685047652222251,-0.399198148532443,3.07780387465896
-0.733865632793121,-0.504809188982174,2.67740343636992
-0.851941639716203,-0.623014353904676,2.34855934201023
-1.03632348801528,-0.763974630947902,2.08837719583242
-1.28923176433753,-0.937703740195319,1.89832635974323
-1.6164874821973,-1.15489262684471,1.78649655736591
-2.02397160970684,-1.42714092428024,1.77005281961022
-2.51181390104081,-1.76676061749313,1.87952310203709
-3.06253706593728,-2.18467028089968,2.16290073002225
-3.62168455964229,-2.68677250319134,2.69048616178388
-4.06540920363989,-3.26657648592312,3.55666644198413
-4.1672573827365,-3.89080122731813,4.85714147698999
-3.58934759207876,-4.48397049940026,6.64607323833125
-1.99068411557587,-4.91732468441558,8.8356274130964
0.697091986570897,-5.02636340731575,11.0992060962159
3.93243999472111,-4.67970105227779,12.8864747002418
6.63168991865601,-3.87256213477447,13.6751898207402
7.8634613844816,-2.76305213820439,13.3191102246865
7.5193231662186,-1.5912363617122,12.1279514541497
6.2053770841729,-0.553612147193478,10.601405731773
4.65209170590495,0.260494125258462,9.13340608675574
3.31777176768254,0.854830192164267,7.91102329579395
2.3635145753496,1.27633025211343,6.97383513458805
1.77188534896644,1.58276850049297,6.29187949934954
1.46242432497834,1.82262255279749,5.82283466943141
1.3455232591124,2.03153763540753,5.53146544052995
1.34378034277937,2.2324226967285,5.39583641236983
1.39296021085383,2.43762396766482,5.40566899027759
1.43685903826236,2.65046911309229,5.5563564231469
1.4229960168034,2.86621356221846,5.84534223516913
1.30216035190939,3.07246166634329,6.26336885674786
1.03252353861269,3.2497872385019,6.78863395368159
0.593410589470849,3.37385195691732,7.3781072245006
0.00183847731210209,3.42019132543438,7.96595661963975
-0.678430440386079,3.369942682728,8.4699219398948
-1.34204953917118,3.21729617790978,8.80765713949274
-1.87165032393031,2.97367111009949,8.91940280199696
-2.17943336159172,2.66649828951579,8.78617712595521
-2.23453289922197,2.33203198305164,8.4308841674485
-2.06751704250437,2.00670816097436,7.90885543920274
-1.74661234754953,1.7188436059105,7.28711069855979
-1.34502185613609,1.48621029477357,6.62628359068034
-0.921804982268323,1.31591835228449,5.97353430699949
-0.512228319125132,1.20871291851447,5.36084812282858
-0.129623802335948,1.16084314352646,4.80735049202869
0.22796894567157,1.16848080395728,4.32479895479983
0.571425033344135,1.2286101544788,3.92101110029299
0.915004115732831,1.34014671990648,3.60351001196555
1.27209077981703,1.50416776949823,3.38259237973584
1.65120106182677,1.72344574077021,3.27404316063063
2.05072192798356,2.00104441635867,3.3009925074366
2.45158691220406,2.3390898871705,3.49776394022448
2.80502195443166,2.73478317557945,3.90967683538948
3.01951676558232,3.17452600341401,4.58590256604123
2.94957253821672,3.62727078415093,5.56850855024149
2.41825010987902,4.0372087896215,6.85419811490979
1.27903669779308,4.32301339041761,8.35642218730224
-0.45168015238341,4.39143829883198,9.86595318033293
-2.47375171643923,4.17249036016168,11.0745792643356
-4.25024408659271,3.66090178710855,11.689691383306
-5.2807083239301,2.93396089830598,11.585448442842
-5.39705908797339,2.12147890633882,10.8625320877727
-4.80571276461205,1.34893161498605,9.76678264870113
-3.88126509637107,0.694892506865623,8.55029075015391
-2.94734156736476,0.183614703328667,7.3861177567852
-2.18637353135802,-0.199208009823922,6.35792763606574
-1.6593124066134,-0.484968725595109,5.48973187766528
-1.35641017230608,-0.708724674388799,4.77585078804771
-1.24116879355381,-0.901637276567751,4.20169507604642
-1.27566731812555,-1.08892305501766,3.75486870406348
-1.42911512047191,-1.29065210368769,3.42937333703404
-1.67807651222269,-1.52284244176304,3.22765579374929
-2.00221984870863,-1.79844445283776,3.16305661349694
-2.37521834962963,-2.12668027371848,3.26006002685082
-2.75329078622064,-2.51205128425209,3.55751222271096
-3.05894403870518,-2.94986661060453,4.10423655246934
-3.16233098423075,-3.42053186506711,4.95413668443433
-2.88504123444553,-3.88062755431875,6.13309023192507
-2.03278059400441,-4.25826024586924,7.60568532082416
-0.506330773048831,-4.45696043663021,9.21956811173887
1.53614441000955,-4.38392006265054,10.6892790845168
3.61980411441024,-3.99342080981404,11.6718416621899
5.13442117754041,-3.32565384467493,11.9275142554868
5.6988531827874,-2.49975026201953,11.4526064516901
5.36622148624602,-1.65958969251515,10.4591234097867
4.49352964435312,-0.915372454161699,9.23123008528835
3.47923821641719,-0.317017368018939,7.99790607085313
2.58881825220111,0.135727627749662,6.8863078038508
1.9341941981758,0.472156244417443,5.94144703734968
1.52814734036471,0.729182421151809,5.16545209899941
1.33786694940984,0.94194531816665,4.54420529882577
1.32022968422693,1.13960349371096,4.06304775662804
1.43616431471961,1.34507309090123,3.71263300219361
1.65529861936659,1.57605967320541,3.49319689528719
1.95090739493295,1.84594488360802,3.41484464944371
2.29263323917328,2.16429634096446,3.50066724619155
2.63384632521276,2.53452629364623,3.78397674751889
2.89791966457693,2.95141484072334,4.30882205858489
2.96389031466302,3.39491755468776,5.11882242193755
2.66958294969086,3.82348869495715,6.23264928211323
1.84863972471353,4.17025116759973,7.60847535164355
0.426983256459316,4.34848150782154,9.10137360452732
-1.44505620950551,4.27559853941537,10.4521417249804
-3.34507775782394,3.91290089305122,11.355671113368
-4.7406660991529,3.29658510569367,11.5983026988362
-5.29292185263244,2.53210237052232,11.1703099030353
-5.03065434136012,1.74846194720976,10.2507233371959
-4.25975807647342,1.04690876639499,9.0927697942075
-3.33091197657448,0.476962796119304,7.90598511968311
-2.4913415011323,0.0419269164847763,6.81424171543801
-1.85547216152513,-0.281566209082365,5.86788439355637
-1.44402399742678,-0.526630644846764,5.07402809744978
-1.23365832837002,-0.725340178574125,4.42272780170405
-1.18712187850088,-0.905257180338104,3.89965933475649
-1.27225386106898,-1.08844437790967,3.49539675598176
-1.46385843682612,-1.29265284059441,3.20625634547846
-1.74385975325611,-1.53240750028596,3.03774048086089
-2.09543720141085,-1.81996674345139,3.00678678611034
-2.49292128741526,-2.16409836634144,3.14193802026297
-2.88961052797546,-2.56850067659491,3.48610188571558
-3.19845278914973,-3.02752672024265,4.09622445552699
-3.27737536202492,-3.51770407031455,5.0254680954176
-2.92540117405219,-3.99016277528727,6.3029372075428
-1.93649434861403,-4.36415451107853,7.87844074851622
-0.230152897118485,-4.53527000083455,9.57021384936403
1.97543319232911,-4.40788670108789,11.056800607535
4.12175804891247,-3.94503196251805,11.9743851823452
5.55951601846325,-3.20602927157276,12.1021997361702
5.95361405993657,-2.32847799315012,11.4867594148497
5.44662493275343,-1.46362563467775,10.3865637426296
4.45877025706561,-0.716783816327738,9.10419043683006
3.39929933229842,-0.127969105986003,7.86150187808573
2.51490698746766,0.312684022712942,6.76984369542991
1.89243457334019,0.640361844358171,5.8602002734377
1.52832917946657,0.894232554045846,5.12749321376038
1.38009637929317,1.11019616255679,4.55444474876338
1.3996599575743,1.31707162626684,4.12625083822966
1.54527153678067,1.53681196594026,3.8357972922462
1.78274819606216,1.78573041247169,3.68664789977197
2.07872915075783,2.07506831758309,3.69293996689868
2.391326477732,2.41082434635373,3.88114118664325
2.65728438531824,2.79094344058366,4.28586525791844
2.77928175378854,3.20168913189171,4.94557981187713
2.62404978279575,3.61177560786233,5.88289206709214
2.04173587401502,3.96836541771439,7.07914691857742
0.931389058034055,4.19842564272151,8.43665284561387
-0.651584319503314,4.22431495200178,9.75705289745767
