0.970913901029498,0,4.36911255463274
0.743970817518549,0.127160999798915,3.7608748379022
0.627506146005905,0.22891220711903,3.24116449411663
0.598108630595993,0.319952677574088,2.80009425437994
0.63882587888213,0.41199769010945,2.42843336935505
0.740988561687936,0.514849773885243,2.11992857752029
0.902307224983103,0.637536277649532,1.87089929500392
1.12545753145055,0.788869038998469,1.68092316159185
1.41815328249519,0.978947020633546,1.55566333422941
1.78907459486611,1.2186627724792,1.50723479470969
2.24562041308054,1.5206986664416,1.55937030414136
2.7843274674032,1.89735119698314,1.74994180333124
3.37808300817723,2.35961178128782,2.13921789534013
3.94902930788322,2.91058502067767,2.81186991073641
4.32943171046401,3.53601175097112,3.87587309733207
4.22818509123616,4.18684834369752,5.42908324994432
3.25059012657243,4.7617278818408,7.49154682333232
1.08729170186538,5.10286959733286,9.88354286222157
-2.11260883335508,5.03502218938324,12.1438911090104
-5.4690987440484,4.45995061429459,13.6438266266206
-7.74709937934838,3.44767463652018,13.9506780779505
-8.26421236622886,2.2233890226648,13.137162856527
-7.31541959959985,1.04019602979995,11.6813124894924
-5.70652762386439,0.0594136151459345,10.1015778620473
-4.11859141129579,-0.67509896138694,8.71552846337931
-2.87884751178031,-1.19531019704217,7.63133525245634
-2.04543017128775,-1.56034088584278,6.83905938969645
-1.5534132065216,-1.82683996227344,6.29080978958566
-1.30471225117668,-2.03893594019143,5.93840363360884
-1.20917616256072,-2.22624354474189,5.74704496796044
-1.19390388673483,-2.40604620616112,5.69568197256099
-1.20007346653871,-2.58583058980615,5.77201955989769
-1.17852359703775,-2.7650253866767,5.96763066727153
-1.08777050677583,-2.93630008131482,6.27131995902117
-0.894271477877112,-3.08653435906396,6.66522364571366
-0.580070956782965,-3.19870881538934,7.11775584739328
-0.15118647942203,-3.25486221756738,7.58256415469747
0.355893610477217,-3.24010641670289,8.00134151313
0.875554244774865,-3.14734990338723,8.31280199488269
1.32731502142106,-2.98065432663552,8.46619235561539
1.63921050638522,-2.75580532747271,8.43412907537557
1.77117123436042,-2.49744659518864,8.21998550748143
1.72160540378652,-2.23312824182783,7.85189405125902
1.52411603948366,-1.98789533623233,7.37566292224112
1.22675757934741,-1.78036189818316,6.83954882969364
0.876356508561714,-1.62217295980947,6.28679828983363
0.508407631532954,-1.51799742032946,5.75145070262151
0.142972051247716,-1.46925450802541,5.25853611565552
-0.212855285606477,-1.47466186668883,4.82571439310426
-0.560721893446203,-1.53283444110402,4.4667384206458
-0.90612513743837,-1.64281759448115,4.1941092014704
-1.25370902575254,-1.80496263475767,4.02295981289886
-1.60226551158452,-2.01962163316715,3.97210302034981
-1.93896202126486,-2.28571879194602,4.06461328915561
-2.23234926951492,-2.59954494754325,4.33045634535928
-2.42311494049545,-2.95087419189494,4.80383452422751
-2.42149346423228,-3.31766952117126,5.50962942033485
-2.11574906037026,-3.6629664702403,6.44874715125064
-1.40081701741153,-3.93238500858105,7.57451470390922
-0.254321917870081,-4.06173137069664,8.76400720619936
1.19573725200753,-3.99333300090531,9.82328475486252
2.6521966903691,-3.70237093316558,10.5350383761157
3.75388746430683,-3.21502345262381,10.7443909106165
4.25677593604925,-2.60543833928454,10.4301001241971
4.15121317347994,-1.9674287054027,9.70364179327625
3.61854753575156,-1.38031677685315,8.73897621822503
2.90137746964988,-0.889907609572012,7.69836915516044
2.19408328791019,-0.50842179228934,6.69237069311057
1.60531328933492,-0.225115700134627,5.77805124329542
1.17109879113464,-0.0185698181920221,4.97468263773962
0.886198357552747,0.134149965411974,4.28192518232822
0.727726187186458,0.253895971563596,3.69054036032967
0.670968955079315,0.357773369802726,3.18928479561234
0.696646113853955,0.459513211689314,2.76820453169269
0.792381310792444,0.570454240962922,2.41933761730713
0.953498143414615,0.700735073871473,2.13853975215279
1.18095409767912,0.860169151848959,1.92551564445205
1.47981116378318,1.05894426469823,1.78551086970917
1.85699546359861,1.30836007964172,1.73200179709522
2.31638776185885,1.6207167357364,1.79007163447876
2.84940353994184,2.00782796884999,2.00045689260494
3.41932936901759,2.47819601797797,2.42429402631919
3.93354446331788,3.03202413290904,3.14951634609437
4.20868415489984,3.64787657312811,4.27396695341361
3.94442458606762,4.26904451878993,5.87923024521881
2.77233072471643,4.78680231859968,7.94783307090791
0.470876945092725,5.04456068830733,10.2536092465406
-2.68328600691942,4.88456657005363,12.3130273343793
-5.75470810013567,4.24239214105083,13.5435638494106
-7.63546446834381,3.21702450451239,13.6181292032892
-7.85596239451516,2.03408803550867,12.6880877715909
-6.81359574020194,0.921562227294109,11.2273239707412
-5.26614305509802,0.0129255475961341,9.6983537295406
-3.80342664410057,-0.66449710257063,8.3690813840943
-2.68984425847206,-1.14703115036329,7.32450888327916
-1.96033740715268,-1.49174520817115,6.55214350745011
-1.54870680201779,-1.75176195142436,6.00997816234828
-1.36333483941964,-1.96809308079819,5.65760177750861
-1.32075564698675,-2.16827623699232,5.46742514842133
-1.35176388426708,-2.36837353019315,5.4242048620774
-1.39789340551828,-2.57496190957628,5.52170302400404
-1.40629170455214,-2.78627569352351,5.75602340288189
-1.32679975392069,-2.99282501232076,6.12129782031385
-1.11628676005502,-3.17810934234692,6.59985461337414
-0.746362152502393,-3.32002576781487,7.1575463457464
-0.219186616392155,-3.39442062334433,7.738188520618
0.420289119310283,-3.38037134416595,8.26663155428968
1.08286344032432,-3.26714262013574,8.66090854931198
1.65574971631159,-3.05969849959882,8.85311862505023
2.03953226559922,-2.77936215008412,8.80883305876724
2.18377258179873,-2.45921824790896,8.53686992099318
2.09667340122451,-2.1352472525183,8.08031054307778
1.83256556935964,-1.83847455121913,7.50133147646464
1.46249134254361,-1.59024005026856,6.86230229590386
1.05009480359576,-1.40131500328089,6.21478219283742
0.63825488494443,-1.27484973017332,5.59569374457407
0.247701754816221,-1.20867374732345,5.02861589845873
-0.118270258978014,-1.1991959832436,4.52798798358416
-0.46720455710913,-1.24326671819325,4.10332054751202
-0.811750215688325,-1.33915666654765,3.76251654234732
-1.16508549956356,-1.48754235261123,3.51598455503825
-1.53655108801159,-1.69019290800932,3.3775059024347
-1.92694373852422,-1.94992696353333,3.36828450053534
-2.32168709248022,-2.26902869262749,3.51983391622799
-2.68026065789017,-2.64536901845474,3.8727341062187
-2.92342311116181,-3.06819107963302,4.47462612086682
-2.92428234161548,-3.51123031755181,5.3664833562331
-2.51427502272761,-3.92574691102753,6.55888380457856
-1.54139392163188,-4.23802715687125,7.98680479755815
0.0223814568813624,-4.35882441527607,9.47487921937394
1.9535471416865,-4.21236891191767,10.7414963478419
3.77541978561163,-3.77730750603856,11.4904457254432
4.97505206519414,-3.11010128071355,11.5534860032914
5.30161600297786,-2.32764260529901,10.9765132959839
4.87314120396112,-1.55623701275594,9.97080840153382
4.02865689986085,-0.884980196224239,8.78727860926401
3.10323290388022,-0.350384276756674,7.61571667490448
2.30874923216729,0.0535437567285367,6.55832451289832
1.7305826493708,0.353986255330483,5.65135938513382
1.37437002338435,0.584413336913624,4.89585934900779
1.20962690462969,0.77626712599694,4.2789501258738
1.20050791527709,0.955477184361846,3.78797433769417
1.31541034836836,1.14295084025038,3.4139317175279
1.53195849819749,1.35557711901212,3.15611593305383
1.8326723842114,1.60726173405165,3.02266402021648
2.19903396397119,1.9092812610682,3.03302223354371
2.60124365271146,2.26951429097295,3.22019509318422
2.98365257683405,2.68941542457159,3.63025488792338
3.24512089964145,3.15949348854507,4.3218722275128
3.22717254522681,3.65013818610115,5.34408623089547
2.71895870247424,4.10398161269777,6.71044430130363
1.53547760300721,4.43285429039701,8.33863626918895
-0.340738484805345,4.52995223480178,10.0071650965008
-2.59077259829899,4.31105773718961,11.3684530621366
-4.59650131358499,3.76413184806715,12.0806610449395
-5.76039151037995,2.97358630167328,11.9904799001151
-5.87813316694106,2.087454694741,11.2139757145071
-5.19645013713462,1.24878142822201,10.0379637199345
-4.15766729799892,0.544726437988373,8.75117209727858
-3.13152055253715,-0.000565019597495626,7.54371479873715
-2.31562777269312,-0.406376948918931,6.5004947319595
-1.76706829938026,-0.709637089541078,5.64020911177389
-1.466734805076,-0.94956535087734,4.95209639168951
-1.36838946593958,-1.16018697324361,4.41850449083153
-1.42550102049059,-1.36825609458589,4.0264814913203
-1.59914281942041,-1.59409098085887,3.77187455800734
-1.85623949858277,-1.85267132205817,3.66093527208895
-2.16256136589248,-2.15398853879097,3.71103874962598
-2.47212106582985,-2.50229678773125,3.95123162209792
-2.71435834662871,-2.89305085715343,4.41793083787105
-2.78147668419179,-3.30868492614069,5.14898332085689
-2.5320468552411,-3.71253479638171,6.15946149412204
-1.8200442142193,-4.04600246509663,7.41402181141614
-0.571601346608895,-4.23224291631838,8.79016079566351
1.10249775642947,-4.19596514986875,10.064744981729
2.85702324081302,-3.89681940178915,10.9660764331921
4.22705805334292,-3.35746961527186,11.2854999076735
4.87526273928327,-2.66416828113199,10.9814715525709
4.7674309648963,-1.93186286797718,10.1857941208212
4.13764221675776,-1.25870625737035,9.11881033084494
3.29675280215121,-0.699569673149409,7.98006145317895
2.48904332312234,-0.266802961471295,6.90026923494053
1.84314495172591,0.0560205689978991,5.94067365480872
1.3965733424862,0.296739737465149,5.11790699624079
1.13664299170682,0.484808233909459,4.42652609898213
1.03417746385096,0.645993568783336,3.85493026970675
1.05893097546502,0.801697833182298,3.39115146290085
1.18894883946542,0.969249660892874,3.02814342062893
1.41013903493452,1.16325776314823,2.76470842366425
1.71448691184089,1.39690931950479,2.60820038637345
2.09382527106475,1.68195997586179,2.5754923866891
2.53246945541496,2.02859594884722,2.69691581693295
2.99364770177519,2.44369158448993,3.02020958348636
3.39979357743824,2.9249598718266,3.60669567432603
3.60763006017895,3.45477788281105,4.52994923710777
3.39949008787145,3.98776130830397,5.8411695694619
2.50964570479803,4.4413256708802,7.52562745907986
0.770966689446177,4.69828497887826,9.42071651893089
-1.66693861531367,4.63710014218284,11.1840511176598
-4.20581816768728,4.19233089435864,12.3770238709411
-6.03299775924011,3.41032608211157,12.6873301991568
-6.64478709928804,2.44256418186125,12.1194863241622
-6.14444826364626,1.47115032560661,10.9649011824962
-5.03021031763209,0.627996346613144,9.5910343310628
-3.81022695643808,-0.0343124228652729,8.26964271988759
-2.79044766906565,-0.526238839869399,7.13219796384133
-2.07645669433358,-0.887817321653053,6.21151237798979
-1.65861020715394,-1.16481878591176,5.49579671777906
-1.48045188309365,-1.39788156738676,4.96096933696274
-1.47970030397191,-1.61826099475716,4.58814385655758
-1.60116208709026,-1.84833595854954,4.3685820287913
-1.79659726117867,-2.10280921307264,4.30492998543606
-2.01759625007285,-2.38912212806984,4.40928656452493
-2.20642061321763,-2.70708923615818,4.70226036540719
-2.28742402953659,-3.04638723999414,5.20468759627261
-2.16579456013793,-3.38390246701487,5.92678862954844
-1.74052033972609,-3.68158387422782,6.85033541574129
-0.942660401789808,-3.88789796160594,7.90613411156845
0.203806302546715,-3.94715037288287,8.96019737879539
1.5340672838218,-3.81733792040996,9.82880173623347
2.76336807761648,-3.49150806841377,10.3333431243248
3.60155696642804,-3.00723292889296,10.3710532362093
3.89754848896208,-2.43732031746794,9.95999816125637
3.69001637236473,-1.8623695220255,9.21341128550353
3.15666699231691,-1.34541030682504,8.2850417641613
2.49713801288752,-0.920673965646602,7.30679940309735
1.86337014202017,-0.594462119320326,6.36700038678604
1.3345841096755,-0.355724412328157,5.50997161892542
0.935586834318897,-0.18694061476571,4.75189204397889
0.657437151765468,-0.0687137440514627,4.09159655520035
0.479083968118336,0.0154821204163058,3.52139092591108
0.377410721153606,0.0789772069077594,3.03069921305159
0.333951773988913,0.131749148639517,2.60980838141116
0.335216434875033,0.181487240163779,2.24940804541924
0.373469437743914,0.234272551392624,1.94196089733372
0.445439338272474,0.29533958716335,1.68104990686464
0.551991451767319,0.36975886322332,1.46210153416974
0.697520091141131,0.463046727463761,1.28247536086718
0.88922244086782,0.581442516923622,1.14161424031197
1.13779036288615,0.732884073120859,1.04276136032251
1.45545744402186,0.926590693300993,0.993420056373094
1.85622870253701,1.17431176616051,1.00920662737645
2.35019481215511,1.48882210368732,1.11601770116103
2.93806125456716,1.88471986974378,1.35789515039432
3.59283088787007,2.374482609216,1.80247924786106
4.22991806246675,2.96286952689153,2.54783073766861
4.66130252151642,3.63454406036893,3.716789490138
4.54507094793023,4.33528016230985,5.43051003918494
3.42181976411852,4.94912618606928,7.71008017503152
0.929937183549029,5.2934736843406,10.3442201787817
-2.70860546630975,5.16948763135012,12.7829661283763
-6.38937291587205,4.47728508057604,14.3007434290538
-8.67408760529772,3.3219329701382,14.4582139795667
-8.9185428065862,1.97664499913695,13.4327269141462
-7.62367934916933,0.721714748111918,11.8200773427886
-5.75780455174037,-0.284396831027569,10.1889075392651
-4.02945570264344,-1.01458881334658,8.83959228283847
-2.72261358153954,-1.51609683313779,7.84085634072539
-1.85160744274199,-1.85455593683558,7.15212667644949
-1.32109184143307,-2.08921406494984,6.70292754892874
-1.02206065426525,-2.26281013736636,6.43264988468904
-0.862771585376561,-2.40303727018439,6.2972743799705
-0.775388617535764,-2.52546991970417,6.26788686180829
-0.711225595244263,-2.63702986099362,6.32467959252472
-0.636137537985291,-2.73849276176472,6.45180895832857
-0.527386821477701,-2.82631865148889,6.63377701339937
-0.373243708184785,-2.89452398713385,6.85192254144577
-0.172813671082421,-2.93614937017001,7.08407118331222
0.0636909814617778,-2.94455738106846,7.30422927414201
0.314792485488054,-2.91619499506112,7.48542507477686
0.552305240847163,-2.85074261534925,7.60280139198777
0.746501498928385,-2.75253290632384,7.6382481049162
0.872975082325081,-2.6300153268707,7.58348639796641
0.917278053838176,-2.49453235627604,7.44075438022127
0.878374293130189,-2.35870891137496,7.22316775838362
0.764790534432537,-2.23452588731758,6.94970788947655
0.592388694372195,-2.13199537596175,6.64337793847265
0.37851367729331,-2.0587950267479,6.32728029164151
0.139466604284067,-2.01955721151112,6.02284492207306
-0.112108466008409,-2.01754199736861,5.74954555088756
-0.366226213818351,-2.05340794704827,5.52396328409808
-0.614721981104192,-2.12706766705033,5.36155381071185
-0.848682178738551,-2.2371959950938,5.27715875987968
-1.0560124484208,-2.38069243287942,5.28465189389594
-1.21913426641571,-2.55220817004821,5.39653121175765
-1.31310760315288,-2.74336870853515,5.6229699788147
-1.30624244062345,-2.94149744367542,5.96790931152088
-1.16453943537303,-3.12894418059043,6.42392371101193
-0.859795839147856,-3.28295956739154,6.96683774581711
-0.388653261453031,-3.37875261751934,7.5490385802217
0.216295255749796,-3.39306294153043,8.1023263219545
0.877516355115935,-3.31100118941085,8.54611679028348
1.4861926551672,-3.13217303964333,8.80685550356205
1.93481274302822,-2.87271324356285,8.83839303891244
2.15548736962215,-2.56261436788714,8.63642937321189
2.13709754695634,-2.23753836181777,8.23358842347958
1.92283993390663,-1.93062931400766,7.6887283345267
1.58002940373228,-1.66655928709885,7.06475504094164
1.17668338989598,-1.45925378587944,6.41753464445045
0.762450212394823,-1.31359493551559,5.78826013343442
0.364762295181107,-1.22947316076988,5.2048064156369
-0.00847039670418208,-1.20283194212833,4.68344940521621
-0.361710894270997,-1.23082800010645,4.23557197361068
-0.706549809000746,-1.31117677900103,3.86937771997071
-1.05620391973048,-1.44330621846334,3.59341009399049
-1.42152830222682,-1.62919277754611,3.42113487209579
-1.80630009772066,-1.87136206625682,3.37130021235563
-2.20121791543611,-2.17215710943956,3.47144900836758
-2.57477460601387,-2.53119665658044,3.75961516795383
-2.86038313176575,-2.94094985551734,4.28249282708423
-2.94528071016798,-3.38023558523085,5.08463613302853
-2.67311394068012,-3.80766364391091,6.18714321421221
-1.87792012494262,-4.15675715455638,7.55278423896936
-0.483211306298518,-4.34129369924771,9.04082571001849
1.36973956005079,-4.27854016629505,10.397386434237
3.26954667329903,-3.92740361737916,11.3185764347462
4.68621957667658,-3.32117900124647,11.5867175405687
5.26933420636213,-2.56251671468023,11.1825432806687
5.03676269894389,-1.77998836192811,10.2806343350637
4.28187416905246,-1.07618041286365,9.13021976489055
3.35720790181117,-0.502499570907269,7.94396739223925
2.51380292601725,-0.0636680231018433,6.84852865983568
1.87078651221052,0.262584007282151,5.89685289257723
1.45138154748917,0.509265799524434,5.09713016899954
1.23277636594327,0.708533279803574,4.43933477048575
1.17975528634425,0.887800159278576,3.91042518058876
1.25849354872977,1.06935996078749,3.49937422197637
1.44472889369361,1.27108292194634,3.20294717315233
1.72048086334677,1.50775385142907,3.02619487266523
2.06890024420151,1.79136639496537,2.98402414738418
2.4664336302315,2.13146504868705,3.10535379480129
2.86835699966656,2.53245897397234,3.43297987639241
3.19229182196549,2.98909740481799,4.02047563785849
3.29857359782124,3.4802683327329,4.92638016363753
2.99056551676402,3.95904634063387,6.18129585732604
2.05602357326651,4.34692129006779,7.74500428957995
0.395874773259671,4.53990936241125,9.4472299906534
-1.80055059367976,4.43841633185062,10.9729329302248
-3.99101909259204,3.9991962441062,11.9528584925435
-5.51346666214318,3.27397499859408,12.1470056290124
-5.99161256838703,2.39678670620861,11.5792807327325
-5.53508311830348,1.52206716720253,10.4998638966691
-4.56111394265197,0.760480970988535,9.21765789500043
-3.48948631132797,0.156850080978218,7.96351481789302
-2.58172324551613,-0.29600505386598,6.85664898480337
-1.93681490686998,-0.631784000340497,5.93364897442066
-1.55379412477567,-0.890792090856995,5.18963786169971
-1.39112820129276,-1.10943463700393,4.60745368367657
-1.40001881135313,-1.31712212554134,4.17176039718286
-1.53764836940086,-1.53628020301398,3.87483819583259
-1.7688867869025,-1.78357534844196,3.71966187876421
-2.05971264565512,-2.07042883669222,3.71950767510364
-2.3682820041275,-2.40303953583769,3.90022684213513
-2.63229044208439,-2.77947980748801,4.29507099291869
-2.7559749712436,-3.18655093566177,4.94244811277757
-2.60862128274092,-3.59361715086167,5.86445653109272
-2.04368912597392,-3.9491305646112,7.04311926598325
-0.95917965130893,-4.1813493768411,8.38460073568739
0.595043542896502,-4.2135473834891,9.69549860183693
2.34336838738117,-3.99273989224517,10.7135489162226
3.84310949047275,-3.5222536087902,11.2043916101773
4.70443454598219,-2.87106356488412,11.0744922757902
4.80201628560437,-2.14830977083445,10.4088439938615
4.30347076458668,-1.45906891252578,9.40943966846076
3.50847259920462,-0.870650985843489,8.28534734196051
2.68437189929678,-0.406836924818688,7.1869607989465
1.99064741822399,-0.0580025757358394,6.19309587043302
1.48696616541263,0.200766353669704,5.33109714220055
1.17338326817331,0.398230242683052,4.6014006645833
1.02314054023491,0.561264960574683,3.99289630656014
1.00600012615941,0.712104990242824,3.49333776309598
1.09806800115165,0.868822384239379,3.09389749968401
1.28357063332663,1.04653089690033,2.79079273014092
1.55372694075824,1.2585173189319,2.58720263624384
1.90287294551424,1.51706857863184,2.49537642313688
2.32193761073022,1.83353314053156,2.53954585632125
2.78761838738233,2.21660559185222,2.75792440560253
3.24608968149172,2.67037844075867,3.20891643861444
3.59003739253635,3.18589858415486,3.96131271531596
3.63453664559824,3.73351697177285,5.08724667856137
3.12033257577007,4.24929307695594,6.61707262407664
1.7990901820468,4.62990394412321,8.47055963662227
-0.376566694645507,4.7465063280179,10.3919857691175
-3.02459530640418,4.49243269553565,11.9576380168998
-5.35681464044487,3.85385404956439,12.7484788517406
-6.62517478504092,2.93812128685028,12.5931116503491
-6.62058007410755,1.92909683061928,11.666179401482
-5.71053234057329,0.995621219790314,10.3388447772154
-4.45898380779202,0.231091298424616,8.95262641387927
-3.29254836985173,-0.347946818595028,7.70952403685605
-2.40909981840268,-0.772039949607307,6.68303341863893
-1.84301148203483,-1.08751321663911,5.8757761640482
-1.55070885683514,-1.33926926943494,5.26490248427403
-1.4669403529363,-1.56361977271088,4.82666581151035
-1.53022421705732,-1.7871506644461,4.54667765156138
-1.68698696609669,-2.02779942802102,4.42116310606826
-1.88803764924166,-2.29594301472053,4.45763725931087
-2.07926333180519,-2.59435499150061,4.67205775001591
-2.19403797889191,-2.91659466768757,5.08221657099898
-2.14705716591939,-3.24509990229429,5.70268590687853
-1.84428625472512,-3.54854201540296,6.52459455342009
-1.20717642076188,-3.7821384468587,7.49981116776093
-0.224112539076118,-3.89384477303751,8.52278977715297
0.999841969909344,-3.83724152805884,9.43353242864194
2.23199155355271,-3.59294230249682,10.0562116813534
3.1917114486822,-3.18091333688461,10.2624857406312
3.67654832991283,-2.65867737757791,10.0228584299098
3.65576476879775,-2.1023860866789,9.41414001404021
3.25311998509522,-1.57993677180601,8.57179901607617
2.6535683355987,-1.13535230901219,7.63103834970712
2.0220690194675,-0.784544217367726,6.69370214242694
1.4610926132696,-0.524573405786287,5.81937904501825
1.01241370634583,-0.340324470057345,5.0335226847512
0.679229340142856,-0.214618279042357,4.34209890750997
0.445261286528608,-0.131332925780146,3.74086720383376
0.28766190213674,-0.0771156666635555,3.22075221655656
0.185432456431114,-0.0421591844864305,2.7721324835069
0.121661489926279,-0.0195118586464433,2.38585895868854
0.0836802769046488,-0.0043514610167937,2.05318853820924
0.0629994864740978,0.00648537774189052,1.76693054413213
0.0540258133338547,0.0151465575538856,1.52069746641305
0.0533006902944735,0.0231149944972914,1.30870002979213
0.0590362097189461,0.031477129768733,1.12640767172372
0.0704324096715161,0.0411208695906016,0.969467427855089
0.0876466834697464,0.052920820858436,0.834668446719141
0.111352497072071,0.0677568970474226,0.718739367995166
0.143107182963727,0.0867942128236477,0.619500574920272
0.184708935065838,0.111233011519476,0.534435531423804
0.239140234406518,0.142864937772089,0.462163886033998
0.310240567371205,0.183937151515407,0.401517983321716
0.402636156233276,0.237130001685641,0.351714441100626
0.522848926478176,0.30621506574424,0.312984097778585
0.678659639048739,0.395734267639157,0.286449246722741
0.881095255047634,0.512230114475801,0.275301572214563
1.14234078297696,0.663227549091656,0.28507499483322
1.47843654479298,0.859235118049192,0.326436088117853
1.90436152996705,1.11168495649314,0.416280250145318
2.43606648173637,1.43627065283814,0.585024812110998
3.07709529168145,1.84890754852163,0.880517917149629
3.80314115455525,2.36466648203187,1.37822739069477
4.52646235778546,2.99091657557556,2.18945885417349
5.03960885983621,3.71352735094625,3.45847214992346
4.95064377848001,4.47430317716118,5.33199127167789
3.70753105679714,5.1422524812941,7.84951429312043
0.875091546676846,5.50697044086524,10.7692464243937
-3.27021709616995,5.33752146926801,13.4435052153965
-7.36139928504178,4.52683714778719,15.0253669347722
-9.70018306382114,3.21639798540343,15.0545425422861
-9.665218092637,1.73520628234732,13.8229038838714
-7.99930748720522,0.395856239157755,12.064241337997
-5.84090926698554,-0.642913203261835,10.3991113903998
-3.92961874019543,-1.37109538886627,9.10613364971237
-2.50977834033033,-1.84817645262123,8.21124860001293
-1.55027817206002,-2.14795336000337,7.6327783408373
-0.935515566427846,-2.33106974284236,7.27439263362045
-0.553054589750258,-2.44046198988594,7.05808242014574
-0.31821878531568,-2.504423426003,6.92894426219996
-0.175007776351954,-2.54058700855936,6.85159348980194
-0.0883813494003395,-2.55978903062302,6.80403730766589
-0.0366404100263558,-2.568829050792,6.77274681438027
-0.00703350744294849,-2.57188908391124,6.74989232487255
0.00805096244125404,-2.57166176263689,6.73108637971743
0.0133247288962186,-2.56995549368775,6.71410392489893
0.0117379744807862,-2.56800335062273,6.69811675154022
0.00542479711262835,-2.56666317146834,6.68313786392208
-0.00399926470779858,-2.56652965452999,6.6697100013654
-0.0150654547129969,-2.56795779513087,6.65862713139784
-0.0264350365487838,-2.57106909469563,6.65069669866447
-0.0368405920037522,-2.57584315037979,6.64675075866911
-0.0451127833700226,-2.5820355157046,6.64733686331295
-0.0502550318532067,-2.58924205927156,6.65269233352242
-0.051490995928035,-2.59693312807159,6.66270350359785
-0.0483234727185283,-2.60448503218443,6.67687002984051
-0.0406347560004064,-2.61123208099238,6.69427383819434
-0.0285634096102146,-2.61645152928529,6.71367498584408
-0.0129733821034148,-2.61960646085792,6.73341993839811
0.00508775144612074,-2.62023059477595,6.75180008929693
0.0241957868877102,-2.61804026135759,6.76702961877368
0.0426922196762739,-2.61302354121542,6.77751050287698
0.0587723371636623,-2.60534813464715,6.78177300883517
0.0708254411191622,-2.59555469122799,6.77907427908904
0.0775020379656514,-2.58435046907378,6.76915021393632
0.0777228871189601,-2.57261340194021,6.75222536467597
0.0710595794941339,-2.56136314333799,6.72933956606551
0.0577112519757993,-2.55161566991767,6.70212677714689
0.0383569218997858,-2.54433627183078,6.6726194491744
0.014258675503527,-2.54032951617468,6.64320539828953
-0.0128849496254921,-2.54018554770313,6.61641754013497
-0.0410187583297462,-2.54422655197852,6.59477917733313
-0.0678503231556926,-2.55243817848277,6.58057544698907
-0.091023917189087,-2.56442378537672,6.57559272725031
-0.108260175583107,-2.57947307837416,6.58105645101235
-0.117515739216991,-2.59653448300465,6.59741127038386
-0.117239697933582,-2.61428704379645,6.62416582536678
-0.106463048907082,-2.63121478604007,6.65992385141795
-0.085036598357746,-2.64570545079837,6.70232515259739
-0.0539689748174185,-2.6562631968354,6.7480777587053
-0.0151259972416369,-2.66154508815328,6.7933417563287
0.0285588028086353,-2.66061335733795,6.83393025573112
0.0733497709691106,-2.65295965807133,6.8656020707778
0.114992318718275,-2.63875157312347,6.8846690640011
0.149259361368056,-2.61879664473522,6.88840430980884
0.172370420586147,-2.59448490444133,6.87529375337234
0.18150787208325,-2.56772652166898,6.84538833160672
0.175081012445641,-2.54076001161735,6.80026859827721
0.152961887930171,-2.51594484480427,6.74301070603653
0.116335075527622,-2.49553934554873,6.67780115348126
0.0674468130085187,-2.4816297808532,6.60967626857077
0.00974944266758185,-2.47571598100468,6.54415810602664
-0.0527933460002512,-2.47890691988913,6.4868797784817
-0.1156128057742,-2.49158455443456,6.44317857719835
-0.173864400747528,-2.51341480387259,6.41769743421071
-0.222599969306456,-2.54333454679234,6.41406981353566
-0.25695474016354,-2.57954950465537,6.43459964371624
-0.272450545747777,-2.61955710340895,6.47989391530013
-0.26540558690734,-2.66023681112094,6.54856336237791
-0.233506577351577,-2.69800612641173,6.63696119029901
-0.176567007433988,-2.72912129858987,6.7390672973227
-0.0967743125497931,-2.7499084666849,6.84681504760148
0.000495894547571164,-2.75733593257666,6.95040237097721
0.107072907953096,-2.74929063520712,7.03920401672782
0.212539295045684,-2.72521373261582,7.10319910130204
0.30564931481683,-2.68609159646476,7.13404549258938
0.375964638316413,-2.63460696481953,7.12647712744826
0.415079702919376,-2.57478251627709,7.07859402758656
0.418332964852802,-2.511751508501,6.99292234577111
0.385169882827152,-2.45095955053283,6.87572268966299
0.317918132282603,-2.39777084989579,6.73558722944495
0.221967890831681,-2.35696004194604,6.58336490717638
0.104475886837526,-2.33227735723908,6.43079162827676
-0.0266812178514099,-2.32623806768591,6.28944607257009
-0.163512521256228,-2.34055919083098,6.17076178118577
-0.297721054308003,-2.37521929409219,6.08466103200416
-0.42060536415028,-2.42939215113026,6.04051266867911
-0.523127024442208,-2.50048174995249,6.04498998089419
-0.594633066274852,-2.5849033053536,6.10404651524417
-0.624818035914828,-2.67703573190239,6.21872524795842
-0.60310686519608,-2.76994225071682,6.38693731721463
-0.520748721704683,-2.85506856138009,6.60115394403236
-0.375072722641711,-2.92318950516384,6.84671480885703
-0.169966441485718,-2.96471664902224,7.10303911128272
0.0791313351099112,-2.97201549353018,7.34390022815079
0.347122691362442,-2.94002859179292,7.54069322644503
0.60137989260245,-2.86841390788705,7.66719496244135
0.808480504972312,-2.76178308546942,7.70423152243502
0.941407367036176,-2.62935232340572,7.64334760304745
0.985475513104949,-2.483550691091,7.48834421594236
0.939481910617513,-2.33796421028972,7.25315055408439
0.814685465612017,-2.20538204318096,6.95957281988852
0.628595356277859,-2.0964375166371,6.63218494320574
0.400743995247276,-2.01869414773709,6.29565314069599
0.147983382708885,-1.97728533682119,5.97243971747351
-0.116416923250573,-1.97484879890507,5.6823521027694
-0.382921132833338,-2.01225339117572,5.44248216980949
-0.643860071292282,-2.08952737083181,5.2689973324437
-0.891020775735528,-2.20504027530367,5.17652542109469
-1.11272375758098,-2.35590105862237,5.17965589484313
-1.29101781225448,-2.53703181012801,5.29234411207228
-1.39942623060337,-2.74009106921039,5.52652498793389
-1.40321401771738,-2.95205269185458,5.88797267093279
-1.26371534834946,-3.15433716326909,6.37074827848655
-0.947935556501557,-3.32271347487955,6.95060841327229
-0.447250291143363,-3.4297407258545,7.57809953689125
0.205216562890825,-3.44958804550563,8.17931254909238
0.925406386634515,-3.36473204754531,8.66497343975843
1.59121633924327,-3.17423915867633,8.95299408628048
2.08156314029105,-2.89567587668317,8.99213590044334
2.31951167254855,-2.56191133511154,8.77722933979427
2.29502378237982,-2.21240498910278,8.34620341401311
2.05847990144751,-1.88340588405422,7.76449901133849
1.6883700116353,-1.60098612673647,7.10213309313261
1.26042129043975,-1.37934602002274,6.41880021406885
0.828867578131272,-1.22266310884855,5.75750567719342
0.422150306480227,-1.12894224117477,5.14542173906025
0.0478399753390179,-1.09404039179422,4.59871055636301
-0.300720065296369,-1.11326712529635,4.12611021069888
-0.637261431196643,-1.18371288325297,3.73370148214621
-0.97774557434912,-1.30502152635903,3.42860925355414
-1.33634975371016,-1.47852044672185,3.22026697039809
-1.72193608596778,-1.70790009564643,3.12530402581819
-2.13256898639074,-1.99679658026533,3.16771905822012
-2.54799019731426,-2.34815754489585,3.38450266396183
-2.91587105369337,-2.75946926781556,3.82440775394382
-3.13658001826941,-3.21660402638269,4.54150418696942
-3.05619889450698,-3.68651687177968,5.57778636250034
-2.47711238313345,-4.10926680880299,6.93446891511171
-1.24625266472054,-4.39753652298934,8.51351198208174
0.608637054296653,-4.45196848474408,10.0859718054287
2.74510079190414,-4.20010242975466,11.3181340804135
4.57281197220499,-3.64299120232055,11.9055381628532
5.57012990184152,-2.86924585026094,11.7338407030423
5.59515451925895,-2.01978208539066,10.9320621157946
4.90670142974711,-1.22500201326964,9.77402065440694
3.91397642927709,-0.56141221066552,8.52274666019971
2.94846938349119,-0.0477774667624443,7.34884430863063
2.18618377711569,0.334441752945566,6.32973770142958
1.67459740657914,0.621197025460008,5.4813487915036
1.39550382279306,0.849045146057595,4.79430572112581
1.30738082444391,1.04986044976717,4.25285843978708
1.36913495748514,1.24917691807134,3.84537184371938
1.54627665334809,1.46676449523413,3.56701640795769
1.81183809384912,1.71795762442065,3.42397347124318
2.13825199757009,2.01395635285578,3.43292456555052
2.48799310361654,2.36131333748346,3.62305857297299
2.8000763743047,2.75920146489227,4.03395621810889
2.97355834336564,3.19528405443633,4.71320196990402
2.86447382839193,3.63822807357991,5.69208234592182
2.29690184787514,4.03250791816681,6.96406491450274
1.13927895092277,4.29809792232664,8.43369273146062
-0.571646486629319,4.3467311118418,9.88961371293088
-2.53025997423105,4.11371067995741,11.0316784704272
-4.21709770986413,3.60035664155799,11.5868688182564
-5.16839359241629,2.884737461626,11.4460389996883
-5.24416154684252,2.09273415018551,10.7148623578624
-4.65313504396011,1.34351181367524,9.63124380158921
-3.75330575469444,0.710683062124586,8.43481411130282
-2.85028574686165,0.216466601193665,7.28962580786339
-2.11520534414822,-0.153664018271765,6.27499731517474
-1.60431420654661,-0.430099928959554,5.41368071180953
-1.30837731250595,-0.646315894770012,4.70066219516346
-1.19392832463113,-0.832128396000803,4.12278793463416
-1.22446992037819,-1.01206232204096,3.66723457037619
-1.3720180265811,-1.20569074099099,3.32805207494514
-1.61547909156189,-1.42886751863305,3.10642092806394
-1.93815314569358,-1.69486982270642,3.01421016903728
-2.31899199935063,-2.01393660667933,3.07430200295969
-2.72203199289992,-2.39243275958784,3.3239736429492
-3.08004105253219,-2.82910228640742,3.81345412337989
-3.27450717121965,-3.30925799689492,4.60163385503464
-3.12973838680687,-3.79566621875272,5.7296749607342
-2.43008052007043,-4.22121918493705,7.18909525806753
-1.02497923034875,-4.4900486988236,8.8580611624356
1.01366444568431,-4.49684251140899,10.4703369950388
3.25859720224158,-4.17483512729556,11.6623235854355
5.05507224384539,-3.54112275598977,12.1321615894922
5.89532404674536,-2.70545602209122,11.8084049849971
5.72823653647943,-1.82171591784208,10.8775135117134
4.89149778467813,-1.01901567939918,9.6417604623306
3.82641275429106,-0.36385552291667,8.36509251811237
2.85254853939594,0.134952591877211,7.20324289452817
2.11761293511542,0.504869762057288,6.21587638637258
1.64964045645691,0.784400920019267,5.41000633362296
1.41606319509113,1.01191722476644,4.77025653200891
1.36959839587866,1.21900668111718,4.28012685759526
1.46583711356116,1.43032696289652,3.92901872373934
1.66833197879524,1.66450340114095,3.71589826841745
1.9446935193456,1.9350134499866,3.65018086487812
2.25866770326298,2.25047629418748,3.75339786686539
2.55830704005736,2.6127027150191,4.05652298923082
2.76333256791118,3.0140359850842,4.59813640393142
2.75461668385554,3.43185587799033,5.41234390467593
2.38272218483126,3.8230072878789,6.50403447666908
1.51336604496942,4.12257198308011,7.81475182853635
0.113935800851,4.25077788993979,9.19164571216522
-1.63384453414862,4.13887785375694,10.3876923206458
-3.32812678714998,3.76266524479201,11.1356329551983
-4.51200887985304,3.16536494645493,11.2674856350999
-4.92643526115538,2.44678139219946,10.7972556500856
-4.63230709108844,1.72175449757114,9.8964265086519
-3.90626668106902,1.07736785265924,8.78810697106164
-3.0526589416659,0.554829524579462,7.65508782777857
-2.28253252642863,0.156143095085366,6.60585433221167
-1.69409448545591,-0.139806794528752,5.68601489250873
-1.30527709631935,-0.362573319234411,4.90317612688461
-1.09590129667298,-0.540793489523347,4.24898641322156
-1.03464796376087,-0.699090235760548,3.71083989657481
-1.09393525258155,-0.857539294357332,3.2785646874099
-1.25360728237871,-1.03258765618646,2.94630111374631
-1.50207596410752,-1.23849655622294,2.71584945339944
-1.83107249979374,-1.48774486916705,2.59658339748396
-2.23131494339244,-1.79196797469644,2.61015324975435
-2.68150170317621,-2.16036875590598,2.79176346032206
-3.13364803034207,-2.59740389905057,3.19380620103537
-3.49115634800106,-3.09680878156313,3.88314226769553
-3.58756864410561,-3.6328498570742,4.92808665210863
-3.17920147531873,-4.14875167846101,6.36795163618471
-2.01985268113694,-4.54997416566994,8.14280625909888
-0.0176252486259174,-4.71275307382701,10.0335724842732
2.52960343206065,-4.52718570774148,11.6492541126483
4.90847694702151,-3.96130792333265,12.5674077320686
6.35459833337472,-3.1005614884767,12.5691164241041
6.56090710211338,-2.1160128651853,11.7695911166589
5.7995731725512,-1.17925109191077,10.5078329058172
4.60829018083886,-0.395749076591845,9.13130808916533
3.43627446493299,0.205935803957035,7.86337567990792
2.51610062380527,0.648960365872756,6.79703588416836
1.90549630436628,0.977283423063633,5.94515022820203
1.57453773754713,1.23538924291966,5.29006526046219
1.4620673576276,1.46101204627683,4.80821137982684
1.50786047520427,1.68234040177794,4.48375549898101
1.66006150756678,1.91914333287148,4.31194651371223
1.87162225664867,2.18384180028776,4.29878181599986
2.09256822889296,2.4816877107278,4.4598315398323
2.26050542060672,2.80960351320523,4.81650774817569
2.29241116152097,3.15372685773662,5.3896480732364
2.08861329568745,3.48624536689824,6.18254444261631
1.55163251026006,3.76437683851149,7.16390899478107
0.63131720647724,3.93292576836746,8.24525497934811
-0.606926791194731,3.9378231826295,9.27215556947628
-1.95254972576896,3.74524096886357,10.052993624938
-3.09949137128864,3.3615207467656,10.4230199481769
-3.78351424881858,2.83790131148016,10.3143278419747
-3.91016485696741,2.25353822740429,9.77951744263196
-3.57581130899638,1.68683370005877,8.95506431672393
-2.97681615439769,1.19295313229468,7.99301867238795
-2.30739041404954,0.796431695238944,7.01481647594735
-1.69740577622177,0.496884753195849,6.09402226590945
-1.20762806157742,0.280401711971579,5.26498833215147
-0.849424039775569,0.127649451298542,4.5368228193113
-0.607637977635294,0.0195220135909622,3.90494878833854
-0.460161710807982,-0.0595723511195699,3.36080436903146
-0.384523665339936,-0.122222936136437,2.89336826883448
-0.364162821569356,-0.177822041566047,2.49322764917589
-0.387747137216351,-0.233770152682947,2.15160670809508
-0.449559001685814,-0.296176715042236,1.86149547344811
-0.548502167064903,-0.370640946303742,1.61752612719716
-0.687324524747534,-0.462830956424775,1.41615098091512
-0.87288499026604,-0.579449230647474,1.25678495734795
-1.11402119456659,-0.727805093470475,1.14114431379461
-1.42292414939763,-0.917287901386628,1.07642027603669
-1.81284822337439,-1.15919555145619,1.07691007199498
-2.29419538561823,-1.46624058308723,1.16724615018505
-2.86858405422498,-1.85287952852826,1.38949971390462
-3.51149364835058,-2.33123696668675,1.80743356238834
-4.14542327601504,-2.9069399427933,2.51507765682672
-4.59466241452071,-3.56696101812412,3.63226166363057
-4.53788957256067,-4.26152710197745,5.27823729085012
-3.52769585437437,-4.88188545086829,7.48703992797765
-1.19206149873973,-5.25393727385823,10.0737280498704
2.32236380328883,-5.17977308535328,12.5272475653159
6.00569953169145,-4.54729444399284,14.1353557140145
8.43560884723681,-3.44000381828259,14.4211769161528
8.8714670791138,-2.11596114261085,13.4988014927197
7.71272134352685,-0.856744123904795,11.9309977418676
5.89801782828779,0.167610448111555,10.2934884478702
4.16432966555758,0.919258057147269,8.9109962290459
2.83293862290411,1.43902701440559,7.87311995041546
1.93753958403668,1.79218415206274,7.14775653944967
1.39161867139237,2.03842007756861,6.66870597122259
1.08636227127081,2.22205233751978,6.37573013810716
0.928339704008089,2.37196702953645,6.22509799288016
0.846916395127018,2.50463443670361,6.18824221346708
0.790121281290054,2.62748955702902,6.24528092704555
0.720701548072642,2.74124957507719,6.38113306464614
0.61296018670704,2.841992565892,6.58009453636623
0.451806200748857,2.92263680559125,6.82348774531769
0.234232836586821,2.97473733561703,7.08720722095562
-0.0291779321307074,2.99065262311664,7.34240554793046
-0.315390293370111,2.96489281529291,7.55772333739816
-0.591394159600168,2.89641691562246,7.70357424282791
-0.821544355549227,2.78954914463433,7.75776527417181
-0.975756878573356,2.65352190988475,7.70923451001481
-1.03633053381386,2.50123896526762,7.55997855745781
-1.00124566507287,2.3470908774169,7.32419746371441
-0.88038605656525,2.20492797567629,7.02328226039164
-0.69337099825173,2.08605499918103,6.68376981671234
-0.460694775129386,1.99895366331714,6.33136055002937
-0.200905494426346,1.94918212410809,5.98992635401428
0.0717130198200953,1.93922026284084,5.67972918707732
0.347409340115928,1.97082828982331,5.41925953768194
0.618857766954631,2.04346329396036,5.22405152482083
0.878742682799764,2.15608265655829,5.10948531936868
1.11666359333703,2.30618417048325,5.09057408821602
1.31588341398838,2.48937714468986,5.18249881832285
1.450487612693,2.69808834139683,5.39920235458831
1.48505790261282,2.91998741113623,5.74913721407745
1.37739005851392,3.13691795424825,6.23045782671678
1.0890993858312,3.32464097426871,6.82267681044898
0.600645018661463,3.45403565808546,7.48057653008591
-0.0643984961529768,3.49606714955652,8.12986327470575
-0.825924034060122,3.42980881494833,8.67692139571653
-1.5571491901805,3.24961729758764,9.02905039819847
-2.12142723335755,2.97056150098752,9.1226763566477
-2.42374580590598,2.62578028160267,8.94371278692652
-2.4406886547782,2.25718269278569,8.52626579134322
-2.22023964105256,1.90476328157018,7.93864078387337
-1.84629175893911,1.59816324822378,7.25646235259365
-1.40415283960454,1.35380495712191,6.5456980156284
-0.956591075301105,1.17683357663504,5.85397278910788
-0.53762789037176,1.06495706946327,5.21091691603085
-0.157526031148958,1.01319012923539,4.63334251062245
0.189610271149032,1.0160430606175,4.12982159928064
0.518354831435616,1.06935905805018,3.7047203464561
0.846122965032931,1.17166828903962,3.36245657790161
1.18989059598479,1.32440676750719,3.11060142388261
1.56259356927504,1.53046093571741,2.96040847968154
1.97016638118628,1.79532999892608,2.9334102844851
2.40392650996288,2.12346038729376,3.06018457210206
2.83042355117534,2.51685439654054,3.38566640845007
3.17539638071053,2.96937000073166,3.96589247703487
3.30575380310224,3.45971414503653,4.86058671177042
3.02706192115528,3.94165027220698,6.10502163188898
2.12662462684405,4.33758407224074,7.6634901341843
0.494090964841386,4.54331147617805,9.37321553548156
-1.6966206582891,4.45774832279432,10.9240526106366
-3.9147884358439,4.03244963796047,11.9424034430118
-5.48744968273074,3.31479062941768,12.1755843111078
-6.01730236592338,2.43750878776596,11.6371581020499
-5.59180811717534,1.55633055100999,10.5703403850001
-4.62584831084472,0.785369673396022,9.2878996065535
-3.54643389764364,0.172528263359716,8.02669738898256
-2.62505541760348,-0.28761479728457,6.91125374243242
-1.96510162896125,-0.629036625477176,5.97952387867291
-1.57064275301251,-0.891338090933511,5.22910681036791
-1.39921879580427,-1.11182062698185,4.64187353304572
-1.40171151877474,-1.32021654213383,4.20228279755898
-1.5345086471766,-1.53922511886279,3.90216775746618
-1.76195357695859,-1.78576774535107,3.74441217009708
-2.04936184214556,-2.07139523307374,3.74192263664684
-2.35465305219344,-2.40210955022409,3.91916327820327
-2.6156500268337,-2.77634048314532,4.31025823839639
-2.73792351758036,-3.18075963813374,4.95152674329205
-2.59218799394586,-3.58519977365752,5.8652756407247
-2.03346133595713,-3.93862854110105,7.03373954261696
-0.960696494809893,-4.16992679740674,8.36397134796553
0.576373103950278,-4.20357244202265,9.66493280603162
2.30787522592344,-3.98689526666827,10.6779825603191
3.79825002267854,-3.52260495824745,11.1708955065494
4.660719362862,-2.87812861559504,11.0487306030163
4.76906390146792,-2.16121615706137,10.394151465205
4.283402897348,-1.47584188165263,9.40444303557281
3.49803845730066,-0.88982211053679,8.28673725809688
2.67939745992774,-0.427034267730562,7.19157995515005
1.98685058898386,-0.0787698517609125,6.19830138964699
1.48194386853766,0.179150812798986,5.33551919212561
1.16440206485862,0.375625544794163,4.60329099985951
1.00882220094645,0.536973240931547,3.99120299638078
0.985867973913313,0.685236535342859,3.48747547946853
1.07124128363366,0.838431949495742,3.08260579649844
1.24951914694438,1.01159141605325,2.77253946605926
1.5120212805315,1.21785745237662,2.55944095547445
1.8541333190652,1.46963086409886,2.4547237768939
2.26834289495113,1.77829574843777,2.48069182298083
2.73496575042593,2.15359930615357,2.67508406769944
3.20593505408289,2.59996608226929,3.09173566427909
3.58196172852836,3.11170126434913,3.80259536759571
3.68900848320056,3.66235480761215,4.88042541330269
3.27326330760033,4.19347022506223,6.36688062666039
2.06555063066861,4.60531005702973,8.20479168068454
-0.0257739430754116,4.7688609746916,10.1612415799293
-2.68317962775524,4.56875520806289,11.824742045894
-5.14345864211214,3.97309564493726,12.7516352872006
-6.60128423796484,3.07530855747732,12.7216631320466
-6.75503069850576,2.05709396152425,11.8705899974294
-5.91714624032314,1.09702070651387,10.5630579737107
-4.6632906245401,0.300789471422767,9.1610647365206
-3.45434269872185,-0.306207337073614,7.88816045711499
-2.51948333022759,-0.750620664543363,6.83226000880389
-1.90780011789274,-1.07907956744592,6.00067956795078
-1.58000087191285,-1.3377702951447,5.37091919727095
-1.4703099052174,-1.56445484050968,4.91808945041803
-1.5143679970941,-1.78697017911266,4.62552703460973
-1.65678463474343,-2.0241262293999,4.48813541974152
-1.84695206807448,-2.28690067059122,4.51159275943212
-2.03106458454562,-2.57848920887148,4.70958730990241
-2.14398583640867,-2.89328348706356,5.09951840115339
-2.10395419839128,-3.21466385615301,5.69424004293158
-1.8203722949904,-3.51286994737896,6.48587300709673
-1.21775969537501,-3.74537476584962,7.42896589481361
-0.280013214519095,-3.8616624512506,8.42438816207376
0.896753830653207,-3.81747155131234,9.32073131070423
2.09726403011331,-3.59116127709737,9.94739928506241
3.05220543054483,-3.1998971216481,10.1764316929307
3.56085900140508,-2.69717895602685,9.97292662892443
3.57948663509332,-2.15537958552894,9.40247765459821
3.21401811971148,-1.64172127583618,8.59115651459886
2.6419291295071,-1.20065192994857,7.67230367151859
2.02362981438384,-0.85057402624679,6.74732114383058
1.46299576008111,-0.58980856755771,5.87756825787534
1.00662509528214,-0.405887703640591,5.09206114128533
0.659878855942871,-0.282000826497594,4.3980971959416
0.408516402198445,-0.202925614078389,3.79306770850437
0.230031468454083,-0.155746326110014,3.26856556812595
0.103119447786709,-0.131250496081552,2.81563898659523
0.00962314213017245,-0.123125921461622,2.42536889075933
-0.0648200668399889,-0.127419483404627,2.08931707326291
-0.131095002989008,-0.142184245621324,1.80058700283883
-0.197866149365082,-0.166821209253468,1.55283682711673
-0.272390383972838,-0.201962075758995,1.34100278112127
-0.36169407400056,-0.249427779830617,1.16132073809701
-0.472453290300903,-0.311625210375353,1.01021391345729
-0.613513675431309,-0.392914889167218,0.886911067121896
-0.793522764367867,-0.497899225311733,0.790862723532917
-1.02455204720808,-0.633681170165763,0.725295613347283
-1.32003750251443,-0.808817782007895,0.696822529432982
-1.6944145875633,-1.03369606696653,0.717816060883834
-2.16357695995656,-1.32237915601108,0.811850566155341
-2.73391857843837,-1.6886081357519,1.01500712218159
-3.39512624277174,-2.14791469475693,1.3879831817349
-4.09116851090484,-2.70998823747626,2.01933467837428
-4.67830563283073,-3.3711062361433,3.03265998258985
-4.86882658900136,-4.09528367267205,4.56523786899658
-4.20324391258523,-4.7903007679644,6.70798274446615
-2.19588288602405,-5.28980166237835,9.36146218855072
1.24696785257516,-5.37650291296177,12.0882322025412
5.30645188311714,-4.88304730059925,14.1390955969985
8.42295303634251,-3.83080273371987,14.8592819391171
9.45203432265825,-2.46057669588993,14.1857915337995
8.53125488353554,-1.0915860136782,12.6555443431125
6.64552209945145,0.0531683941281697,10.9390609474982
4.7021575054889,0.902278440444207,9.45874935107415
3.14767014048336,1.48557418644049,8.35181325634326
2.06351900771181,1.87128917381185,7.59043841582054
1.36994617160801,2.12482729524809,7.09627681147703
0.950648592100108,2.29630420172912,6.79307351436758
0.705840782612192,2.4189822061207,6.62420016786266
0.561586929328843,2.51324700969304,6.55067895376076
0.467707822529435,2.59013282908016,6.54674114696051
0.391293130788765,2.65453814841854,6.59413338019352
0.31212639440657,2.70749298055751,6.67811921398329
0.219362199592996,2.74758524930634,6.78556703952453
0.109765241903716,2.77246873208651,6.90290171237444
-0.0135814229510952,2.77986306926325,7.01631264026294
-0.142719144021491,2.76809080733259,7.11201695352469
-0.266181359511294,2.73722465435352,7.1777345138169
-0.371323122413332,2.68904961021426,7.20385364413137
-0.44656018738788,2.62720823376399,7.18475105843271
-0.483412283402891,2.55687313465518,7.11952616724522
-0.47781248151192,2.48417056429382,7.01206847053899
-0.430162515517242,2.41550068955817,6.87024679913593
-0.345089724030395,2.35681619427128,6.70513284233119
-0.229277280225083,2.313441540883,6.52924539553865
-0.0915804643859572,2.2891366836779,6.35599954324896
0.059228896087618,2.28656570355545,6.19835467520041
0.21435827931382,2.30713264469447,6.06864992262593
0.36494104604129,2.35072903722235,5.97790554781371
0.501748630747174,2.4159936448015,5.93579552098551
0.614326111918335,2.50020107194681,5.95063764087195
0.691271446188551,2.59873000386346,6.02744959729528
0.719899600003979,2.70534488970064,6.16829500605517
0.686693379519064,2.81176493825274,6.37098563481544
0.582254101715585,2.90796131726891,6.62517073771586
0.402505445728798,2.98288136790178,6.91367952868493
0.153543377086887,3.02548247937567,7.21115817112215
-0.145086510997521,3.02657899741478,7.48561691870082
-0.460518585702604,2.98096495751353,7.70261368304702
-0.752001134518875,2.88947191122487,7.83226339310166
-0.978934190680147,2.75844073123031,7.85310831540482
-1.11159951000981,2.60017175418027,7.75905971869439
-1.13698093357959,2.43000839031832,7.5583547608166
-1.05929761095882,2.2639233057771,7.27084058320016
-0.896426780335841,2.1161051143913,6.92382051268007
-0.671414366036178,1.99786895087254,6.54607230313017
-0.407761391856312,1.91660579072857,6.16526029906021
-0.12392343839034,1.87633428274366,5.80487959359324
0.167636990928104,1.87975486081,5.48560413487104
0.458888779533644,1.92680288383476,5.22421300688396
0.744164189684862,2.01721833706697,5.03677341113598
1.01680338776694,2.14958678197359,4.9387994369371
1.26556120586211,2.32127642913227,4.9465257504416
1.47085333994403,2.52740159725176,5.07674986221953
1.60169996105476,2.75926633642245,5.34483337868796
1.6151721534361,3.00255381680541,5.76013686180636
1.46190551603017,3.23601935566424,6.31827343469333
1.09643547264062,3.43095305691125,6.99359958675246
0.503453420453222,3.55395609276856,7.72799510607613
-0.27810618974855,3.5726830685235,8.43079052173264
-1.13946715414902,3.46625843169227,8.99167526866894
-1.9229255608792,3.23427481298559,9.30995134167111
-2.47603577367737,2.90042729318945,9.32756621602715
-2.71019173141459,2.50686982789684,9.04633590382904
-2.6308198836447,2.10233584177722,8.52363384823185
-2.31545361429343,1.72870175270751,7.84392409289771
-1.86945437456481,1.41344394300136,7.09151859175158
-1.38520740583954,1.16921571043661,6.33278840252096
-0.922932063824237,0.996453017699243,5.61133285550006
-0.509500144963683,0.88950908476677,4.95132665411541
-0.147699509526833,0.840797972867123,4.36420062252972
0.174388769251098,0.843118263668896,3.85352676485433
0.474984145925095,0.89210514460166,3.42063448136684
0.774383552108218,0.985806472508185,3.06610838836032
1.09181864678946,1.12553380314923,2.79353016817054
1.44406302619176,1.31551399002354,2.61172504889124
1.84235350258876,1.56161943907381,2.53614192183539
2.28837081360056,1.87111353039924,2.59353462512732
2.76506691844842,2.25027380829092,2.82493702728384
3.22119435747398,2.70046347762357,3.28783447474018
3.55025409722952,3.21125774586094,4.05182658899525
3.56762583046736,3.75099995476777,5.18633914680658
3.0204364800709,4.25428262237627,6.71494796094689
1.67397058167429,4.61782248129571,8.55032836427235
-0.497897890188392,4.71532028430426,10.4318042451286
-3.09739006891117,4.4461826915367,11.941063949309
-5.34900521314292,3.80259474045093,12.6765151646976
-6.54055728021932,2.89398676759972,12.4847464867445
-6.4972275939627,1.901129518768,11.5484804646027
-5.58807817390672,0.986448454274377,10.2298909688975
-4.36021571303328,0.238595588496112,8.85842328433278
-3.22297908071932,-0.327708485110944,7.62804481467714
-2.36425051263774,-0.743386540884379,6.60875718790285
-1.81663912156895,-1.05352931867657,5.80379957621697
-1.53678080259403,-1.30235838883281,5.19081653897673
-1.46257103795567,-1.52535378137482,4.74789557285272
-1.53431880424413,-1.74885286099866,4.46103486191299
-1.70101957633198,-1.99088558054694,4.32789084868934
-1.91495233210362,-2.26206172372665,4.35620771585634
-2.12358747776457,-2.56573749774001,4.56338769853255
-2.26022152464886,-2.89624186377416,4.97013418583458
-2.23791782812102,-3.23654191779654,5.59371684692345
-1.95778002680564,-3.55555365273112,6.42944068479522
