0.0230924376578749,0,0
0.0165861429654359,0.00641337440261211,0.0288085606165342
0.00436865320780767,0.0101368933388072,0.0339934688320042
-0.00914287678739351,0.0100473080079535,0.0348682611442648
-0.0221199831630211,0.005816784503821,0.0349600383692057
-0.0332224988554295,-0.002427140344231,0.034917150312938
-0.0412557315640175,-0.0142046721115386,0.0348633290144619
-0.0453377584378378,-0.0285949992275524,0.0348258344683123
-0.0448447049610185,-0.0444449019874777,0.0348131534734674
-0.039532223130026,-0.0603835573829588,0.0348287070938302
-0.0296328488124397,-0.0749575122670529,0.0348726597189731
-0.0157644311911762,-0.0867518364602513,0.0349429867730804
0.00105145411565491,-0.0944941493873545,0.0350351829859937
0.0194345982266542,-0.097186820887552,0.0351423173335191
0.037762570502146,-0.0943411407897385,0.0352553831446604
0.0543596872010237,-0.0858869295001142,0.0353644682355271
0.0676089993364607,-0.0722628598199294,0.0354592126826416
0.0760782173245854,-0.0543906493440955,0.0355296747458157
0.0786266405110481,-0.0336445019261803,0.0355671170096178
0.0747630247002819,-0.0118133872888156,0.0355664124549044
0.0644606458003659,0.00918712144392355,0.0355253250615109
0.0482502912344438,0.027385119780389,0.0354452228067729
0.0272067234000076,0.0408487036636291,0.0353310948417888
0.00308849354814791,0.0482045533412272,0.0351927357693018
-0.0221279548038829,0.0482496007374707,0.035041333221456
-0.0461609968521671,0.0406260342496595,0.0348904601825238
-0.0667849595401569,0.0256419842977665,0.0347536157340878
-0.081754604664162,0.00404795169217819,0.0346444725763182
-0.0895519480432374,-0.0223740390913429,0.034573102793907
-0.0887826292933496,-0.0515993827449563,0.0345491156717994
-0.0792590252320817,-0.0810475112303407,0.0345758298366961
-0.0611510170094013,-0.108018638080854,0.0346550154314691
-0.0357245943860016,-0.129944615391949,0.0347823463960117
-0.00476914254183099,-0.144357403589292,0.0349506585796501
0.0290928058043305,-0.149670396012291,0.0351469667475214
0.0629587771507344,-0.144659173734312,0.0353559873966524
0.0937043805677489,-0.129308564526947,0.0355591351658698
0.11836508799796,-0.10440029788252,0.035737153458665
0.134125370991153,-0.0715096030433619,0.0358701914011758
0.139159903535366,-0.0333506919312518,0.0359428722607661
0.132443150191376,0.00693611204117519,0.0359445443400277
0.113573394419977,0.0457401172351769,0.0358685605731902
0.0838594269957823,0.0794320303062521,0.035719847604231
0.0452908307202542,0.104606103944595,0.03550856210539
0.000873872682256127,0.118438646140375,0.035252073152804
-0.045660910091422,0.118914807078244,0.0349726509704408
-0.0901088173696372,0.105174169002731,0.0346955446454137
-0.128277340023261,0.0777284456069191,0.0344458041768161
-0.156272770370052,0.0382410600314121,0.0342465132206599
-0.170896234145626,-0.0103798150889358,0.0341170460593967
-0.170000026498904,-0.0641962688211536,0.0340716383628938
-0.152774848480431,-0.118570483462441,0.0341183022607222
-0.119772741707844,-0.168531809757898,0.0342589320538744
-0.0730788727521808,-0.209184793490294,0.0344880889797663
-0.01620593580838,-0.236233788487945,0.0347925960318813
0.0462132296026733,-0.246377329514734,0.0351519028065022
0.108763141534191,-0.237671263813244,0.0355384150476543
0.165696272308776,-0.209791629767411,0.0359187040978621
0.211446682403237,-0.164160994478508,0.0362558087219108
0.241156996574052,-0.103911858615397,0.0365128080236704
0.250975314259107,-0.0336477357478007,0.0366561143740937
0.238917838508376,0.0406762971604427,0.0366629619559038
0.204732990292873,0.112443231263028,0.0365232706615149
0.150319015673695,0.174900274343273,0.036243907547823
0.0795225048779986,0.221855989307947,0.0358476286136663
-0.00228945048550411,0.247782268548329,0.0353687703793471
-0.0881067101139246,0.24923544769997,0.0348524897903687
-0.17034186109665,0.224699705217692,0.0343456140149626
-0.241111469504721,0.174596776953076,0.0338938977058855
-0.293355316199068,0.102256653857609,0.0335362954069394
-0.32094859806907,0.0128395071007408,0.0333055824220916
-0.320022616096304,-0.0863342691622362,0.0332236998000604
-0.289093356423756,-0.186783942334832,0.0333031004937613
-0.228685137524892,-0.279208506888007,0.0335502599366352
-0.143156984670266,-0.354813451743803,0.0339549203095083
-0.0385555128760458,-0.405423664256173,0.0345003796169502
0.0765063171036884,-0.424912582147331,0.0351542917990709
0.192081393477889,-0.409795175427668,0.0358706749218016
0.29747793059704,-0.359080507619024,0.0365898811537618
0.382505649688938,-0.275623626747575,0.0372411940050743
0.43806916989653,-0.164983235632619,0.0377489376515338
0.456955198923767,-0.0356457605163012,0.0380404805819667
0.435838448977512,0.1013947366396,0.0380673461922727
0.373799932543019,0.234090706279299,0.0378041240893496
0.274215428651078,0.349877462022383,0.0372662975598431
0.144103784782884,0.437123779146686,0.0365058220587225
-0.00641261328306042,0.486056683914215,0.0356009823045676
-0.164690824272367,0.489949891823052,0.0346435865933953
-0.316659717945992,0.445700913474419,0.0337241799876724
-0.447924889966836,0.354448458644049,0.0329221171045382
-0.54517101598391,0.221821837674601,0.0322998356013094
-0.59739194441524,0.0575431492756087,0.0319031968036887
-0.597026470307376,-0.125157373793671,0.0317634190290427
-0.541045512765237,-0.310548147182903,0.0318985236060111
-0.431171965083296,-0.481729087806016,0.0323165181476602
-0.27433056976492,-0.622118845549686,0.0330130779545279
-0.0820869905416666,-0.716933279757083,0.0339697490071377
0.130017779814315,-0.754372348120098,0.0351483794558891
0.343464500538459,-0.72786519061628,0.0364807023536613
0.53865120042737,-0.635916527511902,0.0378663533014396
0.696632480373256,-0.483275870931406,0.0391693386724051
0.80044638722718,-0.280122157667872,0.0402253007250041
0.837134930268979,-0.0421949481715814,0.0408652336803517
0.799629648305055,0.210506509569309,0.0409566523223347
0.687110058271224,0.45574783829085,0.0404406751920579
0.504840040030383,0.670241938814372,0.0393521684646996
0.266171521969894,0.832898937339523,0.0378328667720004
-0.0108986628876653,0.924775879558519,0.0360744103421361
-0.302782760033092,0.934358809961297,0.0342849701405904
-0.58359416755049,0.854554883630627,0.0326393839181734
-0.826883654144842,0.688215143617941,0.0312619566642179
-1.00804294055745,0.44526459554714,0.0302318323640001
-1.10682568931983,0.143472382795158,0.0295932805216542
-1.10842891434003,-0.19313645605789,0.0293763897959175
-1.00780261462184,-0.535400749813523,0.029595454649502
-0.807561461143764,-0.852315405674542,0.0302691884650642
-0.519970211984115,-1.11299339936973,0.0314137733112184
-0.166379525897274,-1.28988492278942,0.033037131845459
0.224402331773271,-1.3616662753155,0.0351251314728675
0.61854194432171,-1.31577470580291,0.0376178130703835
0.979952435350042,-1.14918238419376,0.0403803125934609
1.27320058644505,-0.869909171754226,0.0431642855954465
1.46714502961333,-0.497085090525666,0.0455953691514506
1.53823003038654,-0.0595736474443841,0.0472133359679712
1.47198903072869,0.406302350534516,0.0475820777355092
1.2670939834881,0.859182234977004,0.0464854964304571
0.933647831235456,1.25633233257219,0.0440431911711081
0.495424473744959,1.55820721047691,0.0407155876670261
-0.013718541507876,1.73148515554457,0.0370935310223067
-0.551426920514484,1.75225371018684,0.0336865991985686
-1.07000905603686,1.60954384804518,0.0308043132587891
-1.5205391330103,1.30650967506936,0.0285734337042888
-1.85746006351889,0.861550526760264,0.0270096822299911
-2.0435121725862,0.307379345899104,0.0260883806642303
-2.05120734251813,-0.312127581722245,0.0257951949883619
-1.87007260016027,-0.943453152171545,0.0261300186199366
-1.50493472968146,-1.52924449386078,0.0271318069214878
-0.978545778445824,-2.01309480514514,0.0288744391628898
-0.328851499842253,-2.34311544125776,0.0314773056092499
0.390676741745733,-2.48101687792503,0.0350730225051732
1.11809349160393,-2.40122235016281,0.0397968122900687
1.78661010121684,-2.09923796636332,0.0456671155591103
2.33080459229975,-1.58913880468227,0.0524333405104622
2.69184199619787,-0.905125257063851,0.0593074780441359
2.82660165962596,-0.101158341810354,0.0647966749853477
2.70907970399057,0.7560666976065,0.0669629819911617
2.3353126002988,1.59051731530062,0.0643918025885756
1.72584814838225,2.32413815464057,0.0574460594243316
0.922706652743037,2.88316993135027,0.0483309578357645
-0.0114282874516756,3.20632826339301,0.0396282479648109
-0.999128156025173,3.25079153071361,0.0327532034087755
-1.9534136757656,2.99436634198759,0.0278743441867665
-2.78472351363069,2.44332121847642,0.024599595903584
-3.40963322679643,1.63082785188046,0.0225279912972676
-3.75729870288102,0.615174821441567,0.0213990355499216
-3.77971417629611,-0.521852735828644,0.0210755985946889
-3.45421889070823,-1.68310468033551,0.0215333546300653
-2.78967367329663,-2.76283273432061,0.0228513770931729
-1.82720304697233,-3.65685693000931,0.0252333146043893
-0.636822686536331,-4.27095721794888,0.0290680791845115
0.684894803905353,-4.5325661262745,0.0350143661785634
2.02372340865166,-4.394444324952,0.0441866062809305
3.2559671330603,-3.84683812305895,0.0582877571406661
4.25978118046531,-2.91596426434742,0.079596569452679
4.92686647846791,-1.66621859630846,0.109846664274445
5.17171605818209,-0.195173404059609,0.146581103264404
4.94665094423012,1.37131296665621,0.177016971262505
4.24929742868853,2.89223512971901,0.179144274134218
3.12534917459832,4.22446757440907,0.142899349944228
1.66030756123343,5.23617163831927,0.0901749680271235
-0.0321408817854627,5.81926870401049,0.0511690280033907
-1.81668924532909,5.89661536952148,0.0320046239446472
-3.53956967329536,5.43190420174895,0.0236603361702853
-5.04006865467185,4.43466984922576,0.0195473180653786
-6.16725893205075,2.96508834210952,0.0173057437955119
-6.79470709062474,1.12956694223983,0.0161852059436467
-6.83292969133177,-0.925421776977239,0.0159221645493505
-6.24365224760917,-3.02351337302684,0.0164707977924958
-5.04260685863744,-4.97455778340979,0.0179718073184113
-3.30090423180537,-6.58826601814168,0.0208290352681161
-1.14849625028622,-7.69660909567712,0.0259293315727651
1.24147500094625,-8.16660734721145,0.0353098389100221
3.6616660784456,-7.91511807394047,0.0541135986692111
5.88572076099149,-6.92233069165423,0.0970323121914184
7.68436430814011,-5.23950216588075,0.21133446861826
8.82706564315897,-2.99082353841979,0.558143508652289
9.04041353254199,-0.383056902123918,1.61822016223111
7.94257577165115,2.26211418978647,3.97916573629588
5.39846669383461,4.50097544112311,5.55018735820937
2.4106274406468,5.98587350017809,3.25874323921058
-0.0840567054390856,6.70708687316578,0.854533758707024
-2.24153477056179,6.76063739388941,0.132506093961124
-4.21875129610379,6.1772493300797,0.028955740043585
-5.91569800249297,4.98439562480685,0.0183036813551926
-7.1700033552723,3.25627669284657,0.0159324473677458
-7.8395563784906,1.11939501445491,0.0149134341510713
-7.82719352643182,-1.25420406655663,0.0147331166578638
-7.09188457040867,-3.66036846955977,0.0153576478370512
-5.65742857488734,-5.87962654052343,0.016959851553878
-3.61182562608581,-7.69503458768838,0.0200212646925439
-1.1075329278147,-8.9148060393887,0.0256599412567729
1.65186376047534,-9.39094765133829,0.036645854792314
4.42518000164353,-9.031935537383,0.0609587313803811
6.9508507168152,-7.82486027348867,0.125656429911997
8.95710769135324,-5.83417131902728,0.342461271303122
10.1242862910354,-3.21742720532931,1.23200574851423
9.8540697496944,-0.274413909968396,4.81454586974895
6.99374771009963,2.39826551249622,11.8545479560008
2.53014424401625,4.01537879192084,8.88619896960621
-0.309231985577294,4.56331224554858,2.16609798114511
-1.97053736810175,4.48100074866941,0.298273580294617
-3.28417055091267,3.94117691767015,0.0457129836222362
-4.34449539616321,2.99881133750888,0.021924989239037
-5.06601270815058,1.71911242648245,0.0190057442540202
-5.36387093406683,0.200006254527564,0.0181845088271897
-5.18510122038113,-1.43303257268354,0.0182340225155137
-4.51710790168662,-3.03666318311955,0.0191301158583075
-3.39092621196659,-4.46115641685259,0.0210614973019984
-1.88267601611484,-5.56422479038386,0.0244601410057146
-0.108353454574799,-6.22459162500664,0.0302022891092905
1.78402811245532,-6.35457197409403,0.0400783023189961
3.62576695450478,-5.91032856930142,0.0579030608645188
5.24024201837454,-4.89825635711247,0.0921590166737434
6.45873189544762,-3.3812983471491,0.161249552780979
7.12767622580996,-1.472832956014,0.300483544524191
7.12872941654219,0.660600223407308,0.545446256369052
6.39654619401123,2.81473127388668,0.834489458006358
4.98000110781169,4.76734222956447,0.902537484641538
3.07086127180533,6.32081022850152,0.596422433307243
0.88545532682365,7.33320640921535,0.230439996638129
-1.42928059615894,7.70838671228194,0.0648424252975328
-3.72593472825873,7.38834248796628,0.0264035879964099
-5.81477465921933,6.36463396231097,0.0185717199176389
-7.49425775155439,4.68817000703737,0.0156672826451427
-8.5862738037558,2.47476067122312,0.0142209922740533
-8.95145256675991,-0.105940843021453,0.0136838671221687
-8.51582188780087,-2.83737761607718,0.013920184825519
-7.26558451425063,-5.47742661175656,0.0150138778263387
-5.26881405084156,-7.77722101856444,0.0172966940729611
-2.66268511175986,-9.50310387410028,0.0215997173039091
0.348567612455849,-10.4617628162192,0.0300067105980492
3.51083313410889,-10.5167677720221,0.0485762273649328
6.53630892520633,-9.61033309758037,0.0989226743431611
9.11798761835871,-7.77159133928983,0.280937922847364
10.8910384403227,-5.13240988880783,1.17986300862292
11.053809211026,-1.99223455348985,6.25636688783224
7.254841585261,0.861050161923183,20.2757376600913
1.14954222401166,2.16491643581848,12.2433882552797
-1.32924626067686,2.19632474155092,2.02061199804304
-2.18286620641068,1.77382296673207,0.235336960861397
-2.65461300276658,1.12938117246744,0.0426270245174527
-2.88664344863565,0.335816882256813,0.0249378578704029
-2.86417574349328,-0.540198013413526,0.0234061130973133
-2.57531831907842,-1.42264842419876,0.0238184555414176
-2.03135576078618,-2.23077243991871,0.0251171528737247
-1.26646584967064,-2.88570882770681,0.0273693134003551
-0.337396336531357,-3.31714436636004,0.0308260960942807
0.679492712317749,-3.47233044807023,0.0358646151469512
1.69539984355512,-3.31984909653513,0.0429947274676322
2.61624559512571,-2.85627564057087,0.0527505744079504
3.3497058954688,-2.1045861691904,0.0653829245744335
3.81666060100705,-1.11867650394419,0.080008965536003
3.9577028362472,0.0239077817521851,0.0934883112452558
3.74113286797524,1.22650295115755,0.100141812317083
3.16708883559766,2.38121941162323,0.094686615563324
2.27131385652578,3.37964725140074,0.0779205863074459
1.11691228008128,4.11990694761175,0.0575726122888531
-0.20452360934527,4.52150432393468,0.0412917428200383
-1.58422397492407,4.52680449301132,0.0310114453265624
-2.90016027494701,4.11179197591253,0.0250135833657219
-4.02827775049287,3.28968035099508,0.021478927701111
-4.85335379572565,2.11104726322664,0.0194229455593146
-5.28029511083219,0.662654297409402,0.0183945555473148
-5.24666525717979,-0.937831275717743,0.0182056331325261
-4.72716081393691,-2.55273734484236,0.0188375749497757
-3.73876388870615,-4.0338293372267,0.0204274457217882
-2.34455107474889,-5.23623092226563,0.0233181701035447
-0.64866888788378,-6.03228044503109,0.0282127230776108
1.21054639396662,-6.32431088498062,0.036526619517151
3.07047028490915,-6.0535275697089,0.0512457566950312
4.75731830012906,-5.21332611878543,0.0787998880089664
6.0982501012674,-3.84645127365612,0.133458208380012
6.93930708270425,-2.05401973377877,0.243134609706035
7.14843664238159,0.0164407029475337,0.445519861099461
6.6449951469275,2.17168685541975,0.721949609088314
5.43649078182522,4.19458448165332,0.874844091436139
3.67170643786813,5.87803100746157,0.676078135223201
1.56792404408275,7.06217089331161,0.307142572816444
-0.710297456841588,7.63853281164505,0.0918472040856758
-3.02259316133814,7.5359674152698,0.031938847060149
-5.18936687478877,6.72872078793218,0.0200705946319554
-7.00885278972134,5.24853597887904,0.0163851908407253
-8.2933592093707,3.19131357367774,0.0145864443246256
-8.89143827181956,0.711027223718656,0.0137941498604757
-8.70735184252338,-1.98947154480389,0.0137928547599754
-7.70659812108671,-4.67492523796948,0.0146025845929994
-5.93395483998294,-7.09666870716385,0.0164627666497071
-3.50492874534354,-9.01543530897863,0.0200042897873007
-0.603363595478826,-10.2238195102692,0.026769796147535
2.53132971647415,-10.5645767799219,0.0410308370528471
5.61990166546968,-9.95666568954063,0.0768881706851955
8.3622493751949,-8.40048959894862,0.194263693980726
10.4273793187272,-5.99447918644943,0.718758560311919
11.2492057647014,-2.96725694992637,3.66199937261541
9.03620973463191,0.110530948112615,15.7331853907039
2.82398105851291,1.99233640031885,17.4051657590426
-0.805975823395343,2.32776291144487,3.86900231321407
-1.96233008866948,2.01781606204182,0.472949089613908
-2.54580295919536,1.4385448560487,0.0656041846981783
-2.87960620305693,0.682351421196196,0.0268914506714002
-2.96348811128028,-0.186236424713496,0.0233829417868437
-2.77801005590157,-1.09358818753375,0.0233780684461415
-2.32445825687285,-1.95817856122056,0.0243455022865354
-1.62889872793337,-2.69808363138153,0.0262116949474233
-0.740252467847905,-3.23752442311218,0.0291813214162854
0.271335759451208,-3.51412075125352,0.0335981876878778
1.31942005513844,-3.4865403309176,0.0399507647365912
2.30914863672331,-3.13982427099547,0.0488313151372755
3.14489606951759,-2.48641262723643,0.0607398559154061
3.7388070780531,-1.56842228605638,0.0754537352438754
4.02149301362113,-0.456231512965139,0.0908374147068031
3.94847796655271,0.758481943253059,0.101829727421782
3.50668720935529,1.96922738782532,0.101843837008482
2.71794646937937,3.06409402587183,0.0883035858960565
1.63642500001377,3.93553624276057,0.0670508741021982
0.345195511206571,4.49238252710748,0.0475786667064126
-1.05213009733207,4.66466678423665,0.0345208923696449
-2.43513043609459,4.41373252921882,0.0269145040369469
-3.67677679126181,3.73772544529068,0.0225149695456232
-4.6546641951551,2.67304082150199,0.0199346830326733
-5.26302756768772,1.29415810123781,0.0185265830851523
-5.42267395196263,-0.291399315291648,0.0180132504809385
-5.09089265873291,-1.94979802592028,0.0183132894397245
-4.26960595388757,-3.53258994406979,0.0194966099714638
-3.00389312884591,-4.88943652789638,0.0218172239543295
-1.38317622328007,-5.88135413442491,0.0258198445862944
0.464466391688386,-6.39445594624666,0.0326095656617473
2.38138529400787,-6.35178380426754,0.044497185948933
4.1931147818569,-5.72550756147613,0.0664908064778089
5.7222960821579,-4.53894213259266,0.10989781282461
6.79986511358467,-2.86961540096051,0.199619874841861
7.28146341271392,-0.851938820313916,0.379129519056679
7.05480605532481,1.33349498013477,0.676072234316337
6.08017540882488,3.46914081991516,0.960981743707411
4.45676392548727,5.33098028717172,0.910196108993957
2.41514883240361,6.73561630591185,0.506428359388987
0.157962107252596,7.5579423771866,0.166667017845584
-2.18075791683929,7.71684343539956,0.0466759977518005
-4.44311085101691,7.16858735298359,0.0227743786524435
-6.43131234274516,5.92258016971645,0.017371728456299
-7.94810051014476,4.05185842323366,0.0150499770108239
-8.82482006769197,1.69012313883304,0.0139250252991393
-8.94121909335502,-0.975053639798306,0.0136383204405151
-8.23874363915498,-3.71631157865101,0.0141309721571036
-6.73391930240226,-6.28563059699711,0.015550790797673
-4.51544962022259,-8.43600852419647,0.0183503940251905
-1.743415399249,-9.94249519660767,0.0236398195040204
1.35895304088912,-10.6279817015271,0.0343028542578403
4.52357010076909,-10.3774710501585,0.0593073948298596
7.45440248548756,-9.16080078335521,0.133432129555735
9.83490415288764,-7.03845619327496,0.432178212322378
11.2304651065689,-4.18248078871562,2.04932572476132
10.4146017456118,-1.00124055287621,10.5553056658652
4.98251288388376,1.44249284092113,21.5660237299953
-0.0954558878226095,2.18167107158994,7.29282151247706
-1.71278723867858,1.99063351336822,0.982253892138649
-2.3592727164765,1.47444336906828,0.118233964554563
-2.71848599357014,0.774424088460141,0.0319201112231279
-2.8382375019387,-0.0437871563444667,0.0241327846999292
-2.70243439477013,-0.910854490046539,0.0236687030126741
-2.30830547101885,-1.7497266415044,0.0244642924010715
-1.67696170613211,-2.48142200833964,0.0261398449362566
-0.851866816719954,-3.03168762240151,0.0288463832290291
0.10220635078391,-3.3392151288494,0.0328699049983714
1.10506811149198,-3.36092592171072,0.0386185222681774
2.06671215231034,-3.07736762883797,0.0465863722080762
2.89527851015132,-2.49672404061925,0.0571681434412554
3.50508818412541,-1.65481665384222,0.0701694751743915
3.82662036412952,-0.614933567941369,0.0838652889743321
3.81286311017391,0.538269848488183,0.0941564380780863
3.44675324395463,1.70470253599649,0.0955148182250327
2.74239344397072,2.77717059284461,0.0851059028344353
1.7483990026251,3.65276644732372,0.0669341707300408
0.537778654006868,4.23854597889865,0.0489388396617133
-0.791390456460669,4.46542592714499,0.0360152608990052
-2.12601135663506,4.29105156324263,0.0281123082661504
-3.34473316454158,3.70744018213939,0.0234308651065221
-4.32865827147953,2.74336617544117,0.0206422373581343
-4.97332021237758,1.46482405408838,0.0190748407765174
-5.19834881008916,-0.0298231281971208,0.0184245994648299
-4.95686347923123,-1.61589046424591,0.0185884259448243
-4.24364557417056,-3.15275411154983,0.019609980087056
-3.09476278982079,-4.49571070831356,0.0217009113646126
-1.58973959539719,-5.50907374338152,0.0253217412291948
0.15408302396343,-6.07937246258802,0.0313914064325229
1.98989687740162,-6.12792249325794,0.0417511479319417
3.7524216399702,-5.6172181983912,0.0602814854315979
5.27084764361015,-4.56209870246207,0.0952485953644536
6.38349444721576,-3.03003118218194,0.163588444929009
6.95041501215075,-1.13958286782139,0.293322298043671
6.86492242293132,0.945662675834057,0.501743327561019
6.08093736714193,3.02651266335597,0.710622135333366
4.66296588407179,4.89308482366109,0.708602407943843
2.78482548231678,6.36062903077731,0.438629634635809
0.632855609173453,7.29225937283177,0.16627348193117
-1.64786702279821,7.59150150127994,0.0516445396660729
-3.89731492766404,7.20365142189166,0.0247025128521081
-5.92168340496807,6.12472828976867,0.0182839229634817
-7.52324353109753,4.41215395108313,0.0156000623900932
-8.52901364705328,2.18529974242308,0.0142580578326136
-8.80955856139469,-0.382192766457434,0.0138000514121151
-8.29524033073185,-3.07449373695891,0.0141185467263916
-6.98409238921548,-5.65151999806422,0.0153141931808102
-4.94688434672992,-7.86785884236116,0.0177558968260462
-2.3281280104351,-9.49727443155109,0.02233881192532
0.665879099275114,-10.353189328596,0.0313330123403846
3.78008577398774,-10.3105668513176,0.0513363409704181
6.72900127673622,-9.31894787593676,0.106157870984644
9.2089656716152,-7.41753182922899,0.305648649566987
10.8532080163857,-4.74688629417394,1.28338072401316
10.840165621088,-1.61994287136208,6.55232859459816
6.94944578153608,1.16717959262123,19.4665249967203
1.14392813773064,2.43959044806474,11.2031341820215
-1.27490528293285,2.50271734679434,1.87741150678247
-2.20821668410744,2.10489060960652,0.221447482087859
-2.77802783861919,1.45811108865435,0.0408106346575775
-3.1043615203185,0.632010711188509,0.0242533319466806
-3.1621399687362,-0.305809801826517,0.0226768147969692
-2.93128956984743,-1.27558256370241,0.0229096863958528
-2.41513073129308,-2.1896448063256,0.0240127424427304
-1.64453074238461,-2.96044797136444,0.0260584604521304
-0.675109858663748,-3.50855699339809,0.0293017593783992
0.416027407660795,-3.76954825634321,0.0341627205357207
1.53515544346132,-3.70207293996958,0.0412577985938272
2.58035990640661,-3.29327493671077,0.0513807447399787
3.44887774902675,-2.55904648492226,0.0653068244209466
4.04977823521777,-1.55003914919665,0.0829449032700608
4.31060342001988,-0.343333887918426,0.10178408811384
4.18553254652118,0.960666413348264,0.11520479595682
3.6677597817131,2.24634357533112,0.114487124362426
2.78357218133839,3.39366733858744,0.0965326054195406
1.59703067221952,4.28996834224881,0.0700395173443177
0.199208156071664,4.84026496796671,0.0474249628364537
-1.29728540344586,4.97316961786205,0.0334439650453785
-2.76290627013852,4.65253952021246,0.0258210236046877
-4.06200690917753,3.88019222025357,0.0215742133992939
-5.065810518747,2.70054942723528,0.0191333398859855
-5.66270422942416,1.19640255134679,0.0178436883774987
-5.77380406021674,-0.512506878736468,0.0174329737306445
-5.35947939312494,-2.28148821971788,0.0178350614987556
-4.42444670715227,-3.95109607452224,0.019147981786727
-3.02376507356194,-5.36130611184644,0.0216691683710039
-1.25831334882133,-6.36660107567927,0.0260397909984715
0.731353750577462,-6.84959830797868,0.033600620736963
2.77428662687122,-6.7325169988082,0.0473092720507119
4.68305728153253,-5.99306803723551,0.0739890790890823
6.26636231080672,-4.66044784130374,0.130743887839321
7.3463856917779,-2.82917696597245,0.258787493558623
7.75978985758984,-0.648111642095265,0.542058096351004
7.37212282729163,1.67602499495629,1.05029023215958
6.13325278010359,3.89284542396073,1.53964644138613
4.21340850348462,5.75139341341604,1.38502905270954
1.96059131061225,7.07071557281507,0.674389305007001
-0.400186530713311,7.75521346934049,0.183840156396882
-2.7742268957455,7.74656331254219,0.0436625500089256
-5.01780832997225,7.01791235437186,0.0211353072840136
-6.93375088410415,5.59478452874811,0.0165542093001822
-8.32690619392752,3.5655023813969,0.0145813972371858
-9.03824640262388,1.08094908703258,0.0136790858891256
-8.958529338502,-1.6586399849259,0.0135800100566901
-8.04752767287412,-4.41574658182115,0.0142730111513015
-6.33830828736934,-6.93751346500091,0.0159676021954135
-3.93974043466667,-8.97788613553004,0.0192282321324675
-1.02917235555385,-10.3171645661833,0.0254594589389213
2.15401222898597,-10.7894767851133,0.0384738276506168
5.32957042597919,-10.2998810161033,0.0707983073518056
8.19375266315074,-8.83799740282853,0.17509088645591
10.4110883198969,-6.488030613358,0.643200434097839
11.4329216366903,-3.46742280376993,3.37165448816524
9.44308440867962,-0.326400571584524,15.8840299229936
2.94781373928479,1.6273944841997,19.3316851850206
-0.903463782311665,1.93149768763945,4.25643387038496
-1.97795155953555,1.57650629278673,0.508107218868113
-2.43026676828067,0.984881543705573,0.0696409896996864
-2.63167144914425,0.256871660343345,0.0279573674086578
-2.59718819059472,-0.542703024743004,0.024344134016813
-2.32010906958831,-1.34385888474015,0.0245916611840237
-1.81220823808899,-2.07312651296858,0.0258636565631527
-1.10540464763958,-2.6586103088693,0.0280605873143941
-0.253125191401166,-3.03754788900297,0.0313767386391347
0.674539376462433,-3.16220166986085,0.0361148085471997
1.59617798260275,-3.00666602548237,0.0426340796003386
2.42611373398653,-2.56816548837282,0.0512441196238055
3.08163077572117,-1.87036112953553,0.0618777873648131
3.49109131645737,-0.962494724413336,0.0734759884490433
3.60182699434269,0.083579534483534,0.0832967005319169
3.3866308710841,1.17908630685951,0.0871513344490941
2.8476504592139,2.22585678482242,0.0818158585964351
2.0163716843843,3.12424465353884,0.0684606466531937
0.954215200243985,3.78451877205377,0.0526672635020337
-0.256724524060481,4.13083755913142,0.0396437274704742
-1.51472833048983,4.11435609464118,0.0308900248255153
-2.708154323116,3.71421445945293,0.0254571263800778
-3.72374541287359,2.94423255729645,0.0221289077452455
-4.45768221214692,1.8531630400748,0.0201599794513533
-4.8247701070077,0.521583956258007,0.0191783284173504
-4.7687301874851,-0.942244072741472,0.0190259895099496
-4.2695875115386,-2.41143686843909,0.0196917136206518
-3.34567655370577,-3.75108519539194,0.0213082301051202
-2.05610715813378,-4.82967699810975,0.0241975981787397
-0.497685198770089,-5.53192553629106,0.0289965627312059
1.20189228475626,-5.76886134010334,0.036946826965605
2.89309877960778,-5.49293374150232,0.0504376333422676
4.41755874827039,-4.69770918423722,0.0742393262213909
5.62012573103252,-3.42666608982972,0.117411871840898
6.36349095360292,-1.77228656160071,0.194241690058711
6.53862321674079,0.130080982698306,0.315358327936321
6.08662794952237,2.10903480393553,0.450861411428402
5.02228562911014,3.97534155489342,0.495564247609743
3.4489393833733,5.54544219015053,0.369622853057902
1.52093211503799,6.66874663949484,0.178635254993018
-0.615151536837852,7.22830287675016,0.0658629325704839
-2.8037299328843,7.14921744273072,0.0299998413616542
-4.86247429350948,6.40269019280481,0.0205817459751332
-6.59800141332516,5.01751693525626,0.0169462647761285
-7.83061471465183,3.08174715988893,0.0150967784927866
-8.41651247431714,0.740821527277331,0.014265642882903
-8.26338234305508,-1.81444131753446,0.0142370359879266
-7.33621303068314,-4.36182932887855,0.0150238885864165
-5.67604925637436,-6.66586824651717,0.0168507853984799
-3.39039807950916,-8.49967927130223,0.0203067343012334
-0.651079196302662,-9.66418118673071,0.0268155186401669
2.31534798276473,-10.0128787926033,0.0401047051007759
5.2461234224422,-9.4616776491956,0.0719351537096307
7.85917159443038,-8.01248886277862,0.167516092945266
9.85061452479384,-5.75066596701411,0.547041558460704
10.7867649342505,-2.87832355119947,2.40438180519326
9.52857412337612,0.172158438139928,10.0653498461714
4.66469141898595,2.45981429518432,16.5005828887123
0.324472690417726,3.30943627994788,5.85730329799733
-1.50149660114251,3.29730434282427,0.879965941783247
-2.54532267434432,2.86781032407121,0.108580716491971
-3.31936622179805,2.13269591588218,0.0291082348005247
-3.82507773207903,1.15218840499376,0.0217583362368707
-4.00778854258045,0.00267870154455754,0.020719886337914
-3.83122395572614,-1.22003372148988,0.0208090840109621
-3.29087358586344,-2.40783159900839,0.0217350687849319
-2.41298921888858,-3.44879957865019,0.0236367076321317
-1.25910824214721,-4.23894109780401,0.0268258067545061
0.0822251978489647,-4.68826181968302,0.0318876620905915
1.49730202454409,-4.73683701531882,0.0398055740183664
2.85959005161801,-4.35494669801525,0.0522579026135038
4.03892640456534,-3.55291832977617,0.0718305726581155
4.91187615609915,-2.37938416260752,0.101784588039933
5.37665144586757,-0.923470901873227,0.143410721928178
5.36339461859817,0.694308871998587,0.18903093704093
4.84625218140262,2.33094843134096,0.214696952017185
3.85321214422761,3.83477896097768,0.193210179802345
2.45979206883632,5.0603986342975,0.13155214613812
0.77524320074388,5.88291526145993,0.0721241683758873
-1.06951745143168,6.20638235903329,0.0396000258406207
-2.92224953573792,5.97373653719008,0.0263468509036173
-4.61699835998042,5.17340214386932,0.0206552041186817
-5.98882258907829,3.84394836907605,0.0177186721153125
-6.89205515246122,2.07611269152876,0.0161604753997539
-7.21479570619962,0.00595900856529431,0.0155406531490171
-6.89150494380872,-2.19421696693369,0.0157269920249223
-5.91315608257925,-4.32979183573183,0.0167769999884587
-4.32803170935309,-6.19930837596577,0.0189709616063152
-2.24674210829507,-7.61496055379189,0.022960555720844
0.169632477298038,-8.41783891016339,0.0302428750579479
2.71734609503302,-8.49595528035902,0.0445287915254805
5.16663359808229,-7.80094219952691,0.0761632985585844
7.27586665265489,-6.34926615396722,0.159236651240354
8.80186915160708,-4.23883071032735,0.418453274016067
9.46201156365753,-1.64907515744085,1.31225390297694
8.80911603606251,1.11913965147449,3.9407179457727
6.34310084008821,3.58371374238313,7.31847424413934
2.93613735176738,5.24378711771963,5.35445736332256
0.238753911649858,6.04006661418793,1.55379360743265
-1.82877024599653,6.16213490443515,0.244227821936718
-3.65544473044804,5.69255845052092,0.0401762464832045
-5.23187990845917,4.66398141901034,0.0200072321566501
-6.4199120234236,3.13922993711742,0.0169739866995154
-7.08822124897837,1.22913917939756,0.0158174737668325
-7.14431492708317,-0.913722148360167,0.0155399088282576
-6.54422640140368,-3.10652149413095,0.016071678734176
-5.3028709210669,-5.14975653497859,0.017553874129902
-3.49638647696208,-6.84623791981105,0.0203901041558588
-1.25628036346215,-8.01813450128531,0.0255021649460991
1.23675636622504,-8.52564720646063,0.0350377169170394
3.76656806243423,-8.28089615071346,0.0545908248884382
6.09713989045339,-7.26229144914294,0.100848538336508
7.98747956380788,-5.52110681877516,0.231210730057321
9.18629746583559,-3.18567970646174,0.661587823778119
9.36725202651581,-0.480007904258136,2.10788429762797
7.99761658238956,2.22736595085832,5.50230469647413
4.93226315120754,4.40198226560993,7.19772985445751
1.72534362121184,5.68966996381914,3.503592828754
-0.644932524957933,6.1954640492655,0.760406596032889
-2.60335043180216,6.07352347705661,0.107029997476026
-4.35144105572824,5.36987952061586,0.0263657008602779
-5.79598882028996,4.12435140989964,0.018281472201568
-6.7934929776678,2.41949544405296,0.0163369703689723
-7.22513521196551,0.384556266937736,0.0155642767312615
-7.01700393980626,-1.81299860023235,0.0156100861753006
-6.14928514832974,-3.98102614362323,0.0164956466726779
-4.65943566596379,-5.91708656137492,0.0184567766375648
-2.64889507178501,-7.42945347140818,0.022059132800867
-0.270324147675175,-8.35190401932926,0.0286003666537516
2.27811064785364,-8.56304258753041,0.0412372312017846
4.76950078120288,-8.00315801722609,0.0685667242562095
6.96228860206942,-6.6750230745226,0.138381636636156
8.61334621912752,-4.66362858962566,0.35125294147429
9.45077113063368,-2.13303731354994,1.08606607251198
9.06051202276909,0.639398613342026,3.39056897828149
6.87612534143149,3.19846175046089,7.114512757847
3.45227262228438,5.00628123256465,6.14488641710666
0.5973733993885,5.92157681906458,2.02210819483764
-1.52393568090427,6.13698286902198,0.340249346026622
-3.36868998479185,5.75751255653262,0.0508163106116208
-4.9791260165093,4.81698698776945,0.0211167674328557
-6.22599300642648,3.37196159502119,0.0173177614720477
-6.97395591959853,1.52442115133748,0.0159946530979145
-7.12498135664987,-0.579099961721309,0.0155945321271142
-6.62738095502398,-2.76081881469282,0.0160005154641206
-5.48852035053645,-4.82464327979736,0.0173197493057193
-3.77207707847327,-6.57218562780604,0.0199093324366251
-1.60275387078261,-7.82393773804799,0.0245739416948377
0.84724603109793,-8.43422201044947,0.0331723743045529
3.36770332350275,-8.30613572397712,0.0504458803618763
5.72664524950636,-7.41003678124273,0.0900024640358587
7.68396602362894,-5.78249267998688,0.197729571848739
8.99754834295902,-3.54173770693635,0.540819757907679
9.36737198924309,-0.890204757019932,1.69256959795511
8.31890507191796,1.83748695846221,4.63967317193606
5.54851994632274,4.13898610055539,7.03740305761281
2.28803025415478,5.60058942557493,4.11554026256135
-0.21741343761336,6.25253869601585,1.02583631901977
-2.2511370949653,6.25417649487664,0.15112481088412
-4.07550408969157,5.65957480804452,0.0306265540729663
-5.62146980791807,4.50249974081222,0.0188110953855627
-6.74249845229782,2.85672283542447,0.0164628919502416
-7.31043575170431,0.844202379806734,0.015504590494731
-7.23759734486115,-1.37233081127789,0.0153873424574899
-6.49375607409405,-3.60071222346855,0.0160873691592806
-5.10429904650991,-5.63622892623677,0.0177929191513147
-3.15901391362172,-7.28011277887521,0.0209870969249634
-0.802192672290467,-8.35550225723872,0.0267851520006016
1.77240687312356,-8.72872435086928,0.0378631400800714
4.33876968240181,-8.32532996045088,0.0614136432259746
6.65289044258005,-7.13293960621749,0.120448043694913
8.4666510194955,-5.22136573179902,0.299031847684156
9.50995272023781,-2.74061849845748,0.927862197805758
9.3751748094368,0.050481945928977,3.07520402430599
7.39954181792194,2.707443783379,7.35805913898195
3.85302017686345,4.6372259435388,7.35908023737473
0.803659548940309,5.6192697931834,2.63105796521053
-1.32805725331094,5.87467297547374,0.459496787129502
-3.11652510479995,5.54785997773866,0.0643143998697981
-4.67609742320517,4.68069890600331,0.0225595729854948
-5.89535384005079,3.32581574918521,0.0178691712869779
-6.6452722148906,1.57868709206603,0.0164386322880821
-6.82724353641366,-0.423929616614727,0.015979815496068
-6.39147278869524,-2.51265195878982,0.0163288169248864
-5.33797916261133,-4.50013963241597,0.0175813059429258
-3.72804642754625,-6.19754065978667,0.0200556767208935
-1.67473965435503,-7.42963699435556,0.0244890928211656
0.65844712483849,-8.05554500423443,0.0325223931910271
3.07255026564499,-7.97954269299923,0.0481813366105331
5.34648633114364,-7.1678807894759,0.082448477382865
7.25214122826423,-5.65216640769204,0.169572657494437
8.56388321063597,-3.53879731308932,0.423802901246369
9.03129220093885,-1.01028675629344,1.20271617670647
8.31483903391628,1.64827636150773,3.13831501624987
6.1517660616963,4.02783224323344,5.21939719575253
3.20217053427535,5.73201952855457,3.89739369397133
0.576659847634907,6.6619576565085,1.25850161138908
-1.66166173271499,6.90398271224412,0.217587132709708
-3.71946812269549,6.4973447664759,0.0383349800065997
-5.53792001742248,5.46139873338496,0.0194593823463605
-6.95545466658051,3.85600080458536,0.0162973600532702
-7.81725355911828,1.79346560832872,0.014996935298109
-8.01120377918784,-0.563028819111229,0.0145898649078725
-7.47816616030583,-3.01472426662493,0.0149744403158621
-6.22215156649856,-5.34142912534397,0.0162633069706195
-4.31499389594386,-7.3212111862269,0.0188296119857063
-1.89203162211137,-8.74952802149173,0.0235621641590062
0.85369757377369,-9.46131978361722,0.0326182771950295
3.68730685591788,-9.3489235949111,0.0519001839385914
6.34748552294583,-8.37039959127805,0.100962909998071
8.56145496943673,-6.57004741937934,0.257803109808463
10.0255802469161,-4.07876509407509,0.889863042546927
10.231314773457,-1.15336004905525,3.63925830028041
8.01237822641801,1.6834883247018,11.109364315523
3.38975067719842,3.57643186296263,11.3512049260287
0.0667240961632113,4.27862358159448,3.28342541648728
-1.68397105152603,4.27482372178263,0.480862408799398
-2.96965006406984,3.81467072569882,0.0649005989907449
-4.00785683364593,2.96571866452721,0.0239734879951049
-4.7351153097947,1.788149105776,0.0197112633059961
-5.06942354945901,0.370971636338374,0.0187167881388353
-4.95616694728523,-1.16970958121357,0.0186595198027964
-4.3791227155352,-2.69955820346904,0.0194365353032833
-3.36218331806282,-4.07691236334937,0.0212030024544077
-1.97242462003103,-5.16538152717653,0.0243295149595903
-0.315546941710033,-5.8471889579261,0.0295555908097783
1.47157472850118,-6.03440216339267,0.0383480834023975
3.23053796136429,-5.67970991821025,0.0536940459957342
4.79513418252432,-4.78481802145464,0.0817613833399894
6.00408057805535,-3.40094616868548,0.1350473067943
6.71270953850978,-1.62974065894706,0.235129506869754
6.8109600894395,0.378769330914476,0.400274245000649
6.23740908240621,2.43985273819666,0.589196268385594
5.0205730910347,4.35013088579787,0.643354094349708
3.29806756436803,5.92043965381347,0.455733070144655
1.24745064920067,6.99959164591189,0.199675048208824
-0.979090095923188,7.48087803128612,0.0653196517374005
-3.22751135306243,7.29458869444827,0.0282636321235015
-5.3108880165994,6.421257271499,0.0195878853088501
-7.03112731453787,4.89945066686417,0.016306048166167
-8.20800822344761,2.82999785675097,0.0146494707277673
-8.70045538851533,0.370356679579472,0.0139555485246883
-8.41946624844235,-2.27709105333533,0.0140504829271171
-7.34515264424869,-4.87948426877417,0.0149733548577315
-5.52701182109302,-7.19437034955198,0.0169986871403355
-3.08697836812006,-8.99066003080815,0.0208161375821155
-0.212063189398962,-10.0700708322356,0.0281240853634224
2.85747559643603,-10.2915286203517,0.0435572756951926
5.84660580236301,-9.57974001188296,0.0826776738899438
8.4609780992077,-7.94941150568192,0.210746124966637
10.3735615759761,-5.50695093795305,0.77536416558601
11.0208244209408,-2.49240725995434,3.77991132308979
8.72677167374212,0.523900918907677,14.8665283033577
2.89309151404845,2.38652138417221,15.7606774735919
-0.629743370601357,2.79642262918748,3.68032432002024
-1.92052068047731,2.55117288122918,0.466286785745294
-2.66778553915585,1.99300209082568,0.064288612628393
-3.16473192869642,1.20814092887198,0.0260024777750466
-3.3955624603631,0.260716716152726,0.0223644405168528
-3.32608002267687,-0.771501631730086,0.0220719661302335
-2.94576649715781,-1.79841694759297,0.0227212772817382
-2.26977797819556,-2.72499027329171,0.0242504506543072
-1.34278473373364,-3.45969379256324,0.0268603217645285
-0.235330999348458,-3.92374977028759,0.0309165020978843
0.961665288284336,-4.05724429767696,0.0370161369729209
2.1424151853083,-3.82782593253257,0.0460494454352398
3.19583294572873,-3.23514513903812,0.0591812392301507
4.01678052509231,-2.31386752079231,0.0774313683164079
4.51175635451997,-1.12822067735536,0.100387181438205
4.61696296657042,0.225004250769438,0.123401261291136
4.29841682837178,1.63007141746073,0.135851350630842
3.56579900265145,2.95934806625529,0.126659802546168
2.4673880526792,4.08643228595299,0.0973503210802017
1.08520547549833,4.89743973954631,0.0643539321258636
-0.47270455751302,5.30119551974447,0.0414594851103115
-2.07756882664689,5.23670796895064,0.0293187475062107
-3.58677133974691,4.68206943717257,0.0231375816459634
-4.85662695818178,3.65917066882048,0.0197417843347479
-5.75622353458372,2.23384865641027,0.0178474318748263
-6.17947606531514,0.512330643773819,0.0169636901238263
-6.05792777164311,-1.36453195698349,0.0169108596277955
-5.37073805803932,-3.23320471389529,0.0176919822734514
-4.14534465440837,-4.92097503142367,0.0194928630908638
-2.46171750949446,-6.26063366717639,0.0227671069693943
-0.448374417400146,-7.10901112869971,0.0284749212687365
1.72962172008377,-7.35589071804015,0.0387606532812388
3.8790347491616,-6.9429067956773,0.0587012453991606
5.79550664315803,-5.86950847957518,0.10150497114431
7.27729536447598,-4.19833208079599,0.203773913305643
8.13242022815325,-2.05656318684618,0.463849484402948
8.17138264413497,0.362485026121044,1.08046944008564
7.22014468172416,2.79507906363865,2.10092873889546
5.31024700551267,4.93081647829637,2.60272084855687
2.90642074423631,6.51625494130653,1.6669808647468
0.478044774752751,7.44562074399969,0.53242826000429
-1.8922718168354,7.68992002281751,0.1028718022766
-4.16588722276599,7.22773914002931,0.0276252309380763
-6.18559996365253,6.06741942993822,0.0179530106661976
-7.75738860600327,4.27341467198725,0.0153008323856313
-8.71001671729465,1.97303530357766,0.0140588497468831
-8.91752945902592,-0.652869926709594,0.0136807958877169
-8.31577180853255,-3.38224692228911,0.0140777987580474
-6.9096679091289,-5.9701626733817,0.0153730303457632
-4.77866749125654,-8.16859525794932,0.0179743111748468
-2.07634252099853,-9.75205815027277,0.0228668211767011
0.983671901010088,-10.5343776206784,0.0326152451477197
4.13822852628353,-10.3990842847062,0.0548043842370529
7.095733955356,-9.29978908544521,0.118141878110852
9.54399979552082,-7.28643916930715,0.362330212453257
11.0862839882576,-4.5168156124064,1.62921049249582
10.7049085626305,-1.34728604295608,8.50171359560284
5.95308513641103,1.28340360692549,21.2995360016515
0.404497032741023,2.25896494694965,9.13432033832013
-1.54744880236292,2.16512498856995,1.33647092900093
-2.29754355371793,1.69309165410812,0.156961698979638
-2.73052470943815,1.0143103208563,0.0352802069906999
-2.923180635452,0.19601796882527,0.024223340431595
-2.85642121042139,-0.693256369542761,0.0233362415147915
-2.52139720454762,-1.57570566339132,0.0239160973227688
-1.93297835225136,-2.36951575253083,0.0253684814882797
-1.13011597675955,-2.99624066724895,0.0278118305386899
-0.173780705930185,-3.38795731202678,0.0315210722171317
0.856961375857035,-3.49429933827446,0.0369066953735301
1.87119056198495,-3.28843194999131,0.0445050623018453
2.77367173137628,-2.7704977460681,0.0548650413035414
3.47378050074942,-1.97020515437519,0.0681350067426279
3.89391772290746,-0.944864257487233,0.0831695811432661
3.97734526932642,0.223812050275001,0.0963044589773324
3.69738517183659,1.43519040144223,0.101405532854484
3.06236932862007,2.58012027469357,0.093710527050091
2.11047703143609,3.54888687928,0.0752813604971752
0.913021497680808,4.24354858374003,0.0547839785126801
-0.436087341850839,4.58513229398638,0.0392585020861653
-1.82411804860281,4.52078444998839,0.0297451747664615
-3.12705702658088,4.03276907684199,0.024231362039212
-4.22007290972505,3.13978656591972,0.0209875212748742
-4.99063232753532,1.90044139700805,0.019122784982574
-5.34722679829754,0.407062719351595,0.018241707466819
-5.23249406046607,-1.21773827771619,0.0181877397205286
-4.62804248958692,-2.8325443077407,0.0189665468274025
-3.55892434417191,-4.28770149232334,0.0207447133132466
-2.09571933412517,-5.43925719277013,0.0239142838144442
-0.349544975982458,-6.16259479435898,0.0292740571807935
1.53531860077537,-6.3652077109183,0.0384476677593483
3.3923847165811,-5.99706470173151,0.0548712784213561
5.04512083819008,-5.05711669960726,0.086176367216547
6.32295383002908,-3.60130348306448,0.149026746992685
7.07105342111697,-1.73709907746407,0.276122905479998
7.16510855082649,0.376348804684735,0.505939864665455
6.52918238727461,2.53888795993708,0.79848584815251
5.19612355349657,4.52930203888009,0.912177065795669
3.3396574720096,6.1437221995812,0.646228163430791
1.1821363690437,7.23284325187868,0.266945643747766
-1.12223994580029,7.69551416959146,0.0760774945338695
-3.43070186238429,7.46884425631843,0.0285274061246742
-5.55770227583113,6.53599046597374,0.0191549965282558
-7.30166122344041,4.94084664607783,0.0159460524972335
-8.47855852719869,2.78948322838753,0.0143567069405269
-8.94572930710483,0.246638231532292,0.013712139312788
-8.61658929756184,-2.47752139602059,0.0138474527035746
-7.47183401600131,-5.14296319612812,0.014816028808822
-5.56744756709684,-7.50042307244916,0.0169104796657155
-3.03237208070671,-9.31390377574942,0.0208675819155432
-0.0615936606347297,-10.3822957810407,0.028523134009811
3.09580857716123,-10.5605232061681,0.0450978235698593
6.1555028622351,-9.78130988347625,0.0885739916958734
8.81325530840623,-8.06058114938145,0.239245170104414
10.7198754826013,-5.51517098703355,0.955741582727163
11.187129414212,-2.41291675337032,5.03159324066982
8.06020962613143,0.554566318291832,18.7230788789198
1.77017276402895,2.09499898325657,14.4810320588951
-1.14614708950377,2.23435897623835,2.65497297701254
-2.09964912852976,1.85175184358621,0.312423354130466
-2.60770521178808,1.23198186568157,0.049987537369824
-2.87406844578958,0.454148841594469,0.0255874380012605
-2.88837776638447,-0.416233407169768,0.0234224135962222
-2.63615024323323,-1.30416773224235,0.0236914310919404
-2.12532399595383,-2.12891462965412,0.0248702556933981
-1.38707642495039,-2.81086893896975,0.0269793216819044
-0.475266278854141,-3.27817506439395,0.0302508913500155
0.53624529278422,-3.47461139395425,0.0350482236486073
1.55967600945177,-3.36576046606129,0.0418656670181088
2.50103708276004,-2.94412708946007,0.051251396540856
3.26728926610422,-2.22904220741593,0.0635362894597445
3.77643111848103,-1.27002018228157,0.0780713679038652
3.96589030218242,-0.141920198185477,0.0920823779759621
3.79964500559277,1.06065715733402,0.100131132036134
3.27344652156412,2.23075115361001,0.0965171081240361
2.41766651671676,3.25890212342897,0.0808968529122111
1.29261295781352,4.04204704303667,0.0603906483810882
-0.0137515718125859,4.49614789435593,0.0432137555622178
-1.39486231461551,4.55904303465694,0.0321351821356955
-2.72961692232621,4.20242805595126,0.0256570659285873
-3.89291989990514,3.43319890288591,0.0218544209349928
-4.76781964146695,2.29787957693127,0.019627762872091
-5.25603951398649,0.878532768006571,0.018470664126511
-5.28951270885816,-0.711241242709523,0.0181687433813976
-4.83717588378347,-2.33573331103506,0.0186816461702354
-3.90998281101466,-3.84712253821541,0.020123051920621
-2.56470456191805,-5.09880030796554,0.02280171714456
-0.900456280328142,-5.95980555735738,0.0273562117386284
0.948480742393406,-6.32727144212836,0.0350729351091101
2.82178976368918,-6.13603093700211,0.0486537480215791
4.54608098697371,-5.37257351024557,0.0738942504262049
5.94784227953625,-4.07271795599657,0.123668724154133
6.86818225556712,-2.3287178254229,0.224148103699883
7.17223076680373,-0.283133582581019,0.413929845331413
6.76867534633765,1.87624764825805,0.690420894521636
5.64926323439898,3.93336286382603,0.881775659020142
3.94440065589865,5.67651407731104,0.731284377683344
1.87261424867166,6.93811967464522,0.35737552484099
-0.391689179170452,7.60402712163087,0.110460558590749
-2.71086634179392,7.59771106718709,0.0356814411208481
-4.91114321117408,6.8861425969092,0.0208971791775709
-6.79178828226886,5.49349381646071,0.0167338422237669
-8.16082818889151,3.50609218485473,0.0147588922198988
-8.86066487584545,1.07091323700614,0.0138477224122737
-8.78686771794951,-1.61466287367515,0.0137419315128941
-7.89794303282682,-4.31901528442126,0.0144307109437001
-6.22485749613804,-6.79354555133166,0.0161207915931295
-3.87464921171799,-8.79608407805132,0.0193699082435454
-1.0227891979881,-10.1135954565145,0.0255379664905067
2.098051585718,-10.5816564470767,0.0382907496067752
5.2127364305077,-10.1050735257885,0.0694893306191037
8.02335162683397,-8.67487541150751,0.167535610271357
10.2064568497222,-6.37417655668825,0.588098146587304
11.2590554570155,-3.40841038396142,2.91948045291594
9.63178234438658,-0.276888620174642,13.6052567794403
3.6370904928219,1.83540946103406,19.2733994719316
-0.541164505571938,2.32191046696147,4.99613983500867
-1.8599645340048,2.06172318968181,0.632883303509735
-2.4802025586283,1.51042238648631,0.0817255124661242
-2.84071751576872,0.774949649646462,0.0283684385761386
-2.95455227051605,-0.0804370828486405,0.0235431777101189
-2.80181824798009,-0.983466210414493,0.0233556595090514
-2.38111289395805,-1.85382225572782,0.0242183387825482
-1.71483068076628,-2.60947435664032,0.0259665139003183
-0.848877623504273,-3.17312620512235,0.0287869295426629
0.148182514017683,-3.48184107339781,0.0329981825034822
1.19237891848217,-3.49197037820661,0.0390632640048103
2.18972168325186,-3.18369704651621,0.0475695088343134
3.04436550436743,-2.56686333610006,0.0590308021543051
3.66832275246858,-1.68088462726076,0.0733340659666533
3.98935678202417,-0.591862588932805,0.0886527708330792
3.9599154238266,0.611051476350324,0.100327297092371
3.56226296499558,1.82291540479329,0.101812664371808
2.81577277974881,2.93273865336594,0.0898660999533584
1.76909155351172,3.83174323366258,0.0692602611573881
0.502758013472922,4.42705505007095,0.0494331224357382
-0.882289655410528,4.64658405087293,0.0357133311753114
-2.267882083506,4.44734992599206,0.0276284456041706
-3.52756336042182,3.82278955978259,0.0229539872124877
-4.53800478149174,2.80461503302361,0.0202062931678001
-5.19175255253643,1.46325221411024,0.018680104723249
-5.40644976700225,-0.0979498125878567,0.0180680417122064
-5.13430001796949,-1.7484557846285,0.0182712702342813
-4.37238323240452,-3.34139085331688,0.0193406982989364
-3.16015931734515,-4.72658476796733,0.0215045996579232
-1.58179849559846,-5.76355733458544,0.0252612318183602
0.239207342321491,-6.33545873681321,0.0316192098198848
2.14885304419003,-6.36053839408178,0.0426746510157807
3.97460618383198,-5.80513760314095,0.0629286497838269
5.53962786606718,-4.68625949088194,0.102463133496786
6.67387473113306,-3.07448101220556,0.183553914083343
7.23138260495574,-1.09758589577503,0.346220593385588
7.09482970351039,1.07064472370037,0.623124885947333
6.21341913917587,3.21659008565265,0.913749540222557
4.66847513936337,5.11711649401438,0.913828922231616
2.67481311524482,6.58183599065964,0.544141107340565
0.442917645641341,7.47938236896419,0.190213670133959
-1.88888381228062,7.72305773187984,0.0528847602787905
-4.16737193177143,7.26376660248135,0.0240022277195304
-6.19740991614975,6.10324639755141,0.0178031523545863
-7.77991753167784,4.30647691322479,0.0152739540824256
-8.74172050323026,1.99979398037241,0.0140289644497463
-8.9566006556493,-0.635274799036281,0.0136455403595751
-8.3571996708978,-3.37608878885786,0.0140379363189741
-6.95074279676491,-5.97635782991854,0.0153259990283349
-4.81630861303614,-8.18778393160831,0.0179147353008003
-2.10616515877113,-9.78248326372897,0.0227927183704462
0.964402533851078,-10.575505226927,0.0325040591918946
4.13206671841753,-10.445056722356,0.0547107378295637
7.10397813558892,-9.34851999255573,0.118240114196087
9.56800194239817,-7.33477232997194,0.363355007319424
11.121226605624,-4.55851120165786,1.64928613756383
10.7271722350979,-1.38136396338177,8.69035997759835
5.88490475940151,1.24191266383865,21.6536124748248
0.325407215159894,2.18819469834086,9.04785781285871
-1.58103710742858,2.07279026439639,1.30258499367596
-2.29710363241056,1.58997765793542,0.15298006346363
-2.69826204653174,0.909850575160524,0.0350544701117447
-2.86060964558041,0.099813518436344,0.0243528712237225
-2.76736714870252,-0.771858823330234,0.0235528013346441
-2.4123160724966,-1.62829033284496,0.0242069676371801
-1.8130889705311,-2.38977790474095,0.0257370861759583
-1.00973258906715,-2.9804176081762,0.0282658372320729
-0.0638691701913724,-3.33521741661331,0.0320676126039932
0.945587882740307,-3.40713018132809,0.0375415833806534
1.9289929791175,-3.17291687266537,0.0451859169290308
2.79348009854277,-2.63569686584679,0.055461861652776
3.45148960239953,-1.82733905996494,0.0683520399114428
3.82900235912223,-0.806531803337307,0.0824807991566482
3.87387305467459,0.344500818776917,0.0940828362806139
3.56264864361834,1.52625947333158,0.0974255568485052
2.90738223198594,2.63174419749318,0.0887723070656826
1.9481362475111,3.55411233876191,0.0709128613620388
0.75768036494318,4.19982393206563,0.0519610525980297
-0.570425474858653,4.49323248752898,0.0378358806384104
-1.92399687378877,4.38648679108005,0.0291201759121177
-3.18120616143414,3.86578788621882,0.0239874359384737
-4.22141178414528,2.95438694656314,0.0209348324360986
-4.93466545240812,1.71137033956441,0.0191922447618026
-5.23663303802888,0.232274664090093,0.0184007274614756
-5.07371614624796,-1.36149074152368,0.018429665677517
-4.43280273545502,-2.93012533862948,0.0192993045132868
-3.34298184038461,-4.32727949628826,0.0211916097560419
-1.87773898205537,-5.41364092504265,0.0245190228883763
-0.149559652908064,-6.07023877642207,0.0301112334900762
1.69778294589735,-6.21111012634951,0.039632288103827
