-0.948615429259544,-0,-4.26876943166795
-0.797300580030641,-0.128012611311991,-3.67287043327363
-0.839891137658051,-0.248983577212036,-3.15564091214565
-1.01934154377375,-0.387030911071004,-2.70141774510529
-1.31976392906514,-0.561206487723738,-2.29333235568308
-1.74684446612864,-0.789677615945631,-1.90979006918517
-2.31902006624705,-1.09283486871971,-1.5198128495955
-3.0575446229282,-1.49438862011495,-1.07412545047326
-3.9684333499178,-2.01981132130336,-0.492926746135147
-5.00746114674605,-2.69259560498314,0.351956368449367
-6.00434264812457,-3.52180665271937,1.6556086171534
-6.53880511995921,-4.47323726429562,3.66867491173663
-5.82538823593973,-5.42337589802394,6.61013242330299
-2.88935950625674,-6.11032998250981,10.4040330754024
2.53271457184596,-6.1631364749922,14.3228330553325
8.76391503185589,-5.30659823887792,17.0298195182519
12.7546088028097,-3.64669191911545,17.519436697661
12.9253949471663,-1.67305883005986,16.0914726823974
10.3780564714263,0.0978006607318659,13.9599315620147
7.0424396002122,1.40555440658215,12.1255267875418
4.07107425803343,2.23237153084718,10.928265522793
1.77791385353864,2.6627379442491,10.2656149768081
0.118582137025927,2.79783908519465,9.89101829469424
-1.00338851418792,2.72527509802009,9.58544211364863
-1.66287000558789,2.51972760500433,9.21252332615929
-1.93151297393901,2.24546761231163,8.72031641938928
-1.89697195415566,1.95485877313384,8.11806441970432
-1.65795315697324,1.6860332559648,7.44591463012145
-1.30694276843355,1.46249390015636,6.75076083320565
-0.914397677286222,1.29560951777673,6.07239116863262
-0.523552128709904,1.18795989256703,5.43885296576123
-0.152972231641577,1.13744400175937,4.86734632836963
0.195993104631344,1.14091887529235,4.36831905682893
0.532238809549039,1.19557865112455,3.94831706992261
0.869058747253453,1.30079944616846,3.61437213015523
1.21984836951497,1.45754679407647,3.37534349064928
1.59380813085298,1.66830672343833,3.24471422834036
1.99179598695859,1.93725378675951,3.24559622688662
2.3984071384283,2.26671938393353,3.40929446490391
2.77106183264029,2.65567961775511,3.78054815830156
3.02611638699449,3.09306095634062,4.40918808577986
3.02602369778938,3.55167776444236,5.34184060447957
2.59270323170423,3.98013836234839,6.58782165178883
1.56118810481303,4.30034210499227,8.07984947171595
-0.0960542634322658,4.41752157067162,9.62973656646865
-2.13095415574834,4.25202365308167,10.9354668702183
-4.02415711037308,3.7846067098021,11.6852675718611
-5.23032416199467,3.07872425219298,11.7098242673814
-5.50322812326762,2.26135450737998,11.073333624187
-4.99999295795315,1.46526289288386,10.0126655969014
-4.09208273181653,0.780039179367024,8.79189439334796
-3.12947646979231,0.23894462164677,7.60328115849517
-2.32302018155185,-0.167797576342002,6.54517173453708
-1.75094561202179,-0.470670658674994,5.6488232771619
-1.41129136084513,-0.705330077098144,4.91136453203639
-1.26879116904259,-0.90432114010406,4.3183957678898
-1.28347529076501,-1.0941875215431,3.85640697079815
-1.42254787278466,-1.29599639357516,3.51877510156032
-1.65990596710539,-1.52632030763642,3.30643210333201
-1.97358195673198,-1.79824781379005,3.23119992686552
-2.33692098311809,-2.1214716707186,3.31723647151872
-2.70631015494507,-2.50040832762084,3.6011322631474
-3.0055442849322,-2.93082713194802,4.13112559366819
-3.11216803910065,-3.3934716751656,4.95492163297674
-2.84907182677544,-3.84675693834742,6.10349816719127
-2.03250439018453,-4.22135168640802,7.53957351531408
-0.562337469313068,-4.42424505935082,9.11954565371032
1.41934660028588,-4.36431862585074,10.5701538880758
3.46327053444847,-3.99455563156361,11.5576418330781
4.98072810914244,-3.35089393718617,11.8434900347493
5.58459657755855,-2.54546118739454,11.4094793349994
5.30291958195481,-1.71873987869764,10.452057379889
4.47332113769684,-0.980532737705486,9.24797331741063
3.48242742220458,-0.383275621702892,8.02402008945928
2.59714919430127,0.0708934483524364,6.91036243177662
1.93728617461252,0.408135567581835,5.95726180535295
1.51989797362296,0.664847359717621,5.16868602551279
1.31664608120706,0.875359432302909,4.53249712576117
1.28551967718839,1.06881280556647,4.03353726383653
1.38942580019362,1.26813701057988,3.66234972682812
1.59927992341509,1.49133007239319,3.41774951581856
1.89108306774508,1.75255247436919,3.30883403670326
2.23815255834808,2.06196904590093,3.35527747625512
2.60092883219793,2.42545711164341,3.59108527892786
2.91120068629531,2.84060023298876,4.06046084575114
3.05861247157143,3.29167550601642,4.81019161401849
2.88067374370748,3.74274838847377,5.87499844216696
2.1964622862336,4.13143412429325,7.23332335184925
0.884590199038825,4.37095995683957,8.76824280935065
-0.973492906842777,4.36930945245015,10.2368674581816
-2.99825871084975,4.06968479878174,11.3183861265109
-4.62640805118837,3.48895732037824,11.7499401297636
-5.41910062350035,2.7229664625141,11.4638539703557
-5.31640886457828,1.90696763352499,10.6133615977401
-4.59463398830523,1.15769314357248,9.45960913316674
-3.6364856637853,0.538894119821062,8.24096544631276
-2.73293451200323,0.0627697473323302,7.10604245426113
-2.03029848511327,-0.291793769976966,6.11926318630915
-1.56425728430115,-0.558813435658419,5.29313858303548
-1.31497617424663,-0.772517947409159,4.61846960764865
-1.24389500800491,-0.962645771647269,4.08068009477337
-1.31407249755162,-1.1531310459679,3.66874670204809
-1.4962483519646,-1.36287392049789,3.37858104828891
-1.76804873965788,-1.60693668063819,3.21549595507921
-2.10797701109408,-1.89724915707769,3.19594654416201
-2.48561929119726,-2.24189955012929,3.34872048214094
-2.84825134560201,-2.64302972035542,3.71602266717263
-3.10486995899561,-3.09195891523854,4.34792342359609
-3.10892654834498,-3.56273472127733,5.29426016948902
-2.67318262331415,-4.00365512757879,6.56529724114514
-1.61963987227635,-4.33449294950395,8.09468281022259
0.0852191729792483,-4.4572889401488,9.68871286837417
2.18719838529603,-4.28858451831012,11.0338979499947
4.14245475124427,-3.80771811104653,11.8043312999742
5.37908580345496,-3.08122218855653,11.8248744095943
5.64483388599789,-2.24165374042258,11.1666927392672
5.10914743235639,-1.42647366032741,10.0782314860597
4.16402020045055,-0.727717877637015,8.83442867318246
3.17381470960958,-0.178081044769752,7.63254167278131
2.35310455566136,0.233968209523792,6.57072192539371
1.77742497737047,0.540993910445609,5.67772288889679
1.44179827390692,0.779825313571604,4.94911189638118
1.30738315605724,0.983970493811312,4.36909215051931
1.33208167723819,1.18037291811237,3.92420165111743
1.48083583696405,1.39022175494267,3.60835201169466
1.72512841998956,1.62987676841572,3.4238768541332
2.03919901373362,1.91170166358023,3.38418913220015
2.39063817977945,2.24415317506527,3.51579524388443
2.72728963083064,2.6289333281982,3.85515560891003
2.9617839277503,3.05813037931945,4.44976936329511
2.9627382427575,3.50685971100517,5.33839940931173
2.55473947151235,3.92718747371703,6.53384062044298
1.58197571801766,4.24563800550079,7.97057100878407
0.00967954268384752,4.37208241855349,9.47373889976312
-1.94157308398124,4.22942745987508,10.7595217774659
-3.79046785123852,3.79401054979003,11.5249413809157
-5.01364940848171,3.12268036635661,11.5976477184675
-5.35135985841044,2.33339870547095,11.0214769695363
-4.92184895330818,1.55443449220409,10.0107829547354
-4.06851670144783,0.876515527225399,8.81998148944429
-3.13290445011358,0.336689798633621,7.64205383913952
-2.33051519954631,-0.0710083516990128,6.58054044929742
-1.74767108747671,-0.374326357671406,5.67169492550467
-1.38975419108273,-0.607179147666633,4.91625472035495
-1.22582372500119,-0.801365270022293,4.30124429419055
-1.21883363697529,-0.983152500612671,3.81354907693542
-1.33682029447065,-1.17360002487523,3.44458176511772
-1.55647832097719,-1.38965929227678,3.19385242079098
-1.85944271059921,-1.64527453230487,3.07039089735292
-2.22526078834647,-1.95126492464787,3.09381820400593
-2.62174405262912,-2.31513304484278,3.29850281030989
-2.98913348099241,-2.73724044915346,3.73091618924033
-3.22261505861347,-3.20612154864244,4.44680151157498
-3.15818770667109,-3.6901172811791,5.49413608398055
-2.59026240091847,-4.12931279578469,6.87533597160178
-1.34695503910696,-4.43401870716195,8.49695599933249
0.556327704274759,-4.5004393922292,10.1256330807588
2.77322740973929,-4.25108866309317,11.4148022538472
4.68462248880688,-3.68322517608281,12.0401037456366
5.73207643096601,-2.88820536549062,11.8766625278717
5.76226336159682,-2.0134961449352,11.0598425985285
5.04557359166408,-1.19543346316154,9.87619226867844
4.01435291526653,-0.513969699844843,8.60161510569003
3.01678021328114,0.012122695461161,7.41303084457505
2.23431218248519,0.402935657521329,6.38848686734111
1.71360817141078,0.696147919469127,5.54238083728847
1.4336823533881,0.929689607165288,4.86388760218002
1.34942423696515,1.13647863656653,4.33609440167309
1.41627212607112,1.34245861489285,3.94671311620253
1.59776632030811,1.56753771506863,3.69256852786431
1.86254334110222,1.82645560802529,3.57998198490307
2.17842933519118,2.12947402200536,3.62748607372268
2.50086307366251,2.48105785533098,3.86441571981498
2.7599023673942,2.87739651383122,4.32974567219451
2.84817660375746,3.30139642424656,5.06238440024746
2.61930738161646,3.71689610985587,6.08301340464509
1.91613082173221,4.06402563081659,7.36108038237264
0.656415613529191,4.26412669463556,8.77405605341674
-1.05765945081177,4.23836423131024,10.0960234973417
-2.875759937178,3.94121530042597,11.0431244643474
-4.30989292228743,3.39404565115314,11.3938103421841
-4.99829543833943,2.6848604868816,11.0991712164313
-4.89801189234653,1.93312138394618,10.2943417428042
-4.25133900652666,1.24147853194864,9.20875543772261
-3.3849603925635,0.667246709930396,8.05105274878778
-2.55475899326261,0.22309567974764,6.95682072903278
-1.89435953309556,-0.108381096066884,5.98854916574174
-1.44147532648543,-0.356392629001283,5.16215340961635
-1.18363999778201,-0.551189381415016,4.47243387972702
-1.08816998818455,-0.719938113731716,3.90595201111332
-1.12474521236951,-0.884600667283188,3.45191455040498
-1.2693302603412,-1.06309635488954,3.10336792695906
-1.50655834822201,-1.27038814783999,2.86081742208511
-1.82585573907712,-1.51964499426873,2.73377295337177
-2.21488658906861,-1.82225544900153,2.74254885057834
-2.65016101019324,-2.18707269520508,2.92135428359889
-3.08168327722957,-2.61804833665188,3.32156695001041
-3.41311984701261,-3.10764362992954,4.00496547341677
-3.47884577636714,-3.62972141941804,5.03791415683467
-3.050907215921,-4.12781969540801,6.44801609321697
-1.89446375178981,-4.50915672067915,8.1742327035982
0.0571139743043606,-4.65627480981163,9.99663023413734
2.50726732795745,-4.4664232337391,11.5404480344052
4.77764671319215,-3.91251870054371,12.4080696026805
6.1525706178347,-3.07742608464223,12.395331915292
6.3502325499863,-2.1246169227687,11.6141050627291
5.62813261438009,-1.21668566093147,10.3846073959349
4.48896295127298,-0.455254988165913,9.03556885492215
3.36125629081817,0.132117480455907,7.78263206410535
2.4699959798769,0.566276267544877,6.71844892556996
1.87562334914124,0.888853523465525,5.8591424371351
1.55173915176442,1.14309274027574,5.18901939720164
1.44292649281114,1.36558779271896,4.68698279022522
1.49334287446641,1.58435426843403,4.33826033434215
1.65498710510315,1.8195923060216,4.13835417965688
1.88501872689923,2.08477471027568,4.09381111118712
2.1377869394479,2.38685279795606,4.22159192343195
2.35465470516342,2.72501537181993,4.54625973467289
2.45426764302202,3.08813372238633,5.09458002212864
2.32969706480466,3.45082093612284,5.88200306545057
1.86533535833329,3.77075156797385,6.89061161960184
0.97989589967426,3.98991605339687,8.04468476689548
-0.298666346291326,4.04512726932717,9.1922333224644
-1.77369018117905,3.89032936292594,10.1245083562405
-3.11035955061196,3.5194648617036,10.6404866310269
-3.98100136549843,2.97979693124413,10.6367302256575
-4.23077846000939,2.35550290980879,10.1468088125755
-3.93548725023348,1.73684214099571,9.31373495373856
-3.31278544786755,1.18993730639236,8.31153832931123
-2.58995241759395,0.746905605980117,7.28195918313862
-1.92679519798012,0.409359491906654,6.3128305241752
-1.39915163734543,0.161475746057376,5.44392899245992
-1.02407487924344,-0.0186838612220193,4.68571889512769
-0.787591291806057,-0.153130374128404,4.03372709989076
-0.665263390565674,-0.260916397776359,3.47768973858519
-0.633945524147323,-0.35743221080798,3.00649464226053
-0.676655065376095,-0.454962203991129,2.6104178426767
-0.7841686658437,-0.563845256988862,2.28275059357411
-0.953808151610476,-0.693598038124389,2.01984195247485
-1.18796853434578,-0.853544563477194,1.82176816288951
-1.4934196521859,-1.05396303002097,1.69483056032106
-1.87775440816,-1.30604252888369,1.65295001094383
-2.34523295046572,-1.62200804948063,1.72173116346706
-2.88768460232247,-2.01394444996597,1.94313550216713
-3.46768023476255,-2.49114967819734,2.3819344197193
-3.99042791821639,-3.05255487520805,3.1245493636534
-4.26572724579601,-3.67711660377928,4.27580625347616
-3.98144373262563,-4.30558816072741,5.91868328602114
-2.76138074022202,-4.82571788405539,8.03066812614698
-0.383396780622857,-5.0761493317501,10.3749225378322
2.84715111649438,-4.89713754343964,12.4495231522098
5.95133152058176,-4.22722533007921,13.6601496958258
7.79905959743301,-3.17406015094193,13.6881799190119
7.94684870950526,-1.97181946679829,12.710127662286
6.83654439631278,-0.850955281412841,11.2199518271971
5.24831302105407,0.0577015702718604,9.68403226842453
3.77040714651739,0.731018263477552,8.36413594289363
2.65541247887022,1.20848343464058,7.33708947021362
1.92940547778503,1.54812894440727,6.5856018413582
1.51903428411809,1.80368513826926,6.063586197566
1.3311917173068,2.01543399963499,5.72983312070612
1.28135851931271,2.21030786707858,5.55564343427857
1.30040789196556,2.40365280461753,5.52490503677671
1.33070169042999,2.60136826443444,5.62954490172293
1.32106940667463,2.80124879368416,5.86461776257194
1.22511726242857,2.99372295388319,6.22104281535112
1.00468489365897,3.16286816082607,6.67939604171616
0.637879185207113,3.28806444783369,7.20436909961842
0.132268796576052,3.34751204210891,7.74125884237549
-0.465646341302866,3.32327652682696,8.21980724856764
-1.07190928673751,3.20725328755411,8.56595240510843
-1.58557688180615,3.00594768784921,8.72104889140593
-1.92155947689386,2.74008461685511,8.65771295912579
-2.03751524245259,2.44005165403409,8.38529208949065
-1.94387712247633,2.13879213191016,7.94477062947881
-1.68977017021639,1.86439465595445,7.39287896242081
-1.33809343026555,1.63625977472327,6.78640156338799
-0.944867571751899,1.46471368494156,6.17274131271078
-0.548167189241117,1.35261466837548,5.58637386426617
-0.166661545231528,1.29914351457481,5.05059929273079
0.196297120564087,1.30156336440193,4.58053936498475
0.546993181345299,1.35755523034823,4.18719141548
0.895901392934913,1.46571141366411,3.87999513047205
1.25300288786532,1.62693914507261,3.67176865276869
1.62323150400042,1.84295110329776,3.57968652606266
2.0007678955175,2.11471361909703,3.62595185412575
2.36143642298116,2.44279553183733,3.84585409278818
2.65239224036951,2.82055828363823,4.27784116935461
2.78171267199095,3.23129152852436,4.9630331858794
2.61802363889025,3.64137487159944,5.925503804279
2.00964752991265,3.99513842574363,7.14639320711263
0.862775808731782,4.21758584964383,8.5212794010768
-0.754787272001931,4.23024831719284,9.84489733619139
-2.53926590638383,3.98226546809802,10.8460385193577
-4.0275956113714,3.48263810806904,11.2921107453826
-4.83358228357777,2.80741641591871,11.1034702338865
-4.86175040255058,2.07049311965566,10.3855204624167
-4.30412586699405,1.37712502964324,9.34973161325347
-3.47709520307223,0.79149314176177,8.20894883612099
-2.64544146239172,0.332918405167792,7.10849424355587
-1.96065140416841,-0.0105660163823429,6.12186081655385
-1.47481452260225,-0.265899009634211,5.2722455802962
-1.18153913844084,-0.463084079366945,4.55675922996545
-1.05236780736683,-0.628958811420651,3.9638167542242
-1.05689148697937,-0.785813195482075,3.48171505155082
-1.17070648908162,-0.951798936387618,3.10202760218785
-1.37814382256365,-1.14199595404753,2.82254812465716
-1.67024153361092,-1.36994061316397,2.64952245948761
-2.0384606251767,-1.64749362220891,2.59797325950763
-2.46837567186489,-1.98516334141659,2.69638608786321
-2.92651425905156,-2.39024086883467,2.98953980661937
-3.34151425950639,-2.86196194435238,3.53726112142057
-3.58083521657281,-3.38498893715048,4.41065114454152
-3.43587459444347,-3.91818425677008,5.66643425098983
-2.64645952472382,-4.38440217651595,7.29996874533023
-1.0246073729115,-4.67077541745539,9.17144550079038
1.3317071975827,-4.6546289239061,10.9623140262417
3.88241556410374,-4.26083959903458,12.2404297820748
5.82383814790618,-3.51974154530649,12.6665836873271
6.59499934886415,-2.57154294374937,12.2028906675954
6.21873230593769,-1.59764416971319,11.1083410351842
5.16284459654901,-0.738217833753464,9.75090517310569
3.94406994053349,-0.0547826660996172,8.41615185858043
2.89551415391746,0.455331595448485,7.25257635147475
2.14547639069798,0.829733454907128,6.30339369477491
1.69381286684124,1.1145150538495,5.55974909365839
1.48897609485063,1.35078909562893,4.99886984908401
1.46941819053897,1.57094273117719,4.60121767514552
1.57961597386505,1.79856330357276,4.35692312280363
1.77109093041831,2.04936468374361,4.26660446351276
1.99700012202638,2.33218290577367,4.34249171053028
2.20199066893926,2.64808984584057,4.60375155050885
2.31340401426669,2.98880571880258,5.07324313436757
2.23755645920739,3.3334600709315,5.76541675288675
1.87067918587085,3.64623884444996,6.66884489334394
1.13119506281252,3.87672619114375,7.72491852567497
0.0200951235378073,3.96730794206709,8.80913451526655
-1.32026368408732,3.87106259301856,9.73968702495092
-2.61311829920946,3.57312367843172,10.3273298000405
-3.55070618807117,3.10426138680234,10.4494852944058
-3.94472242213996,2.53430722264053,10.1026227775075
-3.80681388776347,1.94651844295831,9.39229740597596
-3.30251976373807,1.40950713569457,8.4728229091337
-2.64070382019753,0.962394618001193,7.48545186713899
-1.98747945858981,0.616190335995564,6.52763896544193
-1.43458814684769,0.360548709743025,5.64992802759746
-1.01463697028288,0.178378313186785,4.87219900025373
-0.722061548286549,0.0495160582748955,4.19484104524553
-0.535938215086416,-0.0437672302859504,3.61002395747363
-0.433421820508004,-0.115621534315478,3.10775108076549
-0.394793733882099,-0.177106948381738,2.67745053333854
-0.406638202939982,-0.236707692395371,2.3102443724336
-0.461046206091423,-0.301361824668532,1.99839821864875
-0.555235661228658,-0.377153909017925,1.73586254018426
-0.691124900147305,-0.470191546169815,1.51894774916615
-0.874206418855432,-0.587062910948764,1.34617375624235
-1.11340830876968,-0.735514822358672,1.21952724643099
-1.41994693129291,-0.924648129097455,1.14550003189373
-1.80692462732363,-1.16585412022531,1.13830852350584
-2.28461634900725,-1.47196580493711,1.22263590299937
-2.85352309460657,-1.8567112233673,1.43926299094584
-3.48927168900825,-2.33234915798233,1.8518273239951
-4.11470553954751,-2.90397361797714,2.55220952452131
-4.55546328192444,-3.55881475527684,3.65969599549231
-4.49591538242565,-4.24718163217586,5.28936262628382
-3.49756709864189,-4.86199553636828,7.47401489077306
-1.19431611350842,-5.23162569225393,10.0319158595108
2.27036344760534,-5.16116124823987,12.4602368893355
5.90955877806201,-4.54016451050989,14.0595509318381
8.32839895818817,-3.44865946881517,14.3564824689131
8.78791128901877,-2.13926294318158,13.4552934942863
7.66648498367715,-0.889818973958282,11.9050564457853
5.88297459377776,0.130093916895159,10.2743255446136
4.16883653568992,0.880992682138865,8.88872549053098
2.84818844885205,1.40243954695967,7.8414078779556
1.96044670823344,1.75839273861866,7.1048064096138
1.42129176549329,2.00860394512656,6.61473833883188
1.12380036368427,2.19725060483547,6.31317236236426
0.974361047310381,2.35341401949374,6.15747497488288
0.901541839638063,2.49365540612651,6.11994789968168
0.852183223445612,2.62529961479962,6.18179694646559
0.787093504687735,2.74875083535204,6.32860754165733
0.678422791066303,2.8594556773089,6.54482472524155
0.509125309747825,2.94941502691028,6.81120619956192
0.274950253677279,3.00901422648196,7.1021543857254
-0.0133115642592665,3.02929550895387,7.38613531831555
-0.330212642493696,3.00359795126228,7.62796298247393
-0.638356704163996,2.93055617510785,7.7944509344403
-0.896723164023777,2.81446824349442,7.85980307944696
-1.07032163759588,2.66552587091371,7.81103572645023
-1.13937027584702,2.49826695244817,7.65086209819723
-1.10183173641587,2.32871047930076,7.39508105753451
-0.970095127288942,2.17218828918694,7.0679972600078
-0.767114581159911,2.04104230062283,6.6990475610555
-0.516604545134901,1.94413168969307,6.31632383133606
-0.238939597699992,1.8873061210648,5.94523351394387
0.0506941181544446,1.87287953034676,5.60697989307729
0.342832910267719,1.90253080300545,5.32046621676201
0.631188559289127,1.97576296273732,5.10160146119935
0.909896095615164,2.09165816601859,4.96605720875899
1.1699482150089,2.24814306712486,4.92975293323379
1.39558997410045,2.44129121395696,5.00906481573592
1.56068694038114,2.66420483265158,5.22039884754423
1.62714309466856,2.9050491420044,5.57604333622713
1.54733692322679,3.14557644996583,6.07822678672828
1.27017650465689,3.35971444814107,6.71224741396473
0.767033546214047,3.51559334802296,7.43219849571568
0.0517946912528019,3.57949415418862,8.16038495673746
-0.794810631680526,3.52452709849875,8.79155202455514
-1.62967773038781,3.34129079765053,9.21707942141737
-2.29074483925562,3.04400698262716,9.35866571676528
-2.6574404709087,2.66841549540562,9.19282561277286
-2.69694018873777,2.26251208890643,8.75702891581501
-2.46390901682644,1.87218708434702,8.12944206796713
-2.05737180326724,1.53131754065187,7.39669110698097
-1.57911785250548,1.25784836599559,6.63384110794606
-1.10306445080859,1.05698200929192,5.89355991375177
-0.66852090160463,0.924465999561158,5.20683174797758
-0.286995723955023,0.853487526591549,4.5898662714671
0.0489772900396113,0.836079057719265,4.04837648138123
0.355714698509004,0.866720023639239,3.58422908209963
0.653119763078591,0.942489228854391,3.19804410721652
0.961002201003018,1.06328826610596,2.89170285854081
1.29747750516245,1.23247453336417,2.6720652246268
1.67651544714983,1.45537067916096,2.55162536800594
2.10406257690714,1.7384790996043,2.5514375113272
2.57231099669369,2.08907459516961,2.70683028667929
3.04610981250966,2.51113073694541,3.06862532987177
3.44352096230066,3.00006463957629,3.70327239597908
3.61354316713213,3.53398176969594,4.68242546091157
3.32581984031045,4.06232606190134,6.05525092396896
2.32107931353533,4.4967316261787,7.7881013423594
0.459981960993426,4.71623904708556,9.69492234478108
-2.04652847381699,4.6019359300417,11.4090226590172
-4.54068079606271,4.101984983099,12.4926073452935
-6.21722800976942,3.28012900926507,12.6696603753827
-6.64927559733557,2.29842786853554,11.9931464325771
-6.02257785610153,1.33684501693316,10.7826418006397
-4.86132750763831,0.516527324173796,9.40079668032303
-3.65288433704589,-0.121015587622403,8.09928637384711
-2.67174700919146,-0.592080340447532,6.99240171581721
-2.00134824950624,-0.93910498475331,6.10321380438593
-1.62095648111914,-1.20780733360179,5.41608079350832
-1.47185832569148,-1.43749955652157,4.90733615066629
-1.49145685912865,-1.65821728909856,4.55883960304021
-1.62568371665462,-1.89112164787224,4.36366568706392
-1.82631199880335,-2.14973611627201,4.32557664579561
-2.04394758989757,-2.4404647479421,4.4587039194798
-2.2184779063862,-2.76145259190847,4.78286389933102
-2.27167617559511,-3.10063847114931,5.3179580181958
-2.10630337476904,-3.43268476677399,6.07138870787871
-1.62452373201387,-3.71722274415712,7.01735978011549
-0.770121447038705,-3.90182503803582,8.07655294489625
0.412865292092171,-3.93193823673774,9.10619755912319
1.73739399865374,-3.77060507058859,9.92061482217696
2.91159717639268,-3.41776149086316,10.3503778869113
3.66331142647552,-2.91775729378123,10.3125661508468
3.86943148183405,-2.34541881531947,9.84029878848025
3.60011667285601,-1.77966862414155,9.05939931509516
3.03833949194378,-1.27890955583634,8.11976003850492
2.3790469283766,-0.872113438851493,7.14698793451453
1.76108414096844,-0.562435034649852,6.22117328815518
1.25337279761103,-0.337521043320766,5.38129133156152
0.874086771169051,-0.179459098087827,4.64029779860272
0.611139223414412,-0.0692597477330251,3.99542329117431
0.442972624581584,0.00881121899406407,3.43864353702535
0.346913886294373,0.0673472380778285,2.959419144266
0.305034583117424,0.115710842128394,2.54800037505076
0.304699894394092,0.161026150376725,2.19556828685124
0.338182359099316,0.208884288732161,1.89417619257958
0.402642371210926,0.264122661678147,1.63793013653515
0.49875502206424,0.331417050743272,1.4220431107207
0.630234096754573,0.415669785180505,1.24321425545903
0.804230213701253,0.522835452651493,1.10069357529032
1.03011892502455,0.659818169629712,0.996030243985633
1.31986631118363,0.835189396563449,0.934966035833302
1.68826675330495,1.06026040829793,0.930319994675995
2.1470739031096,1.34697710941732,1.00292480218033
2.70289571455901,1.70969740084115,1.18910392155133
3.34331100473698,2.1628342418557,1.54744349904031
4.01150273568236,2.71509329737132,2.16326637155201
4.56558210735116,3.36186531021009,3.15509020951942
4.72750937424424,4.06682844430558,4.65121051175218
4.06372969200554,4.74036315944601,6.73179509680162
2.11652130897499,5.22226919482246,9.29800212638533
-1.1890300171118,5.30647350521897,11.9285129101848
-5.08123040654878,4.8345733684877,13.9139112675933
-8.09742730205165,3.82506432147641,14.6305070149473
-9.14549477890269,2.50365723672749,14.0041370801838
-8.32462831367146,1.17365914666069,12.5301430347907
-6.54641344283919,0.0512550336742904,10.8442652264722
-4.68327467074854,-0.788603857173473,9.36376488815653
-3.18077462466548,-1.37337996152763,8.23315657352532
-2.13340046989717,-1.76702989263751,7.43853358781457
-1.47160668123062,-2.03350751823802,6.91197025782946
-1.08333090736262,-2.22258429312567,6.58434169270751
-0.868613973958754,-2.36746919135716,6.40389471015276
-0.75075471004276,-2.48822344166916,6.33501072002204
-0.675309929491979,-2.59502339290836,6.35417317054702
-0.604330590114674,-2.69120608834483,6.44399979911644
-0.512696984436108,-2.77544770810156,6.58893157998414
-0.385748205720288,-2.84337336059337,6.77271013551878
-0.219154106222456,-2.88934288935711,6.97606790560691
-0.0181591642089686,-2.90739049790516,7.17683798527221
0.201757773431344,-2.89383307915578,7.35147779836463
0.418371610591929,-2.84701165062299,7.47688766108268
0.606145263900247,-2.76954821452782,7.5350699865443
0.742070039732974,-2.66758078636584,7.51545321411548
0.810005133116641,-2.5501464512098,7.41629902681627
0.803883924306639,-2.42806223920185,7.2451867936638
0.727324420858341,-2.31230171750121,7.01679371082714
0.591626349032967,-2.21255086454684,6.7504906326355
0.410684376729173,-2.13697562369521,6.46682689955793
0.199946606019884,-2.09076043641436,6.1863138587149
-0.0278863092085419,-2.07776835554507,5.92777986949378
-0.261940347179563,-2.09948470972952,5.7079625199113
-0.493158035942073,-2.15615052392859,5.54195041469465
-0.712302446021686,-2.24695543779356,5.44434493807811
-0.908293485332304,-2.36903194295766,5.42766067620825
-1.06600185278608,-2.51784725504518,5.5035460014612
-1.16485030691296,-2.68620773159458,5.68113357345044
-1.17888569831307,-2.86340171644329,5.9645016846504
-1.07984261139404,-3.03455668259339,6.34857752227206
-0.844627611048223,-3.18091793643177,6.8142740697914
-0.465306580135943,-3.2811470613197,7.32520519910885
0.0378846564050676,-3.31451116307127,7.82641964906946
0.608635730640536,-3.26617922169517,8.25054270538073
1.16183769856132,-3.13246635176274,8.5322621953154
1.6054937697918,-2.92285133903529,8.62384061873436
1.86948889222861,-2.65948360886987,8.50871566926193
1.92631350846671,-2.37193678362405,8.20344121185429
1.79604821441488,-2.09038494017152,7.75158822933097
1.52713534069489,-1.83953808809308,7.20634500275612
1.1770717401904,-1.63592364456442,6.61975973039068
0.794332294571386,-1.48782112676922,6.03434551778281
0.41010969981068,-1.39736147950967,5.48079368789563
0.0387064683785236,-1.36389057924437,4.98051333575477
-0.318560918662194,-1.3850500874767,4.54791022283103
-0.667938194002737,-1.45922971720693,4.1946329690046
-1.0182059440666,-1.58575336506562,3.93200266084817
-1.37600598209014,-1.76548141724548,3.77482236405641
-1.74080994949312,-1.99921419870001,3.74184449321047
-2.09873348390887,-2.28771703486314,3.86120633012741
-2.41389138339053,-2.62740452678806,4.16663175716611
-2.61889966081819,-3.00720907476828,4.69596711363677
-2.60937593538552,-3.40320381855607,5.47989474542614
-2.25197756321739,-3.77336583865539,6.52184201620477
-1.42911082183121,-4.05632346694368,7.76511458615296
-0.11623034705545,-4.17769465011549,9.0664848042371
1.5174242209769,-4.07487942762542,10.1988617309395
3.10853413686567,-3.72421425854523,10.9153211631573
4.24015501686698,-3.16452210333845,11.0578844822357
4.66760319670318,-2.48652814411071,10.6320358722715
4.43029431205837,-1.79643956179726,9.78779774019712
3.77091233118507,-1.17722590316624,8.72947499613579
2.96841573391266,-0.67093220890788,7.63030189272528
2.2259241554428,-0.282936095030821,6.59850166726322
1.64177878645654,0.00529747392870857,5.68167745785899
1.24043078941182,0.219564189605144,4.89183963978226
1.00719774792681,0.386346261784835,4.22345659001868
0.913491827097408,0.528966767729728,3.66447614718501
0.933252206181907,0.666327672340574,3.20385158638879
1.04778130401375,0.813941445844826,2.83384312280667
1.24673081710395,0.985207718163354,2.55190242296736
1.52570368671222,1.19234855223259,2.3616220859517
1.8833313725721,1.44735183362943,2.27563863359137
2.31459774960448,1.76156793281655,2.31764358511451
2.80169578734478,2.14531121619671,2.52794237268877
3.29652327506953,2.60339688492667,2.96334313848957
3.69639943015994,3.13059645291895,3.70126151951371
3.81796533896675,3.69973221073717,4.82033176989853
3.38960833303294,4.24969241417996,6.36784050004825
2.12303487092569,4.67556095801044,8.28501685939597
-0.0851186241208133,4.83939241483312,10.3254652431951
-2.88465049477,4.61981035725232,12.0486051789844
-5.44585280256415,3.98519458787991,12.9833549578121
-6.91216866663348,3.04009938822789,12.9102169107019
-6.99288481688827,1.97998220920024,11.9929892660487
-6.0579734130045,0.991341620101432,10.6304326738609
-4.72524911349142,0.180360450258418,9.19973492216948
-3.4716420052123,-0.43187146477475,7.92496803277226
-2.5177110548856,-0.87752340216779,6.88497018800413
-1.90247286564193,-1.20535521505906,6.08093377363311
-1.57620854034731,-1.46330202938639,5.48504082829099
-1.46559625371519,-1.68941693978304,5.06920239572169
-1.50206939737439,-1.91076811314924,4.81599564499563
-1.6260278415265,-2.14483945506438,4.7191252422504
-1.78329011987018,-2.40070684673983,4.78282321698692
-1.91688526208115,-2.67921947277345,5.0179874842048
-1.9615908483789,-2.97195857543956,5.43480056604694
-1.84177614242065,-3.2600524895905,6.03613563094378
-1.48226938035044,-3.51294007253571,6.80165030198728
-0.836408905142406,-3.69069391484271,7.67283270121889
0.0767040908583612,-3.75064922790213,8.54590264384722
1.14050995881363,-3.66016332776012,9.28159303712669
2.15263613834483,-3.41070784868801,9.74013230116792
2.89657300809008,-3.02711834662667,9.83249197478583
3.23596255239487,-2.5612973618635,9.55144198199684
3.16729541379347,-2.07593071282184,8.96784260452302
2.7949158440477,-1.62544439431281,8.19213466647215
2.26578139730067,-1.24436900036747,7.33423820724591
1.70644529397954,-0.946709132802958,6.47695360855699
1.19570771769929,-0.729509226857735,5.67014285739749
0.767537469802394,-0.583294190765365,4.93871962150252
0.423412901465104,-0.494864823115537,4.28995750723939
0.148619573108377,-0.452655047791713,3.72262981089146
-0.077940645432455,-0.447824063536974,3.23153927028883
-0.278064734116287,-0.474731791836569,2.81034994890157
-0.47188452914553,-0.531030902620523,2.45365731875865
-0.677570014828416,-0.616988862326178,2.15720878480496
-0.912192996845856,-0.735990776535315,1.9203343017745
-1.19140665220369,-0.893215849714253,1.74501281233913
-1.53038341544604,-1.09660985224444,1.63960628807784
-1.94230181021007,-1.3564386892826,1.62104056491868
-2.4330420528324,-1.68391023457393,1.71761779689705
-2.99304072316308,-2.09059484097095,1.9757508059183
-3.57826826929109,-2.58398009649405,2.46372537531522
-4.07963077106773,-3.16115670414198,3.27617143285604
-4.28717830291521,-3.79472977675775,4.51491899133768
-3.86536567640607,-4.41704081827679,6.25584352760723
-2.44014976385745,-4.90509025506512,8.44645578053637
0.149179604382073,-5.09067350929162,10.8005702679519
3.46827342303533,-4.82285726989209,12.7748353967222
6.44196128009305,-4.06670156222059,13.7897250694593
7.99537451587501,-2.9608035013297,13.6075961460208
7.85932000258525,-1.75153216446183,12.4908269075242
6.59159890223734,-0.657784317108306,10.9559726786334
4.97739032608557,0.211083344083531,9.44258412198416
3.54537196707149,0.846715200796532,8.17383466022016
2.49690639081886,1.29529829093555,7.20209980386482
1.82997941445822,1.61583821541829,6.49949539130678
1.4631403734316,1.85988544079449,6.01892350895951
1.30184310781762,2.06545453333361,5.71973047939847
1.26453093878278,2.25702563007458,5.57560879503755
1.28432745404389,2.44804274356324,5.57189366170557
1.30531550086296,2.64275948052632,5.70019856850265
1.27815509508519,2.83760362006607,5.95493145367137
1.15867947709821,3.02190708907485,6.32515169676985
0.913004275930143,3.17919153498477,6.7882419098762
0.525133330044163,3.28890674315449,7.30582085325418
0.0104537062801386,3.33054278421395,7.82099203973804
-0.578066805631008,3.28846361026435,8.26409662087137
-1.1544475239432,3.15754213594174,8.56525593912097
-1.62276938435283,2.94716617267752,8.67341951179561
-1.9076046785451,2.67948409766606,8.56853043311208
-1.97890947966126,2.38504246673237,8.26699055421526
-1.8544564828197,2.09506631196635,7.81178383911893
-1.58482304709649,1.8354092301671,7.25834249877607
-1.22996921157633,1.6235102226431,6.66049052370839
-0.841251193134138,1.46797439520415,6.06242580338637
-0.451734625814835,1.37088245690053,5.49571281739178
-0.0766674249417522,1.33137104527002,4.98202741259953
0.282408220999188,1.3470007032515,4.53588914361944
0.632195769763773,1.41555741528759,4.16795672253108
0.982407734205398,1.53691394546536,3.89004631971603
1.34113419275816,1.71131180598926,3.71499242451814
1.70996542426218,1.9402215522828,3.66146615017394
2.07804957108834,2.22470454334816,3.75589413334631
2.41378069204182,2.56252697366549,4.03205104268484
2.65432963408499,2.94472134564215,4.52998479801638
2.69764586982274,3.34978371263979,5.2853893043591
2.40750276262262,3.73809819871765,6.31003073444588
1.65206652665442,4.04954690233603,7.55952389937692
0.378568182492878,4.20801341923089,8.90327505946952
-1.27605682590927,4.14383405486246,10.1168139560801
-2.95912893331561,3.82335902024436,10.9390332774459
-4.22553711104234,3.27617539794268,11.1829078342406
-4.77893180216992,2.59056515461801,10.8279740191301
-4.61603966320081,1.87745595634506,10.012928258709
-3.97539897157078,1.2281900276033,8.951381361059
-3.15259994546193,0.692615295097727,7.83085740256809
-2.37413472852994,0.279365089109965,6.77220963235905
-1.75517955827676,-0.0284092628326194,5.83084184125951
-1.32803966772751,-0.257496094494681,5.02173782050608
-1.078888381281,-0.43615812075476,4.33920996272069
-0.978975368938933,-0.588986781351221,3.77149679705109
-1.00056012761343,-0.736234104290693,3.30749127541328
-1.12271674491662,-0.894453314156933,2.93934630937174
-1.33359396675806,-1.0778758776429,2.66563712980846
-1.62641919022835,-1.29908169475061,2.49118716605489
-1.99686025584305,-1.57019067751027,2.43126229990736
-2.43467567510886,-1.90216772186815,2.51328452449655
-2.91241152897357,-2.30340272216741,2.78081288579285
-3.36687821798443,-2.77565351196566,3.2949069955033
-3.67412971521978,-3.30718638140383,4.1309318701745
-3.62869823534445,-3.86148454504909,5.3569607085605
-2.95606873438902,-4.36545137156608,6.98905644839899
-1.42122361914834,-4.70548922159634,8.91382808834437
0.945955169416545,-4.74988263365395,10.827495814033
3.64821412525802,-4.40415139064516,12.2780632600326
5.83451132333535,-3.68033233629521,12.8711552201684
6.82672768445439,-2.71288231238131,12.5127849978408
6.56082794964861,-1.69428136214166,11.4472666940184
5.50215954928378,-0.782313225107764,10.0666455263317
4.21695987846387,-0.0529869627291315,8.69105355524445
3.08749552703166,0.491919444071497,7.49112844963844
2.26649992006566,0.889877014577752,6.51789251113318
1.76237104657443,1.18864649832002,5.76375345476907
1.51988051617205,1.43222226180074,5.20245914314679
1.47146541573806,1.65477960710735,4.81123258992313
1.55575017245222,1.88075258663793,4.57775442381769
1.71893552489619,2.12589235254673,4.50013997444639
1.91012719416348,2.39837599152821,4.58794326537637
2.07199208105137,2.69808231040389,4.85573555291998
2.13320203286472,3.01557425243508,5.32082723927709
2.00874378665444,3.32942373656901,5.98835994530087
1.61131739524421,3.60522660042098,6.83840677482144
0.882210542925791,3.79663635896082,7.80699387037212
-0.154451330875189,3.85470220093493,8.77386694642657
-1.3569628976994,3.74180467518524,9.57651829253777
-2.48047554753438,3.45098804435237,10.0561112098017
-3.27201290082181,3.01371660964083,10.1171415307928
-3.58675229021308,2.49257631519655,9.76458863840683
-3.44386500535649,1.9597378960913,9.09217435131962
-2.9853139095478,1.47415229786957,8.23282690774316
-2.3856256957094,1.07011368692033,7.30810884930769
-1.78528995633835,0.758049023434536,6.40422522556683
-1.26351967985832,0.53031088956305,5.56807741109198
-0.848876501724445,0.372929655213295,4.81938946115142
-0.538214016075664,0.270020645023332,4.1615909740327
-0.31261016923198,0.207092358164993,3.58917050918533
-0.1496887549382,0.173016268817267,3.09363319317603
-0.0289962872634105,0.160025913810105,2.66614634427229
0.066592783730741,0.163075346683748,2.29803180591978
0.150559286314603,0.1794629178197,1.98173362635771
0.233672820484851,0.208222240351511,1.71052970585028
0.325101989199469,0.250040950646118,1.47941154738171
0.433375976134345,0.306807366164272,1.28412155011387
0.567027251869141,0.381586241646237,1.12168520960783
0.735203577230633,0.478631808505475,0.990849169906633
0.94973561144512,0.604453082023913,0.893590893583108
1.22360477737321,0.766925124781157,0.834747616919841
1.57104149286991,0.975816240495239,0.824473204183567
2.00619622782704,1.24303585281924,0.881221412483838
2.5398098673832,1.58309463907009,1.03728462781654
3.1671178935922,2.01034008269456,1.34345066265029
3.84902678539485,2.5366799856368,1.87837103642788
4.47348561217406,3.16353687741588,2.75448376586309
4.80468091181437,3.86585423707911,4.10290127414438
4.44207107590347,4.5718434385796,6.03389614682961
2.89422825813507,5.14037884736781,8.51987453387418
-0.0980274240554183,5.36738410652852,11.2405857978036
-4.02818183345141,5.06230758095169,13.5329411640464
-7.51874335015316,4.17975625853231,14.6751462446573
-9.2054380520357,2.89681566573962,14.3991514530519
-8.82626186551637,1.52067564700782,13.0807289597494
-7.17491335360237,0.310222116206995,11.3819759674184
-5.22906521323111,-0.619784864066491,9.81049332380255
-3.57103446582358,-1.27484984386565,8.58096464399862
-2.37336063972504,-1.71552927784982,7.70687645943192
-1.5939597372942,-2.00875403392936,7.12390247122408
-1.12197186350046,-2.20950983712996,6.75632385347719
-0.850757785889045,-2.35570467994931,6.54425156355795
-0.69776562759342,-2.47088697656569,6.44629604398258
-0.603879747823675,-2.56816586627799,6.43432100630187
-0.529141156372995,-2.65315826665249,6.48911766539199
-0.447344002745893,-2.72667498278007,6.59471963826456
-0.343086287821535,-2.78633578888744,6.73629913465258
-0.210254826963543,-2.82824368428031,6.89760882168683
-0.0510787793183592,-2.8481654490232,7.06081932656787
0.124570272939312,-2.84277377753699,7.20694086724548
0.300795986790113,-2.81068065889586,7.31753263661331
0.458794680165091,-2.7533979465729,7.37762533157574
0.579764451703673,-2.67479584335137,7.37629989844326
0.650034186563086,-2.58177803232124,7.3109577858754
0.662022369555642,-2.48253308091362,7.18508584065921
0.615254698351342,-2.38594647670812,7.00830001308895
0.516003178855428,-2.30048757962396,6.79517545543464
0.374836717789746,-2.2330569014496,6.56261565125629
0.202839065122336,-2.18947369156654,6.32775943657179
0.0119083083318228,-2.17301632421523,6.10718389151066
-0.187753251391886,-2.18634641140231,5.91689084264433
-0.386490234971507,-2.22942104901508,5.77025467375286
-0.574813282493753,-2.30179767899943,5.68057813312125
-0.74192496065243,-2.40104676623839,5.65918660257073
-0.874666515212229,-2.52294207516819,5.71538233051246
-0.956500458326028,-2.66116085272128,5.85596371294032
-0.967925917881734,-2.80664509383287,6.08305154551622
-0.888890144745688,-2.94730915230227,6.39129674211475
-0.703439046689522,-3.06822521498774,6.76494332489104
-0.408041091637634,-3.15307928581844,7.17502942265029
-0.01775401125612,-3.18595290866454,7.57994393172543
0.427534172077605,-3.1555585010539,7.929473872409
0.868226697679636,-3.05780679979626,8.17342327179399
1.23735547629961,-2.89844213161094,8.27294071738542
1.47930189775508,-2.69262755314788,8.20989289289305
1.56596837604766,-2.46203274693121,7.9910328285372
1.49960510574666,-2.2301128105634,7.64244886462574
1.30852948752215,-2.01800517904252,7.2034085244914
1.0322834950533,-1.84149089867959,6.71561574531094
0.708671601787365,-1.71026418569774,6.21639124803618
0.36592698799901,-1.62970193188531,5.73626384909953
0.0209481693757734,-1.60070636257729,5.2981566715564
-0.319610738253819,-1.62305253760911,4.91976300007034
-0.655327514896485,-1.69629507951252,4.61643244947079
-0.987847194866682,-1.81976748144608,4.40275908903857
-1.31627886267625,-1.99268010644982,4.29453676364023
-1.63198426111779,-2.21443638688621,4.31305118118805
-1.91343167773694,-2.48110826633478,4.48047286530273
-2.11851959990195,-2.78521441993065,4.82510905530099
-2.18338850259321,-3.11041613074664,5.36742900539072
-2.0215455474493,-3.42956092484081,6.11629413869189
-1.54373935771163,-3.70145099055262,7.04655170206873
-0.705070140727531,-3.87487761327138,8.07858690200299
0.445139345226746,-3.89752623540589,9.07392426695443
1.72299266168932,-3.73469660764423,9.8544132730473
2.84888539709753,-3.38772406283232,10.259834328359
3.56566807490132,-2.89991333783358,10.2128260945295
3.76091043692451,-2.34340579130367,9.74781422294929
3.49848235122242,-1.7937382859045,8.98269287901328
2.95500422473547,-1.30689929608643,8.06277289580402
2.31446921398441,-0.911054427861924,7.10801440907933
1.7096502231841,-0.609845672863566,6.19625139664958
1.20826373180993,-0.392423753251517,5.36687128780325
0.826962256617992,-0.241057492996881,4.63221614609903
0.555673597719087,-0.138510204175299,3.99129783015576
0.372887590744988,-0.0697573425822312,3.43629100735309
0.256334678245812,-0.0232072055793906,2.95745337328346
0.187348637099733,0.00960740725779999,2.54513054704423
0.151988773691088,0.0347215450153047,2.19046298504853
0.140649474879187,0.0564358005846038,1.88529630751918
0.147712038928472,0.0778816046568299,1.62316541752657
0.17014266306578,0.10155815276929,1.3979649104015
0.207340251883395,0.129720147025265,1.20497868173787
0.260291803300511,0.16458638330502,1.03991341340419
0.332014567592339,0.208863615088167,0.899930033724138
0.42649434393722,0.265471922189617,0.782291790217149
0.549955099230825,0.338375688328283,0.68595443543228
0.710374139656773,0.432484081453895,0.611066554211694
0.917857547226281,0.554012603166561,0.559800007779258
1.18488781474012,0.710872998050358,0.537447964521845
1.52722390905426,0.913737567479034,0.55487904090744
1.95894880960648,1.17404136981661,0.629482200587461
2.49367708568789,1.50706456570758,0.79280949757789
3.13098825921155,1.92802244346156,1.09428360589336
3.8395948884109,2.45082044085599,1.61187065734141
4.51958433245808,3.07971969573916,2.45726117700371
4.94643448865093,3.79563732042864,3.77205707856194
4.72111183591756,4.53280410705736,5.68409280948337
3.31440219432799,5.15415130960438,8.20102656757338
0.374625925336782,5.45029900564611,11.0385931389977
-3.69731943954963,5.20835375668834,13.5323665927099
-7.50564190251116,4.35307463892523,14.8909565793673
-9.50569319768696,3.04710770759313,14.7523989158294
-9.27117944442308,1.61255957938658,13.4628990909438
-7.59052142595823,0.335848196713839,11.7276666271804
-5.52776116807112,-0.648442812423606,10.1094681572975
-3.73916566005558,-1.33877677318416,8.85182805930442
-2.43002478036388,-1.79581467163533,7.97243004294213
-1.56018999421167,-2.09056561196337,7.39625815779643
-1.01570830759295,-2.28063866302447,7.03703754270311
-0.686731238095216,-2.4063130122796,6.82557029812269
-0.4896371330766,-2.49338566351322,6.71322901302849
-0.367617945101315,-2.55706496893397,6.66802117495142
-0.28389280386681,-2.60568173741681,6.66855743778242
-0.216014543572101,-2.64311100555094,6.70006045734697
-0.151128612823537,-2.67066956268466,6.75100176610528
-0.0832781838339046,-2.68834336150089,6.81157287055635
-0.0113387766697165,-2.69545068115951,6.87291541568526
0.0622497068336314,-2.69161410054083,6.92684949615995
0.132815914799823,-2.67691963589508,6.9662327138303
0.194454891467568,-2.65218919735148,6.98519078191721
0.241253736239717,-2.61924624715667,6.97996436791514
0.26839501373107,-2.58072076366018,6.94925223025804
0.272532935875143,-2.53981265084024,6.89396456516075
0.252592729281622,-2.50009790701409,6.81759887416968
0.209777193523515,-2.46510781234596,6.7257298761401
0.147007550277454,-2.43804756573819,6.625235701306
0.0685035201440222,-2.42170118994734,6.52391800322599
-0.0202882050928374,-2.41804255838524,6.43002759585929
-0.113311010064211,-2.42809255895837,6.35146451395907
-0.204220144627811,-2.45197142392554,6.29540181246671
-0.286348057235,-2.4889185528604,6.26813697605862
-0.352608392452393,-2.53717394808351,6.27474350199984
-0.396256370604647,-2.59370860398869,6.3175871189685
-0.410399955788049,-2.65467365186871,6.39735693303463
-0.389269534228826,-2.71516840769597,6.51139869568732
-0.329534036322182,-2.76963291974971,6.65325139207712
-0.231048419671407,-2.81226675480377,6.81299587541144
-0.0978388702140195,-2.837274551328,6.97716727697495
0.0597617069853286,-2.8403987159116,7.12962492807868
0.226976935824494,-2.81888564497125,7.25338176098001
0.385456455403531,-2.7726541400508,7.33294933744781
0.516620906614931,-2.70453764000525,7.35705168918435
0.604239259363484,-2.61972549803768,7.3193214819815
0.638506650641342,-2.52571626177878,7.22120028764064
0.616143853245244,-2.43082309579287,7.06979857130241
0.540536469657066,-2.3433487315739,6.8773434320799
0.419609204375416,-2.2708044546738,6.65904876689497
0.264447130705766,-2.21895204178985,6.43166358041669
0.0858112609333255,-2.19258018398723,6.21180050335548
-0.105258139068872,-2.19385799196101,6.01485361284591
-0.299179293513597,-2.2243190764744,5.85549452396857
-0.486544929829091,-2.28343501303532,5.74638318938415
-0.657405153067342,-2.36949488926629,5.69898627762581
-0.799568076028303,-2.47935828599488,5.7239159914534
-0.898314757743874,-2.60750173124682,5.82840754796471
-0.936053709105511,-2.74610298443873,6.0160315510038
-0.893716078804379,-2.88459008802965,6.28437455148914
-0.754655874890065,-3.00965489844524,6.62200433382908
-0.510469228668188,-3.10599794773663,7.00611034687186
-0.16856422543727,-3.1581533307472,7.40138068007211
0.242398918584288,-3.15313472286567,7.76226485884754
0.67217766970402,-3.08434892202878,8.04015385362521
1.0586290211068,-2.95347244429313,8.19276101022978
1.34311089661184,-2.77155448107501,8.1942623870624
1.48761654007721,-2.55719126683203,8.04168770201379
1.48179445214943,-2.332448159659,7.75226269353066
1.34401851507156,-2.11880738740945,7.35996489257895
1.10723768649645,-1.93385123040394,6.90365094360146
0.809081425493192,-1.78949421954843,6.42172787061098
0.480673556702941,-1.69232259481709,5.94645472184511
0.142687755611799,-1.64560677828971,5.50362207680076
-0.194182583609126,-1.64942323673558,5.11271404877961
-0.526711306796458,-1.70366166392681,4.79027654827446
-0.855154187828651,-1.8074772856121,4.55091588438387
-1.17882842243202,-1.96029495961644,4.41049171077325
-1.49149184910112,-2.1608639357945,4.38696782651411
-1.77585705403148,-2.40667793092635,4.50293192079058
-1.99802142117277,-2.69109672439544,4.78258923436423
-2.10320609136053,-3.00086965578578,5.24802344520736
-2.01528163796624,-3.3130230792668,5.91138712901587
-1.65119102272813,-3.59231406938623,6.75765140108059
-0.95070136228667,-3.79181927094771,7.72819620897538
0.0675300270223682,-3.861713314952,8.70713635488898
1.26996601305462,-3.76220355992804,9.5339125086397
2.41479176550472,-3.48307815417464,10.0462349821534
3.24313592702933,-3.05309280778697,10.1417069434995
3.59633002811406,-2.53329131523282,9.81668865013571
3.48366274090683,-1.99653094068177,9.16195592625418
3.03923327234739,-1.50391785973169,8.30863875996212
2.44172838892477,-1.09160716975329,7.3825389028998
1.83541779967251,-0.770994384812752,6.4723926808652
1.30524103784929,-0.536515031377983,5.62857733759891
0.882686528921697,-0.373633296489277,4.87209554653965
0.565762120386431,-0.266122218486967,4.20676200424761
0.336318582756096,-0.199295547160278,3.62748003762687
0.172388238314345,-0.161824019469561,3.12628168999306
0.0528652315683101,-0.145354487390913,2.69363414700968
-0.039312847453909,-0.144580341547259,2.32094089295071
-0.117617050666643,-0.156449877207878,2.00042436860822
-0.192651684959601,-0.17976131684227,1.72556309300572
-0.27313600356008,-0.214604144494769,1.49036478634075
-0.366996341446913,-0.262503026572664,1.29062398332746
-0.482008787985547,-0.325979943395504,1.12284640831116
-0.626295660498311,-0.408573450158838,0.984879293062688
-0.810602835554071,-0.515987137667754,0.877491948865534
-1.04596373392062,-0.654585892434664,0.80290276099391
-1.34635424711797,-0.833268263856961,0.768191028811084
-1.72693781264358,-1.06305535330052,0.786767993088374
-2.2009070952682,-1.35662147979082,0.881424616014274
-2.77521931736728,-1.72893204101028,1.09101761357014
-3.43562942530535,-2.19425459118528,1.47655558116768
-4.12104867619653,-2.76190151734908,2.12969898993778
-4.67874008951398,-3.42555833354405,3.17338202041539
-4.81037770529027,-4.14581544314014,4.74206871564788
-4.05293844474651,-4.82553585191558,6.91454061441279
-1.94318756015489,-5.29473211458624,9.56851474656071
1.55195534238708,-5.33825333462403,12.2415141613143
5.54614549313685,-4.80235338296693,14.184416817566
8.49181091610771,-3.72599454014322,14.7832724115677
9.3478887252649,-2.35908646512532,14.0295114649078
8.33898183354902,-1.01360902972767,12.4774826215197
6.45257987326692,0.101780059229765,10.7768319178857
4.55475958542373,0.924223552826259,9.32457521058162
3.05391231123651,1.48980243786996,8.23981744653618
2.01721113689674,1.86507468228207,7.49325732507281
1.36001650909481,2.11462759413188,7.0075264039494
0.968124108991396,2.28675893399293,6.71044074796832
0.743007043816692,2.41363278896405,6.54805763396222
0.612042854691838,2.51453587846258,6.48377818342165
0.525222564245778,2.59959589811639,6.49307131710897
0.449438168852878,2.67279494718625,6.55809922729029
0.363978259567395,2.73404181135298,6.66421867406807
0.257948218320916,2.78102047749654,6.79674697349433
0.128615607694823,2.81033502267649,6.94038208380569
-0.0195411677505107,2.81866951047662,7.07868201712769
-0.175832078258475,2.80406348766057,7.19516749592135
-0.32552108947783,2.76625798309034,7.27465251924087
-0.452263572292689,2.70743128564038,7.30528691282791
-0.54170227618276,2.63226782786669,7.28080149442824
-0.583652095665002,2.54715406948751,7.20051473021621
-0.573644688903825,2.45962020431522,7.06955416539674
-0.513403902880382,2.37743665501451,6.89823220905934
-0.409586486591788,2.30760027355943,6.70022471104508
-0.271055227017407,2.25616286364786,6.49055609153333
-0.108339746164793,2.22743784196876,6.28482669243031
0.0684139716543025,2.22434504799713,6.09798801304143
0.24961388154061,2.24816506961658,5.94371968983227
0.425928439933666,2.29907008667566,5.8349184079578
0.587708056175971,2.37534293851269,5.78220327436697
0.723623705267173,2.47418340252849,5.79553451118504
0.82009496972575,2.59070103223939,5.8821820301619
0.861570786466717,2.71775030477061,6.04534898860523
0.83127158880374,2.84584092496449,6.28313068737732
0.714553900750408,2.96309251315925,6.58569103513689
0.503049479048497,3.05565196373529,6.93349101202983
0.202657756786614,3.10972365643192,7.29559339564653
-0.163677472709317,3.11326120806684,7.63226293984824
-0.554045277681057,3.05947571725509,7.90007976095958
