2.98230949912904,5.96461899825808,2.98230949912904
8.47361162748857,17.0168513927962,7.93291700625216
18.1965641905166,24.3766596525099,34.7706449844257
11.878498717369,-3.07707643596602,42.9131545158663
-0.164979968127783,-7.75727072036255,30.2214541806624
-4.75277990583324,-7.41755286324333,25.0651682585092
-6.93731489301957,-8.99960915389621,23.4482908198593
-9.07132995305699,-11.1335866497425,25.1881132618676
-10.4539815366531,-10.8036703485691,29.1341301751379
-9.54255911555438,-7.60669149787045,30.5649188625926
-7.443876192867,-5.6047500101922,28.1347184707642
-6.33893423102017,-6.04462572494738,24.8934958093706
-6.83854131322009,-8.07744684798778,23.0524516338599
-8.61333271929148,-10.7310569981607,24.0940253133794
-10.4194008790438,-11.4744195177806,28.1424828716795
-10.1171899709363,-8.48978028727128,30.8946321668371
-7.92205607298599,-5.67542220121593,29.1026291679636
-6.32837930849553,-5.54255729680598,25.5936879345902
-6.40117486176067,-7.29535582543505,23.0646390043223
-7.97527329844381,-10.0973073980057,23.1490171572185
-10.1306677164746,-11.8954737623924,26.7978840030886
-10.6273723397911,-9.62930987683398,30.839593544399
-8.57374497690182,-6.01398195098329,30.1381376773683
-6.47481683433382,-5.11733794053138,26.5268500022939
-6.03157434161642,-6.48200727187444,23.3533762957112
-7.27311508375848,-9.22191067440256,22.4155612611824
-9.58026413124779,-11.906375453723,25.1915763358083
-10.9583390517006,-10.9193075488927,30.1903490285316
-9.39349705479529,-6.74632424901685,31.1282381540257
-6.83930639499922,-4.83537622852982,27.7119296320219
-5.77645028690382,-5.67467286510203,23.9599758001094
-6.55767966588699,-8.16239736019351,22.0035510607671
-8.77999066124211,-11.3990030073619,23.5231511457946
-10.9579847528026,-12.1040147003199,28.7714906488382
-10.313846079724,-8.01094974090745,31.834970952607
-7.49137372862254,-4.8097669685205,29.1494726446305
-5.70406923335697,-4.91907865842391,24.9337467284313
-5.89046090651353,-6.994776151993,22.0074312487321
-7.78813413177279,-10.3644213269937,22.0566106289785
-10.4859967343359,-12.7771048865367,26.5811400015287
-11.1544062367854,-9.85602701286778,31.826147572866
-8.50042954321115,-5.25762399490717,30.7769721448121
-5.91157244661733,-4.27947924788734,26.3301378523875
-5.34806689129674,-5.79899045213061,22.5121979452669
-6.70325817713748,-8.90667435945015,21.0614897299427
-9.48856453216313,-12.5270002178675,23.9348821689893
-11.5809386896105,-11.9984728943498,30.5025409614207
-9.86500119255532,-6.54009517561013,32.3346198353877
-6.55549579187226,-3.89821296406824,28.2153624526648
-5.03763258088592,-4.6508583767604,23.6068351715445
-5.65067862406462,-7.20923077113975,20.7601332154758
-8.05694443798855,-11.1865333001276,21.4520115641861
-11.1733697823683,-13.5582995337202,27.4734898536783
-11.3432887848154,-9.06665653210699,33.0568175524991
-7.84252216077936,-4.11533526763691,30.6079456541021
-5.13633559966353,-3.63727561700598,25.4101428436807
-4.77755010134901,-5.47027425654663,21.3194665066574
-6.42153942111108,-8.99116685439232,19.8176442917353
-9.70017298639459,-13.3316733378033,23.2919182582571
-12.187927164424,-12.5686613107527,31.3815870888176
-9.91644631159378,-5.75773347520049,33.1815798485411
-5.97496954186201,-2.96189239632356,28.103277621646
-4.28774821679469,-3.84635703953294,22.9013816864127
-4.87995740296188,-6.45104040764002,19.5207488424431
-7.42066132862086,-10.8950689248346,19.6150117506165
-11.2613397529709,-14.7182635104089,26.1050804991322
-12.2390426449359,-10.0793142446907,34.0775314162837
-8.12263928257285,-3.40349627598079,31.8509380430855
-4.58118248971937,-2.46969634582116,25.7759747459393
-3.74913604346764,-4.04236045350352,20.8273572401112
-5.00720120997168,-7.23741731947275,18.0469225691107
-8.27465409605419,-12.5000535454011,19.6111741366655
-12.4251360293677,-15.3318730183387,28.694681378907
-11.8111606060726,-7.65593417337372,35.3718483369543
-6.66063957267265,-1.94360581973121,30.5186152614976
-3.54592169289512,-1.98951453466404,24.0886743122148
-3.15074284731425,-3.75515846727644,19.2224091581246
-4.6659035076145,-7.15253258259098,16.5347633641687
-8.31022841643843,-13.082526188975,18.4586281712742
-13.0555740957834,-16.3337618151851,29.2122341917671
-12.046256264639,-6.8621076055805,36.5311548755683
-6.03255905119148,-0.82199091415116,30.4891682903994
-2.67786806322901,-1.00468906324961,23.5884503869075
-2.10187153099599,-2.40840974870527,18.3843741418909
-3.14121126500679,-4.96562226422811,14.8929245001567
-6.06523562530437,-10.291767433031,14.4399266921124
-11.5781870949285,-17.6925062253808,22.406249431639
-14.5563238164238,-12.2772545762326,37.3176006300704
-8.1869513663017,-0.481252911462255,34.4891735317799
-2.51005087242341,0.926242061063436,26.1520613222635
-0.58123958270199,0.284086344506533,19.9504184188389
-0.168215084020998,-0.0409650771620907,15.273084808347
-0.16010906464056,-0.242076456900186,11.6968807844504
-0.331204875713974,-0.612965655456046,8.965517950541
-0.819353663015556,-1.5955138320432,6.91868097600758
-2.17687050341574,-4.35303745840265,5.67279171687357
-5.9483277500422,-11.839504042741,7.14293289190963
-14.3357792649437,-23.8487707810395,22.4418387454106
-16.3194633458353,-7.50368571598807,44.7772640304635
-4.27196380708841,6.08738811246789,33.7262871248591
2.29439481164794,5.9591820104235,25.6608523466608
4.90504497834503,7.0981946749186,21.7754721111545
7.41645874586982,10.3675191058193,21.4216957208696
10.5051887337778,13.2293128248381,26.1048453567341
11.4920183389578,10.2669353183409,32.2026859218362
8.62930618258132,5.00634196981967,31.300833621349
5.69989787076154,3.80995928732084,26.4715201120211
4.95392419063222,5.28156774093864,22.2568138007401
6.23193697544218,8.42153440650067,20.331230083823
9.15915544819316,12.5586243096407,22.7939036040357
11.8321166891618,12.9031502924191,30.0893762191762
10.3911457571108,6.8613185294715,33.1278122325761
6.62793910077942,3.44707220317392,28.8786926965853
4.68339690734397,3.96960758358843,23.7752940907049
5.02673652870588,6.35861752692827,20.3077191849722
7.29582095306277,10.4552835129927,20.0721276309627
10.8522902164307,14.1724002545278,25.6542196316032
12.0886050686271,10.5548406609974,33.2687765350281
8.53293779223381,4.12685678342096,31.9579590404968
5.06448443867733,2.87992009754263,26.2867645573885
4.14745261172071,4.37033966181887,21.4763368455384
5.35173186814492,7.52596267115237,18.8498313382078
8.48755222476258,12.4520266803468,20.5623416962418
12.2077967927349,14.6060349501142,29.0126806807956
11.4229535033437,7.5565962014745,34.6475738965948
6.74909219374374,2.49773505500539,30.1271149653495
3.96079638460832,2.6226486944949,24.0964594292627
3.76724153062371,4.5935102251616,19.5922817961331
5.55741168009682,8.35774855167443,17.5928290443336
9.38130025688839,13.9909055872957,20.9500464991633
13.0948660570157,14.4680715545567,31.5658663310978
10.6615175310773,5.3059250320512,35.0650553440515
5.45431429321181,1.43248849386223,28.8096341058067
3.06547188303236,2.11574173445649,22.6139887932149
3.13532492888492,4.11129361873859,18.1081949886432
5.03856731054747,7.97198732032876,15.981375623701
9.18016130286428,14.3883338284205,19.3260666708533
13.7039854018316,15.7656314874671,31.698336218289
11.1001485949938,4.8165751118988,36.3212264531467
4.99429866737679,0.325193734567818,29.161365687726
2.1716103568225,0.894246062310878,22.4570204336617
1.83375214740312,2.25300577075689,17.4466310199679
2.9216176367189,4.75536027285039,14.0631024800935
5.86571207549504,10.1554767115402,13.5961474822448
11.5878067881169,18.0994213074416,21.7184771098394
14.9199743182574,12.6606595450856,37.8166493124721
8.17605660318243,-0.0260048449999799,34.8674435632158
2.16466888431909,-1.46693117762319,26.2391513988255
0.0647646101264732,-0.998981016859296,19.9953085815991
-0.663646138885031,-1.27107331703891,15.3452845335464
-1.46139543206397,-2.58784814897886,11.9261580257403
-3.28565342713757,-6.06361879302598,10.0063174209469
-7.70406649512171,-14.0696682949934,12.47179326389
-15.056094798872,-21.0638447251213,29.107421582908
-13.4480952703535,-4.31535368788533,41.1860379078128
-3.85519261541042,3.56678033015291,31.1358336888626
0.798905690244114,3.39602727605235,23.5163662794222
2.70101385404696,4.3953671374915,18.6331310731486
4.89287747546992,7.84439395280326,16.28077007738
8.94828902248618,14.0273711358577,19.2079512117407
13.5022661710163,15.8658747915405,31.0465315989
11.3312393705783,5.37613836638853,36.3223703370711
5.29740067681145,0.532473629894873,29.4822975748946
2.37362506861048,1.02672209254648,22.7594696416469
2.01491900088163,2.45917585082642,17.7327096769805
3.1713367553847,5.11792113223148,14.4087287107673
6.2641408934339,10.7156153974213,14.266771703735
11.9853213083212,18.1539842688358,23.1097281334903
14.5312492809054,11.4332029135953,37.9981211896891
7.67841942033847,-0.0497587899218674,34.0588638860215
2.15077378257118,-1.10948546614041,25.7227750859157
0.312636601632828,-0.553575787863793,19.620211245729
-0.191305651451952,-0.50602398930666,15.0232638811544
-0.529935716500651,-0.965987451199003,11.5267321343768
-1.2296455275744,-2.3053956728554,8.94846246431403
-3.0544213131638,-5.91367495018224,7.59735782162151
-7.76925003966993,-14.7480836456548,10.6556939891977
-15.972796040025,-22.5418186636186,30.0934274248966
-13.3831670584392,-2.33840201997241,42.3543996081662
-2.68173344018371,5.08030063518089,30.9164180150569
2.12750832141174,4.88194838841503,23.7697603181512
4.34059964132115,6.5127613373734,19.8416833532405
7.10199728021798,10.5849324075323,19.4898854578722
10.9883188123596,14.6388162869164,25.4472690324492
12.3638333977469,10.67331991969,33.7968903763918
8.46355198011842,3.68320306762025,32.2442337570093
4.74859750016188,2.43392650874908,26.1928052988818
3.74629041054701,3.8983327214535,21.1321262010394
4.86877779268932,6.95834266347215,18.1632909120983
7.99450249637882,12.1051799132706,19.310786959268
12.2075542071062,15.4432570392992,27.9197278801201
12.0718495998513,8.3131298003,35.3420693859012
6.99453060379011,2.104594658187,30.9763394204798
3.67212028324585,1.9302546792282,24.4861083956525
3.1323544130326,3.61997891022388,19.5087963599342
4.52730544736439,6.87898311292927,16.6465920112744
8.02459433416788,12.6659099939101,18.1500675305688
12.8297139774907,16.4701215872941,28.3775093786136
12.3426429757697,7.55957008337837,36.5587078689372
6.37123250528873,0.958948626263267,30.9535665616964
2.80748965397419,0.966594953345396,23.9685550035155
2.11403526221895,2.33910024671147,18.6724867609829
3.07642353810042,4.81544504777583,15.079680283165
5.88567286915461,9.96706915939695,14.4056750272384
11.288083636025,17.4226302400492,21.7946182124102
14.6190969608244,12.9300614390653,36.8749259575091
8.55214886144944,0.789728435898027,34.8675719557144
2.70549431313817,-0.90498149461888,26.4878489548777
0.667020997780182,-0.248118770433627,20.2028498797754
0.24402603764212,0.139767994129706,15.4679650816878
0.290937060872754,0.465608892968779,11.850794755095
0.619829463884145,1.14825935525559,9.10546058479364
1.52863645703445,2.96734755032951,7.15890196926908
4.01332161716214,7.93351968990066,6.76025250678854
10.2892007305832,19.0538742546672,13.703774898144
17.6615179997016,18.7588499050966,39.00837177875
9.43765311896505,-3.14848199856024,39.0411966767902
0.0843964926779501,-5.59366420182784,28.2198241822824
-3.46798461492471,-5.77145586894365,22.6038590888027
-5.72962353966889,-8.29428401016738,20.1478262755965
-8.87750377144487,-12.4768180756601,22.2137222811502
-11.8746264435752,-13.3665574959955,29.6848576777591
-10.7018571691195,-7.17812681954159,33.4903259834075
-6.74828309312253,-3.28653924601351,29.2996218130625
-4.55896551909267,-3.6476494289265,23.9723261512093
-4.73284339009327,-5.91274542170928,20.2069639584722
-6.87238195431234,-9.95435919872282,19.4730131512924
-10.5425075689283,-14.2571409197364,24.5488889422157
-12.4001374690793,-11.4817048688029,33.0587343438827
-9.01089780053241,-4.33312680794117,32.6966446499831
-5.14333035368535,-2.55765698429307,26.8725952647893
-3.89726409423538,-3.84863187517494,21.7289612432741
-4.83949088355853,-6.74858252120921,18.5955173715497
-7.76044750052444,-11.6547787608588,19.3323383199328
-11.8774907614211,-15.2618272533065,27.1923009552501
-12.1954339951591,-9.00530377129796,34.9854228988854
-7.40756979202913,-2.51408385856254,31.3475009560241
-3.97056420940971,-2.08453566214829,24.9482330494612
-3.32410641081243,-3.74524440495769,19.9572983188483
-4.67429115989956,-6.98765975346264,17.1057605320912
-8.09921351338039,-12.6101853102365,18.6161373439739
-12.69744392842,-16.1056694750785,28.4703142461525
-12.1791904381575,-7.61000440375504,36.1775776237352
-6.47505168163798,-1.28080642813883,30.829214383718
-3.04943967824667,-1.29548078827386,24.0096034673108
-2.45201044292681,-2.80465676627334,18.8324292879427
-3.6087458189687,-5.62250100493443,15.4994792133103
-6.76804176508249,-11.222521366916,15.6691028303955
-12.1807308479178,-17.5851323637846,24.7234821242526
-13.8370338331999,-10.3164608517983,37.4121392266541
-7.40178361763616,-0.514740899789101,33.1305455210363
-2.53849316254321,0.271333208826084,25.2909770086607
-1.07061592525647,-0.580168755583602,19.3799541898722
-1.10790246727984,-1.58450746288227,14.9352261109723
-2.05404513027819,-3.57407861840275,11.7813061093828
-4.55869637882458,-8.34857203465461,10.7055886211458
-10.2091974178094,-17.6255029760926,16.7614968466824
-16.1222950439981,-17.0641078531638,36.649932715372
-9.89047446475542,0.215523556835676,37.8669310727341
-1.91716516315997,3.18585647037297,27.9585733248
1.1978085246443,3.01942278900994,21.3981393185107
2.78806416384066,4.50738786922994,17.0492590313786
5.21542599085734,8.59704055356712,15.3225178287438
9.82674692054623,15.4442704988067,19.8581863474993
14.1763660391548,15.2192690829087,33.5447962139173
10.3514324811517,3.30858817377918,36.1020460937259
4.17043942707147,-0.182738753728699,28.2565943486729
1.62678075183623,0.513523692879426,21.6467354806363
1.30887251632157,1.60855466102293,16.6985140527211
2.13151528380192,3.53948353458661,13.1594577176539
4.4597142363812,7.96831273168358,11.6982476092193
9.67169824052998,16.5506596659022,16.6634917228357
15.598666076624,17.5603276109149,34.7816881602952
10.6558823813962,1.27876967066353,38.1482672212431
2.76775294009354,-2.54184522815431,28.5370290959291
-0.451830961704898,-2.21887480661181,21.6794372516355
-1.79194204487304,-3.05250473934236,16.8719982475564
-3.51233317504144,-5.93545827951242,13.9437325009943
-7.16313790701325,-12.2466549834375,14.910723233991
-13.1455564163728,-18.6730726549153,26.2934867834461
-13.739938734102,-8.3608582384398,38.812762325951
-6.22190576992873,0.813731429563695,32.3078124978212
-1.5347152520774,1.05291264118623,24.3887951505944
-0.092074779177974,0.60533333836324,18.6279247580887
0.373164236937135,0.752125681922267,14.2742182724534
0.870430150936273,1.5760241687592,10.9921962258838
2.03165777419031,3.82925572288306,8.74945195184509
5.04522629826107,9.6748286020965,8.73730957534404
11.9019967185607,20.5515354063854,18.3092971800871
16.8562877886081,13.8976714123732,41.2654064649253
7.46564609865636,-3.44159398724842,36.2312000922977
-0.112469302176206,-4.53101729982313,26.6295828085873
-2.95647037586506,-4.95724064192932,21.1208970255749
-5.12520145660515,-7.77866885315696,18.4184049970618
-8.60750426117973,-12.8510878457476,20.407074442382
-12.4851445544317,-14.8176629164234,29.5417165187934
-11.3655819005752,-7.04247055340492,34.9904391821875
-6.41536464283997,-2.089103281288,29.9177464920557
-3.64308969768084,-2.3552420213346,23.7339586337795
-3.47769507294621,-4.30262073775589,19.1419999355664
-5.25014453788934,-8.03479175628742,16.9633686311673
-9.140470904936,-13.9652394374912,20.0523665800325
-13.2811083465971,-15.1856363708413,31.2342218770252
-11.0295002779074,-5.41813336745925,35.6940935595859
-5.42108751618493,-1.01500967889104,29.197877074372
-2.74837429220483,-1.58679907862966,22.7267331609387
-2.59913178106686,-3.31386980766037,17.9339503627326
-4.15159216763537,-6.64219889628767,15.1625054587124
-7.89319664419357,-12.957218405328,16.7949226782934
-13.3110601878169,-17.5583476192073,28.3656776619557
-12.7299829270385,-7.10122219890491,37.727355387282
-5.90272929822053,0.0942948679260699,31.1385877557029
-2.00477265157337,0.0426715877518525,23.7551449890573
-1.03675544682673,-0.850589504897204,18.2336021724127
-1.32045377768345,-2.04138618466836,14.1024048055654
-2.60942934161977,-4.62264065800095,11.3542031285888
-5.86887491635442,-10.7011822277605,11.4889146261591
-12.44824593269,-19.9409643840319,21.7570411586003
-15.573337913587,-11.4755164324608,40.2937707712488
-7.01667085067914,2.13697141256903,34.6190086663597
-0.711443832849265,2.93812965698,25.7012693489026
1.57311338964962,3.08639411960398,19.8485218349886
3.16324284991916,5.12912164967692,16.0451590839999
6.03724902568015,10.045957315657,15.3152249316601
11.2000820185955,16.9244853006312,22.3778678247487
14.2384962797116,12.6483228933017,36.2464306701486
8.63421424773615,1.40570148494383,34.5215705355852
3.12176409326295,-0.313263217653542,26.4978642494493
1.2381913042218,0.513618711594994,20.2942350413082
1.13355110250112,1.52302941103422,15.6366111494663
1.99371978972375,3.40836294567184,12.2990132342823
4.33147008416497,7.8727378274559,10.9409181890239
9.66444275138775,16.7929450151565,16.0418446751587
15.8935349068611,17.9890553702272,35.1180651416988
10.6507321162621,0.770002498233812,38.4905580078051
2.44079854907201,-3.02242337378048,28.5622405550753
-0.890454825732189,-2.77634803284358,21.7618567317847
-2.42401216823768,-3.9772079713093,17.1656025016326
-4.58252904530224,-7.60099584031214,14.8936901220167
-8.87096800200534,-14.4059939817445,17.9748461455329
-14.0220150536737,-16.8439080708691,31.3180968883861
-11.5774960254469,-4.75710681287537,37.287762904528
-4.80831649622069,0.411568179535612,29.6039624270294
-1.60133302166248,-0.0359948570872928,22.5836042329428
-0.925006274574162,-0.890616543393477,17.3362031003265
-1.30514299635437,-2.09531730730051,13.41340909614
-2.67934903097218,-4.81312944138086,10.8552444316873
-6.13418431512547,-11.2516103136417,11.3595345792569
-12.9782179332316,-20.4957243517923,22.8308648178342
-15.4035088052589,-10.1539788633378,40.9568974594008
-6.35171913770831,2.64749180672295,33.9984170314256
-0.306144120816294,3.13950616805275,25.2839371303386
1.90684445206592,3.47104555806887,19.6443209004926
3.65369255897518,5.87973900148753,16.1703897149284
6.87074451687836,11.2551116446906,16.3179708532856
12.0784250629632,17.1644486986397,25.0544777539839
13.5772634736779,10.2236422972234,36.9239793954452
7.49055089762103,0.943815020322427,32.9179730281259
2.84102426424397,0.153721982825795,25.3003153770682
1.49529636104417,1.16268384309107,19.4748166812561
1.79023936499859,2.65872557083837,15.171139785178
3.36006046773011,5.79744759403765,12.5434711982322
7.16930311795571,12.5884097849514,13.8144439081152
13.6390736749993,19.6115996223924,26.5419427855682
13.9459459862853,7.56509360121219,39.8513820557659
5.62272265351691,-1.79849072991011,32.2050451183378
0.775934003050884,-1.89851514553729,24.1759768885129
-0.860802124440345,-1.91126605280535,18.5452995601233
-1.95053380897372,-3.30185136239832,14.5198549807634
-4.01246324197641,-7.04135874793674,12.4396439388471
-8.56169807910134,-14.7455680429929,15.5580206729644
-14.8054843474235,-18.7440844500426,31.2691761996766
-12.1500010426896,-3.87663231076297,39.028868873797
-4.05361359738732,2.03299522382068,29.9980155702727
-0.286030734109889,1.71988441827335,22.6640993066486
1.00929435596211,1.96262048762676,17.4294473490398
2.13955116090538,3.650393033142,13.7275127396437
4.49264930846352,7.96415718637829,12.1627241459324
9.59905397041355,16.2977611797214,16.9211951875071
15.3934136787679,17.4256959606409,34.3795016875496
10.7553836328222,1.7091638608631,38.0218410790505
3.02722093883561,-2.2436991796421,28.6173726167151
-0.161809453939778,-1.87310442096566,21.7118916967678
-1.38444941132274,-2.45087168115615,16.7842136366259
-2.79509627880757,-4.76998328288454,13.5005838258051
-5.8533157931008,-10.2736895258675,13.1470431451556
-11.7627380300038,-18.4856120971087,21.7021757863654
-15.0758375862546,-12.462895793821,38.3488809894368
-7.94674326335251,0.483403215962986,34.8409377583923
-1.85742266593434,1.78123730883355,26.1070340360294
0.279159239669874,1.43292686396022,19.9119467456909
1.18858032605528,2.09069982509801,15.365310609674
2.47076259898386,4.32862312829074,12.2678097824741
5.42311413608123,9.78162021091034,11.7886630512854
11.5143578726056,18.8273239613331,20.0653463034493
15.6945093398679,13.6524279785964,38.7524827126283
8.21522909176341,-1.07010203656751,35.7153592600507
1.46314013532081,-2.60297576833177,26.5224647394228
-1.00432046829773,-2.47578033602694,20.3139221428677
-2.35788632484345,-3.89299093990838,16.026495923188
-4.59749591484311,-7.79643150139771,14.0222607218202
-9.18319513129162,-15.1114919718204,17.7548163307567
-14.5048475440547,-16.9779276639124,32.4845609208173
-11.249344375382,-3.63663730300425,37.5178302382445
-4.16877534834457,1.01568968059758,29.1553431564676
-1.02668234809304,0.530748567381306,22.1500796149952
-0.226247293246269,0.086618973421197,16.9465633400149
-0.0991703886244424,-0.0899461121733355,12.976527492751
-0.152777971120837,-0.267155891963391,9.93829841650707
-0.35777751703002,-0.685530743271061,7.62016905984927
-0.929656637047193,-1.84597269995778,5.90357515287506
-2.54967638676508,-5.16258391128675,5.03300906984977
-7.06699270204082,-14.0434647196061,7.80379317921719
-16.1097453363415,-24.5774273764786,27.8424941169876
-14.5018596809338,-2.44801556516026,44.3706583452016
-2.3148249940082,6.61184531549698,31.7952978784219
3.18063428082317,6.28792833307751,24.9130873101768
5.59699532880601,7.84159549720823,21.8383021600916
8.18611332147324,11.1204325728634,22.5282376083305
10.8930474248541,12.7835118907432,27.8061791786121
10.8732339603928,8.84186948054014,32.2502964875515
7.87831700380416,4.71900604717436,30.0599125583207
5.59061976628384,4.35644866109316,25.4718791175263
5.40688600871413,6.21155190146578,21.9289265991043
7.09487473062021,9.60011143032835,21.0843955745933
10.0426456857356,12.9951975376625,24.9381535271874
11.6368683473667,11.2179479017741,31.5127775057453
9.2535656530345,5.66000986774887,31.9243725515821
6.06370894663432,3.77006027607396,27.3213799612561
4.93395278509403,4.91433641090508,22.8635819069422
5.88831668976562,7.77320222307222,20.4329009565207
8.58463976263072,11.9107719643901,21.9686254865701
11.5781025474201,13.4103285255781,28.7931071422018
10.9481506487451,7.9424298325709,33.2824255098297
7.20474766790953,3.6748225736344,29.7919273151783
4.84563158001236,3.7325221290014,24.5663779814672
4.83451886583024,5.84173104571657,20.7375746004391
6.78883247948158,9.66295212838977,19.7877722378654
10.2626491100048,13.8576447074469,24.2799446917103
12.2557190265771,11.744643012938,32.4411683778044
9.28146553443153,4.86819301460257,32.7336284091997
5.48027641327956,2.8289058723012,27.2411809360348
4.14787700867858,4.01850026990262,22.1736471816875
5.02270516236588,6.86756188321319,19.0895931761262
7.84547131355354,11.5838160740135,19.8377692514505
11.7365687975908,14.8723049347562,27.3130747736037
11.9931079257972,8.99474200818613,34.5551990491466
7.49578769045562,2.87137630214708,31.1693975334034
4.23015596927649,2.44201485038106,25.0206450747395
3.66764385251163,4.17946048049872,20.217278166566
5.13515267265415,7.58564549820975,17.6899880189087
8.64003949179983,13.0833128829713,19.8618558316447
12.7654705282804,15.2597966696574,29.7425823593777
11.4871743528329,6.73990628280474,35.4963921425439
6.16462647527801,1.60517888344001,29.9454049412522
3.26721322701668,1.91074617092649,23.5222159731141
3.01589138515721,3.71717746430403,18.7285231996819
4.61419721796377,7.18830588477633,16.1141386952434
8.38254234817358,13.3204905384594,18.2288259481225
13.2656129657942,16.5542626221198,29.5354457747768
12.0285447611653,6.48644101712844,36.8031648012228
5.79031170595226,0.507151017991309,30.3727271934624
2.42297818293883,0.749776415473263,23.3950510277413
1.81100500857193,2.03367790596116,18.144916534481
2.69856667465524,4.29356352107799,14.4940974748394
5.30802675928622,9.16156711783628,13.413521545986
10.6683923430629,17.1786506348916,19.7899550268163
15.0715875893397,14.7390613456212,36.2662728330046
9.34824304957019,0.949353599183006,36.1126561115368
2.74663556547151,-1.48373664724486,27.2882001038388
0.269781811460896,-0.971075403616282,20.7580913608539
-0.512803695205277,-1.07820930443209,15.9118716084814
-1.18695313586155,-2.09812691617765,12.3003687078535
-2.64950672455792,-4.87700981884444,9.98784969605227
-6.271363728521,-11.6585912471247,10.8226955769813
-13.4445934600131,-21.171901442779,23.4552845325319
-15.3865798867565,-9.09715675829047,41.7148971402801
-5.74275343787952,3.31736006187902,33.6178170706269
0.222856366911717,3.59358419496657,25.0521137700215
2.46882973924428,4.18193215264124,19.6939759002293
4.48403088176239,7.09333281251345,16.7811683060247
8.11253126855651,12.7961748479663,18.3832994028013
12.8615031874778,16.3358041301244,28.6643562075317
12.208420218033,7.35683125297871,36.4547448576387
6.2937042322297,1.00197295741195,30.7767526344543
2.83264370457371,1.06840608237198,23.8606356112245
2.20308223078643,2.49000971243376,18.624070612632
3.24463250592675,5.08935537299444,15.1308695878636
6.19451030301035,10.4387163147438,14.7579340049505
11.6592880350007,17.615573347471,22.8394414912704
14.3989073646565,11.9404935445396,37.2558354205279
8.08014537211477,0.573281804022498,34.23424156272
2.57723192656523,-0.735588195238489,26.021494092493
0.743683770140854,-0.0342258302831942,19.8706398410514
0.44915787536418,0.491177552234147,15.2256322417097
0.715239901757938,1.21546624762843,11.7003873947735
1.58273838485339,2.94454730309339,9.16140153723303
3.88492707801544,7.46245971069392,8.22337211909138
9.54888027443015,17.4767276499,13.6713373909072
16.8985838419309,19.649068823262,36.1096879095847
10.6720613512895,-0.99790461452581,39.6892222582831
1.31149484399658,-4.70460525254686,28.7890284486359
-2.4054917421194,-4.67078523334742,22.4182362621719
-4.48562615651483,-6.78671175286099,18.9018223749777
-7.52550819985378,-11.3863753425412,19.2801685652184
-11.6549692846539,-15.1956756706827,26.6612485785666
-12.3064217751372,-9.49741349681116,34.7845232654971
-7.68627574802779,-2.74732731366896,31.6484378119445
-4.13094329752815,-2.11245474135735,25.2738743066225
-3.37959664153958,-3.72057497637744,20.230267961486
-4.65665190942801,-6.89374791106231,17.3013167885501
-7.99045427299554,-12.4008306350917,18.6214324987754
-12.5487650285791,-16.0426724572569,28.1178765951849
-12.2563502791475,-7.94689581055458,36.0508452879142
-6.66627259980836,-1.45244259470931,31.0068914383983
-3.18493421517406,-1.37406773060971,24.2064503451499
-2.55456506075211,-2.89883225204317,19.0222245668772
-3.7219411979356,-5.76161367671145,15.7145001463654
-6.90775085754434,-11.3730907351825,15.9983211420086
-12.2471679656866,-17.4531287801651,25.1522083253689
-13.6605513100841,-10.0029781434651,37.2936724332826
-7.30296694541139,-0.614104459061792,32.877670553778
-2.60655754277643,0.0841281191336528,25.1574230063486
-1.23476771136732,-0.837215773518348,19.3115690224748
-1.39954489388451,-2.05739030404085,14.9435436109443
-2.63202629670803,-4.57658463575401,12.0098915595166
-5.76993334176368,-10.4083378576915,11.904766138609
-12.1016933365088,-19.3998183764311,21.3662394175425
-15.512899574382,-12.1819331559783,39.5823380591048
-7.47504485873035,1.5715518428555,34.9076689165555
-1.11607681448531,2.61509813248219,25.9450065416253
1.16949874342463,2.59113326479992,19.9240753765103
2.56180487060528,4.21411722898819,15.8118669755782
4.99711874372508,8.47015989531887,14.1749250852415
9.85603576890319,15.9177858806766,18.9731443463679
14.6561691698329,15.842660187698,34.1191830779537
10.3767932151311,2.58014707634323,36.7078278851518
3.67671711094079,-0.945443801673133,28.2526802239374
0.945886855401939,-0.356398766006053,21.5034793604221
0.313632853270169,0.120255191866337,16.4600074341255
0.319040454364696,0.481279559732383,12.6113415708458
0.64555044651734,1.17711755767143,9.6907540847924
1.55705364755382,2.99531885351791,7.61440564776455
4.02703450728607,7.90845110933637,7.1200336946859
10.2112898576629,18.8221788392843,13.863307496086
17.510688309017,18.7807550822044,38.5953768242123
9.59355918496995,-2.78242619813927,39.0586584909349
0.304903324079033,-5.37787992754451,28.2443253070482
-3.24385009111087,-5.52690896425683,22.479209885431
-5.47555677738232,-8.01367940059085,19.803019446895
-8.65361914458582,-12.3822180311589,21.5897886450869
-11.9360580082345,-13.8281708025484,29.2821210117687
-11.0122117477865,-7.47046822926324,33.8712567173983
-6.84364065525803,-3.08419515856351,29.7039965026452
-4.40377594384546,-3.29833344386095,24.1335074428214
-4.41312387002143,-5.44233388239382,20.0751468498217
-6.41477330181462,-9.39706772892179,18.8459301457863
-10.1623277973493,-14.2372732181939,23.3216934318028
-12.6843401301292,-12.5129691830743,32.6698310733632
-9.56261003272665,-4.62770188837607,33.5044553493776
-5.25066484791466,-2.20051209498831,27.5340351817907
-3.62898183459763,-3.27648339947546,22.032295080997
-4.27695575697492,-5.88001685730364,18.3874329913789
-6.90394076433119,-10.5915171987958,18.0893877885501
-11.2634069074462,-15.5712573834048,24.8243107913296
-12.9671743806997,-10.9888442037815,34.8607802569007
-8.34401997699789,-2.76070028998194,32.8543740409186
-4.09713560477456,-1.48963575474594,26.0655525525388
-2.87585378467353,-2.81288154779915,20.5427420051275
-3.70734224037269,-5.42321060911279,16.8680326996636
-6.48504381433686,-10.4396044579796,16.4233762026
-11.3962900267016,-16.5514434480656,23.6968832552277
-13.7092647152652,-11.6507389944675,35.9398665013976
-8.33618426282112,-1.78210014753245,33.6861330750219
-3.40490711530687,-0.38347083539246,26.130424567403
-1.84539929224627,-1.42448878575685,20.1797557970651
-2.15369521671495,-3.1273926065688,15.8273661677187
-3.91658551112642,-6.63499412581526,13.3829636277398
-8.03892200385408,-13.6942936174187,15.5796206114475
-14.0925441248017,-18.6372504182974,29.3016960602849
-12.7694385699211,-5.70281946639191,38.884729375248
-4.9910986066082,1.35838979489081,30.8244334855444
-0.967644649339686,1.16495778737135,23.2853195046278
0.259160439604139,0.941481771706601,17.8098211191912
0.863754194587306,1.53879706551992,13.699532115922
1.88191147423254,3.40094951694493,10.7790236066795
4.37381469784915,8.16540469492907,9.79693476457791
10.1322473022203,17.8338493892986,15.8921895483879
16.4646199435761,17.6779910235695,36.9327156040773
9.94521856225683,-0.74255759111634,38.3139656622966
1.57083426614877,-3.75007686777221,28.0924686702425
-1.70274614896912,-3.67722856845068,21.6390501029952
-3.50846378030051,-5.52472419039316,17.624241730185
-6.31199628177271,-10.1004762523719,16.837798648246
-11.0065777958192,-16.0203036996295,23.2638763143256
-13.5869590114862,-12.2109260256453,35.1362752428298
-8.77881826911385,-2.45851958786012,33.912723508321
-3.84041127054706,-0.703558344253004,26.577202265775
-2.20710444418079,-1.77836185586807,20.6276320628933
-2.58903267944065,-3.72119588133314,16.3405493828823
-4.6045826633546,-7.66671050963257,14.2657663964067
-9.0527398737519,-14.840680733068,17.7465989268849
-14.3474720600187,-17.006473991616,32.0196588684875
-11.4067339033807,-4.04852841144219,37.5025242377389
-4.39460761847444,0.838211308794866,29.3460543621861
-1.20728615636485,0.366458831380949,22.3145964814575
-0.437715995273512,-0.207413209659578,17.0811120960298
-0.465412241831012,-0.702699363574157,13.0960700246956
-0.931517800075728,-1.68472302500581,10.0985177238215
-2.213278867044,-4.22296030989802,8.12534428883958
-5.59613937093888,-10.7830191786006,8.72482098949772
-13.0194707325324,-21.8169915732881,20.6780947343899
-16.4713131688238,-10.8698991232708,42.7461447653994
-6.0556797603497,4.31275513582919,34.8041302906441
0.821255933873037,4.7282125682803,25.8520312036762
3.44496152950689,5.46487704547019,20.8220622381701
5.77124927866699,8.67251430587137,18.7884259824184
9.42322227476387,13.598870611699,21.9961708018579
12.6172762506829,13.6388217871307,31.2896686740391
10.4026141742461,5.72064968296702,34.1982169289258
5.81439859615537,2.22570779413865,28.6238553604158
3.70657286327746,2.95555402463783,22.8632495298212
4.00522898607734,5.272711594052,18.8243691068379
6.26744708301198,9.57863589160849,17.713785130836
10.4659188506484,15.068547552925,22.9512620805077
13.2089060270269,12.7066128235903,33.7427142688707
9.35823378231652,3.65366630274499,33.9655935062972
4.60018560303534,1.38272462380459,27.2261082762625
2.89425956305959,2.46478293036846,21.3951008462359
3.39516647439598,4.77163813336571,17.3294132358411
5.76587353791774,9.25430816252758,16.0393828152214
10.3976694057305,15.7663548801289,21.4485991911818
13.9437460180713,13.8173712236356,34.4066611206543
9.59934303802175,2.87581046190593,35.0615200786945
4.01878221062156,0.264919844931318,27.4625271551406
1.92061264710881,1.13799915128457,21.1672730439146
1.93834179842108,2.63790134358591,16.5044079926813
3.3470543272823,5.58993675294158,13.5616469826186
6.85408369210692,11.8436663427835,14.2469815957706
12.9527195892115,18.9324217987454,25.2557695185327
14.1487954561611,9.11905617237843,39.0731016063204
6.47347102838403,-0.983274552506718,32.8552404714709
1.44549762638307,-1.37759701528372,24.7228657574338
-0.178111593161597,-1.03984549307945,18.8828644873377
-0.862703734875731,-1.55160705518909,14.5208466018501
-1.85661975936817,-3.31325973068968,11.4012966569618
-4.22703514654415,-7.81955825610957,10.1754885176727
-9.7007186654947,-17.0954650776535,15.4839535236098
-16.204281071482,-18.3359924370615,35.5885371960198
-10.5716050822252,-0.173669271832179,38.7576680870846
-2.07095329347297,3.50460676604571,28.542042263214
1.34514989471401,3.33716610426522,21.852174401165
3.0596771187465,4.88530307968087,17.5349392313285
5.59751926614864,9.08108779585388,16.0489733317369
10.1930201374546,15.5651591178878,21.0893455466888
13.9302279265326,14.1739340117623,34.0164155819568
9.84332208240363,3.15539505797766,35.2857164807709
4.16782718831565,0.274755605700601,27.7276358507243
1.96388221131024,1.11136760156783,21.3711777620017
1.9327373341198,2.5951122940496,16.6571482219754
3.29935226112378,5.48890978733474,13.6524982968602
6.73269122431276,11.6312158875497,14.1810209611749
12.7882670304775,18.8512836256821,24.8175097651087
14.2597060887363,9.55077734542749,38.96497218026
6.67837773096377,-0.869099533485522,33.089699767583
1.54151029379606,-1.36490158323703,24.8992951945144
-0.125924211342566,-0.99728822288823,19.0116592011028
-0.79593550609804,-1.44709718603926,14.6100943197515
-1.72181393602197,-3.07200038886959,11.4302714835479
-3.92262092307694,-7.26873280987721,9.99703221613013
-9.10468709819112,-16.2738751921936,14.4065834437793
-16.0322390084631,-19.4636688784092,33.9192936234773
-11.4151672192751,-1.08000966337577,39.6175995313514
-2.48160501998883,3.60923088087583,29.2410178227249
1.26089505108298,3.40575548246982,22.3219352331007
3.02768665616307,4.83170907465509,17.8803186808797
5.49451349132919,8.86229918461195,16.221860222617
9.95976678523982,15.2378977458738,20.8196942823234
13.8246667729222,14.4647799141089,33.4498692173368
10.1154583538779,3.60232975071226,35.4303995888476
4.41963881333542,0.409399959215743,28.0350681864616
2.12101036241818,1.21375595843201,21.6443228096759
2.07678452696538,2.76380230224397,16.9121285100678
3.50130172220355,5.7813917400691,13.9620923214469
7.04242709839095,12.0362751804047,14.7791846217816
13.0082273241165,18.6609181853347,25.8518894758919
13.8751271951138,8.75503570084771,38.7832149803452
6.39715615087116,-0.753017238236756,32.5385459685766
1.59596288121348,-1.07567288359066,24.5564176735396
0.103276480263094,-0.618394965425485,18.7528580312052
-0.374647882618738,-0.759144623035693,14.3698461356287
-0.875029539643121,-1.58249163129408,11.0659392949283
-2.03787461200028,-3.83645850858779,8.80815984430667
-5.0508207584528,-9.67642566526357,8.78746654402442
-11.8952943714988,-20.5236361226655,18.3364706641643
-16.83755407942,-13.8971898998055,41.2218186655201
-7.4798065630791,3.40258232819064,36.2254245796487
0.0865325305729275,4.49995914650481,26.6254346655494
2.92518605723592,4.91911479285361,21.1009322119138
5.08498499270725,7.72851749125483,18.3676971231569
8.56405895662641,12.8187731792177,20.3018596630094
12.4852429210704,14.8925414615036,29.4485570218651
11.4219531443214,7.10693397719835,35.0501478855905
6.43874649837109,2.0611076799388,29.9902105435553
3.62299299471183,2.30173470708561,23.7714806180832
3.4283622155349,4.22430138762155,19.1410534478139
5.166692780818,7.91302350507154,16.8886698130535
9.0307206264622,13.8618625445945,19.8201944809816
13.2706864746152,15.3695835178063,30.9920069233363
11.1682541158292,5.58336853662619,35.8302834257351
5.49010198285796,0.974903680467493,29.365636561671
2.72774626274735,1.49910494881849,22.834287064106
2.5200150641373,3.17573747084164,17.9808410046987
3.99745765118008,6.39128387934829,15.0938949850904
7.62966979665828,12.6017981092897,16.3942509416693
13.1319587221818,17.7449315957899,27.5649482947591
13.0392699864299,7.72660131951751,37.8610145801811
6.16555715949542,-0.0898871574134607,31.5751296491913
2.03725286097108,-0.177086319166631,24.059431432304
0.948642156992406,0.66700840723805,18.4469553988568
1.12139050345514,1.6963778182926,14.2256357924839
2.18382339904269,3.86193405702009,11.2819146691338
4.94065236160991,9.09904362548016,10.6149337647084
11.0116432767074,18.7059338533382,18.1276798167582
16.2184579074037,15.3521079723678,38.4987117142066
8.80365980651804,-1.29116997019009,36.8204947825078
1.30306160012182,-3.28763274360392,27.1421490596074
-1.52149218335785,-3.25979191415086,20.8944105934905
-3.17600935208204,-5.08804480004616,16.8590522994348
-5.90508220762861,-9.67526720787661,15.8188697441404
-10.7825168303775,-16.2825032170979,21.9846442929732
-14.0520056996655,-13.2192065396585,35.2650695674153
-9.12933955545428,-2.20871370085858,34.7507688909093
-3.62688589756466,-0.0660470338888621,26.9711586951025
-1.66978445518122,-0.956211813725766,20.739080709439
-1.68696744550183,-2.32120468101098,16.1036986613045
-2.96440792226286,-5.00769087831088,13.0533525206591
-6.21678448326117,-10.9406447201379,13.1591393377035
-12.3750774513434,-19.055993412671,23.0126788234311
-14.8865641660057,-10.993051846525,39.159724087483
-7.18101535590646,1.0678661784667,34.0554026222348
-1.44012846347645,1.8871801932079,25.4882852626184
0.53287086638645,1.65903084010626,19.4792517807812
1.52162327640767,2.60804560169336,15.1106567848315
3.12367014952397,5.46561860004714,12.3729828217444
6.77103887810671,12.0015738123729,13.2217550124659
13.2764161654772,19.7349431351321,25.1356724655467
14.4367650723943,8.71284112853857,39.9991526835718
6.06446782526275,-1.81670041630063,32.9025493476908
0.827977085781669,-2.10673019698993,24.63490043212
-0.973394172822606,-2.12823243270088,18.9088737222316
-2.163329479613,-3.62982948224901,14.8726877869377
-4.38221593760006,-7.6139872881619,12.9686334250306
-9.12171762694545,-15.376917319335,16.8145287800217
-14.8941319163444,-17.7019277073342,32.729928432862
-11.3804157996815,-3.08649155635749,38.1654823873764
-3.77486632939742,1.70790860715509,29.2337644140343
-0.435646262614178,1.29708695737849,22.1421024394782
0.638361015402388,1.37287528008871,16.9779473956517
1.46565583379339,2.54757786925868,13.1790428029885
3.16968987215141,5.73209024262437,10.9096118085096
7.22244622510901,13.0679407966078,12.593897540542
14.2688137218056,20.6921763019222,27.0717756152868
14.059015704758,6.35732431374607,40.9639483649587
4.82976991821457,-2.92464085229759,31.9736697663146
-0.134196168367881,-2.88774608425003,23.9937836032819
-1.99559747399724,-3.46324604279534,18.7030438920897
-3.78629433056572,-6.17288431166937,15.5254726576102
-7.26461930319242,-11.9919404942607,16.2793081029803
-12.6783829362671,-17.5816498800127,26.3807749626711
-13.3424884607928,-8.86125345189325,37.5721553524823
-6.74297463349708,-0.301934917254376,32.1972664558404
-2.36382279673376,0.0589763146475655,24.6003690713489
-1.16491456009121,-0.86280934646412,18.8859367291418
-1.38961882078559,-2.08825731542147,14.6163007124333
-2.66766228984268,-4.67260851951013,11.7740619632167
-5.90082353723466,-10.6755144472678,11.8463104274349
-12.3619699732553,-19.6853142537138,21.8734429536879
-15.4536990189142,-11.5562571419495,39.9617348547744
-7.14533920765637,1.84229956072918,34.5959073533364
-0.917042680935505,2.69996579852793,25.7162923050737
1.31938802971042,2.75310211019925,19.7903249240709
2.77672137728616,4.54725756175203,15.8060904807032
5.38797554326663,9.08984471453126,14.5080900160038
10.4241616552329,16.4594501563393,20.2422501247709
14.6033635809186,14.6318281674258,35.2204992393277
9.63959593713905,1.93968982882911,35.8728733189617
3.37508561020152,-0.76008666277264,27.515950151137
0.991265426890041,-0.0869931244103306,20.9857347439223
0.540065735184683,0.52355330284056,16.0817582585221
0.791194470561363,1.30754832068537,12.3647558975347
1.69630311709247,3.11713495404238,9.70089331393453
4.08192683573956,7.76580397086951,8.76529162368968
9.82656144852604,17.7286256296657,14.5514659607722
16.7860253068858,18.821972671749,36.64491933793
10.3075284426687,-1.03613776405838,39.1068260765653
1.33896662818387,-4.37770782843165,28.4707638045948
-2.1928119251931,-4.35153705242632,22.0961495640597
-4.19266324822125,-6.42969665589235,18.4319392324501
-7.2062099450758,-11.1162605721446,18.5035723840472
-11.5807392116265,-15.5997420626398,25.8405273177596
-12.7053422570842,-10.1059239774173,35.1041711407863
-7.89298064343919,-2.52581212111154,32.2368213994912
-3.95990240433863,-1.65428027051066,25.546457317575
-2.97522696853788,-3.10182515331049,20.211286870134
-3.99865003150604,-5.93068546737228,16.8042172758786
-7.02972525025898,-11.2437262066055,16.9977480907904
-11.9688639025236,-16.6963802217519,25.3929576917264
-13.2941816450782,-10.1174167186392,36.3906760867657
-7.58200950102963,-1.40830240111638,32.6737215465622
-3.16948417942788,-0.61811625324468,25.3197402923209
-1.95479005038277,-1.78762009191048,19.6197998869561
-2.51383222726864,-3.77656540328084,15.5408528901675
-4.67814469087556,-7.93500616987181,13.7042203986736
-9.39408468814055,-15.4862677763032,17.8332407837365
-14.7077162415632,-16.8622265476985,33.1569887731882
-10.9978145954716,-3.07123252914756,37.4726721886516
-3.86338638217044,1.22840920047985,28.8740248127347
-0.796229750997076,0.733511175495716,21.9214105232448
0.0417563007144997,0.461510294368268,16.7713060448231
0.370247173340559,0.70067300291273,12.8533539511675
0.855007185399198,1.57605695552554,9.90157757966997
2.06498887141679,3.95723788351846,7.9235887737178
5.26605193742892,10.206400043315,8.2802071101939
12.5244488895397,21.4773401913754,19.2210075597048
16.8535738120273,12.3667314412015,42.4690167756413
6.61652178951367,-4.24661967205555,35.5498830537994
-0.704643680871355,-4.89646648749537,26.279187724445
-3.47244390326076,-5.53226205002935,21.1626381572854
-5.78218823845717,-8.62040933877092,19.0667886344884
-9.33571873305878,-13.3925794971895,22.0760043171466
-12.4760920631544,-13.5692398614623,31.0074853209634
-10.4484232668532,-5.98324789023039,34.0573784978798
-5.98590867215387,-2.43385631702749,28.7272849701345
-3.87902425375233,-3.11734415027853,23.0524362955772
-4.17720261104841,-5.4558332653118,19.0874979317649
-6.44900415202272,-9.75235444155998,18.1153237155333
-10.5614790264172,-14.9632872983958,23.4621288929174
-13.0266204229147,-12.2937044153408,33.7231129102212
-9.19357488974895,-3.71179009688012,33.6043863633501
-4.66826168492008,-1.63998055065204,27.0446926906116
-3.10563559788219,-2.79453397891881,21.3730840539081
-3.74065495678678,-5.2816108219392,17.5211059174275
-6.31002205418916,-10.0074042781778,16.7431580759617
-10.9751802143157,-16.0149778123781,23.1221896365546
-13.6246031441661,-12.326806757123,35.1074771017677
-8.83304748451876,-2.47255652755268,33.9977763189038
-3.84450208462728,-0.663232362379647,26.636057909573
-2.17719859393858,-1.72153445366001,20.6591515249406
-2.5293743442884,-3.62461437421609,16.3389634430245
-4.49282730464747,-7.48748002247871,14.1789211491416
-8.87662510662766,-14.6325985888686,17.4105511872709
-14.2990875612129,-17.2837825916424,31.5642653579851
-11.6371852681753,-4.34093116501556,37.7181221716166
-4.51707057770504,0.884761545353549,29.5968380390789
-1.2011796274156,0.456544687962137,22.4868452916702
-0.367911525433945,-0.0809498030965931,17.2070147447471
-0.321297232687908,-0.454156495139765,13.1832432250752
-0.618105849208473,-1.11163947837284,10.1259398538068
-1.46487090138166,-2.79921290043861,7.92561077319211
-3.75225604227515,-7.34741793792567,7.18927688005588
-9.54787032347891,-17.7803996344212,12.8419159536546
-17.287340091217,-20.1795128048922,36.6284946770071
-10.5844120526597,1.7688560088469,40.0256177673416
-0.840888777183583,5.32628023298596,28.8536730543751
2.97718823147864,5.3411158253046,22.761168322702
5.18205687683827,7.62103802212892,19.7532510565052
8.27070874318223,11.9849245684029,20.9801292701009
11.7816575573342,14.1886678976864,28.4025546941315
11.4007629407784,8.18493215214054,34.0353975561672
7.19233438051462,3.14144996129674,30.3238614081545
4.44158995028085,3.05879151210166,24.5999372898359
4.21467029678684,5.03190018511229,20.2759995670972
6.00334835687568,8.77902960283209,18.5622391625277
9.65856276809307,13.8725669357568,22.2002735289053
12.7424074674908,13.4571339777045,31.7921384977816
10.1930398798248,5.29634010478065,34.1501903406362
5.5754270963637,2.07960688567903,28.320137405626
3.57189515370114,2.91244352592381,22.5604286811486
3.94208842768413,5.26767770300265,18.5528619794637
6.2680486823984,9.65822777962504,17.5030133745992
10.5636284404135,15.2622652230485,22.960772265667
13.303951867517,12.6595171458129,34.0190522246519
9.2640556065198,3.41151266726847,33.9962865895257
4.44550166358138,1.22716328593054,27.1117245596552
2.74436092186994,2.31121719511078,21.2399956014975
3.21994631069247,4.54751639301675,17.1140510955648
5.52451710048098,8.94171701721592,15.6431098329888
10.1567288885164,15.673932920736,20.6899724369781
14.0909598925348,14.4748486738873,34.1014085049683
9.92578919880417,3.00383576144549,35.5569775527355
4.04978547118318,0.0207276998100495,27.8073010300464
1.7467982868928,0.807630202824407,21.3607471623816
1.59662222814154,2.08805418086942,16.5509846550143
2.69798848155181,4.50523850201086,13.272405877758
5.61201901694765,9.9005268795324,12.7387930825564
11.4840612662876,18.3785208933868,20.7956403683456
15.3017999956591,13.2959479336645,38.1442223739469
8.29167242345205,-0.436980749725152,35.3711499279804
1.88497897119442,-1.99713731554489,26.4455217512881
-0.41605268591124,-1.68465802522346,20.1712029380198
-1.44540221893165,-2.49523465495498,15.6214380981381
-2.94774920132356,-5.12053691954386,12.6780807250645
-6.33790114399906,-11.2316288003662,12.9926393114114
-12.6583720875128,-19.3867181638716,23.5011490769431
-14.847095568758,-10.3608775451123,39.5862831815142
-6.82339104169167,1.4215295182355,33.767462532153
-1.17622491077864,2.06043372015912,25.2455045744682
0.772468721900358,1.94401687797621,19.3306532948092
1.88307328266116,3.17764177836672,15.1005352077194
3.81870114300057,6.64242371582974,12.7633159977915
8.08118856556333,13.9432013739051,15.1462256872622
14.3603378712944,19.0083563833281,29.6319755307082
12.7656783769622,5.19616839180733,39.25197735433
4.67106890109249,-1.78762269096767,30.7215835488403
0.603547226616244,-1.56990716771788,23.1731585365939
-0.730240737611717,-1.60773447576018,17.7705224668963
-1.67415263414817,-2.87401886007507,13.8414514938031
-3.53514376027393,-6.30401543242925,11.6202075709727
-7.81959089400594,-13.8495440923644,13.89544595414
-14.574234076489,-19.9440733372349,29.0711795534429
-13.1988040860988,-5.11735443242646,40.1495805496669
-4.44949138401968,2.52453017321475,31.0610357301545
-0.049137947227329,2.35541016094552,23.383293857743
1.55832617774384,2.80822874555582,18.1014247537708
3.08351268208038,5.13352494629826,14.6560734273973
6.17645366087689,10.5563078665044,14.3715059281224
11.8155300534946,17.9544451636774,22.8404169139736
14.5337044367239,11.773525928924,37.7110557170568
7.88720108799387,0.17886795729791,34.2246206184029
2.30953665788523,-1.0149135333414,25.893765115403
0.441969111015026,-0.414352584781245,19.7515259575182
-0.0104182108435702,-0.227224510678318,15.1198287534446
-0.179177765147832,-0.350251357093477,11.5803048614499
-0.434184574292947,-0.817689401674641,8.88259722599615
-1.0869037244809,-2.11995272701955,6.8956514008077
-2.88751656823172,-5.76138466147164,5.94017664026876
-7.75021092790472,-15.0888435275674,9.3273959849409
-16.5391726878461,-23.5851350369211,30.5736468114904
-13.3673476874676,-1.07899164862221,43.0993937661001
-1.93273019267586,6.08047212469621,30.8965846373647
2.99699275593693,5.84232232453243,24.1989843253054
5.32840215539875,7.62783557758735,21.0164519713963
8.09582440169867,11.3380403375801,21.7398906202863
11.1848061603321,13.4285964942567,27.7502959519319
11.2077133564872,8.85357220273591,32.980018553192
7.74557346940107,4.13771937552231,30.3956249726283
5.16095290841552,3.76744103065368,25.2839455836934
4.88912606077816,5.65446607899096,21.3201760980587
6.59563871802941,9.21321257092919,20.0138199031951
9.86345967187957,13.3879708162226,23.7406167191451
12.1209458301419,12.2041570113287,31.6181340887645
9.69295019268037,5.57067541164826,32.9032991140623
5.89651349180848,3.06806087492001,27.8177363721229
4.36746644636665,4.05462760655823,22.7565660064496
5.07562354096422,6.75697861681273,19.5790384948432
7.71071605481911,11.2368264909573,20.0416485202338
11.447349295307,14.5828207798569,26.8595781422333
11.981614518507,9.45104308156884,34.1023174821985
7.81642408202601,3.31449897067508,31.3507362764793
4.54025232903716,2.67516502739434,25.3962477479924
3.91051528333472,4.37616282600301,20.6540400910753
5.34327990795364,7.75732070030111,18.2107595287267
8.75910352283604,13.0234138055966,20.4612215489755
12.6032651641115,14.7893753662923,29.8747289656176
11.2631545023106,6.74630391830044,35.0335429810278
6.25158338187802,1.96811856853773,29.7335937379169
3.54303011265634,2.31675236115807,23.5411171556411
3.42321740406913,4.28001420842597,18.9655663644863
5.22453512947086,8.04223080495153,16.8040446860788
9.16413438279682,14.0547262316264,19.9631940846878
13.3560963345813,15.2587892173305,31.3499204660248
11.0227903790381,5.29186471891887,35.7851971480867
5.33823777798085,0.90134429967227,29.1676547185927
2.65203436953865,1.48073541320312,22.6604262779059
2.48061009938464,3.15695951832341,17.8332388188464
3.97200424503569,6.37900522163288,14.9626407765088
7.62728260943195,12.636494888811,16.2877516633741
13.1790129278749,17.8344522022915,27.5871858892811
13.062461321665,7.66240336321952,37.9603099747704
6.11377329109931,-0.183083619238377,31.5731269265833
1.96512684115252,-0.259850369590998,24.0328328445686
0.857470660858719,0.542152832560083,18.4144068802078
0.971030318218443,1.45376487134114,14.1748326768657
1.88309249463618,3.33438963932959,11.143094612547
4.2899330934825,7.95981340462451,10.0195925810362
9.8777331115832,17.3996602798976,15.6452111112537
16.3169925713156,18.0786640448135,36.1488971774077
10.3148914092097,-0.213496702910878,38.5797827969936
1.86330216802169,-3.60525552097014,28.3520621556569
-1.49138530276973,-3.47375457939328,21.7584172476018
-3.24171408911884,-5.14498611838069,17.5614969837855
-5.89087788697835,-9.50696212076049,16.3540544442829
-10.5464661731383,-15.8035794705581,21.9840629610476
-13.820843015218,-13.3632605054717,34.5681271672697
-9.383917177675,-2.81597950981302,34.7177464929761
-4.01107677362229,-0.443697806887745,27.2330384972194
-2.05294510764206,-1.37958664022173,21.0466391080202
-2.19115715527339,-3.04214518213463,16.4997343619806
-3.81887630648116,-6.36594430944215,13.8373392962863
