5.40669766231993,0,0
5.15029052409673,1.64735465925861,0.0563800486054383
4.38977466136875,3.23948755296133,0.0948583271456599
3.17221031886944,4.6229005063123,0.098363884670992
1.59248604499053,5.65713737309298,0.0733119475481449
-0.222336840613223,6.22629363426558,0.0460923536974277
-2.12143013382126,6.25236143539172,0.0301630689419255
-3.93840515590939,5.70016655786918,0.0225556605119053
-5.50214174856439,4.58544802518595,0.018688576693169
-6.6539117081787,2.97730135865867,0.016591349440499
-7.26243982081063,0.99354916642504,0.0155771336709958
-7.23795780558226,-1.2060701290499,0.0154017873311694
-6.54547528062336,-3.43218174484949,0.0160382809662291
-5.20431462975588,-5.4804359608713,0.0176609908714673
-3.30171668580829,-7.15213663632739,0.0207211435103274
-0.977317363054661,-8.26917878367974,0.0262638797568602
1.57919304336769,-8.69517244588651,0.0367695542310466
4.14436023615608,-8.34921809997786,0.0588761301200859
6.47638428394342,-7.21694675901806,0.113262749937461
8.32830663785659,-5.36026487911015,0.274501608476945
9.43486554971621,-2.92177391424109,0.834721881890746
9.41424019606883,-0.149480610494847,2.75916891926459
7.62951284135067,2.53513952570843,6.87389495042561
4.18361922136682,4.54674976494347,7.52291899150486
1.05375531011627,5.61491833688915,2.9367603322613
-1.14256215973023,5.93630071988504,0.542395961270739
-2.96908365589975,5.66479714272676,0.0748278647506173
-4.57219514668503,4.84411080124019,0.023496049187076
-5.84608097770249,3.52333629925262,0.0180081638518183
-6.65841162654471,1.79422126334796,0.0164463693553488
-6.90594357006762,-0.209032508783418,0.0159016062107931
-6.53132769226522,-2.3183450454468,0.0161668645307865
-5.53087811746324,-4.34564985907734,0.0173151440582503
-3.95945655652333,-6.09975280826875,0.0196389494993477
-1.92525329220166,-7.40096585364071,0.0238245977546918
0.411004487074344,-8.10195152156872,0.0314047639013863
2.85106277429701,-8.10229730710213,0.0460956885828697
5.17365436910147,-7.36042220728977,0.0780256225608946
7.1484044098154,-5.90049293215926,0.158792107120665
8.54522195646085,-3.82150014659248,0.396098140136779
9.1124000821016,-1.3012336806012,1.14112849786068
8.49991150026987,1.38071342316006,3.1035276830894
6.37951348047688,3.81036949276321,5.50637564979015
3.3602153921549,5.56235461007052,4.35884573559147
0.679162559144373,6.52058202254486,1.45576512071424
-1.55048667613427,6.78567421286416,0.25511919991384
-3.58186687086997,6.41017460801101,0.0423786294137995
-5.38061030157098,5.41492064518387,0.0199484049896387
-6.79095957419586,3.85651332202103,0.016532161560297
-7.660736161743,1.84422316281198,0.0151817866358481
-7.87715668855548,-0.463818690056549,0.0147416222035372
-7.38145780125825,-2.87327168612719,0.0150935996758992
-6.17228953786024,-5.16796866874589,0.0163448295664201
-4.32015209195991,-7.12972278621066,0.018848481105995
-1.95547320255866,-8.55700668320076,0.0234499745938179
0.73450714738994,-9.28540880176626,0.0321789539802945
3.52012684208565,-9.20643153763186,0.0504876307663992
6.14514729660305,-8.27622965288565,0.0959727645359463
8.34280834064147,-6.53560450251139,0.236279915882005
9.82294579754797,-4.1087521248821,0.776434955106067
10.1354974907447,-1.23565726258367,3.04186826637656
8.2865698829714,1.61458172760381,9.47612479507716
4.00392478978798,3.65385181016876,11.2169450331951
0.500958306519684,4.52952564466224,3.81742470578444
-1.43820485474154,4.6444550799591,0.611386892353162
-2.86411851110591,4.26149489512054,0.0797923655917819
-4.04498366041274,3.45126289944486,0.0249580425214887
-4.91864628376655,2.26978823868329,0.0194915878416333
-5.39114517601427,0.803968265178456,0.0182360302433076
-5.39572031634932,-0.828136873395078,0.01797956392477
-4.90191465778404,-2.48655611263977,0.018548826138944
-3.92581864406793,-4.02003109948553,0.0200610989122217
-2.52748719381293,-5.27967045503374,0.0228476745770106
-0.809982309450941,-6.13250326881114,0.027596659294975
1.08737263868814,-6.47447434057587,0.0357167169123044
2.99892821605846,-6.24331091412731,0.0501944705852513
4.74721795872314,-5.42776023241279,0.0776257175320349
6.1545149906752,-4.0674159662506,0.133162401101762
7.05978910207219,-2.26125985493808,0.248518091989113
7.32238369145105,-0.157716912515182,0.472949411267903
6.84894733234322,2.04597939722243,0.805081779198128
5.63335670798903,4.12387975576728,1.02727345106003
3.83375993766242,5.85916865184238,0.827858159522562
1.69417628994417,7.08677567899266,0.382791841101147
-0.609988231596639,7.69927823032408,0.110519423366339
-2.94784298023453,7.62783789674145,0.0343399648789421
-5.14621284955479,6.84453763083185,0.0203095548278144
-7.00311792245516,5.37939004203322,0.0164134606659383
-8.32766957269496,3.32584532587182,0.0145606308083475
-8.96537220761837,0.837208550413495,0.013732011808921
-8.81519268931907,-1.88386634382273,0.0136984607311835
-7.84344364280324,-4.60115772834668,0.0144664208173868
-6.08716503792994,-7.06361700914706,0.0162683319306463
-3.66038286944158,-9.02747676149914,0.0197172963263776
-0.747735194519549,-10.2826282452414,0.026309588141652
2.41172141014949,-10.6698349349442,0.040153099132427
5.53849177356668,-10.1006128563088,0.0748628863750274
8.32941608788332,-8.57122955649416,0.188457726086623
10.4503943845929,-6.17683574494192,0.700670016864627
11.3349169413459,-3.14421760231036,3.6323977514124
9.14341184836497,-0.044313832937584,16.111881815621
2.77553175505639,1.83958530002589,18.0203105668317
-0.882233212078742,2.14137248015115,3.91243265273172
-1.9805818804357,1.80467314599543,0.471313313277969
-2.49807974931656,1.2166360929924,0.0656828015018106
-2.76651507427713,0.471599571540552,0.0272181389134332
-2.79126850623327,-0.365771586799863,0.0238099672279764
-2.55902699964008,-1.22336212780476,0.0239400371655729
-2.07629967375839,-2.02329875755697,0.0250561655648646
-1.37243012854674,-2.68856982342291,0.0270834858382959
-0.498578843704724,-3.14952518716242,0.0302258105193445
0.474820855667563,-3.3508981619108,0.0348118628044628
1.46350529825716,-3.25906584132719,0.0412740146014378
2.37684260545934,-2.86483935088043,0.0500787707616881
3.12543244601796,-2.18667789560348,0.0614507074192535
3.62953668560326,-1.27046980883036,0.074731661981913
3.82707663849969,-0.186997061933031,0.087397799907163
3.68223605861727,0.972767647756914,0.094659452458986
3.18928070835311,2.10578084959505,0.091565638570958
2.37668912504684,3.10656285107854,0.0777657776629258
1.3006892059549,3.87524371230623,0.0592421717975002
0.0449337520807447,4.32913995823784,0.0432427129293361
-1.28800025070751,4.40716147294786,0.032555506193316
-2.58140278539148,4.08062921779006,0.0261246269453708
-3.71490101242333,3.35524849594022,0.0222829869038058
-4.5741558977679,2.27288817095892,0.0200118133606515
-5.06359829855839,0.912137500401642,0.0188132545777788
-5.11601156377733,-0.618478646263945,0.0184723491411423
-4.70004244732287,-2.18867757015313,0.0189428995799229
-3.82382760408637,-3.65590832552888,0.0203291284376666
-2.54107823407958,-4.87870727635233,0.0229157295506448
-0.945001976220248,-5.72910639486939,0.0272955010913109
0.8357487399593,-6.10574576100617,0.0346443460592108
2.64703836542919,-5.94601135726972,0.0473375918308056
4.3218949849615,-5.23257720314824,0.0703517242655521
5.69342669920974,-3.99907186510155,0.114123856437915
6.60773606158801,-2.33090062109403,0.198703243522131
6.93727435700991,-0.363191462069468,0.350695651074163
6.59626614906557,1.72706229259945,0.562374270830682
5.57735360779102,3.73637306048153,0.704718430329161
3.98453325969096,5.46199927665392,0.591890760059208
2.0046709047665,6.73810865020287,0.3040417645541
-0.197038927327732,7.44219357727856,0.102545914350802
-2.47512413231951,7.49295591497995,0.0360925769838574
-4.6544005727015,6.85158571667979,0.0214970215020344
-6.53636627283876,5.53664692221665,0.017124668612102
-7.93019635742951,3.62766066259766,0.0150313278226892
-8.67826622907099,1.26482486934393,0.014039775242993
-8.67112267043142,-1.36221735822045,0.0138678873088963
-7.86487712044755,-4.02750004218821,0.0144852256596651
-6.28285360057327,-6.487941227397,0.0160764980036474
-4.02261322747396,-8.50282423739421,0.0191565575017385
-1.25336945055756,-9.86111189002431,0.024955805247235
1.80131911178179,-10.3953786052893,0.0367423022682027
4.87359599801546,-10.0062063336109,0.0647211961993027
7.67304236532085,-8.6783096495868,0.148476860677913
9.88659933638407,-6.48223086567569,0.487305601840159
11.0755619621269,-3.6062501131194,2.25900844855716
10.010694694493,-0.475886506889756,10.684908746413
4.73130785516708,1.87786620576627,19.3942447866616
0.0259184488139795,2.63616280911642,6.51757006788497
-1.64570100129199,2.50821517768694,0.909816447686256
-2.44501255589282,2.02211722526838,0.110890957633809
-2.96626079465542,1.30452197869139,0.0304351167600953
-3.23605961951531,0.418960989759727,0.0230932994654116
-3.22239980176714,-0.562253029301052,0.0224008632839539
-2.91024863220785,-1.55423265874682,0.0228808739914204
-2.31087218261502,-2.46661599077388,0.024216705040836
-1.46060524477848,-3.20972319019583,0.0265644375388012
-0.423656476111812,-3.70523988526361,0.0302316068301583
0.71560406783227,-3.89255409612444,0.035714644167263
1.85800130740805,-3.73583581157801,0.0437432900145898
2.89788118575412,-3.22926068835181,0.0552501579824448
3.73110801981559,-2.39764886091133,0.0710777227100819
4.2678839993443,-1.30041537217361,0.0908724741784082
4.44018223109264,-0.0237650895311847,0.111101978077512
4.20888287463928,1.32414810698484,0.123390231350501
3.57689300815002,2.62200701787814,0.118249626448146
2.58256314833915,3.74775823056333,0.0950147463008668
1.29842363526408,4.58877304201446,0.0658883534886335
-0.175793912034593,5.05213320560695,0.0437097156822896
-1.71886688175002,5.07423858635574,0.0310185467102822
-3.19544183298387,4.62661136740385,0.0243109568140244
-4.46654189738859,3.72209913549785,0.0205852064374956
-5.40322935524907,2.41656378054185,0.0184709338321853
-5.89871433070273,0.805519302919399,0.0174185664621172
-5.87961235788502,-0.98130295156938,0.0172148969309626
-5.3171707991612,-2.78965418000677,0.0178328769622921
-4.2298307394791,-4.45454921265013,0.0194152716018561
-2.68431363447904,-5.8126404654251,0.0223426981208509
-0.796903480132376,-6.7210400460203,0.0274116442640889
1.27922781846841,-7.06835531466782,0.0363328575196531
3.3627842385781,-6.78842912816019,0.0529905781271671
5.25919231513802,-5.87073421082285,0.08684439696781
6.77291118986155,-4.36165714280098,0.162618108470226
7.7222211492416,-2.37312661930021,0.342296256037823
7.93908516604877,-0.075888080402066,0.74789605073896
7.28075956119843,2.29958293054254,1.43863632015412
5.73123446417644,4.47893472643662,1.93601241732441
3.57539294542766,6.20948660586352,1.47667911611401
1.21957502363299,7.34152834506794,0.58492599445783
-1.16720801118459,7.80800527496218,0.133741830119427
-3.51454569742833,7.56784711911658,0.033389189279211
-5.66837399909991,6.61095134480398,0.0191838887275197
-7.43016375837402,4.98328322165732,0.0157883565382447
-8.61416806325435,2.79344251050792,0.0142163294941982
-9.07606600524662,0.209261516795786,0.0135880369988272
-8.73007548882181,-2.55522117091796,0.0137357152983799
-7.55701234745889,-5.25670178670798,0.0147166956427838
-5.61403677020334,-7.64186554417983,0.0168310275792586
-3.03306940224842,-9.47066444802202,0.0208379480271439
-0.0143359352037565,-10.5409270883476,0.028634521628488
3.18938049095173,-10.7091136039041,0.0456357983066456
6.28981890775423,-9.90387244891918,0.0910046706295642
8.97597064041648,-8.14319520134526,0.253127228079836
10.8878221615851,-5.55077489157341,1.05334540593542
11.2627186151129,-2.40786100637868,5.76228185146697
7.68243603938762,0.524971742062213,20.692645144243
1.25683415777148,1.89990594384601,13.650975244429
-1.35739706665001,1.91799286073331,2.25562178284654
-2.1522847251286,1.4768676767865,0.259773556429154
-2.53775702885759,0.836596340551685,0.0454533265918167
-2.68627606516439,0.0741037838465871,0.0256962325354882
-2.59347136527892,-0.744860253654876,0.0241175783302645
-2.25499323516203,-1.54797948748704,0.0246983596260188
-1.68740820732112,-2.26015086706401,0.0261951982178842
-0.929364821332052,-2.81038644014594,0.0286569868039434
-0.0391249571398054,-3.13817558219865,0.0323182638156538
0.909167829972184,-3.20030121726548,0.0375108103439661
1.83113086924728,-2.97368172638283,0.0446352716829549
2.6396836434042,-2.46327892450121,0.0539762064692478
3.25246368803731,-1.69883072209371,0.0653359989956456
3.60073501264626,-0.736423015667711,0.0772989707144459
3.63658953018422,0.346362550552734,0.0865776123479928
3.33828385268403,1.4562184071308,0.0886279518254106
2.71674082803136,2.49238757348299,0.0808352739121032
1.81100574572357,3.35523719967058,0.0657309667429998
0.688496809574601,3.95624159976405,0.0496496597513931
-0.561781244916994,4.22505858010157,0.0372745504847384
-1.83386941107325,4.11651791324516,0.0292886923245197
-3.01323322528456,3.61959758960666,0.0243977996252907
-3.9858173299008,2.7552414983267,0.0214283233975914
-4.64940195116207,1.58106045096789,0.0197152038414914
-4.9244626121433,0.186831117469944,0.0189381469730102
-4.7628057562463,-1.31253881077182,0.0189748185076094
-4.15050514855589,-2.78540316107874,0.0198515887404638
-3.11789863973691,-4.09433294596831,0.0217389097071399
-1.73414466846916,-5.10858517049046,0.0250261647083274
-0.105655087550247,-5.71672796497184,0.0304766297309304
1.63186970985912,-5.83899479717664,0.0395660014068336
3.32341083102246,-5.43223045800556,0.0552822615426801
4.80782548514378,-4.50532219684465,0.0835222799262642
5.93013671206201,-3.11302885573973,0.135600025645196
6.55521964124034,-1.36001290573071,0.228666313235745
6.58355732509481,0.605171452746603,0.370835780503554
5.96603872051566,2.60224988398414,0.512912017541602
4.74186820792244,4.43651500509309,0.524400526419517
3.04038379446902,5.92878791635806,0.352428295642598
1.02127974117193,6.93342728077453,0.152590244520595
-1.16703437672905,7.34605632169262,0.0541272464334032
-3.36431765438558,7.10087707608916,0.0266254724147762
-5.38210799313346,6.18279233277235,0.0193335970629366
-7.0262292056782,4.63551425976579,0.0162790370873137
-8.12308099478398,2.56362618600235,0.014720380286994
-8.53798875665245,0.125740587554814,0.0140987820987908
-8.19017165208624,-2.47593204763041,0.0142642351632629
-7.065847037059,-5.01150538376479,0.0152742752608109
-5.22037971771353,-7.24334133207127,0.0174270680682268
-2.77939073904473,-8.94661748585098,0.0214600459485558
0.067666507003798,-9.93224936532751,0.0291742965435581
3.08183205134977,-10.0646108913705,0.0455552662822109
5.99091069745141,-9.28178012940568,0.0871246621721517
8.50605062199676,-7.60364302621414,0.222707510651067
10.3048419606703,-5.14298585504776,0.809786221756803
10.83237517094,-2.1457116973317,3.79323375574411
8.53087407621739,0.825405462343495,13.9863497586184
3.00470798707025,2.69081505702423,14.611880077903
-0.467170208373636,3.17078133160336,3.58752212370653
-1.87417999017235,2.98230428165918,0.469393997547078
-2.75535312159831,2.44471860029807,0.0642516077700807
-3.38594477944196,1.64012351383861,0.0254189486548885
-3.73812764505062,0.631887269363551,0.0216212981715607
-3.76602775338265,-0.499086904705269,0.0211212501046886
-3.4480334612535,-1.65580470171073,0.0215545389853722
-2.7923410854511,-2.73338233918683,0.0228525903672613
-1.83857610052425,-3.6275867776422,0.0252093611940725
-0.656679364837482,-4.2449490677591,0.0290030319581908
0.658044404088605,-4.51204097529865,0.0348844313292281
1.99187811360804,-4.3816894154882,0.0439434747948305
3.22190455884097,-3.8437823104798,0.0578393693387513
4.22643745221074,-2.92313791007749,0.0788005204524326
4.8974853449605,-1.68359646947303,0.10850391702681
5.14959660332078,-0.221727605757822,0.14456369908554
4.93426945390031,1.33770608176156,0.174576162923696
4.24839608197574,2.85443770819454,0.177078671720502
3.13644039250756,4.18587017497829,0.141952242178376
1.68277888907148,5.20038641203189,0.0901822765320294
0.000194843049778567,5.78997289129121,0.0514414274425621
-1.77695288219609,5.87654336716239,0.0322179483148782
-3.49558642720364,5.4236441199188,0.023794751762503
-4.99576710184074,4.43989293871388,0.0196378006123782
-6.12658966472273,2.98389004540801,0.017370925207693
-6.76166686177906,1.16105362564108,0.016232438272491
-6.81125570941038,-0.883357137170748,0.015953762878066
-6.23535432559456,-2.97408986041479,0.0164870945414361
-5.04927055011755,-4.92156033969576,0.0179686764524205
-3.32383487862786,-6.53698009027886,0.0207917439804418
-1.18616753586119,-7.65199054936002,0.0258268846165989
1.19203884089129,-8.13130510505473,0.0350841848855443
3.60390819116133,-7.8945863385247,0.0535424058173101
5.82489836540423,-6.91952094604956,0.0953890322153429
7.62692999613345,-5.25555368094845,0.205784398770523
8.78019843520387,-3.02409752443243,0.538033893293897
9.017572880926,-0.429621615440549,1.54764145982921
7.97024926660177,2.2125068572849,3.80970375201696
5.49158610434682,4.46737100283439,5.41593101459654
2.52349854539421,5.98332194043422,3.28473777748432
0.0125573308562641,6.73718247782048,0.888398578684934
-2.16410523229848,6.81969194861334,0.139919060464378
-4.16370081042846,6.26047874443776,0.0297754440705398
-5.88870351959636,5.08575150232384,0.0183961427800194
-7.17524003503319,3.36747036898496,0.0159386849246792
-7.87831327035432,1.23063898261013,0.0148793478966295
-7.89895715273844,-1.15301143873673,0.0146638710442671
-7.19005714922365,-3.57922468316568,0.0152518286120418
-5.77577218021573,-5.82710826701153,0.0168036013298346
-3.74108019895966,-7.67824328182754,0.0197832919533265
-1.23571836277309,-8.93665189608841,0.0252811539986796
1.53633862355483,-9.45157051200419,0.0359857143040892
4.33403862513277,-9.12980168215689,0.0595727613041752
6.89420119133491,-7.95167806543015,0.122293080334712
8.94339590396627,-5.9799574876352,0.33279581491486
10.1611343900778,-3.36905429047714,1.20408022391557
9.94526415368776,-0.415595541197286,4.7984680264284
7.08769491731921,2.27990642459518,12.1839529799554
2.52818864748023,3.90445703926603,9.26099403008206
-0.336843175111949,4.43840993523241,2.24085739846415
-1.96778289341114,4.34385682832386,0.306584781588646
-3.24073507169642,3.80262720398518,0.0466098907550273
-4.26079289392189,2.8712226078048,0.0221561132094335
-4.94754002183747,1.61521591999582,0.0192099259379228
-5.21953087719786,0.130715612967444,0.0184160581961705
-5.02633145579104,-1.45940116035674,0.018494641860427
-4.35725767947127,-3.01489658993481,0.0194230002471174
-3.24522035874357,-4.39043476427483,0.0213900333032746
-1.76534783452146,-5.44811300967082,0.0248267346096387
-0.0318811478526768,-6.07087851120956,0.0305964740927096
1.80998031199687,-6.17466837225379,0.0404418166032795
3.5955684268945,-5.7196667812142,0.0579811457276918
5.15364325417939,-4.71416457566717,0.0910038947268826
6.32095216923359,-3.22076854474882,0.155642159700058
6.9505176258497,-1.35138525868912,0.280454180300794
6.93343218368767,0.731269253029302,0.487723276150687
6.21440106382892,2.83035791993021,0.713241287409298
4.84485214644604,4.73434279911304,0.744767529123953
2.99349361460545,6.25284842715724,0.485207717352537
0.853915296727086,7.24436839340108,0.191179912401681
-1.42655586437887,7.60963574316948,0.0581691556308375
-3.69257923925927,7.28940508455025,0.0259177514651911
-5.75256694968088,6.27405925903544,0.0186465433658935
-7.40755600844615,4.61540468382742,0.0157695993398805
-8.48050658639444,2.42686519969457,0.0143267311370757
-8.83805845837348,-0.121933105328552,0.0137899278184199
-8.40022005731486,-2.81875985740957,0.014033029982299
-7.16185072341882,-5.4236747178972,0.0151328002015832
-5.18610631045381,-7.69090258142859,0.0174255641435149
-2.61079209848409,-9.39156138724659,0.0217306384961048
0.364319310552657,-10.3311402269417,0.0301303475419323
3.48623291765001,-10.3809726196031,0.048512103792384
6.47163058044126,-9.48007065857433,0.0977799095164659
9.01671471693897,-7.65795501555295,0.272924806479728
10.7680061753571,-5.04709898423241,1.1126327971709
10.979020511539,-1.93597946618943,5.71963481371038
7.49324971386653,0.937788296806723,18.8597618419692
1.49771337120895,2.35375366959899,12.6424294797688
-1.17151145456098,2.47424126419492,2.24575350257077
-2.14708284621502,2.09796556765528,0.265788346837697
-2.72263759240962,1.46864204080332,0.0450905857571366
-3.05519697187134,0.659485328124012,0.0247238956696835
-3.12347960925877,-0.262963868926362,0.0228126462559648
-2.90725446638534,-1.2202598391107,0.0229895826124035
-2.40982801736599,-2.1265624478077,0.024047435238076
-1.65849368752743,-2.89454771476053,0.0260386179934487
-0.708378567604032,-3.44560113308285,0.0292022125548247
0.36513999888087,-3.71567484667375,0.0339375121481362
1.47027204084992,-3.66292856483877,0.0408292247473908
2.50649120043318,-3.27293444836148,0.0506294389233436
3.37345335518705,-2.56189618314151,0.0640363711422269
3.97841819620605,-1.57543796717314,0.0809862909152838
4.2502886689709,-0.390603884765961,0.0990756725525017
4.14450363498876,0.894471541878523,0.112152980480449
3.64854442010967,2.16635325030895,0.111866529267645
2.790608335154,3.3070024502598,0.0951871139966748
1.63087583693679,4.2049769316295,0.0698799478929409
0.257152704931041,4.76340516597293,0.0478033302191471
-1.21868512596576,4.91292734818213,0.0338569395414268
-2.66960140581102,4.61522393919199,0.0261452686385217
-3.96173339757085,3.87082380839171,0.0218204145898624
-4.96738394345006,2.72165507152005,0.0193244188749607
-5.57512650064551,1.24776456686119,0.0179934357384137
-5.70590359487009,-0.433670893159228,0.017546958068946
-5.31878833342943,-2.18075096110427,0.0179126807739603
-4.4163893772136,-3.83644218797676,0.019180621210769
-3.05100502874327,-5.24241420303875,0.0216344800185761
-1.32047250828701,-6.25405212338703,0.0258867463935563
0.637813194378625,-6.75406461090973,0.0332098686945601
2.6561059660784,-6.66414016818312,0.0463749171743807
4.54969802259771,-5.95929126196564,0.0717020119632213
6.13054081244633,-4.66727705934214,0.124620554686019
7.222230393472,-2.87723268116134,0.241728041604829
7.66382206354267,-0.733470400907926,0.496377038603224
7.32893926269106,1.56306625371177,0.948596852409696
6.1641455043173,3.77034094411424,1.394400102973
4.31851987559742,5.6424119413186,1.28508974943291
2.11113196536937,6.99546891173968,0.652930001831992
-0.232127125426305,7.72517199558064,0.186880347068633
-2.60554087011087,7.76721579320075,0.0454756371213672
-4.86336787849078,7.09015086592283,0.0216207046696337
-6.8083130909941,5.71499717913218,0.0167577857440167
-8.24409150507206,3.72592331736113,0.0146858561926903
-9.00827791485906,1.26911786845621,0.013719786303627
-8.98708743771813,-1.4584709427877,0.0135661611894236
-8.13590794792568,-4.22125535275673,0.0141984215947919
-6.48192824465784,-6.76699256200211,0.0158078816962329
-4.12854008767162,-8.84825526866325,0.0189257245666274
-1.24870805022446,-10.2429942770367,0.0248645556014321
1.92215635672961,-10.7818401256208,0.0371411079839378
5.10654100735353,-10.3623629519813,0.0671807521064108
8.00154672250057,-8.96839202690826,0.162150273719874
10.2776855884365,-6.67859628398055,0.576867700994518
11.4194150904665,-3.69549852592611,2.96726537512454
9.76474494356563,-0.529283986205418,14.5460708333704
3.42594647991914,1.55788912490256,20.4002229046181
-0.754657256536899,1.95118080724538,4.91198249996733
-1.92904375862733,1.62409019128454,0.59750819921089
-2.40845170267697,1.045908902018,0.0785502364136296
-2.63040416674933,0.32525972488379,0.0287470272086894
-2.6169526760056,-0.47290143946654,0.0243725060404924
-2.36053902179972,-1.27910409709403,0.0245001374833037
-1.86981612526629,-2.01922327665995,0.0257008244158347
-1.176717841423,-2.6213867847302,0.0278149930962229
-0.332472859896513,-3.02157277830961,0.0310291239617465
0.594069337643611,-3.17105624848918,0.0356351531183235
1.52231087007864,-3.04034158791488,0.0420014560605633
2.36609374764652,-2.62484251007278,0.0504559885361986
3.04199599198424,-1.9462780733208,0.0609894248235928
3.47657238685601,-1.05157159216135,0.0726649758212071
3.61535706342762,-0.0112552847520451,0.0828883007867235
3.42816695833535,1.08688229759716,0.0874857561297332
2.91443552645095,2.14452751113792,0.0829470790441363
2.10532253678265,3.06279004137838,0.0700357992965848
1.05676051180469,3.74790859310633,0.0540971461099717
-0.147918378779717,4.12583381308511,0.0406320636058308
-1.40958868821471,4.14240768277719,0.0314919729981052
-2.61634577076181,3.77435946298565,0.0258146172274895
-3.65470071236416,3.03345208679848,0.0223347761166764
-4.41881659199974,1.96465355622928,0.0202658987934364
-4.82161790201844,0.646584565508526,0.0192067431011196
-4.80429437409992,-0.814343183210629,0.0189838037148075
-4.34266207189594,-2.29247379576775,0.0195749919899014
-3.45124144929996,-3.65230240252731,0.0211010738732114
-2.18672497485686,-4.76132915122365,0.0238634557353282
-0.642905886303911,-5.50185212938473,0.0284681547388665
1.05433589034332,-5.78376904318188,0.0360790196198633
2.75718036627955,-5.55303529720999,0.0489799564850177
4.30666909019003,-4.79997373728949,0.0717103280603587
5.54695887845716,-3.5645897528812,0.112950809453159
6.33622377957337,-1.93383552085948,0.187069761667801
6.56494019964324,-0.0419560445708259,0.306227836980062
6.16584758394687,1.94265205595299,0.446307734245022
5.14761449047221,3.83039246445076,0.505626583124932
3.6083231661135,5.43664484942264,0.391906988019797
1.6997771899044,6.60525453677335,0.195912375634053
-0.428504340479801,7.21816932973854,0.0723401702279791
-2.62352736626339,7.19551334657109,0.0315621230900404
-4.70498139630041,6.5048196715092,0.0210315938362987
-6.47875511312694,5.16901868323437,0.017151169674961
-7.76314797157907,3.2719650803732,0.0151933955347209
-8.41061259639508,0.954656385008708,0.0142875475942416
-8.32109507517826,-1.59552902504242,0.0141945398033186
-7.4601708152957,-4.15783132325269,0.014903935018178
-5.85614874981638,-6.49630729310596,0.0166252658219064
-3.61377240372773,-8.38222078470102,0.0199037694181794
-0.899759185454772,-9.61263338133601,0.0260614680438302
2.06259251536548,-10.0350332975641,0.0385376260503096
5.0131374517167,-9.56333101547776,0.0678566254835614
7.66935567838608,-8.18546681029806,0.154445307562746
9.73068608253401,-5.98309099152868,0.491397596590481
10.7843565708202,-3.14629259089097,2.13053842808392
9.77245110524723,-0.0800253647741725,9.22422011620827
5.10479818677368,2.30920059369593,16.9467115342859
0.527306153061152,3.25203993743001,6.64037799641478
-1.41240476581099,3.27706600365986,1.03338935324415
-2.47301624399434,2.8705305576062,0.126057131580153
-3.25316850567852,2.15709667598086,0.0307341102904057
-3.7694475612844,1.19705367397607,0.0219975309300813
-3.96867145458899,0.065234713019371,0.020823630075289
-3.812923874127,-1.14459791995751,0.0208650231669776
-3.29613427466145,-2.32554192130667,0.0217426149063977
-2.44330997288404,-3.36704943710589,0.0235794677390966
-1.31285646351686,-4.16503141220289,0.0266754372541391
0.00843949949903992,-4.62973217593466,0.0315862576675108
1.40913057947137,-4.69959213025165,0.0392503270138259
2.76461446171115,-4.34468949434115,0.0512371279423123
3.94484614742731,-3.57050523771944,0.0700181417704382
4.82840809071703,-2.42598515436966,0.0985928625425978
5.31279078385015,-0.996185177075124,0.138230360404168
5.32703695671419,0.6012531350176,0.18198362989428
4.84173068348021,2.22561927711172,0.207632560953517
3.88203169547104,3.7262779682799,0.189018380550094
2.52094330454354,4.95904951255492,0.131113263317727
0.864445771109366,5.79895034697999,0.0732384095639816
-0.959099834466532,6.14867985205318,0.0404885966884031
-2.79949581367786,5.94883406139393,0.0268400156287633
-4.49235125517899,5.18549772419588,0.0209506185702789
-5.87365652158953,3.89424252227802,0.0179162141198668
-6.79744163481377,2.16222780703132,0.0162969346046334
-7.15061095421394,0.122189406191568,0.015629805049491
-6.86595832286391,-2.05666725434082,0.0157712548577518
-5.93085330460023,-4.18239282530238,0.0167686689160549
-4.38975029840276,-6.05497517564539,0.0188865397262767
-2.34964457224768,-7.48728653513823,0.0227423478144362
0.0326029053523711,-8.31956524941577,0.0297487191218936
2.55685054350117,-8.43790656372439,0.0433653218826146
4.99620484022716,-7.7905633164201,0.0730973026758446
7.11179168524767,-6.3905361375215,0.149589621710586
8.66363371441874,-4.33000031902304,0.382705841640631
9.3811471824901,-1.78112045750705,1.17035579618174
8.85420961511782,0.970705548979022,3.49900099399812
6.5936517810226,3.47098476009374,6.79814696011491
3.27085544609694,5.22020056654636,5.46206210337169
0.506922194236727,6.10960457073707,1.7348770977805
-1.62497800899143,6.30871747915091,0.288083836504515
-3.51112240921579,5.90234489173964,0.045177087140926
-5.15857066367178,4.92075391300533,0.0204546822611589
-6.42855328318472,3.42246628887946,0.0170068652790856
-7.18315818444932,1.51421270458898,0.0157272401908878
-7.32104414097343,-0.653293620424861,0.0153535863449868
-6.79257750531607,-2.89604306199009,0.0157822337503968
-5.60371826292423,-5.01164690398046,0.0171327759626671
-3.82550690048938,-6.79776627828254,0.0197719986219238
-1.58489971802057,-8.06916249716481,0.0245527578463691
0.939035119100385,-8.67759776269301,0.0334612990424082
3.52931799166388,-8.5253842682901,0.0516841305493087
5.9470820835874,-7.58367831120545,0.0946352616835488
7.94435623339186,-5.89204401613017,0.216804719407258
9.26528382826718,-3.5747261536069,0.629702661986777
9.57062336036421,-0.849379470794838,2.09754383771004
8.26413940745423,1.91124145955595,5.8925863289674
5.05748819467596,4.13256637841592,8.21152371805665
1.68175443494475,5.41239451517757,4.02398329548839
-0.679992448852834,5.88524257913225,0.856295948232287
-2.55395803050064,5.74543421502497,0.117784308927029
-4.20550345410891,5.05157735347542,0.0274773008576971
-5.55981870881698,3.84560359205094,0.0186898362595682
-6.48359284395438,2.20866651597255,0.0167445470859337
-6.86490596521331,0.264883438898505,0.0160022324221581
-6.63692933381689,-1.82470325825429,0.0160811508540463
-5.78334977840655,-3.87714316901735,0.0170077027399515
-4.34181063528633,-5.69987261738672,0.0190219064063448
-2.4123967773919,-7.11249541486006,0.0226797020732
-0.141385145385228,-7.9577947003742,0.0292447956395002
2.28089720018318,-8.12458377972678,0.0416800859181706
4.63760550626736,-7.55488847942534,0.0678789379862422
6.70148227519601,-6.26108638481984,0.131293702257219
8.24402282539713,-4.32218868792181,0.310268000302844
9.02576673722301,-1.89528209799309,0.865939452898118
8.73743394924473,0.76937270194895,2.42487469526056
7.00998956351686,3.29608935538571,4.92208470661625
4.12914065954385,5.24321800914189,4.85671974956776
1.32551869557991,6.40236948521507,1.99982617914225
-0.994498704288028,6.84468824318801,0.403948752493431
-3.08873359543064,6.63562153527772,0.0615439893476319
-4.98083138477635,5.79359132065896,0.0219109635759779
-6.52524617968047,4.36287323564658,0.0170194792553671
-7.56174943778564,2.43934945914808,0.0153551849222855
-7.96486857231991,0.170727173909193,0.0146970980366339
-7.65680289805991,-2.25552789142735,0.0148389551494124
-6.62517415181506,-4.6255563049473,0.0158265023098594
-4.91676145463729,-6.71638963059782,0.0179436687757552
-2.6507960015568,-8.31966501962482,0.0218638321609657
-0.000676337649681356,-9.25578224551491,0.0292082165401954
2.81053493987988,-9.39866943420208,0.0442079414476968
5.53017295202431,-8.68855498935734,0.0798403663181201
7.89044203290937,-7.14056114559519,0.184624228985943
9.60825427132913,-4.85718051433508,0.574183202743756
10.2892917479972,-2.04540544068067,2.25244939857334
9.04759085188931,0.890056764815232,8.0361800387372
5.0087960963814,3.1841762769692,12.7287187408626
1.0144628528687,4.26777505191057,5.43723361042465
-1.12952847338971,4.48491464524055,0.961890074478018
-2.56504876470452,4.18451462532242,0.121876021677837
-3.74083688371402,3.46328414066736,0.0289145160411048
-4.63259446368609,2.3746348446275,0.0202550668614484
-5.15091358627919,0.997832779476726,0.018686995119946
-5.22474365754034,-0.55816311455313,0.0182992039054757
-4.82115609553506,-2.16035320525786,0.0187365145517087
-3.94813511905154,-3.66415428883441,0.0200827706118368
-2.65706351830614,-4.9249066033616,0.0226209390257959
-1.04155702626438,-5.81147494838799,0.0269402702400581
0.768802198363313,-6.21918915295534,0.0342202421856515
2.61803432914662,-6.0822822813919,0.0468678748038918
4.33581969129012,-5.37964403853625,0.0700472592115886
5.7511344783723,-4.1437619849612,0.114882424998962
6.70682847311098,-2.46062036228606,0.203586570934232
7.06759274304022,-0.46493243771714,0.369138476378005
6.74236789890432,1.66229250776073,0.612032331946381
5.71528235753029,3.71202824334077,0.793488284257467
4.0958406221231,5.47554038882527,0.684682377138363
2.08474642830331,6.78138163102987,0.354943357456177
-0.142685597611686,7.5094105662603,0.116548343031975
-2.4456252367565,7.57731634235605,0.0380525590312347
-4.65222793737025,6.94628147852317,0.0216435259269872
-6.56310500865312,5.63337195780856,0.0171016915351638
-7.98512953383657,3.7176671883706,0.0149763355748935
-8.75877445190929,1.33971066612681,0.0139655840256337
-8.77056800208972,-1.31075469774609,0.0137767316182711
-7.97432525799787,-4.00526738415849,0.0143750571424297
-6.39371244171837,-6.49850115160914,0.0159390840700207
-4.12577066421862,-8.54816028851955,0.0189741992615788
-1.33764521855968,-9.93773812494459,0.0247070455256455
1.74434661462441,-10.4985618374114,0.0363791898418975
4.85154036011662,-10.1308827534587,0.0640535515229982
7.68963814285914,-8.81064711680096,0.14768456504405
9.94278914090129,-6.61155197559935,0.490071834735358
11.1619414646221,-3.72087545580187,2.32166434571692
10.0564320866776,-0.573245616706345,11.2345363127464
4.56731629452303,1.75756462613106,20.0520146364754
-0.134135589086323,2.45136920744282,6.37477537048439
-1.71143569902156,2.27734267904076,0.862086296227268
-2.43139878317079,1.76889862215653,0.105639221170739
-2.87557648130251,1.05170897864521,0.0302888950659372
-3.07238285700799,0.189888483581497,0.0234470055622272
-2.99683351488159,-0.744939190455554,0.0229217339203175
-2.63977634271458,-1.67106095527432,0.0235585435237179
-2.01663269078702,-2.50228185331255,0.0250647610568414
-1.16933077985682,-3.1564297158074,0.0275971352857502
-0.162337778370638,-3.56259917859168,0.0314638205715661
0.921102122674854,-3.66806577458068,0.0371366108469993
1.98524020274394,-3.44531592404665,0.0452561291132994
2.93021400247839,-2.89536337422889,0.0565325139829862
3.66031445813071,-2.04918641693065,0.0713217198194545
4.09390032352892,-0.967991388589279,0.0885327249256601
4.1734804488776,0.261002726295449,0.104047354363993
3.87194873746225,1.53259834453964,0.110534257716085
3.19581376708946,2.73136867415721,0.101775679133967
2.18992138930404,3.74296653293496,0.080275176202091
0.928784475874183,4.46490482395502,0.0566861144466636
-0.488812881970292,4.81452703790445,0.0394634013105117
-1.94428924172833,4.73741067885785,0.0293886203364061
-3.30776284799243,4.21629480030984,0.0237568320023457
-4.44839238265368,3.27111187165797,0.0205103117439026
-5.24809063545293,1.96398450233268,0.0186663650576694
-5.61264908049567,0.393254930965294,0.0178071879184793
-5.48183235107995,-1.31268292095733,0.01777517862362
-4.83659932295618,-3.00482765168293,0.0185811249743824
-3.70568227862967,-4.52645769560345,0.0204002022418592
-2.16268421260242,-5.72606226593663,0.0236566620646457
-0.325887787957046,-6.47391230911111,0.0292195760176434
1.65275501029689,-6.67396816852565,0.0389065045457266
3.59818880267099,-6.2745217692999,0.056725912787857
5.32517989009582,-5.27634913798155,0.0920466520700265
6.65438384590823,-3.73933495632938,0.166915943599231
7.41940765533346,-1.77728390961046,0.32958394312603
7.4819243497381,0.43825563052678,0.648309549446963
6.74990972521816,2.68982965390033,1.08619409878695
5.26034329019514,4.73485580987102,1.27200571434645
3.24686730445573,6.35678904271987,0.878123698515377
0.986394704174365,7.41333096047177,0.335463004945136
-1.37303124238256,7.81720687915188,0.0838816627635529
-3.70768787496461,7.51562627322583,0.0281179942981678
-5.83633799421451,6.49941442486074,0.0186273665005612
-7.55607490319674,4.81858090812176,0.015604287532798
-8.68421146132289,2.58791518934236,0.0141294268309157
-9.08023098238935,-0.0207475785617088,0.0135697034126291
-8.66440042102356,-2.79009798217429,0.0137824066664713
-7.42183570910037,-5.4747595031113,0.0148445170027611
-5.41881713008904,-7.82225577973903,0.0170799219760666
-2.79197012188637,-9.59444504598277,0.0213084863904313
0.253234898351671,-10.5933390763593,0.029590076045403
3.46034268355271,-10.6811095046673,0.047889061996824
6.53835607505228,-9.79224762589412,0.0978529004340543
9.17532441001606,-7.95524223619676,0.281021298669352
10.9985090261183,-5.30131888090732,1.20999203020339
11.1641102737806,-2.13511293184945,6.64181914107141
7.12492826276539,0.715239536495543,21.6318868829531
0.875889517108471,1.93426753702665,12.1322330743304
-1.46006119877629,1.88826297071037,1.88491549023079
-2.1954758846152,1.42487484182771,0.216958402514308
-2.55824649097368,0.771659266918169,0.0414296630417154
-2.68558924969209,0.00202294495259598,0.0253457772549392
-2.57065315596067,-0.817814911049083,0.0241322189920371
-2.2110111897505,-1.61509740988991,0.0248036331056016
-1.62510492377788,-2.31496632368176,0.0263793765019774
-0.853271452239251,-2.8470691090745,0.0289360229463647
0.0445805568279856,-3.1522264196898,0.0327173946912161
0.993206787825151,-3.18904475005119,0.0380619493630428
1.90778511396578,-2.93685042327744,0.0453672847325118
2.70135742664545,-2.40253645318268,0.0548956560173323
3.29230480094233,-1.61825398264985,0.0663715639830006
3.61393713702294,-0.642528797243808,0.0782289598143624
3.62030307189083,0.445688066431253,0.0870194202880204
3.29252707820578,1.55209851849875,0.0882252326581885
2.6442712538395,2.57593811573346,0.079610929313513
1.71665378049986,3.41784674418759,0.0641789487054136
0.57995229311442,3.99155463602555,0.0483285454119287
-0.67584746442804,4.2270959448267,0.0363960247490658
-1.94328388002098,4.08440532801063,0.0287493447929126
-3.10742722540676,3.55312103187673,0.0240756133639808
-4.05540327267595,2.65907700260459,0.0212389281092719
-4.68669753989774,1.46235927246569,0.0196182010931448
-4.92396993513147,0.0549812596310126,0.0189165244830314
-4.72250125032965,-1.44629899426761,0.0190244949050798
-4.07118325831755,-2.90887646728102,0.019982122022418
-3.00456634915283,-4.19548402651485,0.0219743563923614
-1.59520441169265,-5.17668213505171,0.0254155003431731
0.0475893763591316,-5.74334682857853,0.0311151574820713
1.78596341195693,-5.81896917987453,0.0406415269854491
3.46426361570897,-5.36578495439102,0.0571423886073063
4.92124992082214,-4.39502982949764,0.0868898333073507
6.00268019011838,-2.96616116197785,0.141772782963525
6.57786038613956,-1.18932906888317,0.238871461546895
6.54884487775783,0.784884909604798,0.383634936316441
5.87566740757329,2.77378300135793,0.519033128480366
4.60387269078262,4.5829756421511,0.512810398878012
2.8691899476397,6.03583216786506,0.330914679637637
0.830870959669842,6.99126436037401,0.138751120533096
-1.36384123586349,7.34730048061406,0.049707108052394
-3.55181295569619,7.04220770807631,0.0255813853237476
-5.54296749308477,6.06608458296264,0.0189713938199986
-7.14427058712935,4.46817097441115,0.0160978847204295
-8.1850730854825,2.35794977977093,0.014635400097714
-8.5332586240955,-0.102207238163205,0.0140874908888017
-8.11696344365015,-2.7060056962514,0.0143219323604389
-6.92545133633228,-5.22260482132044,0.0154177413775469
-5.02192759438847,-7.41473102083921,0.0176991597281604
-2.538413942165,-9.06117356289104,0.0219571353005027
0.332587983776882,-9.97381072170526,0.0301672709991025
3.34702546861848,-10.0272882676124,0.0477801462641141
6.23129786934724,-9.1627626389057,0.0933906310519458
8.6953980266149,-7.40989415562198,0.245774156587977
10.4101170580524,-4.89036244057931,0.919890449546201
10.7734499620319,-1.86649595956962,4.33435424023896
8.12676491692091,1.05458923754371,14.948249623828
2.57366037304174,2.78586576116857,13.5248267444993
-0.630411115782422,3.18399408885146,3.05462258595207
-1.96086638487938,2.96070451115605,0.39025727343361
-2.8222295864481,2.3983424606263,0.0562111394988753
-3.4346958038618,1.57280840651614,0.0246774429418378
-3.76414321502145,0.54873526786991,0.0215019721251989
-3.76525509431359,-0.591438268324587,0.0210993914667429
-3.41925992699275,-1.74937490296828,0.021597819159994
-2.73645637950835,-2.81964685495289,0.02297071430957
-1.75902112452577,-3.69820443861975,0.0254260617448052
-0.559258370106737,-4.29220729750447,0.0293629132106412
0.765331344162195,-4.52958354581522,0.0354675306422801
2.09963488949124,-4.36771388024779,0.0448622742986553
3.32004719747935,-3.79668017523557,0.0593002777997819
4.30596318500184,-2.84617113162824,0.0810379994781384
4.94805572253687,-1.58077284620122,0.111729205774342
5.165494932567,-0.102102956062602,0.148384248606152
4.91244770871432,1.46390018817003,0.17759009288561
4.18817255286523,2.97562573721761,0.177310321421741
3.04212402757623,4.29032481291667,0.139321030502043
1.56189048830669,5.27790542858325,0.0870298882283631
-0.137978061194422,5.83240117150051,0.0494610865381989
-1.92133531675619,5.87756423652455,0.0312911287110003
-3.63353358644862,5.38077784506442,0.0233401069853516
-5.11419054364214,4.35426718075613,0.0193806554306474
-6.21350631105171,2.86090802191026,0.0172204149255156
-6.80650528971529,1.00948265863314,0.0161565971907965
-6.80866868657646,-1.05087104080539,0.0159402796236636
-6.18196741332569,-3.14339783652701,0.0165404427088807
-4.94604953405046,-5.07675349832436,0.0181105657930478
-3.17856642915653,-6.663712469361,0.0210661991349126
-1.00891950633366,-7.73620255811295,0.0263430557756325
1.38662936291438,-8.16238170350758,0.0361048868030528
3.79860236697251,-7.86671690285497,0.0557684063513108
6.00144697977354,-6.83250467414192,0.100932930093963
7.7663279202899,-5.11403045888695,0.221921974078951
8.86004503264698,-2.83868946358745,0.591379636540754
9.00780150882008,-0.220759020721596,1.70950311960723
7.82663953335416,2.41187043921996,4.10725430898271
5.22814260785682,4.61373915689439,5.47653872567455
2.26255341267595,6.05492329355998,3.06329176190732
-0.204756038773132,6.73943024316335,0.774711075765779
-2.35493312152926,6.75909519728223,0.118692929397816
-4.32485653456801,6.1414142652308,0.0275641736433126
-6.00593837759581,4.91579119530474,0.018088682713966
-7.23541581400273,3.15929296423564,0.0158359331650108
-7.87175050248337,1.00077310583251,0.0148674376785351
-7.82258148031722,-1.38442403327965,0.0147278622551362
-7.04695752832942,-3.7909477140889,0.0153985964752435
-5.57475312789834,-5.99850401297542,0.0170622520487099
-3.49704022950468,-7.79094506682831,0.0202226481329575
-0.968633994711406,-8.97661835600244,0.0260583534047631
1.80308934212973,-9.41114996614089,0.0374949823456881
4.57547235922608,-9.00711268569878,0.0630211360445606
7.08547401209892,-7.75376640679087,0.131946988532462
9.06019150372934,-5.72152274294781,0.366510354467906
10.1718150583505,-3.07354638558478,1.33993891927476
9.78600122148612,-0.122238516786439,5.22037845091512
6.73543664347624,2.50945020387395,12.2320358265484
2.28020733657149,4.04699712431799,8.43242615200422
-0.44615648250134,4.53843690833844,1.94539896615659
-2.0620333293759,4.42029190814239,0.262141760145423
-3.34874986499141,3.85257356072875,0.0421203229002137
-4.37862113316711,2.88914522906821,0.0216179542365053
-5.065281292528,1.59747103029316,0.0189757444725816
-5.32613491294789,0.0767479558278974,0.0182281072947822
-5.11218000555993,-1.5467290807617,0.0183376480065445
-4.41289937159408,-3.12988694754323,0.0193019409517464
-3.26308125144601,-4.5240055787807,0.0213220965737691
-1.74153696843479,-5.58894821424582,0.0248505407700782
0.0337466982788619,-6.20661589879993,0.0307995939572796
1.91394061618714,-6.29291153206308,0.0410312324929148
3.7304030552271,-5.80773188969769,0.0595102974506399
5.30869000943807,-4.76292526561699,0.0949084651483204
6.48024425279286,-3.22214256541989,0.166057473209623
7.09942536600145,-1.30542020401184,0.306696888186721
7.04964099602353,0.821718937383493,0.546657078677524
6.27333473114121,2.95404161809167,0.811708057142491
4.83264882090344,4.87331394578546,0.84559088528467
2.91622492769558,6.38622986629134,0.53748679543964
0.730940183381147,7.35436851786945,0.202385866541639
-1.57859773607644,7.68364376953187,0.0582376626755075
-3.86001341970831,7.31792081810385,0.0253833621592726
-5.92101154025238,6.25212598008142,0.0183311734954432
-7.56140873560506,4.54166900561017,0.0155663623385336
-8.6053363237183,2.30536844799339,0.0141888595747423
-8.91882591529171,-0.28356352158324,0.0137031019883787
-8.42927032321272,-3.00764483552644,0.0139923406808546
-7.13148699907616,-5.62407651378003,0.0151507921673104
-5.09618886064275,-7.88525543239595,0.0175338816122692
-2.46528550562069,-9.56051941193328,0.0220186679423551
0.554197498888733,-10.4606015061484,0.0308134574439841
3.70618584920064,-10.4520579317516,0.0504456481544824
6.70209664678349,-9.485298841894,0.104354109670856
9.23483387304149,-7.59458728188407,0.302225936580659
10.9328524883234,-4.91885014958942,1.289242573271
10.9465649185731,-1.77207200956765,6.77818971144602
6.90887563579255,1.02283821664246,20.4682439559716
0.965903791289983,2.24433480251484,11.304996049933
-1.37157072535708,2.25128262529208,1.81604398476931
-2.21493325704019,1.82191679749542,0.211979132188216
-2.69716990033693,1.16897749628452,0.0403295386388487
-2.93906004356072,0.36310382740623,0.0246135649005295
-2.92246498564646,-0.528462839161249,0.0232381988233873
-2.63451298504845,-1.42850767529613,0.0236523488147608
-2.08593199705995,-2.25470821570406,0.0249436874060001
-1.31120997985958,-2.92665084328372,0.0271934797387597
-0.367587452597793,-3.37241605653768,0.0306610109683035
0.667573542195253,-3.53770649493841,0.0357385012371271
1.70400516276182,-3.38993191403075,0.0429659643656152
2.64560769338676,-2.92450897702547,0.0529379100098896
3.39847869895289,-2.16497075040289,0.0659832743126346
3.88146091754867,-1.16520731247996,0.0813071773116574
4.03323618907934,-0.00365695467626807,0.0957363567550321
3.82133371906367,1.22148040345372,0.103278209306712
3.24368626643006,2.40019988951242,0.0980120839187993
2.33732212408115,3.42170426904879,0.0805195495131795
1.16696888955997,4.18361540203089,0.0590132949095689
-0.176484576068155,4.60120046602091,0.0418471348308992
-1.58182903112515,4.61607988970648,0.0311394500159454
-2.92520746446719,4.20340176820922,0.0249765555403801
-4.07976022144513,3.37466355554823,0.0213802424503564
-4.92809763342047,2.18146470957097,0.0192939206034048
-5.37337861152674,0.711479013519408,0.0182450882219883
-5.35070143699307,-0.916619836497896,0.0180391434923577
-4.83273510027127,-2.56287549638113,0.018654350040056
-3.8364134331209,-4.07632830833471,0.020225046763206
-2.42464330289637,-5.30903714982821,0.0230959338842198
-0.702798402430208,-6.13048650652592,0.0279770155401204
1.18889326826127,-6.4403115511737,0.036312281547739
3.08536440105677,-6.17838092893175,0.0511701900233853
4.80927863570884,-5.33514679732042,0.0793435168284094
6.18468764615555,-3.95444318048631,0.136206655020218
7.0528409011183,-2.13745974196519,0.253332065984275
7.27725448415756,-0.0344599523262187,0.476912616704971
6.76760183195971,2.15714494500108,0.79643843187306
5.52887958464143,4.21294448852595,0.989498763914668
3.72130120240786,5.91984380112213,0.774255223613846
1.58180075412323,7.11618024624939,0.349291759504677
-0.720136526965311,7.69641241388345,0.100511907570194
-3.05064063234631,7.59141651980202,0.032723042909659
-5.233095055954,6.77644996681659,0.0200309696008622
-7.06532090990131,5.28388434079668,0.016311691169729
-8.35802306071344,3.20999967493697,0.0145181396615235
-8.95954025326519,0.710493454655069,0.0137292182513676
-8.76971642113323,-2.01073152949369,0.0137329307449306
-7.76068617216837,-4.71587027834227,0.0145435955306516
-5.97322769678395,-7.15484703706447,0.0164063208604207
-3.52480357916879,-9.08673345355704,0.019955010251114
-0.600211869594269,-10.3008712770913,0.0267612245996367
2.55783913320686,-10.6427016526604,0.041143178865769
5.66926958338542,-10.0288668471039,0.0775087212527124
8.43118973161394,-8.45920627357461,0.197780693076982
10.5066678129773,-6.03276279907072,0.746088620856748
11.3086747159462,-2.98478372400792,3.88124144689397
8.93415103380101,0.0914472490431477,16.652420250257
2.56428286073616,1.90688845694515,17.2864376659192
-0.933619863674212,2.17583162624946,3.62317875355441
-2.00285572209459,1.83164371128645,0.434359069867685
-2.52325527145375,1.23811302786555,0.0620001297975921
-2.79671735280649,0.48583871858679,0.0268131477859295
-2.82436449443645,-0.360511864034349,0.0236935016878187
-2.59221077135123,-1.22811292630194,0.023843546334695
-2.10638056826603,-2.03816555642589,0.0249597874499963
-1.39650611597846,-2.7127489120045,0.0269894888240078
-0.514135749418408,-3.1813578848405,0.0301422837245823
0.469690041673973,-3.38811594078103,0.0347541149485201
1.4699950145564,-3.2985381991176,0.041273175582371
2.39504572792931,-2.90292246468628,0.050194911088951
3.1542762075722,-2.21972809787402,0.0617835185457983
3.66695475197509,-1.29523099576014,0.0754167396414278
3.87000154822845,-0.200753271951595,0.088552669488182
3.72734239726128,0.971852934935243,0.0962611402172408
3.23197292947972,2.11847362471156,0.0932915014516653
2.41313156936312,3.13242540033382,0.0791588309899623
1.32723436431734,3.91251902346842,0.0600467516513999
0.0587342471306519,4.37500439465151,0.0435640230040153
-1.28887276773983,4.45799317735013,0.0326256445004193
-2.5977237663371,4.1319391781685,0.02609636486792
-3.74600361770312,3.40224556334097,0.0222179674939405
-4.61846583894494,2.31137117968112,0.0199296093327756
-5.11805786221473,0.937883017803147,0.0187208842364386
-5.17494654502248,-0.609022651433744,0.0183743441509074
-4.75853426854666,-2.19689104603784,0.0188392832095928
-3.87729096241993,-3.6821794231352,0.0202185094268421
-2.58395066801656,-4.9215518410791,0.0228003799343105
-0.972873530903789,-5.78580229944014,0.0271810196687241
0.826422544761619,-6.17244082288472,0.0345485212026014
2.65869372829823,-6.01733658017007,0.0473213557244976
4.35480629883332,-5.30158116307757,0.0706406493173315
5.74486977749054,-4.05837941708974,0.115509635231151
6.67419643136678,-2.37556116746032,0.203350792503752
7.01137897527805,-0.388528784931146,0.364261627197879
6.66872348833947,1.72312744453142,0.593700758615717
5.63502659425773,3.75254589701995,0.75453385168613
4.01987326933282,5.49393459814587,0.638832565113265
2.0180826035818,6.77933032721578,0.327247952014509
-0.200672094384987,7.48756147969755,0.108174917518791
-2.4931109256987,7.53760345747795,0.0367082483334342
-4.68533495400361,6.89166417850189,0.0214703874043193
-6.57800778654308,5.56780810455458,0.0170667011980957
-7.97943326620915,3.64661463906814,0.0149765400157945
-8.73133971199491,1.26917582083068,0.0139874047164468
-8.72288824493839,-1.3739936767592,0.0138177612332495
-7.91002498742571,-4.05505947504311,0.0144371376330086
-6.31732225769552,-6.52954608270098,0.0160305358261559
-4.04318998917417,-8.55607692857526,0.0191135570878835
-1.25658579559704,-9.92092559609898,0.0249340698948757
1.81647921911482,-10.4569225399737,0.0367968575578523
4.90735988802414,-10.0660658905792,0.0649983833180366
7.72284985788995,-8.72816470000367,0.150286465727375
9.94756122152602,-6.51770331326492,0.499597357809504
11.1321579993796,-3.62487099486457,2.35534430124711
9.98833846631334,-0.486675915696413,11.2274129611162
4.53609135014444,1.83089594341145,19.6810508965268
-0.1096168888959,2.53052547500322,6.26471174243235
-1.69979391559781,2.36782713963865,0.852810524181563
-2.44684900374803,1.86453064654922,0.104695976633617
-2.91932035296086,1.14410723541299,0.0300674608724836
-3.14234653681506,0.270401489265131,0.0232695080450202
-3.08776383855965,-0.684511973758113,0.0227041552496065
-2.74463359099303,-1.63732797638354,0.0232880406141804
-2.12717583919568,-2.50021646004657,0.024736021966902
-1.27564071971444,-3.1884498244708,0.0272053531765575
-0.25398956227086,-3.62776172889088,0.0310090768142324
0.853653743729936,-3.7622403089621,0.0366335402224698
1.94971197890017,-3.56142789530894,0.0447613897003032
2.93124027999365,-3.02322629225154,0.0562089368217777
3.70025249508229,-2.17862044556892,0.0714989224660512
4.17237446289954,-1.08773810251557,0.0898121222942372
4.2836781776595,0.163329886463093,0.107164739522229
4.00490702329765,1.46672247120401,0.115694696646831
3.3412552226901,2.70486013673717,0.107964581302917
2.33539651051759,3.76048313353978,0.0855270308255529
1.06112074271533,4.52702728820644,0.0598175981433459
-0.382166563462539,4.91721120455135,0.0408638788784559
-1.87411207569094,4.87429737444021,0.0299033676043894
-3.28260178635381,4.37665003347243,0.0239083425808836
-4.47349053960415,3.44180641965933,0.020497375024112
-5.32433754137716,2.12981101622868,0.0185602219842769
-5.73519024026994,0.538151705024479,0.017634487587603
-5.64227502831947,-1.20289655579531,0.0175420967862119
-5.0232505816513,-2.94230987779363,0.0182807373266236
-3.90264243413079,-4.51977879198012,0.0200161676360721
-2.35313575792854,-5.78017528965945,0.0231534128464889
-0.491019889743425,-6.58704590285212,0.0285463580074683
1.52988485637125,-6.8390391476878,0.0379865948379955
3.53156519318057,-6.47952121606192,0.0554783470071495
5.32429026849296,-5.50442321913598,0.0906219439879636
6.72351693033301,-3.97125284321217,0.166796263802953
7.5547348871515,-1.99160595074706,0.338855049425835
7.66909717604069,0.261069302638965,0.695936835584517
6.95591151115145,2.5636750116003,1.23031750679915
5.43582772405527,4.66112735116133,1.51689648335483
3.36613602971939,6.32427287197649,1.08396562873006
1.06795364395687,7.409131362696,0.417361339718758
