4.97237743552394,9.94475487104788,4.97237743552394
12.928917355501,23.3249867083531,17.3223243048661
17.9564390138387,12.0641733420947,45.1736344665473
5.62294921019138,-6.68233835079759,35.8463352672166
-2.37805372401075,-6.82767756723369,26.9619643921799
-5.32539148555397,-7.51520050286443,23.1776014459934
-7.59766957512695,-10.0870901604429,22.7805848245626
-10.0784938782389,-12.1747756550646,26.4137966517535
-10.8493057541748,-9.98888981948899,31.0010604497486
-8.73370896366336,-5.95764968401226,30.5477461074217
-6.39702320395051,-4.82586046115871,26.7303892201055
-5.79245298852675,-6.13185639049456,23.2511226967676
-6.97546977408815,-8.93179210395715,21.9595533248367
-9.40736532344348,-12.00014725015,24.5223084589639
-11.1464655801368,-11.4620899548395,30.030564995709
-9.70728799735886,-6.92474013826698,31.6194687945004
-6.88451786330676,-4.56838801116234,28.1305166996675
-5.55961956109703,-5.25330237048168,24.044237772731
-6.18903324882049,-7.69885920314027,21.6522249909926
-8.42093932363561,-11.2006339350295,22.6886409214928
-10.9720365876818,-12.6636560866824,28.0967930166462
-10.7520122794757,-8.58368917813967,32.2235070209994
-7.74476610440347,-4.67457063760487,29.8263812641694
-5.57245652532495,-4.45481107609653,25.285404666426
-5.49048425376328,-6.38367157369896,21.8696262663174
-7.25296148254264,-9.81010367159382,21.2377693363745
-10.1861921111316,-13.0267091167433,25.3305469026533
-11.5678113466481,-10.8956653840654,31.695025057149
-9.0547663039953,-5.48614551519985,31.6872120991258
-5.97846900212135,-3.83563901567941,27.0541064912789
-4.98490230712359,-5.08300224148817,22.7127634247903
-6.0448147247858,-8.02361223105572,20.4806379082345
-8.80047812083345,-12.1207050174629,22.3399706131684
-11.6453126794112,-13.1778544621666,29.2647249397278
-10.7229469048012,-7.55513199877025,33.1699800469854
-7.01237301221498,-3.6495423931762,29.4332498397663
-4.83350636250797,-3.88473763967724,24.3005652667788
-4.96460906101487,-6.09928568309977,20.6490538137221
-7.03622470274977,-10.0076194271718,20.014598218258
-10.5096307104103,-13.9426821533259,24.9353666693333
-12.1455900885605,-11.1887177154168,32.7580945534146
-8.94960569058677,-4.59211668397548,32.3357772830345
-5.34155995235393,-2.92961528583226,26.8214022792896
-4.21548720442412,-4.25872933541139,21.9173984512986
-5.25103192273315,-7.2546263783783,19.0955548073661
-8.21376619589213,-12.0308143901272,20.3584906290927
-11.959727998754,-14.6477194915453,28.2608577123298
-11.6425203748542,-8.21161029290313,34.5188644631092
-7.11193460132718,-2.7557804210674,30.555643099783
-4.15510970978132,-2.64501297851191,24.5376355196563
-3.82200685109103,-4.53364287388721,19.9574968746429
-5.49730937948526,-8.17090790734434,17.8181923848047
-9.18366234826949,-13.6738727433831,20.8107155640806
-12.9359238305815,-14.5745261604425,31.0252480546693
-10.855959437682,-5.76660302203666,35.0576112321151
-5.71320243775118,-1.61627199803937,29.0959861576482
-3.23388171708576,-2.20932650245043,22.9087136248484
-3.25853216549702,-4.21428609155804,18.3970679773432
-5.15091202963491,-8.07307081842858,16.3000578183083
-9.24639838312413,-14.3488958914471,19.6876367464317
-13.5955108433353,-15.4746169552388,31.7410486927656
-10.9848738807404,-4.8725103928624,36.0538534508501
-5.06484097362472,-0.541063667589985,29.0580302360888
-2.34310579867792,-1.14228983418362,22.450921542635
-2.09786216315432,-2.6422076548219,17.5286002215122
-3.37604057607398,-5.48038537786718,14.3639995014043
-6.67667894018137,-11.3715598559781,14.6753770931384
-12.4806224306226,-18.3508867308314,24.5425947305034
-14.1724930347013,-10.0791411657697,38.345607177494
-7.05646828471955,0.3132818714178,33.2449965616199
-1.95064811425675,0.96998111655932,25.1262932330857
-0.331314414232075,0.406423351915404,19.1808840892356
0.0726023472922866,0.29150983076657,14.6846101865615
0.277877322082217,0.521070611565717,11.2508016836609
0.660389175004069,1.24634521675873,8.65014522557753
1.66252757525367,3.24934964330579,6.8438363508116
4.40588035972605,8.72739158406525,6.78032376401671
11.190321932569,20.3616023362263,15.3188912139792
17.7138587033051,16.4880296461753,41.1635292122315
8.16639335889616,-4.1400725323727,37.7291362566567
-0.524873200959317,-5.62687984583234,27.5091437276272
-3.77714348990475,-6.00746938088004,22.2897733708634
-6.08314786944465,-8.76251789595994,20.2630895056551
-9.30120619128699,-12.8429687210012,22.988894915009
-11.9472526838659,-12.8057448703998,30.5354423674415
-10.2330859610577,-6.48755895967575,33.1586446244745
-6.40737810207916,-3.28514898392072,28.6153017102367
-4.55522258291425,-3.9406502642053,23.4803389790571
-4.98935365995441,-6.40912273577021,20.0519768901015
-7.35536185033377,-10.6223842743423,19.9479133617797
-10.9999479383812,-14.3475969314117,25.8481277797227
-12.1269348820372,-10.3646685807687,33.545525949523
-8.37925802905384,-3.87762712728042,31.8956132311386
-4.90141514899384,-2.75851115708734,26.0907390869024
-4.02939099010185,-4.29191102741194,21.248220069405
-5.26956153135173,-7.48190256767244,18.6004961617445
-8.46554278199329,-12.5240891449705,20.3292562639419
-12.3005756189209,-14.7961339910204,29.0298011197553
-11.4986452901752,-7.49740955192036,34.8588942172634
-6.67833258061432,-2.31463677957849,30.1796660280523
-3.82195503256753,-2.44534429920921,24.0359958958846
-3.59168096558763,-4.3730676607349,19.4369366783301
-5.32656150319354,-8.0689945728387,17.2593532201779
-9.14348283103272,-13.8523147785563,20.2957595183627
-13.1583575381273,-14.9902318293447,31.1335056274249
-10.9852777620855,-5.56416962495134,35.4853429518326
-5.53423484972716,-1.22397464960292,29.1830641656719
-2.91912240536827,-1.79847303170925,22.8005474339522
-2.82653934350899,-3.62460844317433,18.0931804831566
-4.50231785696995,-7.15532957459798,15.5400669509187
-8.39816340528852,-13.5346535924358,17.7924291613043
-13.5023235830101,-16.9207883674653,29.7532594391401
-12.0886463745588,-6.14010236104553,37.2019852432465
-5.53930126691767,-0.096957739369997,30.3405587695486
-2.09240997185339,-0.36795923659907,23.243791242538
-1.38684439007889,-1.45167900742796,17.9195063636155
-2.00718233532286,-3.19891037352856,14.0517644663976
-4.0222158034919,-7.08286369386389,12.0832032269585
-8.6624891948302,-14.9933591241875,15.4176966235276
-14.9988095316435,-18.8450748299316,31.7025526225286
-12.0310792063816,-3.42880851982068,39.124544136875
-3.8067988989062,2.26739425365877,29.8479619558334
-0.0586400520024938,1.95412566913237,22.5604222034809
1.297341824466,2.37321274906314,17.4099646893518
2.63843673398699,4.46817659651342,13.9109695180349
5.46176838725265,9.5549370208685,13.1006546144607
11.0865487061714,17.7923125955917,20.3158805560814
15.1966719078378,14.0145094155825,37.2500147331233
8.80575447880245,0.22994669688161,35.7267219571634
2.31133263482136,-1.7251561537858,26.8358954621867
-0.0588677133048064,-1.29563743608089,20.4324137540452
-0.944792754215871,-1.72786821698646,15.7184079114245
-2.00032057676979,-3.50123670739963,12.3661609335829
-4.4015559156503,-7.99955996692821,11.0434871612328
-9.783684327376,-16.9276499293459,16.3194919043575
-15.8908896084612,-17.7166966877586,35.3936468050764
-10.4876740658656,-0.648813548889229,38.2918585620051
-2.39051793472849,2.96136684634562,28.4200404377356
0.868342832116299,2.71349505851149,21.6570666043513
2.3734600694814,3.90344164110293,17.0641340708629
4.50636711750052,7.49694140573845,14.7568216483161
8.77949066820235,14.3291110088507,17.7294638313759
14.0304498105899,17.0374198320913,31.1119338622259
11.7041005467012,4.86175572933941,37.4506766185769
4.83565453803404,-0.497611199849678,29.7372711876715
1.54531596432685,-0.0792510223446282,22.6612292724077
0.812074865847266,0.711926900087703,17.3789760057876
1.09377240301706,1.73886583758345,13.4043862789243
2.23559094121548,4.02198194247867,10.6706340686476
5.17348395627157,9.60846575982846,10.3323505855635
11.5766481622696,19.5083080093981,18.9811153850473
16.2799477556451,14.1196906115153,39.7272811432249
8.04134205335583,-2.07859868473993,36.162201947859
0.797012635852983,-3.51735737195682,26.6477316771269
-1.89821150807328,-3.65090168811607,20.6551015511465
-3.68557927202007,-5.84060645471065,16.9721348493372
-6.73945111422098,-10.8658101509211,16.7982503171718
-11.6708346104642,-16.5998706002914,24.584027818226
-13.481467470944,-10.8678403483264,36.1415975083163
-7.96309299789123,-1.63594177317664,33.1505083440543
-3.32028849672269,-0.555147804359473,25.7256657360559
-1.95178514157585,-1.67703886148369,19.9174255813525
-2.41352728350165,-3.57247674525672,15.7263730034387
-4.43759052276168,-7.50893413796338,13.6650291772811
-8.95386982310272,-14.908444460884,17.1158343679139
-14.5396242585005,-17.5060617557702,31.9738855774202
-11.5716428679392,-3.86717096584255,37.9484760479432
-4.22842406720924,1.234084994791,29.4782467248586
-0.886368801942821,0.809516342747223,22.3535297376286
0.048700618474475,0.519604762095196,17.0985479066194
0.41595125074942,0.783212465358435,13.1070574369372
0.951922696380566,1.7469949423931,10.1099090718406
2.28194914274688,4.35571750995258,8.15918086565641
5.76207950126929,11.0812464565897,8.90265160238569
13.2748669089461,21.9898223791019,21.4088365342763
16.2734741446739,10.1141550201434,42.8700709395291
5.76430336679425,-4.37308162040167,34.4408253559803
-0.905262015865786,-4.68174653343647,25.647190483392
-3.46730848849052,-5.47741318934675,20.680562319652
-5.81200558199783,-8.75299219537909,18.7180611367543
-9.50822724108053,-13.7166023709464,22.0798216922094
-12.6677476726829,-13.5713995447856,31.4944858054528
-10.3194895061557,-5.54873251817631,34.1838778100848
-5.71725317509613,-2.16482355413666,28.5025511771601
-3.65100955722329,-2.93713579431337,22.7408329117053
-3.97857971173164,-5.26962853413797,18.7136703748271
-6.2667824948695,-9.60987540092509,17.6271097825418
-10.5047639147897,-15.1470920902334,22.9523254890892
-13.248315953815,-12.6904309927176,33.8541696623388
-9.32141529952448,-3.55606205445817,33.9801246569745
-4.53767724115472,-1.31893075919237,27.1807651270775
-2.83303542466341,-2.40199300423405,21.3322011660273
-3.32390603516672,-4.68086584434747,17.2414221542742
-5.66875705223347,-9.12983406790946,15.8779104813635
-10.3031577348067,-15.7358175073898,21.1435230661047
-14.0066270564925,-14.0808273476711,34.2948213087852
-9.72790122802929,-2.92055176735375,35.260627932546
-4.02868523954008,-0.165455908790847,27.5989543817576
-1.84874940183534,-1.00326268884139,21.2423128306521
-1.7983127712305,-2.41303438625298,16.5178239998142
-3.08148712359618,-5.14821842198457,13.4297049551791
-6.35715093483855,-11.0854258841416,13.5994407867782
-12.4256224345461,-18.8745236739175,23.5001829641074
-14.6745489241288,-10.6830887533313,38.9462804860897
-7.12581719291184,0.860683927084606,33.8027155482585
-1.57875243432358,1.62481848344102,25.3660356126924
0.290571117852879,1.30705017685921,19.366739126076
1.11825298319721,1.96912350066765,14.9340253568654
2.34994645604301,4.15001802249227,11.8886963282067
5.23321530987576,9.51981488388648,11.3285575488612
11.3279879122413,18.8063539965069,19.3185711064816
15.9087185720671,14.2951318936841,38.6958085841783
8.43177867319895,-1.16937145805239,36.1358160033344
1.39413317763577,-2.87064829515058,26.7578341333838
-1.21095495356183,-2.78911278025379,20.5312981673713
-2.68963105940111,-4.38608378079214,16.3361119237934
-5.14858022532988,-8.61949547681233,14.710362695429
-9.93269391369884,-15.8066066982905,19.540842636153
-14.4525731581318,-15.4034754493651,34.0570356761355
-10.255025848484,-2.78341289888467,36.3320954967882
-3.83696284579591,0.596372439976635,28.1364939809165
-1.24115334221121,-0.057036943722246,21.4717988916648
-0.77480810965839,-0.824398613847699,16.4753278926502
-1.17674119814471,-1.94376538231758,12.7280689208503
-2.49730264067913,-4.54897731040078,10.2521747588922
-5.85453678885989,-10.8805451721185,10.6171452580605
-12.7708441812837,-20.6707340788395,21.7298406893854
-15.8098722221312,-10.9521708311783,41.2296908947366
-6.55323703030144,2.93772744066158,34.5183974480651
-0.136903019894863,3.54020173060413,25.6011958340781
2.24167405117771,3.94468768901476,20.0095807917947
4.15147224645809,6.57439231934659,16.7823601082889
7.56174837041261,12.0617937694716,17.6465433965213
12.4705572812291,16.6386631103067,27.0854754004642
12.7839451289028,8.65005523338544,36.5652081384678
6.88596878246872,1.13780666898956,31.6929201736822
2.96616348094471,0.83402249232997,24.5510461338305
2.05987040337664,2.12493196098293,19.0867906018397
2.8573690814833,4.40161418136387,15.2879745626549
5.40553725322288,9.15939264907979,14.1167717321332
10.567899886414,16.7747872559211,20.1807067540058
14.7731394738167,14.5683026435657,35.698678750146
9.47070502393426,1.51795654892503,35.8969589696526
3.11398345551886,-1.01925600252398,27.3650098811476
0.722797975602036,-0.396966309850739,20.8424649388894
0.164042832051133,-0.0411680273628775,15.9526017177705
0.0921505646259261,0.107540409105476,12.2156076992021
0.163569086255515,0.295116613293177,9.35617671319866
0.395205673074842,0.764741684430386,7.17663883849836
1.04212398644175,2.08183356236183,5.58124836518211
2.88539546113027,5.85998651418619,4.92942921012928
7.98028013076849,15.7224924992965,8.82136383392899
17.1102349946195,23.961684215615,31.9166821850616
12.916802580748,-0.358309890727189,43.1453073350777
1.21374700798053,-6.67346109647057,30.6168518737022
-3.61045636838613,-6.41594228832114,24.4066176290837
-5.9423085197229,-8.24343991170898,21.7901759732059
-8.59343870059517,-11.5218154890422,23.0950165723736
-11.0748008465391,-12.4890389684393,28.6665970271948
-10.5277079517668,-8.11479984603857,32.2154404495756
-7.48508905631178,-4.55402560546874,29.4230062303373
-5.5037495895675,-4.58611100605625,24.9257179416644
-5.60174366889447,-6.65668030318025,21.7083031257411
-7.5057551527806,-10.168940510266,21.4406695973903
-10.431739723932,-13.0965775991094,25.9656002881493
-11.4627384976169,-10.3683718456171,32.0063788441005
-8.72427175943875,-5.17700751613037,31.3179478272351
-5.81223647265521,-3.89862704742075,26.6054918325439
-5.03122058749086,-5.31885965116127,22.4238947468214
-6.26519399612679,-8.40306001222253,20.4959518269932
-9.12691820933984,-12.4502180097617,22.8736445648833
-11.7492608372736,-12.8253811208571,29.9662683499686
-10.3853769713384,-6.97424129825228,33.008776741964
-6.71108174447651,-3.57645223723243,28.9036027561625
-4.78335535462409,-4.06858181285387,23.8783330934059
-5.12124113465976,-6.44477168088335,20.4686168647784
-7.36990059656639,-10.487732456106,20.2924687766942
-10.8439776851306,-14.0420289917847,25.8219771640463
-11.9826319958436,-10.427792632837,33.1518978716887
-8.49927672323754,-4.21679265103046,31.8061778386975
-5.13588786278489,-3.02618146379389,26.249489360649
-4.27390836660273,-4.54083727555683,21.5419224294954
-5.52116618522106,-7.73483082591658,19.0588940382141
-8.66404485517201,-12.5748795870431,20.9920038152905
-12.203599844473,-14.3027448770394,29.3817135889969
-11.1951248475222,-7.29250507493332,34.4087891740535
-6.65353047021354,-2.61372982580453,29.8252857776011
-4.04582357194939,-2.84870097716609,23.9463430481992
-3.973953098133,-4.91671091150068,19.6172850188307
-5.89100435924764,-8.82077702570207,17.9386000901693
-9.76690598607493,-14.2635035306598,21.8795560534385
-13.0381338022834,-13.7022967726657,32.2722753817174
-10.1619159212848,-4.82738071090026,34.4965688596932
-5.25519643525326,-1.62781666266787,28.2133066150977
-3.18736940009476,-2.4854108625126,22.2571332515744
-3.48459486746597,-4.69820106857412,18.0344144638277
-5.67526808656789,-8.94215402422351,16.4996040752297
-10.0498027279891,-15.1922560707602,21.2013018126738
-13.7100203687918,-14.1496111691214,33.4857229746541
-9.98999567643564,-3.64227368555157,35.1613879066254
-4.4740245107496,-0.607729789044074,27.9063445016692
-2.28022370269985,-1.45841828654397,21.6116458326851
-2.33863502370447,-3.1612937536692,16.9841303189314
-3.96266548510239,-6.51737638031621,14.3039864662049
-7.82901937401101,-13.1206612612533,16.0290981845612
-13.5876633792829,-18.1735332457592,28.3829562881454
-12.9235619373602,-6.77788419287371,38.3736828046647
-5.61091303681383,0.691751647632892,31.2069157106622
-1.5408926688905,0.617043969252729,23.6600870973198
-0.409670133246965,0.032556107234963,18.0923173771925
-0.257745680028886,-0.304997707558495,13.8571842381651
-0.442649614428985,-0.776803256379316,10.6267970726565
-1.02320005482379,-1.94021747875979,8.22127265949576
-2.60173436992413,-5.10029529408115,6.83406246092183
-6.82212048459717,-13.244782934103,8.94109384959903
-15.2016613266961,-23.4434317652989,26.2940452940344
-14.8949620134403,-4.76392952220855,43.6899388743026
-3.48446927438872,5.50069150234167,32.2869253001148
2.14062774531865,5.30984029102857,24.680977059539
4.52980131366032,6.70494298565773,20.6980623331289
7.17642599099972,10.4277386005504,20.2600021770902
10.7368565522481,14.0368548968831,25.5908117150569
12.0305160376912,10.6404481876461,33.0649488067088
8.61935032063668,4.30991683120254,31.9576056501605
5.18622263450151,2.99385128642026,26.4042845956491
4.25238437206992,4.45815626962578,21.639574068855
5.44133909512367,7.59708023168607,19.0584103500984
8.53660646107634,12.4274909921472,20.8002889531973
12.1441877540449,14.418227105045,29.0733640045825
11.3272181896929,7.54198482573694,34.4598761462179
6.77644278700623,2.64237020022269,30.031076826255
4.06969795703527,2.78551555445323,24.1080511176879
3.92498128978778,4.80207633135413,19.7053574263069
5.7723556594819,8.62952568955864,17.8876612965967
9.59963756191584,14.1067369255655,21.5534812876871
13.0246983512704,13.9768358174932,31.935539915867
10.3648380002521,5.07810476547575,34.6774314046524
5.37769436757137,1.61306677129514,28.464913716004
3.19238772099885,2.39878667757693,22.4390275093873
3.41088521822863,4.54786392930429,18.1290898206499
5.51244434455569,8.67727258431586,16.419096758342
9.81153587498662,14.9635079836489,20.7191508292465
13.7031198444503,14.5824674686181,33.0087533388233
10.2883534752587,3.97206444438741,35.4534028193534
4.63491242836168,0.573467921143701,28.2430395102505
2.28800478788322,1.35598718508585,21.8544049536997
2.25508963714616,2.99061032588673,17.1354733565496
3.76855927702241,6.1784840250891,14.2956416591816
7.45877860893576,12.5781002776525,15.546351415693
13.2828548267418,18.353248786777,27.188593495706
13.356764748503,7.7458634469027,38.5008864473139
6.02638958158374,-0.626005605015738,31.825857456167
1.64409733840833,-0.735009122661674,24.1011182140613
0.3697142912325,-0.163674747027713,18.4201014218403
0.132488991256076,0.0819352744901599,14.1039518022506
0.169060796813063,0.280824565893824,10.8021898496945
0.376861130359922,0.711041053094768,8.2828819374578
0.956679631252751,1.88163682412779,6.41519500173099
2.58148007997469,5.19067047616788,5.43874912154244
7.06609989556237,13.9619059697848,8.12125915506162
15.9707862290749,24.3158328059804,27.7264114447884
14.5102140419161,2.78673596554135,44.1823683533119
2.50754879508773,-6.36956345680734,31.8161337561863
-2.97237722229248,-6.07393528180986,24.7995226509074
-5.38477864971135,-7.6351252785319,21.5421755842624
-8.02203930895115,-11.0702586393213,22.0566221768544
-10.9365144692538,-13.1046406427605,27.4982817939205
-11.1068265827883,-9.09217969363261,32.5203722060963
-7.96043906334467,-4.55812030009604,30.3961624626016
-5.45720125826715,-4.05764919520339,25.5758073172223
-5.15062624355008,-5.86446533893343,21.7682501071002
-6.78214550002663,-9.28317237726271,20.5794451891528
-9.85242718433888,-13.0960090323594,24.1806490441055
-11.8588116500605,-11.8395597536377,31.372977489516
-9.58369974382282,-5.79181512788775,32.4730182430288
-6.08396688174257,-3.46705848652236,27.7328353267609
-4.69074983424597,-4.46493712762159,22.9549685383917
-5.47030633965696,-7.20811161458053,20.0902425603435
-8.10086395989791,-11.5082087271126,20.9848970635387
-11.4807859096148,-14.0151304771344,27.7349325766382
-11.4953364625956,-8.7859350210549,33.664327895921
-7.57633436918692,-3.56743236234881,30.6367943946003
-4.7453101825576,-3.22893142624383,25.0740865467265
-4.39696466412546,-5.10968619926845,20.7650611431371
-6.07759097018459,-8.72578437964493,19.0169683371416
-9.56116055221819,-13.567050501106,22.4033793355225
-12.5208455607032,-13.2939620833916,31.4109928231586
-10.2258885864841,-5.65900770448392,33.8940638822249
-5.82186030190895,-2.41702359739321,28.4215398743596
-3.85450966308295,-3.21009368843123,22.8175589264913
-4.25479380415354,-5.62980171166003,18.9661644805825
-6.62947398898254,-10.0367338088892,18.2236447641152
-10.7862177525489,-15.108738847104,23.9831115005731
-12.9680216894074,-11.8232770374622,34.0548113479734
-8.90865289686053,-3.44999521214673,33.2965054715358
-4.52459190885768,-1.67329322703328,26.7114039545462
-3.10616577677784,-2.90630557826424,21.1318017301743
-3.84263495059741,-5.48749983453013,17.4032158585752
-6.53320225873736,-10.3623237605067,16.8950099503506
-11.2572886078092,-16.1913257482837,23.8099170829834
-13.5199035020782,-11.6792230491946,35.4780253741965
-8.4726088861811,-2.1926664936376,33.5827455828117
-3.68323925701161,-0.71470063839177,26.2478981577199
-2.17462382781559,-1.83134080923233,20.3758243536231
-2.62513170442484,-3.82137130158256,16.1646564410881
-4.72072481715181,-7.88671675421773,14.2192754770099
-9.28596089698071,-15.1633847298671,18.0758305159222
-14.4603660388671,-16.7113431939159,32.6600348740048
-11.1115548976393,-3.58737478273081,37.2973854638125
-4.17347980668433,0.88022908484474,29.0204503423347
-1.12389841405462,0.365580534607752,22.072112946129
-0.397319905625801,-0.17865992398315,16.8952757867216
-0.417880926495503,-0.63121286611834,12.9504681976992
-0.83945524967373,-1.52209306161283,9.97374035193221
-2.0040610418505,-3.83384011929419,7.95895586914848
-5.10528476636347,-9.90188070661367,8.17381611379463
-12.2309990773177,-21.179991003985,18.5142082058016
-16.9920484237103,-13.2045433659031,42.1340756645857
-6.97553520424759,4.09091344435267,35.9575887970527
0.567818011346778,4.91343980669361,26.5012632120845
3.40879214538363,5.4787548101331,21.2898063269393
5.69450241376398,8.48553021602505,19.0794443558301
9.20696917426003,13.2535541785508,21.8772259923225
12.4348814642119,13.7208651943834,30.7262047610983
10.5874530679383,6.20964092872635,34.1366752588013
6.10287940112833,2.46304561067432,28.9236985592715
3.9088473456985,3.07246633363581,23.2126320138205
4.14306851141615,5.36271935339099,19.1839763041827
6.35235242190143,9.5897900079796,18.08520075348
10.4261296516447,14.8531722685412,23.1820928313763
13.0405458398301,12.5494493182773,33.4965224892188
9.36006909357146,3.89019735917287,33.7646282407327
4.76569812739034,1.63921832553319,27.2413346275212
3.12229983690215,2.74874753913446,21.5243491473669
3.7030250966284,5.19081713347396,17.6123073181514
6.21119925684606,9.8387341256093,16.7106447953839
10.8318713956714,15.8961472663413,22.8165977675438
13.6505655121193,12.6237082213023,34.8817547780648
9.01217989528422,2.64179251172347,34.1817503485482
3.94105918297042,0.660795191740782,26.8287895211959
2.19988159937221,1.69370149685837,20.8073737103696
2.51272166187425,3.57259907867672,16.4446462128665
4.43322121526468,7.37190291556511,14.2170210625837
8.75050489179911,14.4488929211183,17.2510973858964
14.2210587043098,17.4125084127909,31.1945521076175
11.7945894464583,4.61870751412403,37.8084387948852
4.64808316824985,-0.8519604253037,29.7803315993467
1.25361154210493,-0.453722586577818,22.6240410118383
0.395477523631317,0.102769603011003,17.3121895575398
0.355583535096597,0.506827603230872,13.2655517707657
0.685731567870742,1.23219212530866,10.1957892506362
1.62190810315928,3.09484961384778,8.01827268468345
4.13665304837176,8.07087182540882,7.50257488540517
10.3451837538076,18.898641845141,14.4000247948273
17.3897451133773,18.2978449024026,38.7345475390434
9.44316695124012,-2.67561767091071,38.7542817474239
0.382429012097563,-5.15354167661616,28.0839131402565
-3.07875226400733,-5.31308625254617,22.2633013985207
-5.27989864709611,-7.80745648614161,19.4512015559883
-8.49848394645961,-12.3480088773679,21.0727063348355
-12.0138104327932,-14.2115044239663,29.01226863275
-11.2518690358651,-7.64369398926255,34.2168336050811
-6.87445262166404,-2.86283498402647,29.9947618692058
-4.23488139249645,-2.98436935315766,24.2066531603534
-4.12128978985229,-5.03373321402922,19.9153505563158
-6.00765151910018,-8.89456208369993,18.2876910060622
-9.79256537576004,-14.135208324458,22.2068249675352
-12.8889057202356,-13.4404645335007,32.1810710875605
-10.0810358636749,-4.95162302686711,34.2313571639203
-5.36148222760259,-1.86755064982628,28.1450302393016
-3.38518193848382,-2.75236409492153,22.3218045231495
-3.76329945664008,-5.0788308373017,18.2550713688141
-6.07676937519168,-9.46917197485659,17.0707111542518
-10.4553581661199,-15.3606645819974,22.4020079376627
-13.4952872197232,-13.1104071354449,34.0262788620036
-9.4408430082192,-3.34508206682669,34.3822886693772
-4.3701680329196,-0.950187246354126,27.3037525091539
-2.51766226430127,-1.95760946407371,21.276905684853
-2.8437031721962,-3.98077890980303,16.9497729945759
-4.89520286623859,-8.00594821707393,14.966369108816
-9.32329791994444,-14.943695639585,18.735660968824
-14.1719024445005,-16.202603022162,32.4557166433829
-11.0148121212652,-3.97162058617999,36.8228977303345
-4.45397878295582,0.379726064024242,28.9659675198648
-1.54928481103397,-0.186825661771673,22.1258582372689
-1.01821848276399,-1.0995215075715,17.0056645389279
-1.53616893773319,-2.51020670187114,13.214411802118
-3.19664039567988,-5.75199507408093,10.9503772665081
-7.25222398873223,-13.1037186427629,12.6607466629616
-14.283561985804,-20.6562945387827,27.1704064597112
-14.0168957744567,-6.29723818907638,40.9223733031926
-4.81349217572214,2.90041473133775,31.9291856012997
0.121666211337132,2.85729667624058,23.9639410323871
1.96972297637534,3.42553331074776,18.6712446796068
3.74605818560453,6.1146794197824,15.4755836070897
7.20547207627111,11.9192559862275,16.1679180124539
12.6423612540346,17.6261569895136,26.1997266510561
13.4127196153299,9.00005835749503,37.6063084729588
6.79550225544342,0.285393011095379,32.3008129499675
2.35473605227435,-0.113110659079172,24.6650687763681
1.12080566455301,0.787242051385415,18.9258857701215
1.30504752648612,1.94773989652763,14.6280738198723
2.4957623170514,4.3721675217118,11.7103669678173
5.54094583345305,10.0728560732581,11.459546957332
11.8553144996248,19.34351484724,20.4803362368239
15.7635144843197,12.9709134489824,39.4963646527143
7.76227857196189,-1.61774180645891,35.3942879456237
1.09483674776287,-2.85282343850146,26.2386012808016
-1.33460467286115,-2.857458717531,20.1805686272152
-2.83397371456147,-4.61566237007736,16.1335028149778
-5.43661770239951,-9.10507153729743,14.8075728024353
-10.3952137158811,-16.304128317268,20.4351101215381
-14.4759056489854,-14.5211113886445,35.0159697952606
-9.66513617838583,-2.15689983144207,35.7506512386231
-3.51871715894192,0.561978929769812,27.5357419636152
-1.17714764640033,-0.149927701642703,21.0313417897435
-0.815710993617835,-0.941931403391779,16.1463104491893
-1.30425791340565,-2.18428647104151,12.5022495734897
-2.80294273479871,-5.12131028383236,10.2105036159936
-6.5591427586741,-12.1076306764791,11.2967715974103
-13.7461600569932,-21.1453428387815,24.5976932089677
-15.0011349530108,-8.14671111147807,41.6000467313267
-5.41002558839438,3.25448023021095,33.0876418468908
0.238705945201146,3.41226934609427,24.7185010641362
2.37071073353445,4.02473523392807,19.3987273642606
4.34704061822692,6.93217170686184,16.4495225824963
7.98218808011994,12.7274367597035,17.9398435499565
12.9029397971401,16.6481105108292,28.3729979247725
12.4093019119641,7.49703607633955,36.7514895532675
6.30045157752706,0.789433005875523,30.9916422454847
2.67878807837442,0.802830574165439,23.9320400545468
1.94164173990884,2.10399183288865,18.5868148648994
2.80314015693856,4.39532282086912,14.8797292334854
5.41358702494565,9.25588052106441,13.8082922332886
10.703874178622,17.0573946470755,20.1782591707759
14.9077120701489,14.4613991727165,36.1315592041669
9.30095608791376,1.14801778292631,35.8817747531201
2.88465400406908,-1.23174264842172,27.2210055755382
0.495515854789654,-0.657755453070277,20.7197448730958
-0.155547764967929,-0.524285344372738,15.8607913873064
-0.507708732117967,-0.927487297514839,12.1660762478296
-1.16341096603277,-2.16100533072405,9.42542383645456
-2.84710228849028,-5.47832492025556,7.86631471025875
-7.20278459018177,-13.7094522819717,10.1800591906156
-15.3015489970006,-22.6985627763789,27.6960900502954
-14.2684061722286,-4.2452686024433,42.8074604513652
-3.46822960876388,4.88908218837413,31.7600310016846
1.76200412019591,4.71586870853213,24.1871448558234
4.01213164819663,6.09897185059446,19.9244558745614
6.6379754280714,9.98258745460658,19.0067672672078
10.5646272551166,14.5647783361934,24.2125298596631
12.6338512611462,11.7388782650169,33.3640064632645
9.04829595497037,4.06441621945143,33.0178090638269
4.94229932583891,2.20460496934699,26.899787228491
3.5914405245192,3.45798671243542,21.5495463205351
4.43656668567208,6.23529193404565,18.1388142196138
7.27582105234085,11.1744487207181,18.3458796124088
11.6851843386312,15.7340984457918,25.9277028784028
12.7427453622609,9.98212365539628,35.2938354494324
7.79213067394935,2.35330198192677,32.2068017183475
3.84033518574208,1.5444254376609,25.4398730258007
2.86079608874583,2.98045977911079,20.0759867152944
3.86114857425512,5.75550340734792,16.6094770820181
6.85338617166774,11.0467358806251,16.6369177110034
11.8701602413262,16.8227019524919,24.8727679834928
13.4939847190938,10.5228694844164,36.4739665034989
7.73279171985434,1.34324753754531,32.9952663866047
3.12100863645384,0.417801796774584,25.5044259109048
1.78620769701892,1.51021472860297,19.7033131889917
2.20723762872553,3.28371627175037,15.484076277174
4.10186585018843,6.99707030974715,13.241091682838
8.4486892160547,14.3332982867691,16.0343547549523
14.4264526195521,18.3615821797625,30.6350604844086
12.2549337382714,4.6553799067791,38.6625950841044
4.51626064574318,-1.48968709334156,30.1949364631671
0.775307066677526,-1.18220527468902,22.8325704474073
-0.371157975100157,-1.04911808290321,17.4754600009266
-1.02656041682352,-1.80797145526382,13.4693300072067
-2.23026498213861,-4.03689311412351,10.7192160347857
-5.17488083158151,-9.60738879139039,10.3711242476524
-11.5681200459327,-19.4843148974149,18.9946986028171
-16.2659683979198,-14.1246846475287,39.6903947935962
-8.05526568714362,2.04435944670358,36.1600819649157
-0.818905886262928,3.49247648967143,26.6496262732233
1.8720501230144,3.61822919336236,20.6475265910659
3.64846105426201,5.78779863650025,16.9431935216007
6.68364174621893,10.7935858065352,16.7113337981541
11.6247126534166,16.607712778115,24.4155589605916
13.5327623560449,11.0117307196396,36.1268691516086
8.02629124561761,1.6450021987094,33.2543681013366
3.32473869892368,0.510473913701803,25.7967007835236
1.91896178861607,1.61369061171266,19.9589460149066
2.34579623542638,3.4605665639026,15.7309979899877
4.30809266727617,7.29595092258095,13.5758682347151
8.73574650861281,14.6368468243329,16.7157175855186
14.4638845834474,17.8311001605912,31.3808483277253
11.8593903578628,4.25025517612393,38.2077437665026
4.38783453786715,-1.28330436472315,29.7863994665753
0.890046045338323,-0.90517536538969,22.5668040072497
-0.115202666355916,-0.642868629802598,17.2614841299597
-0.552273878502779,-1.01463002519062,13.2426237529011
-1.24046626033948,-2.26682148675537,10.2654137384352
-2.95130267772042,-5.60358325957756,8.56053598808887
-7.29131161530379,-13.7125525403607,10.8287808434595
-15.158202640812,-22.2147133367977,27.8868474214632
-14.1110968687509,-4.48334641523967,42.3485206976022
-3.67828892179241,4.45933568089004,31.6716479384257
1.42746690099022,4.30358619899459,24.0200409042321
3.59083199132722,5.573621330257,19.513101862321
6.11512843323619,9.39860766967558,18.1111263485856
10.1872756966473,14.6571871665185,22.7699964248099
13.0334886052082,12.9368916982863,33.0914711246218
9.62771122292966,4.2106941802724,34.0003029263882
4.94157918563433,1.66089512205615,27.5651780754437
3.16710509033214,2.69302979746991,21.7819960182204
3.66316052608303,5.07099245826999,17.7830392352228
6.07873668455193,9.59997303728971,16.7054998987354
10.6213092398916,15.6950944926557,22.4104260537382
13.6589375440523,13.0232416229658,34.5090250787023
9.27157561465252,2.92320560052631,34.4218237737427
4.10271974921791,0.685396452250314,27.1110453925695
2.25681693497581,1.68186629229031,21.032406290974
2.52146013897598,3.54457454297207,16.6192560042202
4.40050423318091,7.2869546315681,14.3273669147595
8.6504946264164,14.2755520696882,17.1922161941461
14.1231480465012,17.4535854576872,30.8685039672695
11.9116481559466,4.89411670612874,37.8244227274159
4.78859670595472,-0.769307619441251,29.9300925901328
1.34130039085989,-0.396358328000154,22.7453110926639
0.479990819946515,0.210186066979186,17.4092524809733
0.492447315167622,0.731268494869227,13.3491154398603
0.970540624351704,1.74585361248762,10.2984912181926
2.28826109202976,4.35100871919489,8.30593753149578
5.7466326328787,11.0279831172314,9.00227005788267
13.2055086483599,21.8735040131202,21.3349938570785
16.269203615037,10.2784067873935,42.7408673890015
5.86040423473201,-4.26362584812464,34.4952563482716
-0.81973336902301,-4.60660258753831,25.6646310618877
-3.37827809821685,-5.37137351976442,20.6386062499522
-5.69824884087169,-8.61346380543164,18.5724518708664
-9.39753732007021,-13.6624173476914,21.7784345551666
-12.7040634293599,-13.8155930806974,31.3118888486149
-10.4699161511383,-5.67140431212519,34.3756723013779
-5.76114721228644,-2.07839628093558,28.6842936436809
-3.58863633150265,-2.79219882906607,22.830358365023
-3.83989850877424,-5.05202930963758,18.6888177445343
-6.04093971335983,-9.29741454548273,17.3708769952894
-10.2633508371982,-15.0304896822841,22.2958412422885
-13.3525726217128,-13.2642552004547,33.5209016474333
-9.64204050612683,-3.77765167499162,34.3950270977706
-4.63556538465162,-1.17669368260485,27.5444875702215
-2.74333329160477,-2.16627327373738,21.5514125979343
-3.09127016382284,-4.29025332929872,17.2814353218382
-5.23847619809424,-8.46577742280969,15.5147097903758
-9.71577231420644,-15.2164790899926,19.8246845979999
-14.0629842011501,-15.2815277001336,33.1807910687291
-10.4837992447572,-3.62079414223769,36.1014893463315
-4.35122866311497,0.0337932793138455,28.4105368373839
-1.77852994493062,-0.656858122242722,21.7985777605257
-1.4875720783244,-1.85374648369945,16.8543459985349
-2.42924880263524,-4.02020892445531,13.3906531985795
-5.03098337587427,-8.90522379219913,12.3226469313107
-10.5655791898298,-17.4913269177751,18.7056919676426
-15.5164852203604,-15.5105032154767,36.6246002680842
-9.46971854822106,-0.387020694425245,36.7336814211184
-2.35925663030805,2.17861070209436,27.4739146881399
0.353049445645886,1.82872924206818,20.9112870177971
1.48702018129935,2.5748294733469,16.1980909032769
2.99783073933628,5.15424633513586,13.1464975155186
6.3366799084313,11.1314009113997,13.3573460708442
12.5042729289448,19.0703799580707,23.4665504811793
14.7508115047651,10.5930760470816,39.1881805684468
7.0229029464804,-1.07508989149649,33.8084088696963
1.42682409698766,-1.79621754071551,25.328824285878
-0.476630489400708,-1.55474155217227,19.3552207496393
-1.4150089713699,-2.43932782510103,14.9889921416863
-2.92554450578637,-5.13808328521125,12.1807589229905
-6.40183819287651,-11.4402582109064,12.6709081831338
-12.9013424452366,-19.7565472530923,23.7762526516635
-14.876785353347,-9.87637855532695,40.0342262588417
-6.51231025189643,1.81624547536729,33.5942674625721
-0.88089698518002,2.32244429840621,25.0836326872874
1.08965249406907,2.35054325307641,19.2673604039418
2.3781308679338,3.95477927328302,15.2299720203619
4.74215804261818,8.15335050680068,13.5174615360279
9.61985088123881,15.85736130835,18.0483944344117
14.8607523997238,16.6166711490748,33.8320554335107
10.7060756188915,2.55439710886482,37.3231918434266
3.59082760712473,-1.36654346932948,28.5731168409612
0.622435275991996,-0.864229346271628,21.6925264642759
-0.23057679912977,-0.722277180106183,16.6033265794301
-0.70136094124484,-1.26135610683625,12.7543386073551
-1.57033285041681,-2.88508281164658,9.96647747061721
-3.76191485799,-7.14404977371911,8.76833223291541
-9.11164206333893,-16.6422946902887,13.4357285238479
-16.5003324281982,-20.1435939075237,34.487357909139
-11.356423968201,-0.167705778095949,40.1090562910162
-1.92099889297336,4.37008457900442,29.2475338711063
1.95507326985866,4.24384209692352,22.5505563330476
3.94927564855938,6.07623141871713,18.6132873333058
6.79856069986818,10.5294844783444,18.1569919258193
11.1613432883515,15.4834726753075,24.6782385831913
12.9627148978607,11.1478512849898,34.7077379633734
8.45125763272364,2.89713413099151,32.9340851702743
4.18334568591918,1.53506133183204,26.1867132226109
2.92993707212804,2.84662676087177,20.6582021494547
3.75065404382772,5.46170526156618,16.9836525008688
6.52174647844131,10.4617811486149,16.5543750007363
11.3946127653094,16.4833218513882,23.8032361868268
13.6504869158382,11.5837169688698,35.8669720059632
8.32919591313387,1.85209907967479,33.6148793186886
3.45378545150025,0.467986604828641,26.1153357089717
1.92358624756213,1.53354504218423,20.1932162165371
2.27713907029039,3.31650103384661,15.8831158467779
4.13863935042565,6.99191468800211,13.5744883178107
8.40959546312825,14.1758242216571,16.2438752887739
14.2735845605711,18.1870088643495,30.4053501321516
12.2802073727466,4.95278513708705,38.491048459858
4.69806855983697,-1.26253138106408,30.265603297218
0.974173668066446,-0.962063113265045,22.9071190795445
-0.112166872213614,-0.680007183352838,17.518715090962
-0.574774978168144,-1.05596752575417,13.4417115191223
-1.28528932431584,-2.34119695884847,10.4271900249272
-3.04031120801164,-5.75550145960544,8.7277898801332
-7.46078711182997,-13.9645257646457,11.1629430989141
-15.2757677134445,-22.0295080896808,28.5255462034581
-13.8503151626608,-4.08594387454453,42.1087286741066
-3.55214831421829,4.36512654369718,31.422114652589
1.40344241209169,4.19762461033689,23.848071847078
3.52232463357592,5.48527640072968,19.3373731369023
6.04220463410055,9.3390627616736,17.8979749211849
10.1644979575409,14.7312478522879,22.5547283112034
13.1262774188552,13.1069259101176,33.1407663544065
9.68351928127614,4.14413543198894,34.1643264558391
4.88334255838904,1.51899662928498,27.6200510997389
3.04881624261656,2.52582552084097,21.7579544628866
3.48704038889187,4.82207305264451,17.6580004272283
5.81435080730908,9.24390955873549,16.3422117583777
10.3482505457751,15.5809766211098,21.6064937473555
13.8089350337109,13.7294198901071,34.1645218374254
9.63736880911879,3.11221654378553,34.9390196602983
4.17593071505219,0.472855066777406,27.5079474624451
2.11370759831886,1.3731645546763,21.2651187820636
2.20780450955343,3.0288356102679,16.6716938476108
3.80555424550382,6.31598049536519,13.9616716679361
7.63796582883622,12.9365944244298,15.5111641637987
13.5596448700604,18.5034790419627,27.8491211419779
13.1962726603868,7.0751048984473,38.6954289481762
5.67794346261784,-0.899211451759877,31.5042714400067
1.40570314268384,-0.890382830198721,23.825518902696
0.149222855263769,-0.432114636494305,18.2069240606037
-0.210279273436666,-0.470592300917913,13.944130010072
-0.529810898631654,-0.971271038470789,10.7001966155219
-1.25576804775058,-2.38364195557741,8.32034622974923
-3.183398284534,-6.21673709474002,7.17862385239978
-8.18636987514075,-15.5576232018529,10.8646285628033
-16.4843659084503,-22.3834973144393,31.8814071580442
-12.707328131193,-0.928403231465984,42.0043352366822
-2.04979294674332,5.33827450607764,30.3599638372822
2.50682315930767,5.16028397598413,23.5662121651235
4.73154938541459,6.99800926919595,19.9939277017608
7.5966744914887,11.1330002475225,20.2414643886236
11.2930665189727,14.4105137724628,26.7060937306062
11.9365421379236,9.62713052939117,33.8456659536632
7.95728734163841,3.55421479253179,31.393242617054
4.70647744920945,2.82213235633759,25.5680338526334
4.05440077669709,4.50410158554295,20.8800699063885
5.47629356732984,7.87522233525101,18.5087506974591
8.84235232204049,13.0020388098948,20.8266951276494
12.5135025185052,14.5018107732184,29.9805610201823
11.1169153108798,6.71839224623213,34.7587773657266
6.28374518520865,2.16991677334618,29.5837263406873
3.69735353585526,2.55622727875529,23.5354905527506
3.65932554606506,4.60761065945379,19.1038595306505
5.57132381737537,8.51086417252417,17.2281633926839
9.5634054836475,14.3472358216081,20.9569597881371
13.3000534293771,14.4491164793906,32.1197180536169
10.4966043649097,4.81015481852719,35.1606582186226
5.15819838406569,1.15640983796966,28.5596143691162
2.81570851267602,1.90333158453689,22.3095288963827
2.88535085487857,3.82168881811246,17.7515665578913
4.71682038238321,7.55915198152117,15.4414248959574
8.82264695237178,14.1294752695108,18.3406672592888
13.7697428582352,16.5482453337691,30.9633700240605
11.5910046017809,5.19851401307915,36.9684593612033
5.09474900209463,-0.0170981220989216,29.6913085416218
1.94016586414767,0.421511847282877,22.7448557711589
1.36772033751423,1.5151688263588,17.5403460473218
2.05995833278769,3.32890153023224,13.7792455219859
4.18553460472693,7.40294901273241,11.98272124128
9.02569473396761,15.5509606111843,15.8757995560072
15.2313049872506,18.4267123996397,32.8421921912329
11.5381076613054,2.62313762416912,38.7844660702038
3.43395230442252,-2.34353220659205,29.3530093255167
-0.101459764421253,-2.00458861540819,22.2236090951894
-1.42866460811107,-2.54297444451472,17.1852425411798
-2.86693369227277,-4.85702788873782,13.8428555955507
-5.92685213018108,-10.3259592188959,13.4855767958761
-11.7548758734608,-18.3205411835458,21.9694662755802
-14.9328315817621,-12.3269684559461,38.1390417942264
-7.96222727345151,0.272613746261587,34.7040926845869
-2.00025158692319,1.56582032416001,26.0728128539898
0.070550402279308,1.14569069717996,19.8762857990476
0.854169999511268,1.56535778007101,15.279246375778
1.82919037475091,3.22814406175374,11.9748394963393
4.0875900555281,7.49699239312593,10.5247612888304
9.29652809380087,16.3998033243665,15.1220559608657
15.9185170949302,18.8550936131965,34.2679502752445
11.1542505992029,1.1042462719427,39.1428523431495
2.55413252165408,-3.28043680171556,29.0047982560964
-1.0195791290625,-3.04908094479291,22.0999596426149
-2.66518502515092,-4.32347052543666,17.5311393038599
-4.94756338329067,-8.10576848290192,15.4692907437203
-9.31639080331581,-14.7742456627701,19.1322000148126
-13.9739837677952,-15.9046541383434,32.2691145132864
-10.9736725848119,-4.25125008387417,36.528896420801
-4.65113028193891,0.0524801612007416,28.9596241011717
-1.82959377906795,-0.539559553725417,22.2003132866338
-1.41524474729088,-1.67947070326192,17.140674074601
-2.23477476062941,-3.66354670967047,13.5355426867346
-4.59588101268047,-8.14263467903323,12.0895307457155
-9.80821332238662,-16.6015452864553,17.2044118812689
-15.4828278320793,-17.1013113564491,34.9542048137172
-10.4747782262326,-1.32373085430883,37.7989762895069
-2.83130884391553,2.29417176357222,28.36432929434
0.26207578287339,1.93331148019451,21.5397742045333
1.48870431543793,2.59840782165925,16.6788692741912
2.98340787869039,5.08902344701557,13.5095498082658
6.22810180506042,10.880025211076,13.5281934891786
12.2507812664484,18.7634820685686,23.0555140708856
14.7706464637193,11.1359228568129,38.785203708939
7.34167940544238,-0.739359426476519,34.0552192113978
1.67129772471259,-1.63167319335971,25.5531530548599
-0.254663330679468,-1.29256053138489,19.502843461629
-1.08202918560926,-1.91428989579746,15.031449725741
-2.27587997450214,-4.01535919652582,11.9352725616154
-5.06497868158158,-9.2208194816706,11.2233647731323
-11.0418946838166,-18.5076707684437,18.6830311304542
-15.9729182766838,-15.0058528545429,38.2152973786623
-8.79947280830413,0.922921871660859,36.5549775270331
-1.54556751764769,2.91027386945103,27.0523862917978
1.17109021009613,2.79461239769927,20.7369384364353
2.65721670161173,4.33168157995282,16.47953330138
5.07062986075598,8.47289521801803,14.7553426226845
9.78023762213314,15.6060359456421,19.3180343831792
14.4004139975115,15.6308684909946,33.6833578059535
10.4457846691348,3.05063428617412,36.4755355098862
3.97648898996049,-0.558417210075224,28.3366436091365
1.30545252759109,0.0786740447487898,21.6266960868332
0.822239392739802,0.876053018761363,16.5988302421238
1.24559480690158,2.05209528069466,12.8364139401038
2.63157492262494,4.7814272024493,10.3911717211096
6.13069092787033,11.3351529833489,10.9946735468201
13.1219759882176,20.8094866486821,22.8466085019409
15.4870974409056,9.90006048614776,41.3307628747497
6.1501995191934,-2.9764334971913,33.9510368709766
0.0618198959169437,-3.39766084885509,25.2500133621361
-2.19521942447973,-3.84516235363115,19.7271334889813
-4.08230393089599,-6.50489612867241,16.5148859475266
-7.51834887989866,-12.0785840610909,17.3801891804082
-12.534662517504,-16.8375084166748,27.0014481651525
-12.8837215558607,-8.64421762252393,36.7816060687521
-6.8335452264659,-0.953916267019704,31.7691909003592
-2.83099037509592,-0.650338027217411,24.5319018555053
-1.8732173813686,-1.86939038420907,19.0117085812945
-2.56205978374247,-3.9472301039679,15.0971879657165
-4.88557433133427,-8.35575982806574,13.5248229495403
-9.8480096769098,-16.137722686322,18.4338324787373
-14.9152161915154,-16.2284761150414,34.3821430409589
-10.4119562217425,-2.19868084153644,37.0551750610302
-3.41707743214322,1.36507465319495,28.283125024714
-0.571939780818534,0.844962440401391,21.4835617395789
0.245306962125877,0.725335109661028,16.445340113275
0.716657044925053,1.28726876160504,12.6352745668514
1.60748199418982,2.95825586702457,9.88482889922771
3.85997949853187,7.33516463935537,8.76563069433866
9.33260555081499,16.9844686897177,13.7688227885742
16.6054379475289,19.7646334858126,35.1863622709616
11.0285514090352,-0.2332570920928,39.803359744873
1.73281920258744,-4.37297555353391,28.9979244299672
-2.02979241508603,-4.27357245391341,22.4041082809696
-4.02275055329082,-6.18209508423279,18.5504626637138
-6.92258602859643,-10.7107687988138,18.2533128137124
-11.2955334404628,-15.5351041237739,25.0328570430609
-12.8924601784767,-10.8270645127654,34.8517275772097
-8.27545633435516,-2.77037438644914,32.7216233038622
-4.10879794274689,-1.56791286064132,25.9856888652176
-2.94012883265406,-2.92199936817365,20.516342270437
-3.82247256896045,-5.6001800029818,16.9209882688668
-6.67261637972094,-10.6981251048729,16.6739667054705
-11.5752430409182,-16.5724207346452,24.2772459920306
-13.5575301608305,-11.1398287463303,36.0622133771237
-8.09667898336878,-1.69948225668703,33.3314653155441
-3.36001184349278,-0.509189926455989,25.8693961133691
-1.92797358821972,-1.60625434901095,20.0148189483097
-2.3426027700716,-3.44661608182754,15.7724843703562
-4.29101447352364,-7.26085431651643,13.5953795962274
-8.69626675729313,-14.5755371487123,16.6729451385382
-14.4347813534542,-17.8648669721,31.258385262291
-11.909072788598,-4.34462532480005,38.2321144200491
-4.43228099263864,1.2684267845718,29.8434443564093
-0.911428042756901,0.897622892200809,22.6092037724131
0.0986249038375451,0.623613297474165,17.2932136263996
0.526171088130925,0.971406885905408,13.2646586005859
1.18505557883412,2.16582299285944,10.2714183402019
2.81949940023317,5.35621606463528,8.50347118265016
6.99236024367223,13.2086173290641,10.4380332537894
14.8446690309766,22.3280206018015,26.6701446636457
14.5593314454693,5.4235168610713,42.5999625774963
4.03078986978812,-4.4659764198001,32.1485747291542
-1.33566493032396,-4.3518265458289,24.3057883317136
-3.55473960075467,-5.53061054518582,19.7096104252371
-6.03678979382205,-9.25066949241316,18.1839814564484
-10.0426946702077,-14.4831407861518,22.5715890615405
-12.9887206774129,-13.1251205653853,32.7840193581092
-9.78779941848571,-4.46165786360288,34.0908288308288
-5.08436842644,-1.72857932069399,27.7660726052108
-3.2410076200953,-2.71375232400303,21.9674084322482
-3.69776644883858,-5.07524331115592,17.9450287033653
-6.07973413429227,-9.55785666125863,16.8327001121113
-10.5664322449359,-15.5817726076153,22.4122274309357
-13.6025100826196,-13.0500640515896,34.3463607863336
-9.32769280197642,-3.06573074925449,34.4063841708544
-4.19345269046745,-0.777114953031318,27.1734793414084
-2.34745169665926,-1.77978174874707,21.1127720322804
-2.63590465884856,-3.70188254498991,16.7296706055302
-4.57987631954847,-7.55253053716278,14.5463873101352
-8.90572715195342,-14.5486662030214,17.7474276773956
-14.1674177758293,-17.0170695216595,31.5111499588544
-11.5716416359861,-4.50665157980781,37.4676228821253
-4.64530182628087,0.63811365113705,29.5596903917899
-1.40554629488245,0.190965559131151,22.5044728224663
-0.663633078966875,-0.516196588527003,17.2435665938624
-0.849503579928103,-1.33937787574204,13.2618442497572
-1.73509492851079,-3.1327861290752,10.3993690447024
-4.0695460325972,-7.6566214503308,9.29652482507113
-9.63355042715254,-17.2759694905894,14.6675426207204
-16.5202186294728,-18.9266290419553,35.8271429925495
-10.6219398488305,0.347694471982174,39.1874952079191
-1.72979897447268,4.04911854790736,28.6489422046956
1.82749039151104,3.95162161055192,22.0801507455994
3.72634318908653,5.80231227399513,18.1008068487518
6.56332407687329,10.3395227401311,17.4869182097799
11.1100369031459,15.7884858254669,24.011747697401
13.2800690699131,11.6377700649044,34.9702600715039
8.590650358422,2.64938173660369,33.4075140761521
3.99369015503529,1.10970587240096,26.3570609203309
2.55619845960702,2.30381808161228,20.607903109372
3.16226374055015,4.59341223995688,16.6022230027292
5.58607195807147,9.15508091440482,15.3037137593243
10.4022810249842,16.0899164744076,20.8527325858255
14.2608523988712,14.2302125542348,34.7718320797671
9.63893556030211,2.45071214750477,35.4727674115597
3.72268684114159,-0.225991828172234,27.5032595602196
1.48013419328022,0.553834089695193,21.0727639961484
1.27668401799676,1.64339122811405,16.2565687470752
2.15704230960348,3.62806616915247,12.8295779355358
4.58025562347686,8.22745018288901,11.5324353914942
9.96979746939754,17.0127588190548,17.0243590671029
15.7448967031836,17.1052518586842,35.63393225918
10.2470855427431,0.699099338992129,37.8420879370625
2.46210921895339,-2.65533575461156,28.1895762928853
-0.63764795595171,-2.36565096842979,21.4558855849953
-2.00942715300976,-3.36810760669702,16.7723125989813
-3.9009549966339,-6.57440511330757,14.1068661793668
-7.86015282591544,-13.2425172538714,15.916897874048
-13.6943050708977,-18.2897330897635,28.5577973357252
-12.9046653917841,-6.5603950402286,38.5046240284214
-5.47961303059341,0.846150516604543,31.1352292242984
-1.41294902089918,0.742797692193704,23.5805782548339
-0.259291280668186,0.236191451520676,18.0259047886387
-0.00744794426957252,0.104791927354712,13.8014600393046
0.0742417547752911,0.152410092022886,10.5684999209379
0.189588786922253,0.363276908712792,8.09540084463817
0.487871396997492,0.963152419700264,6.21771228003257
1.32804003800617,2.6865972031804,4.90028595339809
3.74688024572621,7.64804934730681,4.85589504341238
10.214931057746,19.5252599112321,12.0450058285386
18.3600367937238,19.7609631940229,39.9097452425761
9.2881679028509,-4.47425431545856,39.6120808120445
-0.734494440331144,-6.69740589449792,28.5514225144706
-4.44614405982758,-6.83708912222019,23.5811525406918
-6.71523070683215,-9.15329418713192,21.9933200027747
-9.40985675365839,-12.1257760392097,24.5776213500351
-11.1880732208666,-11.4651315555317,30.1768484600914
-9.6728315954638,-6.80998363481385,31.6727536124503
-6.80634689417733,-4.48344836743826,28.0657820624398
-5.49511098255124,-5.21492297274574,23.9326028845935
-6.15610822203046,-7.70377053493106,21.5312101059764
-8.43500965497849,-11.2689482812828,22.6151269284957
-11.031508959183,-12.7411910343946,28.1587605212331
-10.7767532256137,-8.52970497857249,32.332845479857
-7.69551870205754,-4.57513963970004,29.8310256797106
-5.5002086350096,-4.38161128476636,25.215291068179
-5.42722334461747,-6.33519111928944,21.7565852769484
-7.21375778912828,-9.808315436448,21.0998188747988
-10.2035942294216,-13.1158289488861,25.2492145920743
-11.6343141818659,-10.9632221129697,31.7814252704442
-9.0685020803426,-5.41801672356833,31.7821964908889
-5.92475400326276,-3.73712398400125,27.0607258006952
