-2.27585146243239,-0,-0
-2.17646974300722,-0.694383379798822,0.0229109816934805
-1.87277515066497,-1.36970364140237,0.0257173597739048
-1.37751921822094,-1.96282884054203,0.0273636924756865
-0.724561749367217,-2.41402004522728,0.0296863113972154
0.0353318651557641,-2.67280709072917,0.0330154247277667
0.838198523274282,-2.7048343374601,0.0375614948318933
1.61260567758162,-2.49252237246537,0.0435041444056714
2.28479958185841,-2.04097001192974,0.0508377595732195
2.78637770364332,-1.37804856398223,0.0590903979011873
3.06068469758479,-0.552525580305169,0.0669609147345738
3.06935476069874,0.368940917132024,0.0722000762313142
2.79516666143449,1.30701517914982,0.0723008358239408
2.24807776767151,2.17572833947203,0.0662953464893735
1.46384200712795,2.89138035654699,0.0560375867656452
0.500678693627343,3.37980800166085,0.0450573020998109
-0.564488381104167,3.58252877778193,0.0360192860717851
-1.64051588371788,3.46358217492625,0.0296136182813208
-2.62968617234046,3.01528799426204,0.0253656931400943
-3.43581855330495,2.25850290500558,0.0226575229604111
-3.97411544269918,1.24470542173602,0.0210620980161323
-4.17790228082731,0.0511465074638659,0.0203514248582697
-4.00944654393118,-1.22277235890281,0.0204335853950878
-3.4589844581081,-2.4644886261238,0.0213427420064276
-2.55646648488216,-3.55794730374708,0.0232288901154314
-1.36245633232967,-4.39316790713211,0.0264236617889093
0.0307054522712484,-4.87645752258475,0.0315394872002274
1.50558047796014,-4.94352392317467,0.0396444023825346
2.93047972555329,-4.56226171358788,0.0526191272563114
4.16953057972567,-3.74187388987998,0.0735329520583108
5.09376818689068,-2.53192299238027,0.106667498928091
5.59447001494087,-1.02321526767105,0.155012245688387
5.59632288117632,0.658783687933514,0.21171323352476
5.07113214857905,2.36472414067012,0.248673319228205
4.04598614866191,3.93536282699561,0.22837291093682
2.60431057202297,5.21990979756202,0.154618632568702
0.860057562469625,6.08842604921447,0.0809750872533649
-1.05261744915563,6.44083515794759,0.0414570407301131
-2.97782004722418,6.21691318593313,0.0264288232121179
-4.74393564443572,5.40303469833686,0.0204403249203455
-6.18000786564682,4.03851056079602,0.0174428753350221
-7.13395674075029,2.21549142464745,0.0158607654962695
-7.48760757672917,0.0736384115548504,0.0152239027313268
-7.17280296922702,-2.20869950866696,0.0153892926531168
-6.17728030527554,-4.43029799716783,0.0164123109765176
-4.54935711891722,-6.38190452869416,0.0185722003718774
-2.40200403055041,-7.86750861417414,0.0225304284727386
0.0985979543939567,-8.72149004250072,0.0298223579798443
2.74237085466581,-8.82715382310716,0.0443141444589274
5.29062386631975,-8.12779918157705,0.0773348731311277
7.49298401965765,-6.64376519340106,0.167551260023281
9.09253528686249,-4.47268097317371,0.467029827799103
9.77161400781346,-1.80227588588047,1.58777894935888
8.95818137262939,1.03520255134414,5.11831151916327
5.99933607119774,3.47170715966615,9.26772055419496
2.27673383508583,4.95556098626917,5.74370337568788
-0.296301853837423,5.54323029715731,1.3869557975097
-2.15606340827951,5.50051509143744,0.195920480498876
-3.76013144070337,4.9222938748436,0.0350747178973041
-5.09635097108791,3.84998860916436,0.0198923321032167
-6.04267327412283,2.35425052256158,0.0174309958002195
-6.48892626272602,0.547122067944129,0.0165323891701022
-6.36418158071337,-1.42353768229701,0.0164811531033671
-5.6448914263944,-3.38646547677082,0.0172636789230369
-4.36027324586886,-5.16025263910987,0.0190711952826932
-2.59377783949408,-6.56911146970352,0.0223793803439121
-0.480100427159344,-7.46183983403312,0.0282164201388896
1.80692904831612,-7.72340196505581,0.0389304162523627
4.06480710990101,-7.29297297005329,0.0602999543779855
6.07900355119951,-6.16924053816061,0.108247655109617
7.6353012133143,-4.41702892455623,0.230656609314882
8.52244353434362,-2.17118700622356,0.571504540136684
8.5132114074668,0.357034201847106,1.46164472400225
7.35667149810111,2.86861989427859,3.03402438838502
5.09534126677859,4.9986579256551,3.69163242843673
2.44766268978902,6.4783902863961,2.10953873426002
-0.00673220277254672,7.2550156690967,0.57750358037034
-2.29904500882627,7.34802634030526,0.0976516778448677
-4.44883022421341,6.7568196117335,0.0259816681132223
-6.31154156860121,5.50272246232398,0.017617612231538
-7.70569377948736,3.66195101655123,0.0153020991666878
-8.47487608849753,1.36819837476009,0.0142523595662219
-8.50826283853948,-1.19530188038245,0.0140367492046632
-7.75967978446218,-3.80818981257937,0.014610572917299
-6.24932712687478,-6.233174449195,0.0161428144685054
-4.06866102128555,-8.23442389755061,0.0191165022670193
-1.37903626427691,-9.60243504727,0.0246825241062231
1.60269377559917,-10.1708522378813,0.0358335624507346
4.61622377094283,-9.83910317293913,0.0616277553516817
7.37792903062885,-8.58608163172561,0.135966973773129
9.58711388277358,-6.47811079660746,0.419315808713839
10.8478396112711,-3.68697187962104,1.81293480661201
10.1746997454817,-0.586708131162215,8.40147915055059
5.67140621640459,1.93850605659871,18.165027611888
0.685539916140867,2.97163546491152,7.93176828349123
-1.36649997091853,3.00277775275822,1.25718111548117
-2.37268097961817,2.60038292260238,0.151200079071685
-3.07793362429511,1.91276184417968,0.0334432190293888
-3.52817400718769,1.0023656134711,0.022707730080942
-3.67928892073408,-0.0589027118800065,0.0214508260085086
-3.49887397908617,-1.1824030230536,0.0215532957503583
-2.98555641261981,-2.26840907329698,0.0224953615401761
-2.16430301192059,-3.21414737562863,0.0243933334471031
-1.09337698361164,-3.92465809268053,0.0275291796918705
0.144257272901458,-4.31928786878951,0.0324103591943296
1.44384627381688,-4.34279821092075,0.039864212069447
2.68858045376585,-3.97113067786062,0.0511747132249792
3.75909808265979,-3.21496379597424,0.0681079887390118
4.5443947322153,-2.12183352398215,0.0923224256394007
4.9513163161587,-0.77331764168567,0.123133703930525
4.92065122810754,0.718227040285088,0.152949591874789
4.42938734646106,2.22214884471259,0.165062121864515
3.50280781840353,3.59905901003866,0.145027899497515
2.20897716489989,4.71611250759171,0.101508628736557
0.646772657675051,5.45811049704133,0.0609378511560804
-1.06087431196983,5.73647296792704,0.0373780434684349
-2.77049410876171,5.49923271649333,0.0264648080594282
-4.32766075826772,4.73793348028644,0.021197124491178
-5.57998905262114,3.48989320474049,0.0183481014604843
-6.39413154138145,1.8412401630255,0.0168197223481665
-6.66865753778175,-0.0806474102346854,0.0162208539536013
-6.34424951687171,-2.11568813083555,0.016433168856657
-5.41417756903843,-4.08286385903633,0.0175191870577872
-3.92834428068162,-5.79745316677377,0.0197466260261204
-1.9874941528235,-7.08409740233423,0.0237483831438051
0.254934820470339,-7.8000808652241,0.0308973200533267
2.61033570421796,-7.84306141883167,0.0444640221025866
4.86542631720497,-7.16970490893488,0.0729803680278201
6.79886878374723,-5.80031706394951,0.141567804168237
8.19218032820291,-3.82528575921899,0.329952239527487
8.81958059777038,-1.4077672870403,0.880068029926115
8.40381659331947,1.20211542481211,2.27165476070723
6.68636565158953,3.64863423988538,4.16381346994329
4.00277640739093,5.54500487666266,3.84053192725219
1.33147228110954,6.70881529023116,1.56857044753997
-1.01731256407201,7.17044980577839,0.322822864860434
-3.19994220496575,6.96143354703298,0.0528611836220565
-5.18535943150743,6.09073062848111,0.021030922039403
-6.81072600741175,4.60209410430825,0.0166155447893349
-7.90752098432554,2.59549758990864,0.0149649631255601
-8.34119613771588,0.223604975411029,0.0143046924320343
-8.03388474392517,-2.31669369639897,0.0144347518581158
-6.96418931089885,-4.80175402900621,0.015408585814612
-5.18710734288199,-6.99917886193419,0.017504259116287
-2.82248385900918,-8.68924657318985,0.0214176156907131
-0.0517163669271917,-9.68331354862232,0.0288434110202639
2.89230718140088,-9.84910424701337,0.0443142963912983
5.74490401582951,-9.12019690902063,0.0824899899273241
8.22520254430721,-7.51426454484823,0.201491107193983
10.0262320428657,-5.13584760991483,0.687106214170117
10.670681004417,-2.21189530511552,3.02028954923602
8.90163260520406,0.771157632394886,11.3453759630441
3.89664543520508,2.85263889785778,14.6831081023843
0.0629336609932935,3.57041554110556,4.48970902736315
-1.6318045722158,3.52207607947522,0.647711220537727
-2.71014677489343,3.06217523315606,0.0829078050401547
-3.53294019982932,2.28035187084726,0.0264813440645328
-4.07345146602614,1.23701654008866,0.0210733124005784
-4.270901455854,0.0131925991906119,0.0201649145835939
-4.0856070507545,-1.28957765413197,0.0202651302557599
-3.51149847150427,-2.55562007578286,0.0212069798006586
-2.57877189870686,-3.66648910136043,0.0231419110713351
-1.35068699783881,-4.51026287609421,0.0264171595160978
0.0776351656652651,-4.99164863949563,0.0316823890145372
1.58542876373902,-5.04637743792926,0.0400792535365093
3.03769724839257,-4.6420587630226,0.0536660973344111
4.2955139790675,-3.79003641720521,0.0758678543186299
5.22754819842355,-2.54248892845258,0.111633809441217
5.72348193500486,-0.993536216768189,0.164799400684681
5.70696702875978,0.727681702974945,0.228373359128441
5.14919803344799,2.46737428472299,0.270512662865668
4.08384881779401,4.06307177361133,0.247999814445532
2.59650188388051,5.35960198181074,0.164887267085834
0.808341023849149,6.22786715485744,0.0835011865979948
-1.14473551005293,6.56663848133841,0.0413451803394432
-3.10395262566408,6.31644412455977,0.0260364858672448
-4.89456991536808,5.46569075433904,0.0201247139312053
-6.34276649741474,4.0562010344698,0.0171925283850371
-7.29456693776763,2.18382044985879,0.0156550142533493
-7.63119883953862,-0.00746269623862447,0.0150521203842108
-7.28517823967707,-2.33482543870537,0.01524806184015
-6.24562040787505,-4.59243310912571,0.0163070304473932
-4.56572361434645,-6.56789671055755,0.0185190142738789
-2.36100024838893,-8.06148868448373,0.0225805234634059
0.196813998343236,-8.90596369121143,0.0301166156717636
2.89196603329565,-8.98280771978275,0.0453278924987505
5.48116713019188,-8.24233691354788,0.0805808686003808
7.70745122151161,-6.70188428680558,0.180206370744137
9.30557620533537,-4.4669822587134,0.525667643789164
9.92956062342242,-1.73638435493416,1.87646450025739
8.90586379357893,1.12799256538934,6.15794554751861
5.55075124824325,3.49323062746779,10.3296931047598
1.75038483370985,4.81537520653919,5.46371437205337
-0.660190531634986,5.25593644335188,1.1572162920083
-2.38121999669839,5.10464384356524,0.154829735225355
-3.84954834663298,4.45274430265354,0.0312752032020735
-5.03813093413749,3.34605620092394,0.0197387612846371
-5.83340356250534,1.86030744899435,0.0176830021895595
-6.13973194409548,0.109659238001057,0.0169716538315897
-5.89762493668209,-1.76124682837821,0.0170928406206353
-5.0965772283717,-3.5870238282125,0.0180724045989831
-3.7753963169015,-5.19615792182382,0.0201414245762893
-2.02537527514672,-6.42784129747162,0.0238258932459168
0.0187896648320157,-7.14517975837441,0.0302550871673626
2.18579272055301,-7.25050340320263,0.0419351711501689
4.2808696309552,-6.69694908690339,0.0649029347940627
6.10184399317806,-5.49839586200678,0.114835665708111
7.44975260511193,-3.72859978908122,0.235050957500107
8.13895371389014,-1.52887616977262,0.535320848682323
7.98780784532578,0.896198618434945,1.20173056606756
6.85265237965448,3.27592154879118,2.14311046369074
4.84391032849128,5.30921894785514,2.33756521610409
2.44926595077079,6.77344720274665,1.30814267300056
0.0413693352851666,7.58085664329035,0.374271282247153
-2.32597280121314,7.69885378772341,0.0720240556836681
-4.57872988039988,7.10540028219069,0.0240243058688641
-6.54165457893872,5.81721958097242,0.0172355316922228
-8.02117665657735,3.91119942628694,0.0149538176631751
-8.8517469463662,1.52506785761716,0.0138875232542297
-8.91577384397317,-1.15091168597659,0.0136509679666104
-8.1615634025277,-3.88724027675384,0.0141955299173362
-6.60829821737778,-6.43572343851673,0.0156856770690746
-4.34965514094958,-8.54988300645893,0.0186024018624614
-1.55062918046743,-10.0076972560166,0.0241187499076538
1.56265731889462,-10.6346083523138,0.0353289882285728
4.71980649031103,-10.3234373949492,0.0618803544542343
7.62392576603944,-9.04654878261099,0.141956554478445
9.95552208699527,-6.87099894718867,0.471707977775548
11.2626400572113,-3.97917092535516,2.27754227754578
10.2201776652286,-0.804367123307881,11.4972107702695
4.55764326710021,1.54432068000082,21.1561440480551
-0.25974223366669,2.1957321270682,6.53643714825185
-1.76473416339711,1.9766415242607,0.858986028831568
-2.38995542476924,1.44747466540585,0.105208219609662
-2.73808299160284,0.737997449374774,0.0307168544299316
-2.84577908278964,-0.086702245344779,0.0240064398608172
-2.6961034669163,-0.956669688102985,0.023664839559152
-2.28843636965746,-1.79436976728193,0.0245065064073595
-1.64425257554984,-2.52054946939616,0.0262321870772094
-0.808823658699072,-3.06157359174375,0.0290011704117891
0.152342764664602,-3.35641020656282,0.0331094536786698
1.15809144303257,-3.36329418672388,0.0389729529984902
2.11791794885196,-3.06364230530903,0.0470944180705449
2.93957342606183,-2.46694732644051,0.0578641606206557
3.5383385409687,-1.61130851362242,0.0710375263379769
3.84488843755397,-0.560686873449025,0.084789577591877
3.81370879150826,0.598870107679987,0.0948725011609994
3.42895072891265,1.76645887905826,0.0957012079614887
2.70660023339691,2.83444366910985,0.0846729621817717
1.69654800401168,3.69945694493015,0.0661717686664403
0.474510529825335,4.27087150792045,0.0482292099973938
-0.861450236681783,4.47917248064911,0.0355184056532127
-2.19697421441494,4.28376028708005,0.0277969522676447
-3.41003340734661,3.67821111900652,0.0232303086444279
-4.38230835138678,2.69405957725523,0.0205124907681428
-5.00887895306554,1.39812692619667,0.0189972572194614
-5.21167820853783,-0.108422989860852,0.018389589405557
-4.9464852881019,-1.69986763179554,0.0185930978496693
-4.20784688441632,-3.2347202060467,0.0196625614135972
-3.03571972769347,-4.56810108937289,0.0218172406262548
-1.51139033047454,-5.5646151118604,0.0255367833301403
0.245738176299988,-6.11167402338235,0.0317781909457364
2.08689035802709,-6.13161422400986,0.0424766366895507
3.84588298919365,-5.59161130737732,0.0616747607501045
5.35197942010798,-4.50807157950581,0.0980541000205706
6.44418907613695,-2.95125137899446,0.169339243937937
6.98071860977561,-1.04108867768927,0.304938909752507
6.85868421666852,1.05424683799179,0.520519617801217
6.03675740753193,3.13421440786509,0.729389223565819
4.58464717112916,4.98858436682791,0.713149349898389
2.68185769530001,6.43355174976597,0.429740873532819
0.515013477505457,7.33519634619063,0.158867507145957
-1.77204920672332,7.59954059697282,0.0492698761851334
-4.0178692331793,7.17389296940209,0.0241501412450964
-6.02760474226532,6.05783868901828,0.0180767253642245
-7.60410749436258,4.31214218403546,0.015488543593454
-8.57578009969809,2.05916047422479,0.0142005285591308
-8.81624743628343,-0.524424517427515,0.0137844522144518
-8.25702736949395,-3.22076939537901,0.0141463372587079
-6.90240630581926,-5.78806138708699,0.015396890725374
-4.827621234475,-7.98188849608849,0.0179228040909914
-2.17978592186187,-9.5770224062355,0.0226653282218319
0.831626401892947,-10.3889955805793,0.032022192278187
3.94887544611415,-10.2966714833201,0.0530360194133696
6.88501441131364,-9.25366361916838,0.111480804590726
9.3342783048172,-7.3038639455374,0.328410500603037
10.9208991543105,-4.59535986279005,1.40822937571019
10.7606944176179,-1.45654633354401,7.19208872060459
6.58136799681752,1.27122797452706,19.9581983332638
0.893561119363296,2.44183917001841,10.3448540061584
-1.36013500618688,2.45786593186554,1.65906308735555
-2.24847826398806,2.03902789401818,0.195260513290801
-2.79341335352387,1.37959797123176,0.0384041255657432
-3.09485592328882,0.547664509396518,0.0240776899739156
-3.12718913643512,-0.388561198585655,0.0227305334217554
-2.87246563737595,-1.34888742227122,0.0230401760593145
-2.33689009933952,-2.24625664063193,0.0242147432624277
-1.55290131842485,-2.99434294108899,0.0263441420746228
-0.577516466950118,-3.51526931907597,0.0296923935370185
0.511075013996944,-3.74664456123043,0.034688447775262
1.61867262979415,-3.64974585571226,0.0419512487981152
2.64355698693212,-3.21413608183304,0.0522622285517079
3.4849655732192,-2.45966804972136,0.0663079504708304
4.05390661110101,-1.43833339969486,0.0838238312250276
4.28014065376725,-0.228643603632474,0.102003223359531
4.12149397954167,1.06781618351942,0.114039588194252
3.57435240373302,2.33561390422027,0.1116690583384
2.66861142907669,3.45632191995251,0.0929412634105748
1.46912760447646,4.31851966739553,0.0670468576858071
0.069098070138036,4.83022504156436,0.045651354425646
-1.41803508591727,4.92358368490578,0.0325714739896271
-2.86275937114445,4.56519399872534,0.0254038994136579
-4.13069101562913,3.7612311040822,0.0213711442064277
-5.09506403187038,2.55883363139931,0.0190516642868693
-5.6475417542907,1.04367034515564,0.0178454159706207
-5.71308146228207,-0.662923126475068,0.0175053613557557
-5.25579252639333,-2.41573437622447,0.0179799818421853
-4.28444601410988,-4.05567654329892,0.0193818570063363
-2.85816290370075,-5.42457451766674,0.022028687036151
-1.08096762579715,-6.38002078745401,0.0265981866957684
0.904541932217889,-6.8085855847506,0.0345073452491509
2.9268363267832,-6.63876760501534,0.0488565856892656
4.79924701812667,-5.85108303131266,0.0768564752510058
6.33344355932762,-4.48173277406564,0.13622699526276
7.35387346699234,-2.62767676220363,0.268996110397394
7.70094189692983,-0.441673029745438,0.556327199651698
7.2508783291806,1.8672283265736,1.04757156445751
5.96850970182681,4.05086630978624,1.47147035060962
4.03823915502544,5.86560731180878,1.26028823877645
1.79187113222867,7.13893313931998,0.587424776702722
-0.56592924034716,7.77619924425056,0.156778452502934
-2.93498946743946,7.71798222604695,0.0394281777592322
-5.16199798954577,6.93999505140139,0.0205650840404348
-7.04753646603723,5.47175876676712,0.016369868319388
-8.39784134692561,3.40585687411092,0.0144917385349016
-9.0566660630478,0.897039778302038,0.0136498901463941
-8.92040106346575,-1.85094952084134,0.0136031963135617
-7.95368602652642,-4.59974420737504,0.0143545056193964
-6.19273125014165,-7.09575673636745,0.016132458588231
-3.75153369042155,-9.09266553954146,0.0195432406836836
-0.814730473979429,-10.3763984221695,0.0260773491176158
2.37643371482369,-10.7848436965656,0.039843484769278
5.5400939215008,-10.2285134724259,0.0745023115277034
8.37043575018876,-8.70121052209884,0.188837311823123
10.5276992866203,-6.29626530365051,0.713791706031839
11.4265303235167,-3.24361126588721,3.7968790470042
9.10785910152797,-0.134364495490163,17.0870688574925
2.53028060339974,1.69344388907519,18.1876949922489
-1.02288660646652,1.92341505939009,3.71683073151606
-2.01921923672127,1.54627212958297,0.437931410060213
-2.45233943694444,0.943316591618063,0.0627234640118196
-2.63924055756896,0.208089417681586,0.0273339995071226
-2.58952080135157,-0.594522495271247,0.0243000887850363
-2.29708714714211,-1.39415618434884,0.0246379990043143
-1.7744017278971,-2.11679680609021,0.0259688760850734
-1.05602400896545,-2.69139405740608,0.0282311525687272
-0.196089088865459,-3.05584665396487,0.0316301288174251
0.734473158200272,-3.16419290528129,0.0364699805360309
1.65403979503495,-2.99094220791993,0.0431174418447885
2.47632887671104,-2.53452019901159,0.0518779520853566
3.11885505065735,-1.82073489663183,0.062642663539117
3.51122778498158,-0.900786173694692,0.0742616962242759
3.60236213218799,0.152298426476096,0.0838790557869656
3.36550392687416,1.24889882891182,0.0872250986694799
2.80582920407772,2.29009143896156,0.0812668606118673
1.95763311252051,3.17728124700423,0.0675441857823719
0.881821794926306,3.81956620802474,0.051767433751803
-0.336169356785309,4.1451286902679,0.038975359168495
-1.59471582533318,4.10450303632822,0.0304606686351754
-2.78153619775201,3.68014354010441,0.0251865179534488
-3.78329608841707,2.8872519135471,0.0219608306448166
-4.49667567276571,1.77688782311583,0.0200632970517673
-4.83905733619038,0.432350917480234,0.0191360283428959
-4.75524767564945,-1.03717492497682,0.0190342441083024
-4.22836775984043,-2.50391585764329,0.0197533280773159
-3.27778502174275,-3.83214007429261,0.0214395434820294
-1.96645192917397,-4.89099096187207,0.0244284712629373
-0.393338556520371,-5.566213039896,0.0293879588056058
1.31177848568459,-5.77285710443203,0.0376006309595294
2.99908921855806,-5.463936239044,0.0515754498587682
4.5093916303964,-4.63599352936722,0.0763137383960415
5.6878958297355,-3.335980748606,0.12127402126236
6.3981419155325,-1.65941549582528,0.201139498109619
6.53592559087114,0.254759105042423,0.325422062577666
6.04189765181192,2.23409772136294,0.459958415711821
4.94000870216659,4.08840857091679,0.49529107658071
3.3379049973269,5.6356086241587,0.359583717175328
1.39051347176643,6.72671673133247,0.16929791796064
-0.755358340521106,7.24796481198576,0.0620730713415827
-2.94290236918618,7.12653079763002,0.0290044734675469
-4.98832745013085,6.33748864338299,0.0202515125321188
-6.69769711221692,4.91246801982326,0.0167830128824397
-7.89470994831578,2.94532694687392,0.0150099234821582
-8.43602581474863,0.582764030369544,0.0142341867393432
-8.23205302225417,-1.98083119403641,0.014256885121101
-7.25758459668522,-4.52189561848894,0.0150982244203116
-5.55187822636325,-6.80414075176598,0.0170059861660699
-3.22959092328889,-8.6018844124686,0.020601507689127
-0.466543104542122,-9.71884970050098,0.0273936895981604
2.50781045326445,-10.0110701501632,0.0413941195014201
5.42937955431064,-9.40338142096931,0.0752313121106141
8.01307777222865,-7.8959067969697,0.17923709697827
9.95456005076202,-5.58662188099351,0.599036819393753
10.7977392948958,-2.68458251660366,2.66679845815051
9.31970805079807,0.352029307157334,10.8733596066561
4.28397388627673,2.5498861328571,16.1529778976072
0.139579435534983,3.3150419923448,5.25851673695364
-1.58706312420695,3.26471803199245,0.764463093969467
-2.60293184756384,2.81159982805216,0.0956079900321706
-3.35577143525535,2.05837248718999,0.0279623163026344
-3.83693077589261,1.0656045071977,0.0216446767182219
-3.99252265580058,-0.0888686560498482,0.020728782176871
-3.7891262311842,-1.30836155229933,0.0208798102172542
-3.22362892154743,-2.48461145588294,0.0218721169378254
-2.32554817338751,-3.50633418060511,0.0238553874506974
-1.15825391029095,-4.27085565444465,0.0271554120609382
0.188088383821033,-4.68976822977307,0.0323806853455757
1.5985936797347,-4.70594431550934,0.0405460746309451
2.94670411993432,-4.29302964353626,0.0533659295717257
4.1025444355879,-3.46325251482378,0.073470625560435
4.944730329062,-2.26908305659135,0.104007808535056
5.37374151990692,-0.801601806108236,0.145796978510407
5.32312541545681,0.817058536789196,0.190119770086268
4.77041265539109,2.4432564951678,0.212301040774578
3.74771756094862,3.92574343007786,0.187061051407439
2.33342055737582,5.12099259247744,0.12500805150647
0.637683903583647,5.90596753455286,0.0682368035220638
-1.20705735397839,6.18831460086481,0.0380435499327972
-3.0477789738724,5.91374138780911,0.0257673562164485
-4.71827935963034,5.07406070805596,0.0203951285895802
-6.05516944408021,3.71225152503603,0.0175912352670924
-6.91530619745601,1.92223592647815,0.0161126855971781
-7.19069710147392,-0.157249267589236,0.0155545100330191
-6.81834919050551,-2.35251445177751,0.0158018223440396
-5.7943446086323,-4.46787305117407,0.0169261342578701
-4.17316997287962,-6.30381082724642,0.0192238316149059
-2.06725732003744,-7.67402432425429,0.0233883877521993
0.358794200138012,-8.42295157139167,0.0310099989975994
2.89911768510966,-8.44377710092897,0.0460436713753537
5.32292343763279,-7.69134211675729,0.0797018203960343
7.39008542471179,-6.1908802133284,0.168815336020385
8.85752840258185,-4.04394775680623,0.44840828577866
9.43897993771396,-1.43634242842686,1.40567306487649
8.67996532562706,1.32230759236354,4.12124627679974
6.12832286032059,3.74416833049714,7.25121597451914
2.76050155720411,5.35079379253407,4.99121205742704
0.12017386476649,6.1094097017731,1.39078500794517
-1.93877850754464,6.20121362589248,0.214466849732869
-3.76877240190257,5.69945906090526,0.0370528860789249
-5.34167670699998,4.63638138145911,0.0196388340095243
-6.51635734631296,3.07785454691417,0.0168197321847499
-7.16162524226106,1.13747662633508,0.0157159346926583
-7.18593917491417,-1.02920029374134,0.0154794314841694
-6.54930906646826,-3.23660049562214,0.0160524356178419
-5.26778356655294,-5.28318532562738,0.0175900124194309
-3.42232090787685,-6.97111453770147,0.020513664147662
-1.14754319958246,-8.12224601438287,0.0257928041484084
1.37214511066972,-8.59817537001993,0.0357010632412241
3.91757474903698,-8.31333294992343,0.0562350401103799
6.25041524249099,-7.24950860920126,0.10556189754352
8.12654182913772,-5.46122519951272,0.247702035449772
9.29100873157866,-3.08398962957054,0.726090748254541
9.39542172259361,-0.349753140926901,2.35145040739755
7.86504805038073,2.3522237624331,6.04624651278111
4.63649380819565,4.46507960111193,7.3879375252124
1.44688676646016,5.66389361361287,3.28777586275512
-0.853881494881958,6.09304183501221,0.666315034495554
-2.75821846166432,5.90850067985729,0.0923658348363851
-4.44721115113131,5.1553938226921,0.0250367129014165
-5.82186727796178,3.87743981778933,0.018153107958531
-6.74314818649057,2.16106462779901,0.0163742159852577
-7.09821083521983,0.137493938976454,0.0156958915292856
-6.82076625674059,-2.02516531185714,0.0158300300532093
-5.89698273174219,-4.1364631554786,0.0168204724884624
-4.37165377000458,-5.99822826403005,0.0189256805386434
-2.34942349655508,-7.42369562903891,0.022758680266958
0.0134522594165892,-8.25480553597337,0.0297073238912107
2.51891172191024,-8.37838191782156,0.0431499780139789
4.94226818532015,-7.7423909484718,0.0722814869399789
7.04600552866063,-6.35784141318272,0.146522196726015
8.59297158948271,-4.31666335823443,0.369585257110191
9.31786240173971,-1.78789912531064,1.1125646286449
8.83253085821373,0.948969520024748,3.28559655193896
6.67207320907591,3.45537476928959,6.43533632972528
3.4245061765383,5.24189489445285,5.3686198000597
0.644958218163195,6.17933021449575,1.78353393027437
-1.52470183466325,6.41968231497617,0.305667906554501
-3.45157657493884,6.04514172933386,0.047392094276587
-5.14556531464375,5.08390430232995,0.0206240204833735
-6.46583100876901,3.5920254915057,0.0169776140515249
-7.27011379646639,1.67486382303233,0.0156350922702089
-7.45275350884975,-0.516712856485807,0.0152121714567937
-6.96005571276893,-2.79755619983793,0.0155885506825538
-5.79380501356551,-4.96285656131013,0.0168723185388792
-4.02224902588005,-6.80676241123386,0.0194123331408282
-1.76965285329505,-8.1379521108114,0.0240345617481977
0.78390384373289,-8.80351267135516,0.0326602880824446
3.41991189245025,-8.70017792330015,0.0503337204860315
5.89641660326963,-7.79428606273967,0.0921575248740363
7.96119234522747,-6.1211267966856,0.21239817603191
9.3526686518045,-3.8021049180227,0.628093548431268
9.7170495378233,-1.05406324303104,2.16712507813895
8.39713889506138,1.74049971564374,6.36477485596767
5.02375173204545,3.97008960726725,9.02404154957919
1.53662094197423,5.20725026983455,4.28075379054312
-0.785456829477447,5.62637939585715,0.874361332407109
-2.5769918907698,5.45016442175632,0.117760752464807
-4.13741295807133,4.74467315300706,0.0276144887096273
-5.40149622799472,3.55491783954575,0.0189301276382487
-6.24353825461738,1.9615600850374,0.0170622818233102
-6.56113036556095,0.0872945361277072,0.016382252510992
-6.29308022232017,-1.91242112978411,0.0165236844414965
-5.42818412274913,-3.86124261755709,0.0175253763409905
-4.00799182416032,-5.57554705294036,0.0196372099965617
-2.13200265042301,-6.88471658324384,0.0234261663377581
0.0566740729593137,-7.64023046472454,0.0301680616437521
2.37279104816783,-7.74160244750973,0.0427677351884096
4.60903338768706,-7.14001750479079,0.0686523011891988
6.54678679053254,-5.84731484506376,0.129218620412943
7.97212579976841,-3.94853766604453,0.290018438054263
8.67103380625548,-1.5972933913572,0.744296659144655
8.3934681159494,0.973787311421823,1.88718055865468
6.8992704863017,3.43548329888339,3.57377028610566
4.40148791354281,5.41678358905597,3.63224621077655
1.75192735382372,6.70280462985581,1.68255771537608
-0.643708684761596,7.28756069696014,0.38572653367739
-2.88834917109023,7.19243011457922,0.0635810967797185
-4.95967186171326,6.41994486548116,0.0222414864656829
-6.69598842961962,5.00522741631083,0.0168571048340814
-7.9210459284569,3.03983717330386,0.0149894335173801
-8.4900938633054,0.670734093733374,0.0141857278922754
-8.31028804548716,-1.90801631253952,0.0141835335976727
-7.35359996273629,-4.47150507032137,0.0149960134049264
-5.6596214677228,-6.78284862828967,0.0168602195357637
-3.33853065074857,-8.61264748351565,0.0203882866862942
-0.567471057966803,-9.76414904941021,0.0270439516584536
2.42544448615311,-10.0873569842057,0.0407666257523953
5.37369233092934,-9.50428958609927,0.0739995819117376
7.99243928144801,-8.01675419730144,0.175779507641125
9.97318871561843,-5.71519574733897,0.58968775300116
10.8582074578372,-2.80890513921717,2.65848001795041
9.39745444727521,0.243130308344733,11.0829683949428
4.26460854418204,2.44584848215025,16.6480143903302
0.0738515106559379,3.18777443064292,5.3312392680958
-1.61638674828941,3.11413494885575,0.763362829452808
-2.58473304184528,2.64982733826143,0.0953812245511225
-3.28909994616741,1.89967043141618,0.0281398084447703
-3.72497916259622,0.924794915528971,0.0218801208430888
-3.84326717570181,-0.197643271900335,0.0210290320038962
-3.61355356859681,-1.37330334547083,0.0212486735337586
-3.0359240374026,-2.49679035876454,0.0223137445713118
-2.14333714365218,-3.46200569337589,0.0243735264602168
-0.997418336615155,-4.16906840911691,0.0277662381933135
0.310173281146621,-4.53864346070763,0.0330679052304131
1.66888307864619,-4.51573321195522,0.0412619346235993
2.95504929591105,-4.07734900742827,0.0539452997428723
4.04487107665167,-3.24198174863122,0.0733428402820556
4.82303802823519,-2.06229909264196,0.101772160009173
5.19544433498355,-0.628470892315123,0.138685678098856
5.10343153515385,0.938928843201644,0.174533810440941
4.52963380104228,2.50087458572268,0.187745310931386
3.50789162433412,3.91183253320508,0.160722796906015
2.11534891257462,5.03462305545046,0.10703999732292
0.459831575789497,5.75333382985157,0.0606254088811955
-1.32895394173006,5.97933970868211,0.0359356198348545
-3.09994400632716,5.66403287534159,0.0253304866520283
-4.69176481294643,4.80446402958985,0.0203769589870553
-5.94810946595184,3.44697416345507,0.017722324462264
-6.73248400146872,1.68560898150718,0.0163301336782098
-6.94273677241702,-0.342006250230165,0.0158420663326739
-6.52648555553766,-2.46465592826358,0.0161583305829706
-5.48211958084394,-4.49292717281541,0.0173687896450342
-3.86736996381146,-6.23377644260228,0.0197877851996684
-1.7966668218529,-7.50911428242692,0.0241363907905988
0.56643506205963,-8.17340739698359,0.032041170731465
3.02082349894925,-8.12710610346061,0.0475155830767604
5.3425036269706,-7.33378884109341,0.0816033783317174
7.29904196165995,-5.82171005406568,0.169493707763709
8.65962430722149,-3.69678071511,0.432002438826573
9.16199885470069,-1.14231283132123,1.26618434852557
8.43363616111111,1.54872345048009,3.42923457228845
6.15724663688753,3.94415242000588,5.81800615279283
3.07861121331894,5.62263257407506,4.25318908944698
0.438921014347866,6.50283370169699,1.3148680276217
-1.74991624170268,6.69909695002794,0.219180094949039
-3.74123345330456,6.26242263484917,0.0380976193392412
-5.48713561188359,5.21637299093218,0.0195029101164092
-6.83189268017861,3.62235718699127,0.0164401391093112
-7.62894121806437,1.59425010061109,0.0151960248961805
-7.77038063031748,-0.707942484463762,0.0148384678651597
-7.20507908415448,-3.08859312794882,0.0152757845490141
-5.93849120746209,-5.33285757098852,0.0166359138722944
-4.04669936467053,-7.22569218702033,0.0193057445628598
-1.66551923711573,-8.57133607643773,0.0241953461013517
1.01533242892726,-9.21114501875156,0.0335115830393741
3.7650271039571,-9.04582270686121,0.0531894344317211
6.32861385975508,-8.03869736104591,0.102556727582251
8.44190160742228,-6.23883961730029,0.255936708138725
9.81594399207628,-3.7787368351092,0.84267373349072
9.99249705129596,-0.907280828045585,3.22132553742406
8.01035875361309,1.8964073850137,9.40044873661187
3.81973182882154,3.87453913742171,10.3140188574703
0.4673001577855,4.73389771100981,3.41454969930438
-1.47541577118028,4.85317974028506,0.545173900674825
-2.95524907980331,4.46373968115419,0.072444464092719
-4.19272219592036,3.62895438815983,0.0240987558657127
-5.11386816654357,2.40533625995334,0.0191168536183728
-5.6186168103957,0.882064887604039,0.0178729334573555
-5.63638259368593,-0.818172193174132,0.0176023528209817
-5.13523371070782,-2.54997890474421,0.018154315465508
-4.12854543057786,-4.15522535647501,0.0196517629258511
-2.67915246830871,-5.47813848461859,0.0224336840863162
-0.89393867944001,-6.37981377060744,0.0272158745318723
1.08273804131071,-6.75126368032456,0.0354919110651658
3.07908383720659,-6.52647234462652,0.0505178358590421
4.90953479169076,-5.69054757990373,0.079857154478394
6.38883450537791,-4.28557163078531,0.141776218938374
7.3441410438772,-2.4116402556178,0.278642159567421
7.62306252776448,-0.225861877552684,0.566055102192059
7.11064976628988,2.06239886200151,1.03091563197808
5.79018289621536,4.20800987799861,1.38175491576765
3.85572132382976,5.97585648111163,1.12468483681164
1.61843815920119,7.20121345593113,0.501993689530435
-0.735138774033006,7.78909091926507,0.132266213381269
-3.09707764503825,7.68032295316869,0.0357582294660157
-5.30472698400815,6.85238569950317,0.020055580948889
-7.15685547419046,5.33920378197294,0.0161964660076436
-8.46198293704207,3.2381280956269,0.0144095665693085
-9.06630536315359,0.707079991853482,0.0136287661175112
-8.87271063338282,-2.04677646573183,0.0136350016674821
-7.84775797125935,-4.78381164457946,0.014448910723362
-6.03541218728085,-7.25023988456858,0.0163169010060297
-3.55448465420863,-9.20167653262162,0.019883297040223
-0.593671153206776,-10.4273144323544,0.026738712595146
2.6026481719241,-10.7697081276451,0.0413102486807898
5.75056784477391,-10.1440320134146,0.0785753514867402
8.54248883761661,-8.55077612076838,0.204367298069764
10.6350088500278,-6.09260277287389,0.793361715340149
11.4008498948407,-3.01137120665592,4.2662633486922
8.74520622034784,0.0584730998249842,18.1989697263731
2.14773795077276,1.76071960960405,16.9542906759764
-1.12518481690877,1.92605016983003,3.24472173100221
-2.05722752470639,1.53017979875008,0.378749783383892
-2.47690807243623,0.916832681602317,0.0569233734203927
-2.65400406266215,0.173859169044507,0.026781961437394
-2.59304474871679,-0.63376133460203,0.0242357622922233
-2.28851931010013,-1.43507787560319,0.0246455028451165
-1.75381357155093,-2.15576927990321,0.0260200586500436
-1.0244984297032,-2.72466142559733,0.0283342426961103
-0.155923008415091,-3.08010015684726,0.0318012231790797
0.78016336174888,-3.17686709009507,0.0367325187072261
1.70112994108044,-2.98908732718604,0.0435107652904959
2.52065585427991,-2.51842985664296,0.0524277223450999
3.15646960695602,-1.79124230179613,0.0633584221968658
3.53801427864687,-0.859458725950378,0.0750940428629571
3.61446300307802,0.202466167019459,0.0846507976170145
3.36204484049545,1.30356924434155,0.0877013426742286
2.78551506128335,2.34437295617438,0.081254692516384
1.92198792231436,3.22646887080451,0.0671409139761093
0.832891265860291,3.85849336551752,0.0512400127501689
-0.39460765383014,4.16961847768274,0.0385319792615053
-1.65785658204507,4.11164932360509,0.0301456704789827
-2.84379970517245,3.66797151437742,0.0249717213085445
-3.83896218576119,2.85593231803581,0.0218133777207437
-4.54039482211758,1.72823823698695,0.0199635743481223
-4.86597442712465,0.369644385878484,0.0190755183953011
-4.76159053775514,-1.10903987081875,0.0190108225317049
-4.21232295291227,-2.57875755028587,0.0197704526122287
-3.24010164877855,-3.90356465300953,0.0215068534053617
-1.90877855030096,-4.95207442270727,0.0245712079398073
-0.31969800511842,-5.61051123193048,0.0296562161762746
1.39543848056251,-5.79506477066881,0.0380974746615001
3.08551076559227,-5.46104843308659,0.0525100836408689
4.5905109542413,-4.60665239349055,0.0781472890751242
5.75552589676927,-3.28152028307576,0.124951102081035
6.44510176045365,-1.58395200287753,0.208233866372486
6.55403651914321,0.345382026824307,0.337507284813149
6.02855224107544,2.3312573760007,0.474982443398901
4.89324589946889,4.18202983271944,0.505067647222885
3.26345000854635,5.71627482934938,0.359556816435447
1.29567738042699,6.78611495294097,0.165476706397764
-0.8630693902607,7.27925434133465,0.0600000891075133
-3.05486327344112,7.12551339568003,0.0283456741914784
-5.09468213427029,6.30222113145024,0.019995415215169
-6.78856166681395,4.84443883288111,0.0166411687809206
-7.96013339467865,2.84824065855847,0.0149267855796167
-8.46856846212344,0.464189505091446,0.014192666993547
-8.22881499428357,-2.1112173680459,0.0142509274034801
-7.212874772721,-4.65261602097216,0.015137620498726
-5.46968607054259,-6.92346285602309,0.0171079374155621
-3.11524665088559,-8.6986890540162,0.0208114332699095
-0.327891056618428,-9.78176237895967,0.0278368655731754
2.65920733024122,-10.0340247069566,0.0423980370965976
5.57961171950087,-9.37862440247793,0.0781634720995793
8.14773567306542,-7.82591680394089,0.189695018541841
10.0545582038186,-5.47544966514897,0.648634901695805
10.8204691585034,-2.54552092674166,2.93426562288546
9.13428734334555,0.479578458864397,11.7142722159371
3.92817418518272,2.59156687858701,15.8837275271249
-0.042814377669885,3.2740424031035,4.76286327580047
-1.67231618432528,3.18239780420421,0.670039567535227
-2.64771400404837,2.70442640699767,0.0852608978778024
-3.36471586233966,1.93615830182469,0.0271169428790951
-3.80829707822642,0.938896381901202,0.0216301306388769
-3.92639427119261,-0.20880987658675,0.0208416983153437
-3.68959805784542,-1.40999566439153,0.021072700872256
-3.09753129778148,-2.55737279445204,0.0221507453181584
-2.18326592036475,-3.541915584052,0.024236748304972
-1.01153153640445,-4.26323612842589,0.0276732984714502
0.325498218549358,-4.63789987303734,0.0330770745787262
1.71361886809765,-4.61108746406026,0.0414881499596919
3.02751492969379,-4.16221499525817,0.0545941512865201
4.13874600743948,-3.3051579532183,0.0749538142747345
4.93088026873856,-2.0977585341572,0.105263719808192
5.30861616940383,-0.63206785825817,0.145398393506577
5.21042289408171,0.969429128938739,0.185440175402236
4.61832633174908,2.56376233592318,0.201237714689487
3.56923638582458,4.00187653921709,0.17219900148095
2.14379662528555,5.14425938909918,0.113105403525089
0.452502249184699,5.87324764943828,0.0623553154222942
-1.37271355356103,6.09850055782136,0.0360491278389714
-3.17808704637811,5.77192780850747,0.0251359939860254
-4.79922976434485,4.89028287477177,0.0201652716643437
-6.07672170530021,3.50130982750452,0.0175248003222035
-6.87172045943505,1.70156987026882,0.0161458824787839
-7.08049313794844,-0.368231218310692,0.0156686633596368
-6.65009196095474,-2.53329986457181,0.0159940718391276
-5.57870442362461,-4.60009660493655,0.0172161104090099
-3.92723584344048,-6.37244048396047,0.0196541615413798
-1.81141147778234,-7.66799140710214,0.0240531098140426
0.6009000637815,-8.3384927539239,0.032107661993371
3.10407810346845,-8.28480941903083,0.0480303452988904
5.46955222990359,-7.46832889015995,0.0837625092138491
7.46069994833785,-5.92056351176201,0.178163015932909
8.83688446236782,-3.74792661486836,0.471693988745115
9.31969535616098,-1.14346962970039,1.44282883203817
8.47774898471637,1.58245849952101,4.02539386313621
5.95324841926916,3.95752618807745,6.66769237492616
2.7175207437776,5.54375268931887,4.44779461966926
0.117788222977714,6.31041384536617,1.23821901730979
-1.9817730172866,6.40875336174346,0.192580868408729
-3.87056300909331,5.89765289112566,0.034896355483442
-5.49894699425411,4.8065898195544,0.0192683213179927
-6.71829698416156,3.20276952245568,0.0165438001314726
-7.39221639526207,1.20269985020179,0.0154402109671929
-7.42667273832779,-1.03319755207345,0.0151973884664401
-6.77614116626473,-3.31365246964506,0.0157636042448237
-5.46221878574782,-5.43152626999943,0.0172864384563506
-3.56188840760346,-7.18017498119634,0.0202043228471101
-1.2170224853039,-8.37734275868283,0.0255040828017626
1.38370684070855,-8.87721042856474,0.0355768028373394
4.01384907053344,-8.59385702085115,0.0567979814100204
6.42699435320012,-7.50458653895262,0.109417198535225
8.37095154750302,-5.66763174524958,0.267829854172971
9.57054688972719,-3.22054382476171,0.838446491781307
9.61888120984873,-0.412853052471069,2.91665512957711
7.77326670361818,2.31504082725864,7.69106428364678
4.08538671166611,4.32141779618603,8.47575888078459
0.865200897824461,5.32490337886262,3.14559477957912
-1.25589286030987,5.57951113574195,0.553169304830007
-2.96917948732488,5.26781726066717,0.0748744219872656
-4.45126758565776,4.44097804104985,0.0237313489489797
-5.60777503462745,3.15082044631306,0.0183574629219661
-6.31710610533935,1.48843792021965,0.0168900122706511
-6.48709797978877,-0.415462565947472,0.0164262409749714
-6.06916042188308,-2.40031273137048,0.0167757880885382
-5.06543667701256,-4.28820279054887,0.018027188299997
-3.53292719411576,-5.89951034502283,0.0204886781426613
-1.57938385255004,-7.06732423291569,0.0248613324367389
0.638893291193634,-7.65874267006486,0.0326623169250753
2.93301435101672,-7.58285265526772,0.04749270003531
5.09255399707047,-6.80684992691579,0.0787314364377737
6.90272452377105,-5.36321004241974,0.153325316332797
8.15342039176519,-3.35071272831815,0.35305292414782
8.62861981569472,-0.938716506381326,0.905251129013807
8.08565056197243,1.62018188046101,2.16079871168601
6.35133609829073,3.98712839023488,3.58268203650586
3.80231503029392,5.81908622896328,3.05180647789656
1.23194758655159,6.95660009808799,1.20339498995619
-1.13060516322002,7.40274117588774,0.247112619146976
-3.36947326349148,7.16467182397534,0.044333277696122
-5.40819316075366,6.24565004764484,0.020145884865212
-7.07042881133744,4.69144752664072,0.0162484325049446
-8.18219010883284,2.60688537740682,0.0146594290085294
-8.60695951423019,0.151509305535765,0.0140323692674047
-8.26478045529161,-2.47087138594255,0.0141898891588828
-7.13807702132111,-5.02890774056889,0.0151911825441565
-5.28380320735326,-7.2828693371014,0.0173312867422909
-2.82843656990268,-9.00711489494337,0.0213424346054799
0.0396302222309157,-10.0072267692093,0.0290444705475773
3.07817792628858,-10.1512438853514,0.0453934661200905
6.01357686072556,-9.37013297000994,0.0871740991469431
8.55409087904165,-7.68610338680862,0.224817717405927
10.373039425297,-5.2121234415577,0.830573875731536
10.8966709931927,-2.19737096766604,3.96841478570757
8.47811857745718,0.777162579749626,14.7162960431214
2.80614959442241,2.59497699483273,14.7189857676073
-0.591936232816175,3.0167596625335,3.43572463733781
-1.92232690887303,2.79251853710353,0.439963036477695
-2.7399921903851,2.2381099366713,0.0614024231824033
-3.30807887600984,1.43512922090284,0.0253917620904704
-3.60117081296592,0.447421690060077,0.0218903423456651
-3.57958207089486,-0.644608218820155,0.0215063476026967
-3.22546484797309,-1.7466140878963,0.0220502565149414
-2.55285362546968,-2.75804629691116,0.0234648545635151
-1.60241582584462,-3.57926066246874,0.0259586666270228
-0.446337734134003,-4.12410387307297,0.0299070327212928
0.821674878340602,-4.32514189169553,0.0359510283017087
2.09076687760052,-4.14233936894079,0.0451142439820884
3.24275155863195,-3.57032619356584,0.0588723838757958
4.16309091308124,-2.63948205057255,0.0789297783363971
4.75071073978238,-1.41478318782065,0.105951623670846
4.92887603379385,0.00665968958165325,0.13617589937376
4.65840746345589,1.50289372038313,0.157442608198993
3.94072941398907,2.93882732232087,0.152905313138253
2.82402831942653,4.17863699423831,0.119203027052004
1.39251767521451,5.09912086343152,0.0763943435213386
-0.243294687643648,5.59867115801335,0.0459646881465938
-1.95006938102325,5.60842640233585,0.0305771225344535
-3.57868785083012,5.09846507528356,0.0233591355631956
-4.97593408339049,4.08448594008323,0.0195963004604552
-5.99980643417241,2.62941538527898,0.0175171907105141
-6.53156768302242,0.839427937570226,0.0165070883000558
-6.49396680370186,-1.13975668646801,0.0163384136469689
-5.85500219486783,-3.13782521140598,0.0169915159126378
-4.63707799536802,-4.97223939965304,0.0186263647537905
-2.9147676312583,-6.4621738806404,0.0216739923981249
-0.818871720784987,-7.45137747998186,0.027057487088541
1.48091929990733,-7.81567760821705,0.0368971933941489
3.78265953199446,-7.48595362541098,0.0563553745605841
5.87041444948795,-6.45113472523687,0.0996243426335284
7.52605034900222,-4.76614682145984,0.209855717695243
8.53480310307588,-2.55769800559864,0.521057040660196
8.6638507033701,-0.0287017609725315,1.37332026358034
7.6359579197692,2.5264455372479,3.04730050024101
5.41047461330922,4.73068279565873,4.06409543230661
2.69981745700076,6.28249247284962,2.52412614368808
0.209902743202259,7.1181212896469,0.732213366519587
-2.07313569199176,7.27054451147991,0.124284790687069
-4.21276723168941,6.74637599301349,0.0287166990477934
-6.08350815729842,5.5641296315376,0.0180944255199685
-7.50669504435928,3.79364195691619,0.0155607905080921
-8.32462220191959,1.56235790019381,0.0144231232196241
-8.42481010846205,-0.952318499411583,0.0141360284012776
-7.75457943425189,-3.53616216832484,0.014636022857791
-6.32651009789217,-5.95488889794516,0.0160723606327137
-4.22744286021146,-7.97579287092567,0.018883684067563
-1.60909763596397,-9.3876260489817,0.0241273713510569
1.31792578902565,-10.0227202027632,0.034485898657758
4.30042578222611,-9.77708249631198,0.0578074874618142
7.05981209775441,-8.61904079140434,0.1225904909657
9.30238688946899,-6.60723982236864,0.357777487087206
10.6643644512081,-3.89937787709682,1.46063770018823
10.3319721127241,-0.827550170520316,6.70165314300337
6.50587562463182,1.83792436312507,16.8784337128575
1.3337536383682,3.11967659446603,9.43083973597348
-1.08060188161983,3.29737191298552,1.69850026555819
-2.24654952501255,2.97494203322755,0.207237199653159
-3.07804518286817,2.33018424800028,0.0382533452998376
-3.65600110348332,1.42602968798688,0.0228059075611321
-3.93002258885459,0.332201368493112,0.0209973340638369
-3.85758969042769,-0.861808838031448,0.0208327303607629
-3.42512991115145,-2.05209854802878,0.021512965153676
-2.6496121381877,-3.12868369778072,0.0231078841774626
-1.5822991853451,-3.98593228062588,0.0258708849038174
-0.302929438151897,-4.52993227721019,0.0302863353854416
1.08204775520745,-4.69318542503113,0.037172093083567
2.45121182251526,-4.43771005145517,0.047908532062034
3.67538003631686,-3.76026617034838,0.0647028405876653
4.63114663859944,-2.70056271543143,0.0904105858976742
5.21126569692074,-1.33474024154339,0.126946195512228
5.33694625398182,0.227064926220902,0.169958834225448
4.96860445089142,1.84931488108407,0.201223433394967
4.11776068984916,3.38283346795734,0.193702926722102
2.84773637612586,4.68165211070775,0.143179483539724
1.25756055960802,5.61666364527145,0.0834165890391626
-0.530607353078435,6.08282715786652,0.0455730901229148
-2.37150715643039,6.01250024215048,0.0289859815394085
-4.10363526393206,5.38033099751103,0.0220030789148613
-5.5623563721056,4.21054127686472,0.0185092808048417
-6.59719542722298,2.57839975159911,0.0166221514022489
-7.08647387162434,0.60574543250405,0.015756272855161
-6.95238212205925,-1.54615872616314,0.0157135274790931
-6.16853684556297,-3.69020992848263,0.0165005885867347
-4.76660884765187,-5.62785163599347,0.0183228799748865
-2.83910557775915,-7.16815896211705,0.0216917689886559
-0.531349996168379,-8.14460252722711,0.0277647123670411
1.96622919978045,-8.43249672864225,0.0393001725189534
4.43290986597995,-7.96545689498809,0.0636047443533017
6.63217889851536,-6.73891800984408,0.123391555148224
8.32581005849548,-4.82744462976273,0.297843552556806
9.26159118118864,-2.38328082296385,0.873401957922849
9.0838541435156,0.343364410718466,2.67083994378668
7.28877029113249,2.94772430963851,5.98217809954492
4.11348820592736,4.91654564650066,6.13877068613437
1.15776336730296,6.01990245990669,2.43281443676968
-1.09686785346625,6.39335799513752,0.465284736720651
-3.05572731154394,6.14460452338996,0.0670389118339113
-4.8003027127285,5.30508903301311,0.0225484749293034
-6.20403339183097,3.92177776112047,0.0174652911620379
-7.12130552654758,2.08964524529952,0.0158655945465273
-7.4377071548455,-0.0501576884160125,0.0152708771465531
-7.08679463752504,-2.31910704041759,0.0154807248542583
-6.06106171654969,-4.51598568935168,0.0165572109049306
-4.41247823466014,-6.43354010854216,0.0187930356531191
-2.25578614114066,-7.87835032768879,0.0228761812110512
0.241359511540573,-8.68766274756984,0.0304058921704037
2.86801609983305,-8.74875815333915,0.0454189987236928
5.38665589371074,-8.01117061354148,0.0796701533870452
7.54832043462101,-6.49664029525279,0.173388939326201
9.09627412796396,-4.30614456494301,0.484491598101723
9.71589075202449,-1.63321392293092,1.63047513554246
8.84290132309103,1.1879577081804,5.11717187600229
5.88817294014304,3.59589997219821,8.93145974717399
2.24642392862601,5.06560662013286,5.42168969857078
-0.303427708668952,5.65614565130199,1.30605016249683
-2.18667820215041,5.61516450169433,0.184991963990079
-3.82301084676083,5.02958425590186,0.0339828131784024
-5.18899643034854,3.93985437605092,0.0196731472253223
-6.15832682615002,2.41719002689184,0.017260083944029
-6.61858894299151,0.575815540680682,0.0163595278199067
-6.49647602649335,-1.43392529191951,0.0163038322657323
-5.76801014893155,-3.43736415646711,0.0170803497948203
-4.46201742580385,-5.24932069726356,0.0188823401367341
-2.6638323446748,-6.69080506422961,0.0221890151583613
-0.509695544629088,-7.6063663843969,0.0280540227043791
1.82280195586694,-7.87953207563044,0.0388893648277086
4.1276918161781,-7.44720244008912,0.0607364780095715
6.18496156483548,-6.30570148378708,0.110778321765249
7.77616010135177,-4.52341813410979,0.242066866291388
8.6824128223377,-2.2374493813404,0.620865596463174
8.65420335809748,0.334725166573632,1.65298953302078
7.3989303872636,2.87604544105721,3.52310424111418
4.9681207180812,4.99409644251463,4.22455332776925
2.22338735492469,6.41570131309529,2.27721762516317
-0.219936769001029,7.11893788893403,0.581589268065042
-2.45989734002725,7.14484809353561,0.0937217832701816
-4.53982402088692,6.50162003107563,0.0253103326273566
-6.32074309627429,5.21619995087755,0.0175413309575953
-7.62680341730855,3.36801618463449,0.0153683960842108
-8.30997061606731,1.09379741896916,0.014402160608131
-8.26740589535193,-1.42361113851767,0.0142606471552406
-7.46030452779073,-3.96658267227249,0.0149188296003819
-5.91553026757784,-6.30282140034704,0.0165664301669248
-3.72898602721615,-8.2033288025704,0.0197219329802483
-1.06437759375356,-9.46681412473506,0.0256157459749639
1.86126352115965,-9.93682707690526,0.0374362575537511
4.79149262775692,-9.5245861062787,0.0647203621233137
7.44788154073058,-8.21348573651381,0.143097076655697
9.53613006507827,-6.07836660651291,0.437199758586551
10.6712482131322,-3.29759382456244,1.82224315029752
9.93181458944715,-0.242072911168085,7.90140564308918
5.70619845347788,2.26027297662633,16.3817637014423
0.952867511597227,3.37283858211286,7.58390994514448
-1.21393289920808,3.49733258947494,1.28420705443511
-2.38273368492915,3.14808235587953,0.156882577668024
-3.25497996997784,2.46562975821154,0.0332930169174328
-3.86569236694239,1.50982881819979,0.0219960177336193
-4.15570742104304,0.353439266094076,0.0204956522824254
-4.07906956800982,-0.909032171265908,0.0203567213936194
-3.62188499061444,-2.16750369615392,0.0210518343532142
-2.80232715047761,-3.30603562701771,0.0226754759126697
-1.67327705870518,-4.21167936899278,0.0255090724941461
-0.321133424967957,-4.78788775243996,0.0300707189420837
1.14331413194204,-4.96005878408388,0.0373048455724852
2.59093634623457,-4.69007175621525,0.0488269860015881
3.88517456947095,-3.97399115924561,0.0674103355540148
4.89526503362733,-2.8538173928992,0.0970479152361195
5.50684237751665,-1.41013970028528,0.141463965781693
5.6353378661156,0.239843547308673,0.197339315664621
5.23914440569275,1.95177794165907,0.242336929416868
4.33300556486043,3.56811629814837,0.238161099143939
2.98485649233209,4.93307718068329,0.173902033239462
1.30543499638196,5.91244356982298,0.0957610804325086
-0.576994460846742,6.39760195373531,0.0480059628215661
-2.51195016715557,6.31778554780362,0.0288457391226188
-4.33070331631434,5.64763325705269,0.0215249939316952
-5.86027239280417,4.41259231627234,0.0180267905727833
-6.94282270849609,2.69264774737011,0.0161620008734007
-7.45204390397047,0.616692861807805,0.0153143044657595
-7.30351995720979,-1.64645561336817,0.0152862642753641
-6.47249413350309,-3.89894917818274,0.0160852219632139
-4.99338797379029,-5.93275916783012,0.017925035004843
-2.96270297242651,-7.54723301848339,0.0213458821516063
-0.533547955367248,-8.56676484130722,0.027594637086816
2.09280545764885,-8.86153832691549,0.0397236158952579
4.68404870978156,-8.36228930058327,0.0662171429285658
6.99165776990162,-7.06634583936931,0.135071752332416
8.76026374664094,-5.05119506550101,0.353866184753266
9.70212989249125,-2.48258833706698,1.15824624725695
9.33497781896528,0.353467171462255,3.91658213137039
6.91354591838385,2.95220002688179,8.66920257453388
3.13384438259448,4.69668688274249,7.13236993156066
0.258065951438719,5.48297736829972,2.1064819614191
-1.71626879921617,5.58717070687885,0.327186207679836
-3.38257917492361,5.14106474437358,0.0486894772680244
-4.80425009109026,4.18688872282249,0.0212715085552721
-5.86688785019788,2.78534563422848,0.0177990365329115
-6.45320506466207,1.03855104522297,0.0166399851299161
-6.48039986676745,-0.913666284222657,0.0163808464955114
