-9.11091815443523,-18.2218363088705,-9.11091815443523
-24.7622126891365,-34.5865818825555,44.1969536683039
-7.98528488650674,18.9265509632933,44.4706647745135
8.7636272682956,15.7329216291497,37.6832466429256
8.9427892448972,4.50824077834241,37.2638249226207
4.20497053229526,0.392545465013035,29.6169053223613
1.85459827340323,0.760781415128145,22.7830589138786
1.54718498934134,1.87646253069939,17.6238645721065
2.44027560406412,3.96422820484163,13.9858732504965
4.93056349594933,8.63502467347598,12.7006280206397
10.2385279038213,16.9389542075369,18.4349590914888
15.3272095649735,15.9687198053725,35.7030006256898
9.90589634235987,1.08148426045839,36.9804254175501
2.76356079496675,-1.91804512653325,27.8305394061333
-0.0270888286468521,-1.49442589006686,21.1479556041332
-1.05370160030593,-1.92728019879968,16.2835991896207
-2.20139784104355,-3.81243332235087,12.8696379401805
-4.75106023953613,-8.53307940004707,11.6954476049396
-10.2621875069048,-17.3458810347038,17.6550989463127
-15.7382699309241,-16.4503152397014,36.2711190950447
-9.85519606406729,-0.379938435674447,37.3943509634982
-2.30897339353323,2.56504136395125,27.8478372517144
0.633482620919771,2.27816598000377,21.2117926284831
1.95629736143248,3.28591139427629,16.5671271561788
3.82268160646183,6.47270771811445,13.898085596236
7.76985687025569,13.1681968450441,15.6325501100664
13.700640381952,18.4827794658513,28.3187561309622
13.0399286893747,6.66932909800836,38.692581263871
5.49000568599619,-0.977250388872472,31.2719975996839
1.32291588268474,-0.901336922328819,23.6518511117472
0.102479162469734,-0.472263858731027,18.0762542573497
-0.271472721101602,-0.566702628657216,13.8466787971984
-0.65407658716484,-1.19532033904438,10.6375978787413
-1.54853864753568,-2.93950040802646,8.33826090250956
-3.91482114518272,-7.61306782779116,7.60708793675183
-9.80339558255497,-18.0532179228305,13.5813372241225
-17.2206310574476,-19.4475755963529,37.1832451636159
-10.2419698526037,1.85231423194835,39.5175527851462
-0.831524401407102,5.07870873947876,28.5734059179323
2.83468029939498,5.12378561659431,22.4803667908535
5.00180078216515,7.43436293269722,19.3736776776082
8.13438990478913,11.9639815474558,20.4832060982427
11.8610259453219,14.5503360379174,28.1501170829379
11.6275889302059,8.33784540270521,34.3797217223937
7.20372659247992,2.89818326734753,30.5909997026666
4.2588939667937,2.74094614760423,24.6419154356907
3.91935694745742,4.63064464171467,20.099822839682
5.59772671198229,8.27152240456919,18.0232343351138
9.25646306890489,13.6722508969272,21.0928050064332
12.8721420178417,14.3484355945951,31.1187244431138
10.7401160465031,5.73446325733771,34.8546575480218
5.72610175611576,1.75303341356241,28.9725864770161
3.33886067995543,2.38199830225746,22.8823202009522
3.43112915858095,4.46498407832012,18.474926410202
5.42173582838708,8.45618192802996,16.6030886418251
9.58139126452067,14.624368284759,20.4811943719208
13.5712591281608,14.8173217052074,32.4141641836848
10.5486285087312,4.45131304014552,35.5574733025062
4.89845106052757,0.72002148726533,28.5626171682081
2.44661394499256,1.44535884405206,22.1446564057538
2.38405313432742,3.1240694153783,17.4049862804618
3.92624777159625,6.38457156619134,14.6036014050863
7.66115056572505,12.7891759947123,16.0482137153937
13.3404265495804,18.0606479426045,27.7752781260663
13.0789892644602,7.3788740298704,38.219435644885
5.92468714373293,-0.448276832707936,31.4998919919597
1.75596139521018,-0.476126159157205,23.9167729361513
0.608301709340561,0.208159482314082,18.2992943471927
0.564290537324189,0.796572447602987,14.0358337357004
1.06264683829688,1.88225454250169,10.8395293584371
2.45244979848875,4.61952963667687,8.78400253604673
6.05025865730935,11.4924378695607,9.66237572197698
13.5176431493037,21.8358959177619,22.6285832533657
15.8299756601814,9.23802125171984,42.5536675736184
5.55224664948354,-4.06398756268375,33.9162090351669
-0.742822078289365,-4.29852881944517,25.29586531176
-3.16598575013635,-5.08633874228432,20.2333461840039
-5.44373620348803,-8.35113505725669,18.0126771382874
-9.22293685122186,-13.7022782428106,21.0374462085423
-12.8916637818789,-14.4072413409818,31.1207096765697
-10.761987691598,-5.72419659652946,34.9112695893703
-5.71126627374431,-1.70819606780978,28.9947084647221
-3.30317586953322,-2.33124773980649,22.877216468236
-3.37932808866199,-4.39318882091541,18.441289226483
-5.34460114912243,-8.35056841061918,16.5068147235737
-9.49141672849862,-14.5589338509789,20.2536208998524
-13.5874618176417,-15.0076849417872,32.2455418958846
-10.6675705020595,-4.55241379304843,35.7028216732629
-4.93659009450271,-0.661769294751121,28.696123002616
-2.41008823082258,-1.35298369806276,22.2237265123821
-2.29477343925003,-2.97674535188534,17.429620450468
-3.75766771734136,-6.11063507006088,14.5141214385445
-7.36872448694003,-12.3837969493893,15.6072821443408
-13.1216183764204,-18.2307737740669,26.8490662981004
-13.4232305115706,-8.11299697545526,38.3477947706837
-6.22649507750524,0.445162419872337,31.9937030482869
-1.79333844025809,0.628316473837127,24.2565466861347
-0.512422515036376,-0.0112227638650645,18.5448847395766
-0.353382294594275,-0.435596800229911,14.2078830117889
-0.614780396570263,-1.07529913471771,10.9099359841116
-1.40870759132905,-2.65762054111269,8.51346080049793
-3.54000064481039,-6.88019031111683,7.51880847108256
-8.95235824837751,-16.7382851806039,12.2035192566891
-16.881797593392,-21.0991554583984,34.5264499849042
-11.521860497628,0.470077444123506,40.7950804285335
-1.4884665197707,5.12938954617718,29.4577389539949
2.59260097096669,5.03574076702109,22.9824875121844
4.76027178398339,7.08203465256256,19.562188797171
7.74557869669912,11.4467385191079,20.0961476758387
11.5549787889028,14.6458573422683,27.1420966905621
11.9340889107718,9.20275259475758,34.2419974251604
7.66415930923151,3.16531888484773,31.2071796750989
4.43935696968979,2.64196932526831,25.2134645151527
3.86707440341959,4.37981248863895,20.4894581481198
5.34542439914589,7.8071341358684,18.0873552080561
8.81625583006389,13.140633086692,20.4476014347101
12.6807348203303,14.8146904987839,30.0551199362486
11.2229653649644,6.5789079842885,35.097126129689
6.15065474265485,1.86659895223317,29.6501490004922
3.4603883556851,2.25523179394726,23.4313763198135
3.35186931504349,4.21047594990844,18.8418515643819
5.15009699122579,7.96326709455457,16.6440460974404
9.10333211401722,14.0441941101599,19.7362000753116
13.4005680125958,15.4389278905996,31.2604213298184
11.1148086439336,5.31907636566645,35.9429631766425
5.32793112113173,0.794241014256547,29.262389117036
2.57158823803272,1.34780321981582,22.6904964643437
2.34466219403306,2.95320866114951,17.8007954316286
3.74075938974628,6.01857555109531,14.7897039983662
7.24631100760223,12.126769865332,15.6729433527307
12.9096871438684,18.0735438580046,26.3960622429689
13.5096131900913,8.59827891515742,38.1387931089507
6.49005719866943,-0.211166634492923,32.2233026921358
1.98243692959912,-0.503275054466312,24.4704742852393
0.68401912902142,0.213282813414791,18.7198564421902
0.610358126259601,0.842005916133714,14.361277381447
1.12578099114897,1.97910974512126,11.1002648448644
2.57054814898143,4.81875051946801,9.03178089289293
6.28145769392217,11.8573305227972,10.0865171845039
13.7662239083536,21.8227926494462,23.5922283599266
15.5035605732544,8.44367790553625,42.4346314479476
5.29249637538067,-3.97470485974437,33.4844019163084
-0.731662796454346,-4.12551807959604,25.025559020878
-3.06419382149974,-4.94160022185468,19.9706820953713
-5.32153375943951,-8.2312960437992,17.694249177976
-9.14967852189149,-13.7435544492024,20.6642241921313
-13.0006265238153,-14.7067122402566,31.060496928854
-10.8964920218849,-5.70796067128655,35.1921361807846
-5.65929326237075,-1.49535739540886,29.1263034388762
-3.1369570258428,-2.08186082032537,22.8760231420713
-3.12505861095145,-4.03319187296657,18.2999844599739
-4.9541852479409,-7.80001677639446,16.0583725217269
-9.00248737176178,-14.138644073835,19.1095991978364
-13.6010992118077,-15.9398044293349,31.2184456434141
-11.3056226715505,-5.19288355818764,36.4177462649751
-5.18322439269607,-0.39468395596849,29.4224375560178
-2.25465768820497,-0.903253787285705,22.6704956874245
-1.8723327182251,-2.26850269812146,17.6196965101188
-2.94663408406177,-4.77117879092083,14.2082302252341
-5.87528658239881,-10.1404577339198,13.7170341731946
-11.5550865008026,-18.0094384567499,21.7549438242706
-14.8732839870252,-12.6766645224419,37.6943638736678
-8.21822203950242,-0.0825641485500589,34.8538786788277
-2.23690266623639,1.38422748892678,26.260463319088
-0.151514153788536,0.887165212521054,20.010904770284
0.529830086638972,1.06171414521891,15.343148912433
1.20254653387853,2.13808481451971,11.8679135785645
2.71873689282366,5.03805170656043,9.68557588440248
6.49432351099966,12.1040091986457,10.8177089769041
13.8378094440078,21.4785323106751,24.4051449887914
15.1481250693991,8.04399503409201,41.9793415647744
5.26561268361826,-3.59526922876909,33.1505716276796
-0.489313173787582,-3.72452109828213,24.7815590302084
-2.69693745484356,-4.45590444321277,19.5953983109081
-4.82039396648586,-7.5901172876731,16.9699156758057
-8.6031221049407,-13.3581873176899,19.2397467868261
-13.065842377947,-15.7909327272517,29.9381421656696
-11.63247997725,-6.40386427522425,36.0776807516024
-5.88396796118168,-1.05536657415595,29.9943692751217
-2.83356883879981,-1.38386523061298,23.3229849315858
-2.45815231377488,-2.97660841150187,18.32176690912
-3.78226033318949,-5.98926975190033,15.2151890411356
-7.18666491910109,-11.9212131576763,15.9371661531914
-12.6982331147106,-17.7899593957385,26.1272285315808
-13.4929959491202,-8.98101626457103,37.7907925156137
-6.74171349758363,-0.123531860080824,32.3508781831526
-2.23717003303423,0.266655592072945,24.6498054471976
-0.961170761449219,-0.56685291099765,18.8883528942765
-1.04350556354058,-1.52944849609082,14.5488697198585
-1.98085552695349,-3.47802391130677,11.4608676809088
-4.45447431529402,-8.21019435741051,10.3817636836276
-10.1032928904509,-17.5937345863101,16.3165890992015
-16.2293532398018,-17.4432555994655,36.5531054601445
-10.0197556243132,0.290893560272164,38.1351403934396
-1.85297618903179,3.38536487532828,28.090274337539
1.35348724137987,3.24387825138247,21.5322468081446
3.02256798798437,4.84128895249058,17.269072118319
5.57763436691809,9.10341266864553,15.8230390091064
10.246657547586,15.7182897270862,20.9999232478067
14.0323622566873,14.2123899012203,34.230240158321
9.79402081705445,2.95142315818774,35.3586237575986
4.03768145222326,0.119898777017362,27.6697925303374
1.81736686544838,0.940706759976298,21.2835790984186
1.73413770527082,2.3089762037508,16.5302367757984
2.95925766466105,4.94346083371195,13.3786385426623
6.12125272726073,10.7154532831503,13.3153890122051
12.1458402262604,18.7697903959797,22.649503999505
14.8974881435689,11.4812840708281,38.7790663862532
7.47043548705688,-0.760349868223855,34.2798002432132
1.6618126671295,-1.74093766912554,25.6919657919144
-0.334449410058494,-1.42692882784557,19.6108415674177
-1.22620830642695,-2.14384566400816,15.1423518557544
-2.5520641849342,-4.48432037422932,12.1305623534197
-5.62129613336051,-10.1432986784025,11.8605445507666
-11.8538517554854,-19.1662367062498,20.8109899139527
-15.5975788219066,-12.8073444329649,39.2526059674084
-7.78553510090889,1.36533252290272,35.2451162486187
-1.2634732469678,2.60341206913347,26.1843440466872
1.09384550557063,2.53176309848478,20.0839707707514
2.46431543224393,4.06026887951757,15.8932778063307
4.8076595609222,8.15417248973574,14.0828229741527
9.54746188112553,15.5624036540351,18.3887702061037
14.6110475498379,16.4016466686095,33.4062900176282
10.7776706327966,3.0301454897027,37.1000164128698
3.88866713700089,-0.99070702305399,28.6611016813047
0.971534030994216,-0.446012092561594,21.7952629594221
0.260414634116946,0.00676397795415236,16.678972765922
0.194466013557451,0.260870285427687,12.7740922156896
0.366811277580144,0.661924995980684,9.79241317352726
0.877708168791201,1.68727650371418,7.55967452394235
2.28346591199414,4.52407743321763,6.2024619833097
6.13181410077454,12.0947569100767,7.73232838654161
14.4527655184791,23.634681939809,23.2492017411576
16.000346724468,7.06748302840846,44.4073720452382
4.21642894574583,-5.7923525513918,33.4366405270565
-2.12609916630695,-5.67444706967916,25.405339386564
-4.67874853095067,-6.85937022208918,21.3828692154401
-7.2280528811307,-10.2840931387518,20.8693238625726
-10.5251967406248,-13.553283510995,25.6832911291724
-11.7589800370038,-10.6054965459893,32.4724871680252
-8.73707864163926,-4.81096936500242,31.7097967615266
-5.53717064616653,-3.44426064448842,26.5867169098242
-4.64623123247412,-4.86987144924631,22.0809093821432
-5.84475803782593,-7.98756444910884,19.7904951613329
-8.8298816085793,-12.4543443341637,21.832562073283
-11.9591179574831,-13.6344828603691,29.5439686713883
-10.8605202295875,-7.26049736555656,33.7378596850431
-6.75324626383963,-3.12257067765415,29.4828177467484
-4.43389683039656,-3.42858682379491,24.0008181214855
-4.52897349888727,-5.63705543795643,20.0649477367868
-6.60695137223828,-9.65582483138441,19.0529376006902
-10.3538014259458,-14.3094196705169,23.8461696205642
-12.5975081560119,-12.0675323441045,32.9258274890489
-9.30407732490844,-4.43285721858468,33.17619323659
-5.16229020157566,-2.31009329676585,27.2208940245639
-3.70368656276288,-3.48300161611128,21.8536515447391
-4.47687679079976,-6.20898316825359,18.4013954333582
-7.23635828054972,-11.0362012606252,18.5032825643635
-11.5513467572814,-15.5536815257971,25.7743646006064
-12.7055195036703,-10.1683808268694,35.039341459975
-7.9373508026975,-2.58427590000089,32.2631261927101
-3.99921096186973,-1.68153412560872,25.5932379483122
-3.00629692541682,-3.12867133271134,20.2618192669251
-4.03009597139232,-5.9658922057591,16.8643173468031
-7.06340975563782,-11.2740217710357,17.0851520736475
-11.9779508216093,-16.6532183158514,25.4877191631945
-13.250034533222,-10.0510837833869,36.3520358547382
-7.56308076843393,-1.4393636989933,32.6131003430088
-3.191731721603,-0.669799572088603,25.2924690317461
-2.00152001636495,-1.85838499432331,19.6151899403796
-2.59301122180966,-3.90102133513892,15.5708420245378
-4.82203101280214,-8.16331195846668,13.8407627345103
-9.61278540968772,-15.7224227296211,18.2971734682867
-14.7241724980399,-16.4393636531371,33.6601490201082
-10.7081500530976,-2.78125088803165,37.1582154841668
-3.7403433444364,1.14705226280914,28.5820872017587
-0.819881550869309,0.615156729268876,21.719114778555
-0.0566168260501432,0.291928055538788,16.6171714484298
0.174209091143145,0.364674434877168,12.7263262143782
0.430675915392523,0.800798569640497,9.7599181018107
1.05083915000821,2.02379623498306,7.56200833959436
2.73310549556164,5.40630587253443,6.38319089327841
7.25481173386105,14.1126278175534,9.07802643325237
15.8687544927037,23.6385353639772,28.3099046984967
14.2025295106566,2.92049516838618,43.5198923662814
2.71463934187009,-5.80600196627324,31.589390913479
-2.56438908804448,-5.56542916921526,24.4243391698406
-4.92111383132758,-7.16000498799453,20.825277984897
-7.64138394615429,-10.9161051080076,20.9618536850535
-11.0051204721095,-13.8107741326105,26.7174611577734
-11.6452001301568,-9.70327326041734,33.1202921142706
-8.15130476081403,-4.16989390135206,31.1709343330937
-5.14359120178421,-3.36244132743793,25.8136908651867
-4.54992287756004,-5.04145117210914,21.4335048280676
-6.00860803824429,-8.41716985928456,19.4609812090437
-9.24247123584188,-13.0382431675363,22.2292695724665
-12.24338601154,-13.4049522033751,30.5692271462302
-10.4943185345782,-6.38864126148736,33.7793202477236
-6.2592875899293,-2.79229142009757,28.8662977148659
-4.16994176080394,-3.39661275712594,23.35932285408
-4.46650059819585,-5.75622242544222,19.5337705606387
-6.73888534783607,-10.0045797323138,18.7905317113255
-10.6791684454843,-14.7258570825101,24.2473018748404
-12.7115441892268,-11.6700153007447,33.6034285404166
-8.95844417635377,-3.85359964874996,33.0316887608225
-4.80595621976851,-2.07298541667825,26.7821319501108
-3.46755053151961,-3.34272203282985,21.3881153023805
-4.31098579860389,-6.09956114980679,17.9225168830715
-7.14807526149087,-11.0707225556186,18.0174226485016
-11.6589014458089,-15.9037167730991,25.5918293788315
-12.9073308819337,-10.223794919,35.4382492912076
-7.86514138703453,-2.24129704523752,32.4413082683852
-3.75592300812923,-1.34541142213884,25.5387309939872
-2.6834697107632,-2.71429266906245,20.0654753911816
-3.57254711688824,-5.32332081211544,16.4213429141382
-6.39478962890812,-10.4247291746376,15.9758149136923
-11.4536379662395,-16.8272925578529,23.4387824182641
-13.9002589545034,-11.7683896204258,36.2699474636167
-8.29224357933135,-1.47830402898312,33.8622334426716
-3.1948843701956,-0.0838006723049649,26.1152938073346
-1.55680203470133,-1.04084592603382,20.0879556961342
-1.71098943286763,-2.45183188695895,15.6150288474179
-3.11431088279626,-5.32292127785989,12.753688218332
-6.60393769319992,-11.6353493009886,13.3340836945898
-12.9491506342346,-19.4340546283626,24.4611183132016
-14.5603283438732,-9.4974372539062,39.6515828459094
-6.47205911550656,1.47697630251821,33.2596958595602
-1.10625107668536,1.93010345227173,24.9086516052883
0.717773331200292,1.81637221576407,19.0719308093898
1.76708990369273,2.99831985407486,14.8664269437763
3.61826081063458,6.3317458370996,12.4597239673909
7.76319374548697,13.5437827733078,14.4859339485613
14.2216778142596,19.4341853165277,28.6526392704991
13.2053336950464,5.81346340099297,39.6614221556781
4.88021323457144,-1.95874637418745,31.2020249662925
0.529929197816598,-1.82495838866908,23.4897745065977
-0.941743120802682,-1.94471891778172,18.0424767621572
-2.05140438886324,-3.48092591840738,14.1676432986274
-4.25545708362921,-7.49958602237878,12.3329536674219
-9.07627377580057,-15.5178908005629,16.2335094744666
-15.1215979673291,-18.1464077664977,32.85556559356
-11.4598682696327,-2.75549670216799,38.5486175384626
-3.53953076926343,2.1205926455236,29.2880493942157
-0.0826132552133322,1.75564925068871,22.1729736053491
1.15441590257867,2.13768407307942,17.0842478072433
2.3862012881623,4.07478063971657,13.5551007804948
5.01849451214625,8.87971985250793,12.4402578661228
10.5150175475247,17.3863590643888,18.7127592258625
15.4654537686564,15.5533901268543,36.4573092839653
9.53700204528986,0.527324710809386,36.7471364035735
2.44438706956781,-2.10218035749242,27.5227111087796
-0.268947271740278,-1.73095775676872,20.9395673336037
-1.36757498617925,-2.394667071356,16.1905878613736
-2.77935232911673,-4.78997844778808,13.0363162881603
-5.91589481428067,-10.4667168797318,12.8459049424647
-11.9928567266103,-18.8553245187196,21.9264849132367
-15.1464497981088,-12.0518700057823,38.8610513596433
-7.64961522777028,0.894764334607639,34.6733182325505
-1.57561493319235,2.0091582162982,25.9127773358518
0.555774666165091,1.76681762932986,19.7953501099193
1.60244767935879,2.73559526142033,15.3743486171296
3.25970878174965,5.67077999202962,12.6474649651071
6.98552270774265,12.2823933093497,13.6821296141053
13.4173143978176,19.5632857039326,25.8769161618945
14.1469012329868,8.18009975551612,39.800690021343
5.89677409561457,-1.68508862274928,32.5337778737319
0.893886645924459,-1.88595834191619,24.4054420757448
-0.792215583780509,-1.846228137921,18.7069112635038
-1.85165030403543,-3.13953019176049,14.6122310229572
-3.80863687536823,-6.68444645249207,12.3800426913113
-8.16985038487127,-14.1827925171639,14.9615804818866
-14.5682306464854,-19.1796622745873,30.0373320469292
-12.6769022913538,-4.7338741431339,39.4155968154617
-4.41308902868929,2.0498493746616,30.5682071718966
-0.36414842487326,1.8097826114905,23.054977445288
1.02396525908493,2.01872986622724,17.7283274033315
2.1756618850009,3.6957725008968,13.9698373991054
4.53046946964987,7.99293849493746,12.3785231280262
9.60160546418476,16.2278178752571,17.0998850722564
15.3089504387331,17.2996686274051,34.288886179273
10.7512941195292,1.84867643507759,37.9156371893272
3.11857819319543,-2.10501435538218,28.6112882791642
-0.0368141280743313,-1.71305104960609,21.7020364638655
-1.20158878094683,-2.17862524236119,16.7355214525095
-2.46884604932244,-4.23306542868851,13.3204313658563
-5.22676884093996,-9.2686530998278,12.4335909116298
-10.9075842294931,-17.8614914046899,19.4288691449434
-15.4810329694443,-14.729837684431,37.2749156251409
-9.02382748753018,-0.0251780727595916,36.2445128839316
-2.15874477557954,2.13356996189207,27.087520901836
0.399227959428416,1.80016599372368,20.6366375467562
1.50276575557308,2.59198524112443,15.9919561182509
3.03608386295985,5.23631289195317,13.0068715571539
6.44533396754995,11.3367064220999,13.3627532369505
12.6828597619515,19.21354923267,23.8741418765344
14.6730589810599,10.1497394502706,39.376851027263
6.80144237649919,-1.231043335368,33.5809402789536
1.30354458154315,-1.83830543112326,25.1545055852411
-0.561974380962394,-1.64174150328611,19.2350708517167
-1.53576276647679,-2.63032751213214,14.9270978803098
-3.16431210481037,-5.55257032334099,12.2529506704358
-6.88350099573915,-12.2102496044483,13.2538236008958
-13.4430992513099,-19.8266979740626,25.5677073749147
-14.3244606840441,-8.27465043626791,40.0981312269358
-5.85955741510721,1.93469612111679,32.6845784191436
-0.71903211517863,2.1479973273042,24.4809319740761
1.05619484717168,2.22222280458515,18.8095079991254
2.28943692726723,3.83296007470383,14.8435099924887
4.62823095789053,8.02599913936178,13.12916343524
9.5380065144699,15.8861043237547,17.6011551946929
14.9908541951374,16.9752303901685,33.7915220178499
10.8244815327716,2.44394465641785,37.6180323274872
3.49284429305227,-1.61690674915695,28.6838461740606
0.41780649957316,-1.15673207858051,21.7565927854711
-0.552345175415074,-1.21151460890485,16.6754917356904
-1.29427476342533,-2.26564746001781,12.9078611441291
-2.83179604210834,-5.15527716375415,10.535921905354
-6.56455358372493,-12.0528195496705,11.5569196250181
-13.6468842549715,-20.9294862594214,24.581473964731
-14.9508503701636,-8.3291083481732,41.3626390625608
-5.54564610841287,3.0356043272062,33.1098445728529
0.0691076013597658,3.22449163128413,24.7239605004557
2.16247139664249,3.74977233286307,19.317708896494
4.03573105290085,6.48200060557178,16.1660929740256
7.53227534655578,12.1971044735193,17.1204409580885
12.6745574177627,17.0698116787548,27.1046761562433
12.9401368187288,8.45335180673813,37.0612214937735
6.68155828302772,0.692038093134626,31.7435769690356
2.63636943029269,0.441510205120222,24.4195466388539
1.6451687668059,1.57634517872994,18.8616180527037
2.21519787577871,3.41689640403308,14.8443844704767
4.2681263190481,7.37755804753297,12.8628961379981
8.89963472575977,15.0939711770464,16.3899266488109
14.8272284679546,18.0680388324731,32.1247631952839
11.6825088180902,3.45710024753759,38.4556858502959
3.92987800831114,-1.76515494799361,29.5383177835874
0.438624463863577,-1.38698368900798,22.3536878675863
-0.697979893199243,-1.47983386211043,17.1457876933524
-1.58064654529146,-2.73546108995424,13.3366885564292
-3.39505436783562,-6.11378000062649,11.1522852868945
-7.64605198084016,-13.6948484554326,13.3020991608179
-14.5935124235668,-20.3586000263285,28.5822084092516
-13.4661624385337,-5.27260620734656,40.5602474226448
-4.43449642419258,2.81692978340557,31.3012055452353
0.151778685965829,2.67742694586761,23.5510071630321
1.87761324130423,3.26743386024085,18.3261424147467
3.60412121264682,5.93085259200655,15.121025682671
7.03859282185885,11.7648844335836,15.6891269086903
12.609560294647,17.8834689635336,25.7091110948918
13.6529987505308,9.30532981511003,37.866211380378
6.86227308081108,0.083082771662813,32.5888093678507
2.21591409921058,-0.391610940328968,24.7980360428789
0.860011247462247,0.394692819017398,18.983858449837
0.850675947840927,1.20953344901183,14.5917057817557
1.58620275672477,2.78032969011892,11.3784924323857
3.58295959183362,6.65197268923882,9.74989737030831
8.42741714184671,15.2963280813207,13.2284977126601
15.7255720636462,20.5502410634958,31.7941228056264
12.3987996826155,2.30690906519027,40.5683537696965
2.98866366797318,-3.75591456360739,30.0984638167001
-1.18281371470286,-3.5436270174191,22.8961915002612
-3.04024336775274,-4.8455666236216,18.328486705084
-5.45392379134907,-8.71795952560803,16.533888258825
-9.77760103457717,-14.9095143913809,20.7585011523745
-13.6589430272055,-14.5658727931625,32.9226668708224
-10.3072668881252,-4.05616425709535,35.4227961474068
-4.68775374206125,-0.634638628140312,28.2720131416963
-2.34346787623471,-1.41651547800888,21.8967114421795
-2.32500137104642,-3.08618946716113,17.1943893810296
-3.87889770411282,-6.34596236087691,14.410521938699
-7.63481432500352,-12.8056494740788,15.8620465634611
-13.3904455713505,-18.2028930837372,27.7350702734809
-13.1374205467002,-7.34010056111313,38.3694096303878
-5.87283964688933,0.580557732852228,31.5342405791649
-1.65594317351242,0.606557825096044,23.9103370605308
-0.468809886148415,-0.0102341235549838,18.2834548398788
-0.326727679045785,-0.407842463463989,14.0064644926951
-0.575282837009003,-1.0108530791584,10.7521780477881
-1.32636616642065,-2.50920120000948,8.37433261183805
-3.3507108586137,-6.53211722396098,7.30759305956165
-8.55737983963972,-16.1476257882219,11.4708639573379
-16.7132189555578,-21.8252435976097,33.2231932983435
-12.1242512406938,-0.175840702981758,41.4379011149446
-1.74816627737973,5.25914096791284,29.9106243537087
2.5703243115869,5.11823320586577,23.287948023946
4.76761803511309,7.06367638979401,19.8065695747307
7.69237364257497,11.3050187528839,20.2195927503417
11.4270764636141,14.5005592106415,26.9718924901473
11.9111856576896,9.37981180179166,34.0249824742352
7.79760233771892,3.37158136546833,31.2625875670997
4.58318527047457,2.76247802053362,25.3716279920763
3.98890187918008,4.48559711652787,20.6896138280565
5.45497138005839,7.90207347329142,18.3419914605923
8.8826284943202,13.1155302360381,20.7560180294302
12.6006357242083,14.571983944497,30.1313731188769
11.1039134246608,6.56843008195712,34.8638774156192
6.18486515581429,2.04162105251397,29.531335246853
3.59371709422925,2.45860439368929,23.4315406550693
3.55454511631566,4.49171475025348,18.9614909225848
5.44935850181169,8.37193712271973,17.0041976913196
9.45765535232066,14.3189066319045,20.6008481915741
13.3678618179551,14.7419644687465,31.9696506857583
10.6501685484957,4.87480198113392,35.4042829573006
5.16151345649414,1.01121268325356,28.7257561217417
2.70773793238318,1.71007907625806,22.3755433142899
2.68921259099588,3.52216148337109,17.7088981848686
4.38212733725055,7.04747951246899,15.1539689306301
8.32146884916845,13.5561975068352,17.3772171911895
13.6068416882628,17.2440524176824,29.6483700350214
12.2285529993798,6.09392332114917,37.5166955415883
5.45491081297841,-0.165356096157381,30.4520014931242
1.89220689986836,0.0858910865846054,23.2518395420596
1.08847146881101,1.01738383894536,17.8656298146905
1.49083646106231,2.35623316071086,13.8608698567353
2.9980627000585,5.3304434292671,11.3468534581819
6.71963279710217,12.137098554284,12.3605172842964
13.5608460268507,20.4175917953973,25.0716443229894
14.65225655307,8.29079564879612,40.7683837617516
5.69029910089146,-2.51748179332195,32.9065174091957
0.300241208877389,-2.71986995324117,24.5935859782805
-1.64716245392862,-3.04490496714362,19.0412909278145
-3.2407300061666,-5.30482999314999,15.4644042250969
-6.2955435407651,-10.5654083992738,15.1270036390101
-11.696416870692,-17.4760381417688,23.2279042147791
-14.2293211498935,-11.6738005301221,37.1083069130138
-8.02147593257144,-0.732608716643543,34.00659029676
-2.68781147056062,0.512280939343793,25.9300844538433
-0.946087802123311,-0.261909907473821,19.8297159544765
-0.788293065311037,-1.0311459009077,15.2286057327992
-1.3810046483611,-2.37864340676563,11.8167172970377
-3.06199947811872,-5.65753136582231,9.80654564908181
-7.24288711739605,-13.3520270831306,11.7501523668277
-14.673981546827,-21.4158790539726,27.3917930551602
-14.1180810482405,-5.54032271704794,41.6517173976974
-4.30847806589286,3.65351771338394,31.8478844207324
0.738119182298593,3.55599051441,23.9766162146421
2.751362262917,4.48096618456602,19.0093689481615
4.93923222784582,7.85209347671096,16.612147715572
8.9138754918307,13.8667511298301,19.4222076398348
13.3539616864936,15.69289979875,30.8483675608626
11.3283297402969,5.61415514532631,36.1233379457403
5.45821794473044,0.765807534346626,29.5271492772324
2.56900379533885,1.246607048836,22.8741453311102
2.26082558161978,2.79258604608379,17.9066187580873
3.56044000647916,5.7131771114665,14.7607558390952
6.91207268504407,11.6321822503698,15.2545088946814
12.591952879861,18.1127135671125,25.2919895584008
13.8607890792806,9.55112711352296,38.1073742489879
6.90366740553593,-0.116009540685979,32.8271583196465
2.08017534654956,-0.646442127251151,24.9019844525169
0.618284710960866,0.0366898239904872,19.033321993628
0.434348013519342,0.53392441284723,14.5860982554829
0.747565994552546,1.29811525464067,11.2144256244674
1.69344575154607,3.17677328801619,8.81799592474966
4.20262283744327,8.09898882202717,8.16388924898019
10.2849009989171,18.5948759299268,14.8308263076608
17.1258855258876,18.1329567498194,38.207147195225
9.59786981137664,-2.11826117387728,38.6457423469798
0.72550787612958,-4.75387285563543,28.0696714465528
-2.68791229011405,-4.85832245527749,22.0383927227225
-4.80270075961394,-7.23467337719653,18.8602630498971
-7.99819553994573,-11.9785471296991,19.8810132649513
-11.9848647328121,-14.9955771679138,27.9093076742294
-11.8848386210456,-8.44937727983653,34.828288399199
-7.16869428867404,-2.5543290731956,30.8647029364642
-4.00282001390605,-2.34130892742907,24.639587761877
-3.54171471312792,-4.12862700241519,19.8565449713877
-5.07538458849701,-7.59610709412646,17.3603328968003
-8.67953796946512,-13.2546921791158,19.6597962622166
-12.9202586279868,-15.4425846304082,29.9462604985883
-11.499605720278,-6.50324518785661,35.7229073821589
-6.00025295746079,-1.36016607059225,29.8942810850035
-3.07074005539327,-1.70220787271108,23.3766341264348
-2.78945001396125,-3.434695299171,18.508101684832
-4.29894224725106,-6.75500530699891,15.7081614537594
-7.9689715618992,-12.8942948134204,17.3290377842897
-13.1569603783012,-17.1433097380975,28.4560890527795
-12.560606852754,-7.21119428668765,37.2935690329882
-6.04811217629718,-0.28503185811822,31.0305751153619
-2.29214371431519,-0.337302515649504,23.789466040404
-1.44021524934031,-1.42107874447623,18.3404270063991
-1.99841950819599,-3.134913555392,14.3703973992547
-3.93886951686634,-6.8940150653943,12.2742295330394
-8.43401199634534,-14.5994374009498,15.2445519180309
-14.7848591684628,-18.9860424246039,30.9145529325758
-12.3327490736308,-4.05853458421279,39.2432031902332
-4.10865669179884,2.13205316293189,30.1787519211992
-0.232345925632456,1.84401070462747,22.7867759398701
1.12240318784671,2.13712212281903,17.5441388284372
2.33881016863544,3.97121856519817,13.8899501555922
4.86899151863604,8.57479452872374,12.5790564192015
10.1825163845679,16.9182065249668,18.237903350916
15.3692478781543,16.1408546297523,35.6387907495746
9.97714737067729,1.07741067783383,37.1072970556416
2.75013296558868,-1.99731970329764,27.9002958918213
-0.0862636035599795,-1.58855623239876,21.2000431454492
-1.15354891925922,-2.08079303996402,16.3424037295479
-2.38428016540746,-4.11673039961522,12.9844131174512
-5.11181555599109,-9.13103001625655,12.0752038307445
-10.8231862585187,-17.9048779004335,18.9758391371093
-15.6282460071466,-15.0874553915456,37.3007930897073
-9.12351776783492,0.103378944445975,36.5044363854885
-2.06546634347926,2.35510124364639,27.2065101139266
0.586252003327712,2.07037250282526,20.7437714985375
1.80152188746016,3.04808777774151,16.1588435060717
3.57388660879469,6.11281529294552,13.4295641054168
7.41603907016855,12.761583906288,14.8135761078996
13.5671114399947,18.9579503039637,27.2463059928585
13.5265268839891,7.35151800795854,39.1560448542746
5.69685087034892,-1.23802834687311,31.836176329149
1.17240742115113,-1.29225631239107,23.9956981675284
-0.246832923221799,-1.02185771752727,18.3430613629192
-0.904524936723887,-1.61081212577983,14.113960060846
-1.95180534314989,-3.50274245113765,11.1188218840597
-4.48131375700434,-8.31280833506892,10.1367541206902
-10.2458842233658,-17.8758443100635,16.3613841451386
-16.3533429771784,-17.2722168621694,37.040825355411
-9.80846867568184,0.661787769002644,38.0331864065553
-1.63737922165695,3.54302959951875,27.9525393489793
1.54271884045908,3.44966132087326,21.4878539542926
3.27450105906862,5.20204648890222,17.3710944189948
5.97754870747446,9.6739657181836,16.2915449984332
10.709218586841,15.9943637391,22.2382144379791
13.847559321754,13.0942102948582,34.8979318134417
9.1881697949579,2.56218449725532,34.569176920557
3.86359738553841,0.385217368127074,27.0239948039559
1.97157323148366,1.33683690223954,20.868338038592
2.12523365695966,2.97218657564232,16.340881348948
3.73622733643226,6.25609554293928,13.6637495145393
7.59605898759631,12.9562590030504,15.222111524384
13.6341867460773,18.7236773573705,27.7801510652541
13.2851319095472,7.0130806053509,38.9233599373717
5.59725330522834,-1.10172548018724,31.5561559250365
1.25283604190119,-1.09105844068321,23.8263372002599
-0.0661771028011183,-0.739902102782732,18.2089243810823
-0.579830032356333,-1.07726621009425,13.9703910984892
-1.2909778605076,-2.33373267658175,10.8337977278296
-3.01298864891911,-5.66818190273272,9.02699890757738
-7.32575855169044,-13.6678091552073,11.2367060500826
-15.032297927276,-21.8976186235003,27.9073188279012
-14.0411622144089,-4.72064340404014,42.0560203130212
-3.85092012133867,4.16524502890438,31.6528568380619
1.19067085649268,4.02199239662748,23.9426253577763
3.29197896270301,5.18938893601134,19.2722805216869
5.71620031475517,8.90643829710856,17.5200067885147
9.81926273518656,14.5464481216761,21.635278386873
13.246746864355,13.8905356622718,32.6077481377698
10.1422956862409,4.49276794202713,34.7466527458281
5.02613924538749,1.30091368804827,28.1495587590714
2.9052423781237,2.16055966470179,22.0628971691212
3.13071737635279,4.23399335324898,17.6895209964166
5.17337939630952,8.27317370478673,15.7734381988559
9.49839151391187,14.8554971124236,19.6724408165911
13.8965776741837,15.4538329995519,32.5598589673901
10.7315285097963,4.13393245896507,36.1611792392666
4.63707726256009,0.157802410037174,28.7074770400428
1.98037817276962,0.813190291918449,22.0713769211778
1.6949659250195,2.11772656180297,17.1151348611013
2.75136723279001,4.52167588857293,13.7292201589955
5.6087790748052,9.8051564242256,13.0917628383381
11.3376100386085,18.0658634268634,20.798013217202
15.1742866186123,13.464133631372,37.6952259331956
8.48644790392595,-0.0591910367020311,35.4091499533062
2.13254647283955,-1.75545869960236,26.5632446006183
-0.149012235562906,-1.35461863824254,20.238192067776
-1.04531038195253,-1.87653553425545,15.5873898905622
-2.19211135268063,-3.83689084092492,12.3316024714223
-4.81776275972983,-8.73013091878867,11.330525741051
-10.5202481557624,-17.8134080752104,17.8133653228962
-15.9161277978412,-16.1036440877908,37.0556973136451
-9.49666055965781,0.21256073131451,37.2054476554217
-1.96086612264533,2.80786166554474,27.5850479413831
0.931025571357776,2.59845879355046,21.0723231089174
2.36021179036436,3.88545192191848,16.6099645604518
4.53183112752919,7.60411299411619,14.4238313439978
8.93248847978812,14.6434906883343,17.6919324959306
14.2358230536554,17.0622001641754,31.6521787902881
11.541027050454,4.35950377369489,37.522334758925
4.55861594299097,-0.732549804294541,29.5113793588876
1.31864221509751,-0.281957416041496,22.4515033875496
0.554567587137227,0.36213222005288,17.1935380726942
0.660297622139049,1.02472165963102,13.2000951252765
1.33866768897191,2.41949234245759,10.2528391302143
3.16209753348133,5.99484103399345,8.65432179498842
7.76190941655684,14.4883783024489,11.4796176318651
15.590745784814,21.8850063843857,29.7272442725771
13.3968811106552,3.16620976142565,41.8509204410078
3.17662589343004,-4.4257227466527,30.9741351526447
-1.55511127303952,-4.23791336307349,23.5952413033135
-3.64595766590449,-5.64542836567649,19.2207492963668
-6.23840404333137,-9.63021456845006,18.0109545352646
-10.4097007307496,-14.9128176963106,23.0968470534352
-13.0870698561002,-12.6225463803622,33.5454605994594
-9.37653331001217,-3.84112641616055,33.8414405299264
-4.72814272235667,-1.56478595907988,27.2585163665168
-3.05764766622009,-2.66154331739199,21.5022070050701
-3.60984476721517,-5.06082646309889,17.5375818253064
-6.07467800743351,-9.65892630843288,16.51104850327
-10.7006735759692,-15.8638238763809,22.3998821321065
-13.7439280421184,-12.9869236570517,34.7489664724538
-9.18987804262289,-2.71164053772012,34.4476788049822
-3.96714050776436,-0.545802862486601,27.0226377567987
-2.11866158054547,-1.52923383987791,20.9177325468685
-2.34259941521633,-3.29454398436613,16.4593279663111
-4.1126821878738,-6.85123568667591,14.0007903045376
-8.21692813657632,-13.770711184914,16.3124547497583
-13.9851161488206,-18.0914423154753,29.6817283168867
-12.4848835895441,-5.6555665182643,38.3614194927834
-5.07292709625066,0.95430749564529,30.5756606547459
-1.26630427834835,0.715050109213308,23.1704496479496
-0.210056352757141,0.245872784909246,17.7161639665869
0.0323443788828638,0.158233469738574,13.5647475477942
0.148132158816529,0.28441282402308,10.3885130424061
0.36405250316502,0.696731688111065,7.96560563736067
0.938386694636851,1.85477466988951,6.1693892860026
2.55249729168789,5.15002173672186,5.23821156051526
7.03164559057485,13.9381862202972,7.92499344919858
15.9972027880993,24.4556513440226,27.6235167073986
14.5663518935235,2.73969578898988,44.3167207524978
2.45718890175911,-6.48827884803808,31.8562722799123
-3.06004106377956,-6.1786715445614,24.8784049776127
-5.47949686332368,-7.72607614173946,21.6954886506273
-8.09097896437645,-11.0821062216011,22.2772356919313
-10.9078987310899,-12.9509646418257,27.6252029905833
-10.9997393767849,-8.99076516377028,32.3828254088709
-7.93315586311112,-4.64703532231116,30.2480984193293
-5.52892163524577,-4.20175026423928,25.5429582331819
-5.27428669048918,-6.02573163088851,21.8570777193165
-6.92816037097694,-9.42767497972576,20.8238159956217
-9.93893803696656,-13.0458682295056,24.5354422966253
-11.7531945522036,-11.5487784594811,31.4340180630421
-9.43128777628687,-5.73788534947791,32.213069683495
-6.08071272208581,-3.61665793650519,27.5455301674686
-4.81048305530185,-4.6798692783361,22.9200037931982
-5.67103726786012,-7.47767549015698,20.2578145399546
-8.33420778731282,-11.7076178918826,21.4548575347821
-11.535395875714,-13.7363265917291,28.2568584355349
-11.2342650482162,-8.37051442860352,33.4917778026303
-7.39456345885215,-3.61780757256858,30.2283522497951
-4.79314687991222,-3.47289848901712,24.8289409888927
-4.60790024143984,-5.46283363341855,20.7475538047303
-6.42333538108147,-9.18800533607785,19.3768727926861
-9.91896881420918,-13.7514183747622,23.318146205462
-12.4199750174744,-12.5462898784133,31.9842536433483
-9.75372133524795,-5.23066208729188,33.3378776921732
-5.6380961113043,-2.6106788288974,27.8296946376703
-3.98934961292073,-3.60220087621037,22.4860622689253
-4.62464100051337,-6.23287324051105,18.9966680899211
-7.23263403560613,-10.8337922081145,18.9661867939098
-11.3184142439857,-15.1295643411587,25.6752280063581
-12.540008177036,-10.3632385991132,34.4848055373165
-8.15841365503494,-3.0723379620372,32.2271333046217
-4.33746988163439,-2.04072318957137,25.8306860943858
-3.36130981460953,-3.52224034803008,20.6297434153442
-4.46323105201244,-6.51248670563269,17.4574484650541
-7.59510613467587,-11.8243769166731,18.2165331018175
-12.2039738472533,-16.1300336676507,26.9638752883899
-12.6198876291514,-8.94202198514409,35.9582956930087
-7.16019319685749,-1.68764027282919,31.6722493037659
-3.36976326828051,-1.28881852437139,24.7679537349051
-2.53788367670288,-2.73029272431783,19.4319666241008
-3.55428672868008,-5.42326651230591,15.9255415631191
-6.5275261489381,-10.7511731448241,15.7338825659795
-11.772769348231,-17.2242065903213,23.8997429221339
-13.9356682740178,-11.2020253981313,36.8599909796611
-7.90696211128502,-0.986146961205016,33.6006540177678
-2.86631330476923,0.133823784410521,25.759755360036
-1.28789198839633,-0.767277277988748,19.7656842849656
-1.36465394230721,-1.94921592686178,15.2815764274039
-2.50441556796955,-4.32111468928618,12.2155884203032
-5.45003877012777,-9.825847923947,11.7710443147176
-11.5642435845043,-18.8890539745861,20.1494964840949
-15.6931576134454,-13.542385228844,38.8444672897396
-8.15110185016221,1.13164899157606,35.656979954684
-1.4227836451774,2.61909962860559,26.4758989049883
1.03277581027538,2.50440465877521,20.285548933493
2.39678254217014,3.95253218328907,16.0203737666
4.66865831896984,7.9115533066548,14.0723646054689
9.29698899001477,15.2439813326354,17.974399975751
14.5297645944173,16.7860524351542,32.7673126925688
11.1000457469183,3.4603887970016,37.3722312212103
4.09262362892415,-0.987410235251896,28.9989899017944
1.02749896931771,-0.480289541181915,22.0410329388181
0.263762459992334,-0.0173102499705163,16.8652328437974
0.177696045530479,0.225759900968431,12.9158951312478
0.32429468882975,0.581597135168557,9.89864475560922
0.77171576088245,1.48103334330007,7.62734153328704
2.0032806045138,3.96861628878704,6.15878709746575
5.40460468746664,10.7322886093473,7.02985631229313
13.2797201491583,22.8738278026623,19.8288968279793
17.0137437067685,10.566762208606,44.155435616113
5.51140428236993,-5.5672730124346,34.9496938667067
-1.70735908655771,-5.76409347611812,26.1667286765928
-4.47288551859774,-6.6483977555704,21.8004195183993
-6.91867431030484,-9.82246317667018,20.8198447401027
-10.1537415683145,-13.30717732022,24.9389492665869
-11.7962551679476,-11.2379982970617,31.899624217961
-9.17255258285729,-5.33551002395762,32.0804540418587
-5.84119192627557,-3.50059026728261,27.1776255078458
-4.70852711049806,-4.71164773042366,22.5655178798531
-5.69763890039239,-7.63350000413348,20.0138307618724
-8.4934574480324,-11.9881781440734,21.4968184477093
-11.7175240130443,-13.7848700415892,28.6990065451332
-11.1447711352404,-7.97916516008913,33.6697039231648
-7.15368517242167,-3.37955175404783,30.0003344119629
-4.62348339456524,-3.40079756474832,24.5221724988753
-4.52809395424104,-5.4645110164717,20.4550693583656
-6.42915718426145,-9.29304758308107,19.1553774478083
-10.0353630857147,-13.9672583980918,23.3469297811933
-12.5326011163591,-12.5130086593292,32.2980428647872
-9.65871962138408,-4.95707774277858,33.3974810901157
-5.46448726852044,-2.43726054629352,27.6832304670653
-3.83727536283091,-3.47524666029616,22.2758670788941
-4.48941405765649,-6.10792162214118,18.7318798897687
-7.1198214397948,-10.7728233457735,18.6188901688517
-11.325701804898,-15.329252927106,25.3976347565824
-12.7046737486252,-10.5554974465677,34.6746086168912
-8.19943851195671,-2.91638359081322,32.4464551910334
-4.22062519134071,-1.81574009163119,25.8865860058659
-3.16005165664959,-3.24118932623683,20.5585682541576
-4.1643814033624,-6.09459373935269,17.184324181368
-7.18020954061154,-11.3432365861837,17.4762196475842
-11.9657075130985,-16.4223263927424,25.7957122098686
-13.0682373667077,-9.86807383636258,36.1145846607918
-7.54222425530643,-1.6372654600255,32.4009323547198
-3.33294793079571,-0.918603391897642,25.2355446749296
-2.23625358328936,-2.19357095659711,19.6565458858766
-2.97209126384317,-4.48332351415756,15.779044719259
-5.48416773624571,-9.18013894251331,14.570241706753
-10.5249524084424,-16.5368735405962,20.4740781207063
-14.5804127483603,-14.4070093693015,35.3830194125384
-9.51427602794298,-1.84921225424497,35.7196388040193
-3.33197159277884,0.72006277821899,27.3909344260039
-1.00679446259856,0.0322321711130125,20.8983105137535
-0.589865871625224,-0.609857408452368,16.0197014236299
-0.893696459482978,-1.48718885577602,12.3312978528431
-1.92500628394382,-3.53826845623766,9.74260086179683
-4.61808136546536,-8.74728443184721,9.17364709131784
-10.8538372232259,-19.0417241668597,16.6552495470073
-16.7910922354565,-16.3618963338421,38.996011223218
-8.90194292785979,2.09741635212376,37.5262873641634
-0.775941344089349,4.16733232972946,27.4425909014863
2.31027397038913,4.29614223167027,21.4026021268593
4.29019125306988,6.62272243230812,17.9637961343512
7.47224755642683,11.5982967815686,18.4684445570769
11.963658346249,15.8600224240704,26.6430850749599
12.5975971973069,9.3219262530373,35.5791652145866
7.42280564130126,2.05374418537083,31.8097893610528
3.63374359882881,1.51302492420929,25.0296107322719
2.78630010615423,2.99750400183939,19.7379100932209
3.86255399810475,5.83057565533871,16.3516514224584
6.94740263690173,11.2550907883612,16.5451070286203
12.0556402411251,17.0101559273614,25.1976618635188
13.476306175207,10.1605037027611,36.7537919221794
7.50819317221893,1.09211618516847,32.8199175247953
2.94575938502981,0.310735109982698,25.2911736548851
1.64888538046895,1.37584877386375,19.5074698714727
2.03710749944146,3.04462699869234,15.2744076164385
3.8208439212877,6.56086164468106,12.8958401423375
8.00196385619554,13.7783901949494,15.1430842229581
14.2476743171017,18.983370213654,29.3222371435914
12.8605392897341,5.48782111240061,39.2226878164595
4.81823757357258,-1.68543589149521,30.855866966214
0.705527917375406,-1.49297303481004,23.2731556996401
-0.623034110088938,-1.46471964386851,17.8324166028637
-1.49441808738403,-2.57777666438587,13.8413171040442
-3.16953692451709,-5.66722568834205,11.4195825261939
-7.09669173193626,-12.7453603100767,12.8462824791289
-13.9603697335491,-20.3789965287505,26.4968195611855
-14.1713718553803,-7.08313636466133,40.6681811736996
-5.21489121909364,2.56008201896444,32.2326033146259
-0.187951687616455,2.59973102375394,24.1556283161891
1.632885282881,2.98027094343288,18.7072358777261
3.21064771472063,5.28460457083747,15.1900124359364
6.30001324918563,10.6326199274968,14.9178045802447
11.7908340499126,17.6627819367999,23.2496390557716
14.2987488474792,11.5658993829552,37.3606453594571
7.9091699946213,0.513944255944618,33.9928389056102
2.53899264645457,-0.663424365317252,25.8489888382272
0.782177051813883,0.0580348597113813,19.7486651649382
0.541604188734477,0.648090593107687,15.1401465060781
0.905928759210321,1.5532188080881,11.6598569643857
2.01580346693752,3.74955149674417,9.25627899760776
4.91560175458436,9.36124145658939,9.02583649223461
11.5291882202255,19.9767022658243,17.8061086438651
16.8101309799377,14.758375457207,40.4428153748088
7.98295678420962,-2.9085493165357,36.6451373902546
0.256756299070869,-4.31309241882669,26.876863244873
-2.64448083376618,-4.61281170048715,21.1418059521294
-4.71867038625941,-7.23319435319791,18.0918356273886
-8.0961368985081,-12.3522118167139,19.4045920945475
-12.3433186758526,-15.4584786631707,28.3222419412098
-11.96489845979,-7.95733961155226,35.4355171596815
-6.79859130288766,-1.9589615419048,30.7593014926068
-3.56133707890973,-1.90318565678949,24.2646702254344
-3.08325090385949,-3.61452886909441,19.3177637476589
-4.51718411143171,-6.90811172664712,16.4934210424743
-8.06452810497798,-12.7712680174234,18.0807438135503
-12.917189738101,-16.5476906654572,28.5323702602098
-12.3258596283069,-7.39040505485875,36.6651545799195
-6.26688540524976,-0.836936966361568,30.8866215459183
-2.71062748912771,-0.882221073172704,23.875665554429
-2.01523147537016,-2.22073227428465,18.5690864969536
-2.9361263568954,-4.60974636816066,14.930210903724
-5.65699282800104,-9.63656299437043,14.0698705354748
-11.0304593561296,-17.3053867153877,21.0123866098912
-14.7886476856566,-13.65002382282,36.6114400094757
-8.88198329620429,-0.89655405242086,35.3502945863931
-2.75485501105882,1.0918110716435,26.8176657368212
-0.550658655943032,0.484009880972418,20.4324996219163
-0.00257662989716188,0.256230945263025,15.6388370495262
0.18968105407739,0.374612892886029,11.9780138780442
0.458718445683463,0.859372391473089,9.18884596408453
1.13767332379146,2.20894791573124,7.13953254381491
2.99810432952797,5.95909945981008,6.17937272106201
7.97392400876337,15.4281084879724,9.79835621378743
16.6617591679,23.2195774996384,31.4148369337647
13.0058589065512,0.670852497249201,42.6944985886047
1.80386453846047,-5.93789025104537,30.6164912445615
-2.95848952893388,-5.72703379663516,23.9857516318181
-5.26447351290134,-7.57807901044823,20.7891062130742
-8.079505189352,-11.4029786777225,21.5358891697618
-11.2674346019294,-13.5987571866604,27.7522345660008
-11.2900833349614,-8.83515375201467,33.1792736121336
-7.6970005615289,-3.972945973967,30.4673897030707
-5.04095714622102,-3.61216898218078,25.221545317579
-4.7485801216015,-5.50252078936791,21.1550561010828
-6.45437363487793,-9.09033336714258,19.7263741037917
-9.79472695634081,-13.4650854571301,23.3837287326764
-12.2436836431028,-12.4956651081294,31.6018161146642
-9.82838979457417,-5.56963034135178,33.1772988375997
-5.86186785440698,-2.87874870648147,27.9699632334885
-4.21713091478432,-3.81698505194796,22.7522620171197
-4.84571708902743,-6.45177552858796,19.3787229180535
-7.42849469911919,-10.9551494389796,19.5138569614591
-11.3235598758535,-14.8185246680265,26.1493999507043
-12.2739174947353,-10.0207171476266,34.2120176842489
-8.06396743883477,-3.28299348224153,31.8527585697996
-4.49848857553632,-2.38676666221864,25.7072091944723
-3.66859089164623,-3.96110303881782,20.7250939174987
-4.92120229968179,-7.14394114035404,17.8957525939672
-8.19505978895013,-12.4552207786047,19.3781324585073
-12.4400175865495,-15.4955589710741,28.5244792637338
-11.9246228607688,-7.7601453936724,35.5180192899366
-6.68429949311189,-1.84973242939361,30.6546903519816
-3.47663780125167,-1.85329170909198,24.138976594872
-3.0217533988244,-3.56387447868725,19.1922809116315
-4.4587928129379,-6.84921302129036,16.3526153482908
-8.01504486900259,-12.7511775202029,17.9008539638828
-12.939036828152,-16.6763074505416,28.426988735513
-12.4039325765948,-7.43389067361578,36.789802932589
-6.26123378399922,-0.742814071663985,30.9662422340875
-2.64276415528095,-0.771416457916972,23.8977922877902
-1.90498916868728,-2.05948773066553,18.5497541757273
-2.75049684448084,-4.31702969544319,14.8274157328977
-5.32322208311068,-9.1205294756268,13.6856610001611
-10.5900409753622,-16.9766476678867,19.8691210521675
-14.9551625565754,-14.754650074029,35.9654046846509
-9.44806679913799,-1.22206832958968,36.0810542176308
-2.91796331321806,1.30170246284246,27.3637218281923
-0.457352061838773,0.744577425810145,20.8202133657493
0.240191028184597,0.662664825463672,15.9405147637213
0.67336697380889,1.2135170257219,12.2434947117025
1.52660362388739,2.82752741157793,9.56382231185961
3.70744634973267,7.08694416036823,8.42495995404497
9.08757302004324,16.7022976277168,13.126138628163
16.6166754499789,20.373355267907,34.5649321254883
11.3735734690879,-0.0414586350046682,40.2723008576186
1.78583029691252,-4.57976528406518,29.2824775698281
-2.13834812116058,-4.46861618324945,22.6489512635977
-4.18665355820345,-6.3815892782242,18.8569425830555
-7.09856311728943,-10.8574264908235,18.7071203856344
-11.3385081330132,-15.3188150251745,25.5042576687921
-12.6692500255032,-10.4753577503769,34.6791325358213
-8.16196866314759,-2.91225020368335,32.3831842014293
-4.21976359293879,-1.84658932456764,25.8434332337536
-3.18372776722908,-3.28620473745912,20.5395574786706
-4.21058942929507,-6.16691280995979,17.2021700842806
-7.25582191396092,-11.4420072497504,17.5856184094458
-12.0239151297551,-16.3975309879132,26.0173429513038
-12.9961504668644,-9.68212868347244,36.1214791773554
-7.4582276984898,-1.6194202485723,32.2673359465853
-3.32065200103449,-0.966963773856331,25.1386995324659
-2.27046315406781,-2.26609628184752,19.5980246580663
-3.04926141657754,-4.61318899695816,15.7734972867911
-5.63064866916805,-9.41176926037249,14.7007840541886
-10.727477899127,-16.7040248202838,20.9577256563518
-14.5295312205339,-13.9393899003577,35.7142995002458
-9.25377695639241,-1.65671285401632,35.4087994990021
-3.23440285368021,0.650913919566441,27.1319605268788
-1.02677563024193,-0.064615932257281,20.7152450777304
-0.674666367515505,-0.761036302904024,15.8891007733527
-1.07300051804253,-1.80351438624197,12.2605390892539
-2.3261238938008,-4.27660691917793,9.82618937217443
-5.54452274402423,-10.4077888892063,9.99869450758421
-12.4276300629114,-20.6105858889137,20.4567037942252
-16.1974986490136,-12.0682066131265,41.2208264778734
-6.92649360543991,3.05498808514527,35.1585289574381
-0.0983168881890488,3.84657181716145,25.9907470244796
2.44628482289239,4.25106851765054,20.3889276931613
