-2.21215471378955,0,0
-2.13591091670556,0.402720742768753,0.151841254408944
-2.17187766448354,0.754713168039129,0.222460406391259
-2.30388152706304,1.09438532362363,0.220453374475213
-2.52512029459737,1.45579149243795,0.145327877414692
-2.83985518847866,1.87067885421305,-0.0140883569349957
-3.2664194813416,2.37201657379472,-0.283431413985607
-3.83910332575825,2.99430755920691,-0.70740078152249
-4.61421018680809,3.77175320836153,-1.36360983630637
-5.66889179783179,4.72085270954381,-2.38367223343659
-7.07502439324752,5.78281531561776,-3.98752945663982
-8.75811110500421,6.64704973854496,-6.47149289587579
-10.0930708295428,6.39495550755342,-9.91833693845544
-9.56145051348303,3.52441241691328,-13.267095939435
-6.57954392295918,-1.96099012259107,-14.3213385495855
-3.82242594624004,-7.32117358362129,-12.7885130095664
-3.64588488778912,-10.3973823606154,-10.1529807320044
-5.33698516138373,-10.9649589873979,-7.52343407812947
-7.06687741571096,-9.88561538465896,-5.72302845387413
-7.82556931691654,-8.13375621594123,-4.91907498397244
-7.5519303496579,-6.3024176849933,-4.63537459328035
-6.60481011047149,-4.64745594032804,-4.37020627290075
-5.38232700717185,-3.23155299438792,-3.92893903565058
-4.17345825491515,-2.04795098593468,-3.36164097100415
-3.14134404564297,-1.08038448719188,-2.79552315333862
-2.34740400977143,-0.30785155924618,-2.32630545178366
-1.79031502816352,0.30073600665225,-1.99271214926079
-1.43853227805458,0.785134289883644,-1.79187151742041
-1.25364229686631,1.18600035636925,-1.70174401648014
-1.20445821640182,1.53867514116229,-1.69789437815568
-1.2690361560546,1.87240550242357,-1.75954742956239
-1.43792609714282,2.2103657897143,-1.87418023815247
-1.71184045968553,2.57197210580247,-2.03781893610391
-2.10108041607636,2.97446163345743,-2.25690385624131
-2.62545252667552,3.43385205939103,-2.55224149589566
-3.31062962711015,3.9621069920435,-2.96427612041434
-4.18388565327075,4.55959384756453,-3.56293421082549
-5.25596694720629,5.19201405160805,-4.45672899637644
-6.46858957524175,5.73464210304687,-5.78172338397091
-7.57847774681327,5.87452636839634,-7.61262862367552
-8.0146098869702,5.05721611185052,-9.71137986083918
-7.07069124211664,2.84091170599768,-11.2687355681025
-4.77565305997182,-0.333422584099791,-11.4210231159063
-2.20578593449757,-3.31579488944502,-10.2840680126907
-0.34965044570894,-5.4013081550185,-8.63900695238822
0.575689040537575,-6.54973211755404,-6.97472616941602
0.810582848519767,-6.94831066668584,-5.39507695143527
0.679996893061114,-6.81921851713782,-3.89750985493301
0.414265373630438,-6.38791900931299,-2.49588435201117
0.113842525855019,-5.86003891289142,-1.2095131652739
-0.215766363341614,-5.3954679853038,-0.0371261885704198
-0.615057363097128,-5.10213128698741,1.05016654582222
-1.14191543517107,-5.05159446179673,2.09648037647328
-1.86824319703287,-5.2996526298086,3.14539717028468
-2.89314323909635,-5.89411792528542,4.2154592988154
-4.36284948557447,-6.85246194946072,5.24979999168543
-6.44752928622026,-8.05335803401658,6.0008722467077
-9.13386633201915,-8.9886066505085,5.84711604508993
-11.7030129200666,-8.62146590445445,3.88878558099562
-12.7362510679411,-6.35266538269748,0.0680172502614219
-11.7853201532215,-3.43404158855084,-4.04155530070204
-9.7938751655068,-1.60306670115691,-6.92888721411593
-7.52511872244942,-1.21954740771394,-8.2227282939392
-5.2758241156906,-1.63899949552829,-8.20145155169162
-3.23920129925756,-2.17743702290513,-7.38652318063515
-1.52637244531997,-2.53540453836881,-6.29457291882623
-0.140450993668659,-2.72164196245815,-5.2789287223456
0.976441058212811,-2.84740746979334,-4.5142600471372
1.89467467751436,-3.00811306154964,-4.0574379448081
2.67760420932204,-3.26053819302463,-3.90596847693625
3.37162035395779,-3.63849621871959,-4.03498520132301
3.99853349751802,-4.17380231983036,-4.41118079096436
4.54394322167049,-4.90494357133819,-4.98324101135392
4.93538574140845,-5.86854707071672,-5.65680356510182
5.01668778743483,-7.05214038303659,-6.24648368205191
4.56656230473213,-8.30054943636377,-6.44818312104073
3.42823070324638,-9.25980986082187,-5.92469485520747
1.73544390509701,-9.53703865871977,-4.56906847836853
-0.0911688575201622,-9.05613753665408,-2.675445351093
-1.6911893025394,-8.14594396158869,-0.712574629559948
-2.99102834854716,-7.23334132986957,0.999672961119618
-4.09930525043551,-6.57831963109451,2.34244522233822
-5.13698117464727,-6.22866729593144,3.29061355254569
-6.15605643902647,-6.07382224594351,3.82182526390945
-7.1145625396137,-5.90255139467908,3.89177283932882
-7.87434069254073,-5.47320894233337,3.47318676425484
-8.25580361537757,-4.62301128636924,2.63101015145194
-8.16285661366761,-3.36220244675306,1.54876340834212
-7.68463644816845,-1.85688722147762,0.439446416212316
-7.05293120171199,-0.301574884367562,-0.584954031965123
-6.51844242193582,1.17756074371012,-1.54584757958586
-6.26155603264528,2.52857175200936,-2.54196907767778
-6.36970656818443,3.7212025335455,-3.69200992698045
-6.81980864413103,4.67788156577053,-5.10630145521821
-7.42000117533136,5.19421607451585,-6.84057612862698
-7.72016022687098,4.89609404885087,-8.75384375102309
-7.09570869943249,3.42971082764699,-10.3175205504216
-5.29054332353025,0.97390135857081,-10.820176163136
-2.88096929710872,-1.64673027429614,-10.1219587035773
-0.717184138453486,-3.72994533896788,-8.79233897586809
0.779815660763955,-5.12730030456975,-7.40909728728449
1.61121612608432,-5.97317366263203,-6.188700868534
1.93388309009448,-6.40808931936935,-5.11055178852141
1.92157890179703,-6.52822679468799,-4.09889894869478
1.71853357339573,-6.41513161430474,-3.1057443414043
1.41897673417464,-6.15291042742355,-2.11949464885944
1.06767908298413,-5.83225024025918,-1.14388566702551
0.666298608844174,-5.53954278146828,-0.17804651440307
0.187338500585251,-5.35131888699327,0.792758509459778
-0.418307401325368,-5.3381941661966,1.79561534110355
-1.22128245877759,-5.5720088667285,2.86058078572229
-2.32840288614515,-6.13138813656531,4.00007291012389
-3.89987520220856,-7.07421876714657,5.15677326143018
-6.14228525795265,-8.33074656655106,6.07746442548716
-9.10620725817603,-9.41083920686091,6.07774958382026
-12.0606912840046,-9.14335717144855,4.05265145844891
-13.3382383680617,-6.74695786272484,-0.210301511175014
-12.3364847449758,-3.72665655114027,-4.85894533017198
-10.1388084255442,-2.19084673765088,-8.01968912900765
-7.6184835306372,-2.37858636027119,-9.22539911637477
-5.2170975750832,-3.27854795590394,-8.86981310083005
-3.23086498057502,-4.00461082333734,-7.66067373338589
-1.72528439556593,-4.27755333948131,-6.20270499620918
-0.606285743798717,-4.20174058795885,-4.8421474211111
0.238161941200368,-3.96953572109372,-3.72357073864958
0.887535157556528,-3.72541890417019,-2.87960097057525
1.39541431213568,-3.54251263705335,-2.28805066268737
1.79990249657671,-3.44311644018801,-1.90898105906775
2.13157630749731,-3.42205814310286,-1.69858798738273
2.41376213081087,-3.46510044540416,-1.62054913339281
2.66416945386131,-3.55762285915716,-1.64702884208994
2.89571402738436,-3.68878350049751,-1.75861547274813
3.1175014401789,-3.8524638648173,-1.94185172156838
3.33503388266385,-4.0477700840411,-2.18786844638645
3.55001540639517,-4.27826188797378,-2.48920886533021
3.75907996191149,-4.55200106949065,-2.83790783801781
3.95201692028868,-4.8779509338391,-3.21969989567355
4.10855815847011,-5.26437896948286,-3.61083881420172
4.19596535280069,-5.71050578055511,-3.97057030937087
4.17091279667006,-6.19604502265317,-4.23813370489013
3.98622392664665,-6.67200848420879,-4.33446360680352
3.60981435182123,-7.05857258854665,-4.17797106451069
3.04961452491503,-7.26749822025517,-3.71827628739407
2.35778976648297,-7.24308005105892,-2.96096341685933
1.60722399802906,-7.00229082414011,-1.97110714803107
0.846726078505149,-6.63663296592511,-0.838194617711492
0.0733324355120519,-6.28028444129226,0.362718225362531
-0.765900110806169,-6.07110449999099,1.59222172968307
-1.75974797299278,-6.12995790440881,2.83489080712577
-3.02991665267134,-6.55012955337581,4.06472963386065
-4.72946041919135,-7.35252014387346,5.17494639975499
-6.99529039455167,-8.35828966121401,5.84419551352808
-9.68289081897098,-8.94246157691079,5.39206507722851
-11.9007590068422,-8.08415892154919,3.07208229406755
-12.4013861237968,-5.560042067308,-0.753982420902858
-11.166497797783,-2.79929965297631,-4.45906029205061
-9.16896197324629,-1.18605686961021,-6.89490713362158
-7.00910001911691,-0.832196577864641,-7.90808748398025
-4.8976644309219,-1.14300018276957,-7.80866953150058
-2.97448673418676,-1.57162808376455,-7.06055364770694
-1.32449440637948,-1.89130930944649,-6.10530115864325
0.0475968417679449,-2.11351251178607,-5.24743301614822
1.18995718736236,-2.3281470369219,-4.64375037105374
2.16674720847925,-2.61559328551388,-4.35168790330954
3.03615965904093,-3.0326791919992,-4.37893296883058
3.83483344973148,-3.62937379622933,-4.71235859222194
4.55958553293189,-4.46561905126202,-5.31820612317199
5.13376050299806,-5.61097821880626,-6.11269085254727
5.35677169456791,-7.09063320700674,-6.88990310734305
4.88918867591348,-8.74253469116953,-7.24505214912453
3.43678757150217,-10.069169711735,-6.6653140307664
1.17346072561144,-10.4557994554871,-4.9843897388544
-1.21532557087322,-9.79548836286221,-2.71334204685557
-3.15866096080363,-8.58897314198528,-0.585525116951569
-4.5510384180981,-7.36871627907913,1.00511754630367
-5.51754257365913,-6.35511433578897,2.00263228098118
-6.17710179217389,-5.52315198038017,2.49301928982167
-6.58070485657019,-4.76006175636012,2.5896955571283
-6.74302936089707,-3.96588917368013,2.40730179568097
-6.6847155892995,-3.09375171719014,2.0528371028868
-6.45743751189185,-2.14649239899431,1.61080507385536
-6.14180536365487,-1.14950297492265,1.12713813719681
-5.83318392920593,-0.12449111920597,0.605449128835198
-5.62564445103973,0.9245082726288,0.0142604349712888
-5.6085077538945,2.01066162752178,-0.705016302866617
-5.86836924756727,3.15063924828941,-1.63702814771016
-6.48516404776791,4.33365363004152,-2.90477345436083
-7.48654578915639,5.44903156693256,-4.68319989481512
-8.68782113349697,6.12804424830085,-7.1442901624534
-9.37532339527621,5.54092534829874,-10.1359648470294
-8.35300900076064,2.76182444173171,-12.566024120632
-5.53375118690541,-1.68236495912808,-12.9635826663109
-2.84530611263866,-5.76188046283947,-11.4625797038828
-1.77718247927794,-8.1892888892672,-9.18316704081327
-2.08769942182143,-8.87131005031108,-6.74448572389573
-2.83506398401234,-8.2926045802904,-4.46864401606776
-3.38287358902328,-7.09852815519434,-2.56734433372358
-3.59537513473025,-5.79706959052577,-1.07883099415677
-3.59108321789226,-4.66522474101203,0.0661360196370137
-3.51892408719373,-3.80887652315397,0.954931101060493
-3.47538413444511,-3.24095551319933,1.66075562059596
-3.50347956539313,-2.93452969151333,2.24051115230695
-3.61525617224851,-2.85223965500357,2.73737352630398
-3.81254460448451,-2.95996399138097,3.18213807322952
-4.09890619145089,-3.22823719512817,3.59358691810364
-4.48634592815366,-3.63030886643015,3.975940047486
-4.99331744495372,-4.13063557442769,4.3140823970004
-5.63637040154631,-4.67115065279565,4.56484043573661
-6.40813352263707,-5.15051027201829,4.64745102038196
-7.23848950346992,-5.41264276388319,4.45184326325888
-7.96759122109036,-5.27025084481083,3.87982647028617
-8.3782318081404,-4.59100655140547,2.92874810244044
-8.32712456803474,-3.40542895422129,1.74223559748309
-7.86882285011298,-1.9054982521037,0.527438009858525
-7.23065928702035,-0.319897465335357,-0.592333497793291
-6.67581035964433,1.19692866773155,-1.63213508835757
-6.39949439507122,2.57336834626562,-2.69304172708954
-6.48837996613473,3.76686462556457,-3.89724802173243
-6.9051929872256,4.68556788653084,-5.35132699309849
-7.42854028911378,5.11187207832096,-7.08948009768666
-7.58548421286526,4.68300328618836,-8.92688089883266
-6.7931358003901,3.12190507751545,-10.312590213827
-4.90808443564956,0.70827784915359,-10.6183404114752
-2.54076575563148,-1.75517188650141,-9.82623275651027
-0.454470256199149,-3.68192579609373,-8.52042469166636
1.00608472058449,-4.99466185653629,-7.22405003085004
1.84709968895076,-5.83276538403421,-6.117229856877
2.20071247062932,-6.32065962714264,-5.16220296826783
2.21302931276726,-6.52864778652976,-4.26732054025678
2.01330878270152,-6.50792012120495,-3.36832581061934
1.6976776836725,-6.31712998529506,-2.44419440039821
1.32241380622108,-6.03127294703417,-1.50016550638858
0.902703030341158,-5.73277808205036,-0.544734195321533
0.421159055026455,-5.50165515733575,0.424689704760247
-0.165480850153783,-5.41487054297757,1.42565380304059
-0.921354115053999,-5.54783078467855,2.48385827434322
-1.94068957761455,-5.98091781619096,3.61661735042602
-3.36578218902739,-6.78670870174336,4.79359751573245
-5.3975526896239,-7.95649629194955,5.83770211481922
-8.17219202326564,-9.16480927504583,6.21837106990608
-11.2697225723208,-9.42768649133926,4.90077014818706
-13.1929185261046,-7.61858789598006,1.20406645208318
-12.7920312836325,-4.52357555284863,-3.55676013888075
-10.8314742736878,-2.42060295724311,-7.24882811032197
-8.36117314920201,-2.15589769799393,-9.01623940528789
-5.89083072750224,-2.93854790230709,-9.06466632539805
-3.75904754965279,-3.76011141198691,-8.04908585788272
-2.10484418030355,-4.16826639624844,-6.63160222615157
-0.86954576669964,-4.18694790293524,-5.23484352138239
0.0588036009750498,-3.9991999384677,-4.0541877711045
0.770460313206846,-3.76647589704056,-3.14715094639123
1.32576930039818,-3.57936795918349,-2.50398601536659
1.76781886519499,-3.47151234897164,-2.08804192127934
2.13039996848128,-3.44356462860403,-1.85570749053007
2.43938407181379,-3.48365166785906,-1.76940578656241
2.71445587445123,-3.57816593956683,-1.80011511224259
2.97016310827656,-3.71663296120366,-1.92665590053154
3.21633683856661,-3.89440150326836,-2.13554054322758
3.45854595537096,-4.11217067720872,-2.41649237963617
3.69715039282481,-4.37629836161646,-2.76076895006718
3.92532504238092,-4.69783910145558,-3.15682645834468
4.12604377083014,-5.08826545080975,-3.58359785982093
4.26812227315798,-5.55417449779648,-4.00433321352808
4.30455686172233,-6.0852326899518,-4.35873019917777
4.17600152703018,-6.63969624275289,-4.55920735717292
3.83211903281768,-7.13411760091547,-4.50532202210101
3.26065953457847,-7.45737418173946,-4.11585505755093
2.51124680045065,-7.51910545140973,-3.37435440195366
1.67625065203572,-7.30926638740818,-2.345638490008
0.833782627292714,-6.91676734742558,-1.14105558730299
0.00168477686417719,-6.49363288540622,0.137056088789379
-0.866470049219051,-6.2006360388602,1.42742846085077
-1.86057589441868,-6.17381599869387,2.70394184652735
-3.09977180896152,-6.50795703785957,3.93871999568388
-4.72782691835949,-7.22093907423449,5.03378513116085
-6.86568673281747,-8.14119551664578,5.70291837382575
-9.38753095538916,-8.70064395956499,5.34553503612742
-11.5144771619947,-7.9672902994376,3.29241040672384
-12.1046320125293,-5.63851938900437,-0.201220165098013
-11.0391137644653,-2.88440336467069,-3.71812631299683
-9.19891015956378,-1.02541955168619,-6.16337741037613
-7.20578272128036,-0.330738928125168,-7.35213179019567
-5.24924582118959,-0.382803750320104,-7.51862887968689
-3.41872435567205,-0.697588947727874,-7.03016149107424
-1.78738884562092,-1.01285817563459,-6.26334901380531
-0.379336090065744,-1.28121222747261,-5.51182560835838
0.83172381790129,-1.55695159566441,-4.95437984369348
1.89934541830607,-1.91276859238009,-4.67948154568544
2.88087251737741,-2.41317126206228,-4.7227776719642
3.81539615100334,-3.12598266176254,-5.09910721057427
4.69750032468531,-4.13877707640493,-5.79927451818525
5.42343869948898,-5.56271493744985,-6.7503430063472
5.70050000302439,-7.45562442604882,-7.69937821993304
4.99839768741884,-9.58788433331142,-8.07097370000106
2.88397630109039,-11.1834921545538,-7.13882479671697
-0.222927244445525,-11.3890099890522,-4.87507164172326
-3.18420836243189,-10.2932485687554,-2.30246367646895
-5.2769364795083,-8.66748544030015,-0.406647408886814
-6.44680170770041,-7.01783559038236,0.572910689334393
-6.87819204911827,-5.45882919435385,0.858731084712383
-6.78598373290934,-3.98566884707356,0.764440675256974
-6.38697118687934,-2.60595593894574,0.520199148731979
-5.87969576649053,-1.33645025147509,0.232116051624347
-5.42067808056586,-0.175560263374584,-0.0872779647137508
-5.11750792294669,0.902938669733945,-0.473329810137134
-5.04424539894014,1.94169351120014,-0.981354557276175
-5.25676236452451,2.98545912228814,-1.6793451671747
-5.80741107895654,4.05827344261015,-2.6623700806195
-6.7265460760716,5.11885475990633,-4.07264633316679
-7.9284939573221,5.95423744509203,-6.08861307822713
-8.97622173742962,5.99284751417872,-8.75441568320427
-8.86481253480148,4.30341300424753,-11.475196455493
-6.80009179727966,0.599322036681132,-12.820043371265
-3.82639194585166,-3.66998349509964,-12.0868610237115
-1.82972953520569,-6.81276432716256,-10.1423708503671
-1.3642034173278,-8.30301277480458,-7.84392691315228
-1.8027263953877,-8.37698155653817,-5.54096674182147
-2.39130439505861,-7.56935768994916,-3.45270767624168
-2.77640048912775,-6.43036106814762,-1.70610004911698
-2.95221412166656,-5.34148452735953,-0.307074624362135
-3.03767971676891,-4.49364359542521,0.805623185652467
-3.13835749191234,-3.9483092243896,1.70617433671719
-3.31518495146099,-3.70272189427957,2.46000501104258
-3.59918174352479,-3.72999337024948,3.11712480438607
-4.0127372314567,-3.99636531412438,3.70794039097979
-4.58305054435762,-4.46072284705954,4.23654589999467
-5.34274350132616,-5.05972061748099,4.66775939706889
-6.30747634535201,-5.67610721165582,4.90792343708989
-7.41882954887725,-6.10299240760359,4.79622679478353
-8.47178585633173,-6.05128554501725,4.15175295384323
-9.12500315011636,-5.28107108558972,2.92349669874761
-9.11687047557142,-3.82014851500491,1.32842064385769
-8.51388725053919,-1.98980556186194,-0.271892968331536
-7.66030914997063,-0.161658385254171,-1.65663428613092
-6.91251035269382,1.44129780744597,-2.83596354779668
-6.46655474236138,2.73940779081501,-3.93264235980986
-6.34406893083905,3.6950956905377,-5.05822106961977
-6.41456417497679,4.24257916476102,-6.25776025117214
-6.41874835345479,4.26523426484576,-7.46721451682596
-6.03174552445486,3.6593902000777,-8.47615351635357
-5.0290991582397,2.47546240702683,-8.98659606107056
-3.47242921412916,0.994309522511763,-8.83746960223311
-1.66410574401521,-0.446872330994074,-8.17724848027336
0.0909756546222247,-1.68894484185919,-7.35507985128507
1.62879907847609,-2.77548107423923,-6.6867361279046
2.89226361469836,-3.82964812833953,-6.33961180998421
3.8492153063657,-4.95946877970098,-6.32300352013566
4.42020982642696,-6.21255137592866,-6.50720518969004
4.45813899400265,-7.5268085868356,-6.62155040412773
3.81131980958517,-8.66988734019291,-6.30320452197202
2.50148950335079,-9.28523921229142,-5.28425898565213
0.841110553665543,-9.15530686627486,-3.63007602253701
-0.761502237833055,-8.43658903341263,-1.70779767713659
-2.10678419880827,-7.52687695058418,0.116658774927398
-3.23700699548001,-6.77106316541092,1.65703039995813
-4.27995688734444,-6.3293650711268,2.85765368072207
-5.33537171942986,-6.18472055068184,3.69785297843744
-6.42778654695303,-6.18681633976877,4.12618314261844
-7.47839232339524,-6.0866891552796,4.05888791157211
-8.29315054084541,-5.61037136432649,3.44267014248688
-8.63984665686479,-4.60114057169205,2.36382700248701
-8.42861741091194,-3.13652441165407,1.06906191373088
-7.81381831311175,-1.46197340379373,-0.187058053148755
-7.0948943309444,0.186537434777942,-1.30165414637522
-6.54355538608389,1.68107522384855,-2.32895643995124
-6.31799174657558,2.97263859360334,-3.38644033970558
-6.44834233497741,4.02098668478737,-4.58801004555918
-6.82713728905019,4.72137203836493,-6.006213007348
-7.16689465020112,4.85543501011415,-7.60510712509879
-7.00236887065262,4.14437627006149,-9.11520654735212
-5.92506727556224,2.51361502680473,-10.0220565064758
-4.00777690266998,0.368456070175123,-9.94423056791679
-1.81604255995223,-1.66233161921267,-9.06334308323496
0.112506020532563,-3.25284360608187,-7.90972287502179
1.55240843511022,-4.43391725551514,-6.88837810514945
2.4934852852662,-5.34423559292642,-6.12346028185368
2.988473619757,-6.07022990665815,-5.55006271313643
3.09865723313559,-6.62396616510787,-5.02787996948993
2.89355545520041,-6.97130953402702,-4.42290195869584
2.46073022365556,-7.07618458644418,-3.6573486128121
1.89805475062734,-6.94308013450667,-2.7249780247799
1.28484906039159,-6.63647289673431,-1.67098574999846
0.654315485784689,-6.26535524615177,-0.552033656441978
-0.0115497967159565,-5.95251613495991,0.595195667249718
-0.770370281208544,-5.8144514514523,1.76091618374901
-1.70829808247542,-5.9524224918584,2.94978564377655
-2.94343726192902,-6.44854673105083,4.14827184816729
-4.6347320285348,-7.32757426815548,5.25721622156192
-6.93530943381769,-8.42093991488951,5.95468625600307
-9.72448338495076,-9.09891604357668,5.52435466552432
-12.0799960643474,-8.27681660349565,3.13112505208784
-12.6453782949927,-5.6938313320713,-0.890874177098229
-11.3725917207537,-2.90545084682992,-4.7908035054076
-9.28536971303884,-1.40554898362747,-7.30914910795852
-7.01225226884342,-1.24712192684243,-8.27385720551595
-4.80449722719001,-1.71947892626028,-8.03696411854983
-2.83890088443191,-2.21693220553413,-7.13391247026719
-1.20070660541724,-2.52592744664169,-6.04834888443775
0.124229705615545,-2.69135688831895,-5.08973442109229
1.19784249164252,-2.82426317453201,-4.40141315269805
2.08935037263497,-3.01064310932849,-4.024837949669
2.85917230464893,-3.30064475446993,-3.95137116295606
3.54885859699033,-3.72700486538158,-4.15425076372099
4.17203620453328,-4.32514943208488,-4.59834591954942
4.69949048251579,-5.13841646185492,-5.22462279467764
5.03403901992634,-6.19841087180548,-5.9155819890218
4.9863813418977,-7.46308335324596,-6.44471983189597
4.319580392292,-8.71077503943716,-6.46533943045993
2.93689670658391,-9.52550861121469,-5.66352512568225
1.09188280123874,-9.55695677745646,-4.05523174275858
-0.744162397323138,-8.87330649385064,-2.05337549018219
-2.27826689599689,-7.89091271840166,-0.126648888235801
-3.51310783419979,-7.01144101588109,1.46787163779291
-4.57758073545259,-6.42066189102579,2.65807933388219
-5.57292707904941,-6.10141004790467,3.43385538751908
-6.51861940938328,-5.90264773710256,3.77830712044726
-7.34240212906411,-5.6063275836243,3.66765707944914
-7.90172598935167,-5.0105262766889,3.11955811367513
-8.06251662334203,-4.02591284616231,2.24584323027627
-7.80935777622125,-2.72062170756658,1.23256121839743
-7.28390149556034,-1.25719369039106,0.237195208450622
-6.71215774745389,0.215639752149738,-0.693210214313171
-6.30602229934971,1.61607996639387,-1.61374435364601
-6.20863187990573,2.91373797348533,-2.62898946061378
-6.48649521620175,4.0743345972946,-3.85927724541683
-7.09139447502139,4.98884378844679,-5.41867605300237
-7.77400011887237,5.38082071086197,-7.35003331782263
-7.97171774846346,4.77590737909397,-9.42249241747769
-6.99824180907632,2.82401003281384,-10.9268355472521
-4.80834995875,-0.0536186375450496,-11.1149882207188
-2.29288871582577,-2.82088704697903,-10.083473863719
-0.341708025974152,-4.82371949405839,-8.55478891611637
0.785799685818533,-6.01649158331972,-7.02987644572827
1.24044893679655,-6.56719756489937,-5.6283616173853
1.27573082836939,-6.65016641559264,-4.32233004644992
1.10080740836809,-6.42433696492092,-3.08684202798102
0.838870445665507,-6.04094079323643,-1.92164425240521
0.532965635049805,-5.63290179389881,-0.82873248409199
0.172689949001995,-5.30553192950569,0.204860485257686
-0.280426662187053,-5.13713075829339,1.20977427573625
-0.881836146205051,-5.19155424283377,2.22609162426801
-1.70941011378332,-5.53304296119216,3.29016060445052
-2.87846634910026,-6.22460355643151,4.40740741137231
-4.56211765153333,-7.2913595556556,5.48797778374177
-6.94783697286462,-8.57171779529014,6.1953074732701
-9.93956142215205,-9.39825284672672,5.72401477968625
-12.5110299897926,-8.55906464371105,3.07845082993468
-13.0996771428503,-5.80465954368387,-1.38579987798942
-11.6850052875145,-3.03118012612854,-5.62925638547558
-9.40442989011432,-1.88876130752609,-8.22300522127216
-6.93381490555646,-2.21141898888349,-9.00298558414886
-4.62569504142633,-3.01507701437395,-8.44823961748289
-2.71166607051567,-3.60447951351624,-7.2273783328804
-1.22950442151643,-3.82092213108628,-5.87174399883248
-0.102718083512146,-3.78514888259438,-4.67182075278362
0.763545606712236,-3.66005135690186,-3.73957342339796
1.44339527808772,-3.55322773490013,-3.09060324434242
1.99272165186074,-3.51343858197384,-2.69785198711153
2.45378274141531,-3.55322174383373,-2.52303831325145
2.8588614665343,-3.66945947541151,-2.5288170957
3.23030347314302,-3.85831642474437,-2.68673847779322
3.58138926573191,-4.12108460310829,-2.97372110975842
3.91437975507684,-4.46731995011313,-3.36913450296964
4.21630379998242,-4.91398911363255,-3.84672973294223
4.45316412744029,-5.47587789151292,-4.36118093308191
4.56107570605839,-6.15265474148919,-4.83441751854063
4.45005362590858,-6.89779819094658,-5.14298904480129
4.02853549911612,-7.59337602888004,-5.12821117527277
3.26682440661055,-8.06137877408314,-4.65625623195189
2.24797923736375,-8.14844590487849,-3.70263747030612
1.13828336529878,-7.84179363262582,-2.38919594193506
0.0727372025178368,-7.29514617843411,-0.909401190274072
-0.924628326929584,-6.74181216198283,0.576766323649168
-1.92575743583797,-6.39176088876457,1.9836350649047
-3.04514589194424,-6.37711150517044,3.27163935907955
-4.40599201549593,-6.73674679731304,4.38159618990428
-6.10770755349015,-7.36410492511652,5.15247393190317
-8.11864969910296,-7.90169292649253,5.23434554242479
-10.0400077953472,-7.70021999167096,4.15867442699802
-11.0747109395397,-6.22799150754683,1.81735913908229
-10.7438548503584,-3.81845158568438,-1.06343353343511
-9.46804725806793,-1.45309909080774,-3.52723214321664
-7.94499717804059,0.218512966926958,-5.19682978914392
-6.51527405090871,1.11904805666482,-6.14954120186385
-5.21472304719355,1.4410448144552,-6.55783605137028
-3.99735910917821,1.41478318673326,-6.5738152274961
-2.83822086938499,1.214161828164,-6.33284675784123
-1.73593518938477,0.937860074367022,-5.96683705369711
-0.690011736093799,0.616296918199829,-5.59180948823915
0.313708272247137,0.234765653388542,-5.30165934903116
1.30538742077434,-0.246415001395987,-5.16999142068581
2.32318901194424,-0.88410104075989,-5.26048594189296
3.39970838929542,-1.76014804981518,-5.64049322571192
4.53222096393331,-2.99870450535513,-6.3770089536673
5.60908862068669,-4.78182115769138,-7.48772392403859
6.24063204184357,-7.29224086579258,-8.77194565180428
5.54251081721997,-10.3555359380806,-9.46900168069067
2.55808461713999,-12.7881208876334,-8.3426072143766
-2.07373216268056,-13.0807414666904,-5.42508114353943
-6.20683666452676,-11.4711704471299,-2.81929236568802
-8.56439207095885,-9.10990085897018,-1.97533187226459
-9.10477445945124,-6.61732692981471,-2.49587950054124
-8.37591841064175,-4.3520101291854,-3.34543116458851
-7.06414050325656,-2.52364049769256,-3.89118415154457
-5.6707000094645,-1.13502219504786,-4.03724009496059
-4.45384654068798,-0.0880156748868753,-3.93479039709145
-3.5069165911412,0.712913585267124,-3.75169094827223
-2.83597883973666,1.3381363812901,-3.59423422639418
-2.40922642636004,1.83881985065045,-3.50747734048461
-2.18635806506619,2.25328623662798,-3.50002607856587
-2.12901632008242,2.6115182798944,-3.56433387717728
-2.208289552048,2.9355109442023,-3.69083192482188
-2.40275141960464,3.24080914616714,-3.87365771900443
-2.69633905686793,3.53629955573123,-4.11342696815657
-3.07578925074746,3.82294468367475,-4.41877953210399
-3.52228432612663,4.0910337014356,-4.80338228462678
-4.0043468009819,4.31500963005536,-5.28220058919542
-4.46584825484301,4.44817526677421,-5.85959046725983
-4.81541456812815,4.42064103646456,-6.51084332063047
-4.92752002185978,4.15300698700871,-7.15877268869368
-4.67493707526218,3.5955779751759,-7.66951434539397
-3.99150858745059,2.77611788970541,-7.89717676958357
-2.92428586353174,1.80707620007116,-7.77261485606659
-1.61293409443995,0.818683696050065,-7.36378972567295
-0.210477540823256,-0.126042473122503,-6.84791267784975
1.18098667232596,-1.05628524148131,-6.42750063837656
2.51415301085003,-2.06267650878414,-6.26605084164937
3.75571721430768,-3.26428378413608,-6.46568329774215
4.81877039753868,-4.79065902496584,-7.03533365492921
5.46291881597004,-6.73775792172192,-7.80742193276587
5.2017800846144,-8.990811003238,-8.28528287546437
3.50247874410537,-10.9172044053511,-7.6798160410753
0.523511483564419,-11.5641378359636,-5.64406938890256
-2.62471860720601,-10.7295628415559,-3.00149904295594
-4.98678849699933,-9.13729235232388,-0.890318620337245
-6.35875564160573,-7.42169520903989,0.26973140934733
-6.90310314763394,-5.77963907413909,0.654807823724994
-6.8532493211896,-4.22911901124981,0.60332808588857
-6.44971223587863,-2.78377994952935,0.379018407316238
-5.9138740112394,-1.46393761830327,0.108840927396031
-5.41860268816992,-0.27013659226563,-0.1875791103403
-5.07964914369327,0.824454821831406,-0.54462021058319
-4.97299341116999,1.86410979221542,-1.01725725595602
-5.15165687008069,2.89675887104344,-1.67066673453003
-5.66395456931497,3.95194315171776,-2.59363198961507
-6.54137135633107,5.00146449624689,-3.92004310330571
-7.71625278711596,5.86623636885339,-5.8213631212745
-8.81565848037419,6.04018816340526,-8.37580936378703
-8.91653848225304,4.63624872753397,-11.1091753394105
-7.11825224088226,1.20892005482945,-12.6811393071808
-4.16986927425461,-3.02568310820356,-12.2025040594492
-1.94767313703598,-6.32824365044856,-10.3846523102462
-1.22477471520069,-8.04115736791507,-8.14586331802083
-1.51618471432309,-8.32360414437345,-5.86578505879696
-2.07518629253637,-7.65991576026494,-3.75372105699234
-2.49062453392142,-6.59296529396575,-1.95019325111969
-2.71140358586976,-5.52709957185825,-0.482381546008972
-2.83836581412773,-4.68062445749807,0.69635371267713
-2.97739157727861,-4.13454316854019,1.65703647548464
-3.19478300868835,-3.89674548610284,2.46628924035698
-3.52837944414871,-3.94682910154837,3.17546182909472
-4.00720835154066,-4.25176927567473,3.81485168735895
-4.66681096282092,-4.76812125966365,4.38271373943886
-5.54701735852474,-5.41985657950681,4.82743474963252
-6.65677353073303,-6.05654876760102,5.02355489890973
-7.89769853838791,-6.41338539964437,4.76581600864647
-8.97992651535693,-6.14921279893226,3.85915683438896
-9.49598137789691,-5.05646754382059,2.32737823370746
-9.24115068602972,-3.30189916821456,0.517989946770586
-8.43048359228423,-1.32938409860007,-1.15793074933161
-7.49174584056521,0.480342019578336,-2.53755866703598
-6.75164089939104,1.9524930730463,-3.69083046204708
-6.32425026680704,3.04367999367715,-4.74862804033429
-6.147450398968,3.73213507623319,-5.79067937430125
-6.03557008486501,3.97336056837022,-6.80876140944321
-5.73949916869139,3.7173629671642,-7.69161534911725
-5.04564054285288,2.98278357212997,-8.252014818698
-3.89415252246093,1.91849095800899,-8.33546496865386
-2.41767612462134,0.756817586866285,-7.96154031838745
-0.829101948339891,-0.333947685990887,-7.33289358398317
0.706680972397316,-1.33012623043033,-6.71942502282049
2.11242815446179,-2.31418584166725,-6.3365027571826
3.35612747822709,-3.40361636728881,-6.30207374140913
4.3830517623097,-4.71210520518578,-6.62680037542036
5.04116192347011,-6.31421271261051,-7.1742116878626
5.02293928501054,-8.14414521081081,-7.58410831026766
3.9593980490371,-9.81288609092664,-7.27879790802166
1.83225823284902,-10.6430809858371,-5.84201987056681
-0.71676129494928,-10.2832359361106,-3.58148116844257
-2.91949140143246,-9.12059835759083,-1.29962113164124
-4.49301841234128,-7.77721381560266,0.449933126491416
-5.52212897227187,-6.58254568884855,1.54781809468538
-6.15271997156321,-5.56985867941412,2.09412361096217
-6.47569706390888,-4.65603045159417,2.23552560247721
-6.54652864851391,-3.75997913565244,2.11183978126636
-6.41900442095012,-2.84330444518066,1.8353050479447
-6.16237368606456,-1.90319104365309,1.48047160402078
-5.8574029182683,-0.949265957448034,1.0793245690234
-5.58744571381567,0.0152190196868441,0.627077987721628
-5.42989094141593,1.00162679540806,0.0909367856111738
-5.46025048345791,2.03358093815801,-0.584330093891007
-5.75745919063619,3.13514882348178,-1.47924774409259
-6.40077279321696,4.30309188063988,-2.71325809057198
-7.43135192955733,5.44025166856159,-4.46424643931596
-8.69803914595594,6.19499154164859,-6.92874786518854
-9.51886297081655,5.73024145163786,-10.0092535434928
-8.63653273984038,3.00569979144458,-12.64384718786
-5.81835152073049,-1.58864217907401,-13.2210054171779
-3.07062046913828,-5.91512169730909,-11.7531593813066
-2.06656232788536,-8.50365594197832,-9.41416744329887
-2.54533209736981,-9.20747626129583,-6.89819057791206
-3.43864267387562,-8.55073167753661,-4.59374156839842
-4.03613409740673,-7.23797963631886,-2.73613882380131
-4.20055107863419,-5.801010694839,-1.33572521759388
-4.07914459678434,-4.52057996598556,-0.289128354408107
-3.85420258483893,-3.50136897325992,0.507040426935971
-3.64546610541001,-2.7559620144257,1.12383033943377
-3.50680718622853,-2.25448597318093,1.61113532435013
-3.45015134150643,-1.95565878912015,2.00586342341925
-3.46698130705233,-1.81832013463742,2.33744110676002
-3.54375455860882,-1.80988379903008,2.62813525225683
-3.66876833987162,-1.90634513854529,2.89453574736354
-3.83554759474993,-2.09179509185284,3.14827058463532
-4.04305052603208,-2.35448068108003,3.39656112205035
-4.29640745596465,-2.68546594985055,3.64148864986863
-4.60551910158342,-3.07377214149698,3.87848190956601
-4.98299734863205,-3.50135591040889,4.09320479320288
-5.43803043663214,-3.93523974626062,4.25753675610581
-5.9657752103653,-4.31989098214921,4.3269422009955
-6.53270417688552,-4.57184524628428,4.24224490108663
-7.0629496920566,-4.58795526360241,3.94604846414601
-7.4449165913322,-4.27533193358626,3.41319202293785
-7.57405982099681,-3.59869068855347,2.68043207729738
-7.41675148586823,-2.6077664632534,1.83839988249432
-7.04372914441386,-1.41287037879394,0.977725525242921
-6.60352282812248,-0.127436774712136,0.132918374491658
-6.26281734478948,1.17546692024942,-0.730702348552545
-6.16629821596608,2.46301846873517,-1.69688734970935
-6.41924422566972,3.71055067691057,-2.88080436170794
-7.05563942478895,4.84007885250559,-4.42059118185373
-7.95011596483522,5.61286716517244,-6.44747357942321
-8.62368423963424,5.49636800643795,-8.90633619389019
-8.184832375961,3.79627796550616,-11.1636332319849
-6.11725114157969,0.527462155959725,-12.0754336369126
-3.33523559385334,-3.04684328007105,-11.2692128730625
-1.24249302032073,-5.69940817205378,-9.52988301836138
-0.310933070699663,-7.11480730499265,-7.57337935307368
-0.220091154831881,-7.47754636430843,-5.63717226592596
-0.485873836319557,-7.12408923347325,-3.80539648861252
-0.800993916855909,-6.42085389556504,-2.15070102298827
-1.07817666358183,-5.67453274569244,-0.707817503902285
-1.35364528745914,-5.08369801527116,0.538935356718651
-1.69677766412228,-4.75448606593632,1.63698749297947
-2.17355138839618,-4.73425162584574,2.64396178235318
-2.851265212828,-5.04560547763069,3.60461404430812
-3.81645443763761,-5.69192509788454,4.52617895405219
-5.18358774273345,-6.62497435998019,5.33015970309427
-7.04495553811176,-7.64214029883434,5.76016107585974
-9.25697312710211,-8.21755034058772,5.29506336034073
-11.1162711748436,-7.564635904755,3.38690326273385
-11.6390185440031,-5.43587891446182,0.256210388442898
-10.6959415948588,-2.78264240958992,-2.93389383371641
-9.05069132912764,-0.755589397221083,-5.2634350590302
-7.30472384520638,0.283809311680443,-6.57090951575113
-5.62582690879025,0.562189340501218,-7.03572650933901
-4.03414458423209,0.438926192024052,-6.90355444859705
-2.55472990071763,0.17665505922034,-6.43277611692153
-1.21269105857719,-0.112087429662186,-5.85738228266283
-0.00574815027297539,-0.422785289464253,-5.35348452032299
1.09726160080955,-0.799850199569177,-5.03478528277631
2.14385575684681,-1.30287022955575,-4.97171823816633
3.18022474349322,-2.00216773813663,-5.21445156546734
4.2268691288212,-2.99364143473253,-5.80424239595768
5.23014792724901,-4.41709634472846,-6.75034516250622
5.95436542502775,-6.43236853969926,-7.92758007522186
5.8130653332344,-9.02449080505725,-8.84689193335829
3.9591008404502,-11.5177753368576,-8.52371389306357
0.31127169689032,-12.5656776738547,-6.35492599763212
-3.6742799953781,-11.6924913182542,-3.46042097852766
-6.54338411406388,-9.78244644266468,-1.50899963274256
-7.91592898319909,-7.59787636317041,-0.937054943734225
-8.03095772841014,-5.41789709880242,-1.2082388666026
-7.35238295779475,-3.40586715530271,-1.68564176922343
-6.36469665554035,-1.67264197495412,-2.05209784203044
-5.4209970229596,-0.237916520698654,-2.28403196335359
-4.71177171365467,0.94068330884163,-2.47227551895432
-4.30871119552413,1.92925685077618,-2.70723518002662
-4.2228094991967,2.78961622455715,-3.04984146521629
-4.43920931963041,3.56623007366645,-3.54496987631006
-4.92656541007385,4.27263618657518,-4.23992455657589
-5.62325117619443,4.86785880905136,-5.19394841694748
-6.38553884079538,5.22099866458499,-6.44736884820491
-6.92039568259527,5.07743435813773,-7.93428060550492
-6.78372466323714,4.13578712829513,-9.33580064892964
-5.64201769628739,2.34388272973308,-10.1045640383842
-3.67319452561936,0.138425193894575,-9.89528233327177
-1.49270832143311,-1.87895819658353,-8.94950322667655
0.381678143922235,-3.44182609981658,-7.80189915691684
1.75364396473915,-4.61089308519339,-6.81953804642608
2.62181982007209,-5.52081408676686,-6.09021947868509
3.0387640894926,-6.24362197977085,-5.52628087249905
3.06803832547279,-6.77782801820065,-4.97808082997837
2.78638121450512,-7.08223637218838,-4.31631731369556
2.29247595275167,-7.1261946499109,-3.47913357157652
1.6899250638211,-6.93115713672063,-2.47909206299603
1.0530419980465,-6.58152188584249,-1.37300633436601
0.402275055685738,-6.19970598256962,-0.217941895405302
-0.293315562565169,-5.91340902212153,0.954166592735757
-1.10280699497715,-5.83947987432435,2.13887706116151
-2.12170628161746,-6.07371952875327,3.33879144422875
-3.48032014556791,-6.68512493842251,4.5222815435038
-5.34449786222738,-7.65360804121976,5.53717798818332
-7.8174260438079,-8.68961959827608,5.95302665285161
-10.5700573019126,-8.98116879954698,4.95584357297182
-12.4250584767413,-7.53108497735355,1.95072500668555
-12.3089282791084,-4.68451546181762,-2.16595514029361
-10.6871724345052,-2.20739455787486,-5.64211466957727
-8.53490437039461,-1.1357312041208,-7.63336527144615
-6.2987844612824,-1.19514705919408,-8.19139997228205
-4.17750667854603,-1.67709318773207,-7.73387738129766
-2.31704861516417,-2.10863354786294,-6.77885591282111
-0.771003547129825,-2.37342472355074,-5.75180773996366
0.488442988068671,-2.54333765122758,-4.90536409930679
1.52495582388275,-2.72069625278634,-4.34840495213514
2.40508606392583,-2.97824624625981,-4.10679020057044
3.18313487820207,-3.36144151559007,-4.16873258671733
3.88976198150681,-3.90970863129576,-4.50904033137048
4.51882498601176,-4.66926260188811,-5.08343515667005
5.00058894981206,-5.69159606000323,-5.80504739637393
5.1685875041096,-6.98338425034163,-6.48642356637623
4.75784297483978,-8.40017274104617,-6.79099444822069
3.54629213892618,-9.54493091319867,-6.30714087899895
1.65518083925164,-9.92947087196514,-4.8746031108934
-0.40803207313053,-9.42805265167756,-2.83739015938092
-2.1821173471563,-8.41388697585125,-0.769340278966371
-3.5575609707934,-7.37177764114337,0.950984691816171
-4.64693817776331,-6.56729574659904,2.20931123785296
-5.56841544456768,-6.02629780955587,3.00775844091899
-6.36571526201764,-5.62664683690398,3.37367507611321
-7.00377630036424,-5.19275085878318,3.33584885640799
-7.40164829822834,-4.57151226112674,2.94836089201251
-7.49183891784678,-3.69327355777377,2.31258773259049
-7.2809083988845,-2.58835500276729,1.55707400768667
-6.87100200612294,-1.34914196807935,0.782898722137902
-6.41977725988605,-0.0653437681519955,0.0200783154672425
-6.08752895637742,1.21144149248887,-0.770414944775056
-6.00792322512523,2.46537018858392,-1.6717423907277
-6.27481766089928,3.68542059539142,-2.7932438256788
-6.92419669260951,4.80870273939955,-4.27009947768931
-7.84989406029932,5.61932499050221,-6.2406328126798
-8.61229157987341,5.60890877083512,-8.68550329493941
-8.3337886986346,4.05709879732672,-11.0344602969601
-6.39305661855136,0.851545070220727,-12.1272629035901
-3.59563232337168,-2.80867622301527,-11.4514142357951
-1.41099281773918,-5.60306534875466,-9.74117210595033
-0.415712032662297,-7.12909007095722,-7.76314225418343
-0.310929901358385,-7.55083007387875,-5.79002226879647
-0.588892103080108,-7.21038563277326,-3.91780488246113
-0.916942392960061,-6.49034890848745,-2.22669835915655
-1.19680949316825,-5.71344216022267,-0.75672004272757
-1.46481091660728,-5.09107752814435,0.505069424037338
-1.79278006918255,-4.73150903632619,1.60829148765053
-2.24800646970055,-4.68359002754122,2.61026469739587
-2.89592774548358,-4.96692997017596,3.55751746390423
-3.81688548923837,-5.58033667391023,4.46089689110868
-5.11841622712335,-6.47719101957783,5.25156148023693
-6.88958968352537,-7.47027307176963,5.69858211611794
-9.01378243898184,-8.07963467806519,5.32765390278299
-10.864319357801,-7.55777458010117,3.6050144196704
-11.4969324701798,-5.58881073854586,0.661844563910795
-10.6889507340456,-2.97456124422214,-2.45232464269282
-9.13421027164243,-0.838475603915047,-4.8143138360409
-7.46361154925407,0.377732304267915,-6.22330066234478
-5.87359310504834,0.816000118473286,-6.8320235787771
-4.37115740297291,0.793869539483316,-6.85601327172683
-2.95896773021996,0.572987361339436,-6.51380116688151
-1.65489798925166,0.292144949182012,-6.01392105687803
-0.463937118982415,-0.0163480460493663,-5.5270510693225
0.634394621509804,-0.379498860482042,-5.17338179326574
1.6798898635918,-0.848864154280417,-5.0335893866313
2.71867907231429,-1.48907354368456,-5.16710645749981
3.78311553192794,-2.3860234765151,-5.62637037108666
4.85551200664011,-3.66789782955879,-6.4512656686949
5.78276024787459,-5.50906127276084,-7.6010856185194
6.10513499855871,-8.0217217217634,-8.75984508600739
4.94431240775964,-10.835537543734,-9.05973559822556
1.69524540105136,-12.665767821659,-7.48948321047528
-2.61267673899407,-12.4274021704033,-4.5566634001043
-6.13463037234771,-10.6914102114733,-2.18357692412767
-8.04747241575543,-8.44401391288858,-1.34482854260364
-8.44858978004486,-6.12491063350283,-1.62033580638293
-7.82112193634066,-3.96622325548686,-2.21578495892698
-6.73083641206253,-2.12556881157931,-2.66289173724327
-5.61081884117021,-0.63757285926503,-2.88604100974788
-4.6971823385113,0.546786156230765,-2.98852583787103
-4.07886679924526,1.50069365906722,-3.0846454746385
-3.76531507721334,2.29280111226345,-3.24614495026713
-3.73457529607581,2.97720993058231,-3.51030808279102
-3.95335149803286,3.58975499296745,-3.90060429906948
-4.38314751646016,4.14086612795581,-4.44377753987979
-4.96673393608062,4.60414265421007,-5.17344186928696
-5.59891429082313,4.89764198083397,-6.11244579513524
-6.08851875447655,4.86878304822092,-7.22277830300257
-6.14975777563404,4.32645591959558,-8.32738010515965
-5.5122601391789,3.17978749225797,-9.09323999895912
-4.14187851891997,1.59945923240005,-9.21316835776756
-2.32896009392859,-0.0469780387837048,-8.68776376483295
-0.466578491910724,-1.49090732211352,-7.83716014040159
1.18783007038762,-2.70675488472574,-7.03835634725022
2.53483428999684,-3.8085077875134,-6.52064663167168
3.53831053696469,-4.91462828044651,-6.33024596710689
4.14386464077787,-6.08181452671558,-6.35837630096619
4.24978255073614,-7.26553921895692,-6.36698144294661
3.75505507638493,-8.28415666479306,-6.04425883396451
2.68436629757406,-8.85854117767836,-5.14935912628813
1.27827942132711,-8.80464227980035,-3.69399292835166
-0.136550520355579,-8.22073405182469,-1.93988430156734
-1.37771346600268,-7.42636383498081,-0.187965798905654
-2.46456047548821,-6.74396689900502,1.38230027426668
-3.51361133751366,-6.36555064788457,2.70425446571507
-4.64056613713122,-6.33312104425095,3.74471118586261
-5.91265135463045,-6.54833711521125,4.429590936721
-7.29915096056525,-6.76231178163155,4.60668013631892
-8.59435732016935,-6.59673453920058,4.08353246996391
-9.41425827381059,-5.70929067802389,2.8080652394745
-9.44807019137633,-4.08821810582238,1.05923284711338
-8.77664979781798,-2.10521246081812,-0.694182273720653
-7.81066667156776,-0.195343949827555,-2.16538016078384
-6.94465272804967,1.400877741048,-3.35509519470562
-6.36981184138931,2.61717127389078,-4.39151734152736
-6.08265957173755,3.44423310229681,-5.37993048726656
-5.94584156365825,3.86044867855221,-6.35000262783582
-5.74239725189386,3.82695392017059,-7.24011438618246
-5.24961988532712,3.33317550690059,-7.90488291881372
-4.34090177328233,2.46396150815617,-8.18078397256404
-3.05905807568735,1.40569633908925,-8.00899676321066
-1.5715314038905,0.345690257368728,-7.5031633869952
-0.0541441057436429,-0.636120631393724,-6.89618213366245
1.3886604761882,-1.5788500333206,-6.41928130747628
2.71420352951397,-2.58524044788327,-6.23766432693767
3.8915083622404,-3.7740040877732,-6.42559792094972
4.82820178823591,-5.25701826096573,-6.94885543923296
5.28659554572545,-7.08426947943524,-7.58904673037264
4.8462376082096,-9.07410587727341,-7.84371216913768
3.15175710745583,-10.6142533369954,-7.05598599891296
0.490959073362645,-10.9686447484162,-5.06018909439692
-2.20652108349462,-10.1069690156225,-2.58392698508417
-4.25602818652318,-8.67982836855229,-0.507294871927036
-5.56340607008225,-7.23457969369232,0.82225521876995
-6.27737007446048,-5.93609713000981,1.47381393478527
-6.54992781224037,-4.7527977848197,1.65189667819669
-6.50266946708276,-3.63077708086446,1.55236983465559
-6.24894832693959,-2.54835999051638,1.31471928957868
-5.90094015664956,-1.50520700401846,1.01282853573869
-5.55985195110495,-0.500096968966657,0.664284890633648
-5.31028249650272,0.482016647275838,0.249520397320388
-5.2235184231076,1.47037354789466,-0.274465273273317
-5.36444426825208,2.50042608559007,-0.967958166655441
-5.80546749848575,3.59886593627382,-1.9210355553676
-6.61356302489551,4.74732351742861,-3.26988480791911
-7.78610880851437,5.79343886930794,-5.20895211407909
-9.04078418268078,6.25450477066797,-7.89617174570085
-9.46215429394037,5.13649735444857,-10.9966835134538
-7.86564745974583,1.64678958466494,-13.098332648318
-4.79735477123434,-3.10649935892884,-12.9077509992859
-2.52514694121944,-6.95355127493855,-11.043277455387
-2.09214540489728,-8.90775192617447,-8.59937590621609
-2.81285479251496,-9.1020119718588,-6.11509041811453
-3.65521411490035,-8.16471472497104,-3.9385246122908
-4.10919465962182,-6.77107346949946,-2.23195908453521
-4.16427266944663,-5.36894263823168,-0.954159546084371
-3.99800743400224,-4.17124598092643,0.00668929542221064
-3.77473586455628,-3.24720691706314,0.741603873227906
-3.59120571252703,-2.59070494385429,1.31476446848076
-3.48430108919602,-2.16536180542653,1.77174677699868
-3.45764330563321,-1.92991438113188,2.14670058768989
-3.50002971999509,-1.84547044575333,2.46698626595456
-3.59850093125534,-1.88265271933687,2.75298210536125
-3.74345307375992,-2.0204512971589,3.01958112018266
-3.93093490645339,-2.24465713525933,3.27679885164848
-4.16311463148783,-2.54488536883175,3.52975471255365
-4.44780418790035,-2.91097775132697,3.77756079344389
-4.79740377461483,-3.32866301688495,4.01076143776868
-5.22390872520362,-3.77186874160381,4.20759452357162
-5.73060100615377,-4.19535369722623,4.33051883757783
-6.29936238189876,-4.52561777592819,4.32314097728224
-6.87182923658863,-4.66295640386777,4.12239088367242
-7.34562247053502,-4.50071134485619,3.68232788716927
-7.60092727792042,-3.97057278654349,3.0110707030551
-7.56295170870935,-3.08591467399693,2.18367476198258
-7.25947657843215,-1.94255189643143,1.30387333811733
-6.81653484873873,-0.664317081265079,0.437520956914042
-6.40495561672857,0.652541990663769,-0.421830086848445
-6.18599298800868,1.95843288788464,-1.34219708160812
-6.2824846176037,3.22973945652838,-2.42793363504136
-6.76195759665558,4.41795401462904,-3.80955798604391
-7.57371643767287,5.36408783041278,-5.62617326710172
-8.40063069810395,5.66394120176395,-7.92846007556706
-8.48991029256525,4.64582773548687,-10.3514090320774
-7.03697644226396,1.93012262175466,-11.8742148777945
-4.37023737472293,-1.65363558818539,-11.6801731720431
-1.8906982931037,-4.70588355772906,-10.208855696122
-0.482704257596229,-6.58551346334693,-8.31836645665206
-0.0745280556436255,-7.34605246053199,-6.39998547180601
-0.212149032105882,-7.27091221280123,-4.555493417309
-0.511070995055271,-6.70814537066051,-2.85144442718993
-0.801092504283362,-5.98252667005862,-1.33885415257335
-1.07454291845209,-5.33282674572312,-0.0235926434163206
-1.38929667157363,-4.89817274214927,1.13022056535851
-1.81224688172126,-4.74956664296513,2.17639704025535
-2.40963389929707,-4.92293507679617,3.16724447500035
-3.25964407739955,-5.43519647664095,4.13059503530304
-4.47223788716348,-6.27514183010875,5.03226041975007
-6.17194656717228,-7.32816605670795,5.69998329328708
-8.36379408209908,-8.21452993168401,5.70355719093096
-10.5882151004793,-8.171594151894,4.39302032489177
-11.8054485369179,-6.55093767507573,1.53935344673561
-11.3780157028868,-3.88358461053228,-1.92682361533071
-9.85729183332015,-1.51588006919186,-4.75473005527629
-8.03093846353955,-0.176042047988865,-6.47163832901495
-6.21713201674299,0.240066233872176,-7.17669122753134
-4.48091617295064,0.139776443343258,-7.13325739450833
-2.86603167497822,-0.136749891290546,-6.64411291155751
-1.41280920237929,-0.430138290394925,-5.99522597365356
-0.127809899662345,-0.723980838809251,-5.40302406883125
1.01893321138213,-1.06609753088057,-5.00260235577792
2.07704627091029,-1.51986572685726,-4.87033745582533
3.09694381026642,-2.1527756527837,-5.05045458171928
4.1058455103311,-3.05058278734948,-5.57405073335745
5.06735928171211,-4.3351590496942,-6.443195151036
5.79539441877673,-6.14848123857489,-7.55068202221281
5.81016401203121,-8.50959004144525,-8.49498417784909
4.36583487511488,-10.9101913324158,-8.42743876441879
1.21489649992922,-12.1764379315624,-6.64697600416054
-2.54018526928766,-11.6413553604006,-3.84735818493194
-5.49269157868328,-9.96745081700228,-1.56867949076633
-7.14874881211982,-7.97093977349184,-0.505434022186352
-7.64399970867716,-5.96014485039187,-0.390967214161624
-7.32238328638454,-4.04354078028339,-0.69196326573474
-6.58458722882204,-2.31107256433589,-1.04370679256619
-5.77354220407809,-0.810136947055839,-1.33391040747129
-5.11246242035842,0.471691875908585,-1.59877856228821
-4.71896680610196,1.58121597191537,-1.9143236175462
-4.63906489234361,2.57855192133935,-2.34921155721006
-4.88867136270163,3.511056957871,-2.96645044770553
-5.46399880220408,4.39238503025629,-3.84173734593614
-6.31687491524226,5.16295382796915,-5.07336710215566
-7.27376239795766,5.61793387331003,-6.74368424969053
-7.89870676114415,5.32971271810814,-8.75893272762078
-7.50045645643077,3.80080365077631,-10.5699827866598
-5.71151557271221,1.0815188443367,-11.2948118360708
-3.17330552468345,-1.91094145502924,-10.6330704962986
-0.946851203940156,-4.27557464131986,-9.18835907751782
0.456546846342673,-5.77428901056302,-7.61013146581389
1.08861886038583,-6.53701330153377,-6.13242730727848
1.20544333079114,-6.74716672502035,-4.75493234203426
1.05330178887579,-6.57788900307017,-3.45036957007076
0.791760679704615,-6.19771323310362,-2.21854273218065
0.486056122504556,-5.75847324010573,-1.06764417472832
0.135686751780052,-5.38232513352218,0.0101958530276663
-0.295430866209614,-5.15800828226671,1.04180192305666
-0.86246615637534,-5.15486620461434,2.0669694727222
-1.63789336991209,-5.43380379794774,3.1247616985827
-2.72834946859404,-6.05606132425536,4.22916503608194
-4.29382321608582,-7.05357530190238,5.31419619477163
-6.52322371074012,-8.30743634177062,6.10277913685532
-9.39860291741142,-9.26302748064968,5.89528166832988
-12.0966388817747,-8.77527794657395,3.68674697063755
-13.0580347477142,-6.29153434602488,-0.497085294697782
-11.9276892200621,-3.36697793813435,-4.82791516902607
-9.77071637267671,-1.84200471699884,-7.70525355426383
-7.34885761701736,-1.86593711037695,-8.80256793379625
-5.01132235433876,-2.56727778057114,-8.4957606993647
-3.00086848687985,-3.19070226580089,-7.41779200608307
-1.40056196810533,-3.48991076384033,-6.12534397735532
-0.164713459092612,-3.53996439378209,-4.95204405066976
0.793981343897239,-3.49242897312216,-4.03987667637079
1.55243985584499,-3.45663566052782,-3.42017738009416
2.17197561120449,-3.48655995272873,-3.07314180773561
2.69938901430419,-3.60046776575762,-2.96284779426443
3.1682314051228,-3.80293338122614,-3.0539578914219
3.59885976931443,-4.09916666319427,-3.31577233801263
3.99616890613243,-4.50147895536494,-3.71842340018458
4.34385301892588,-5.02930046692064,-4.2237425637192
4.59503456857428,-5.69916558262774,-4.76840093625631
4.66417156612042,-6.499357073977,-5.2429959240227
4.4345018451292,-7.35097783407269,-5.48035879384399
3.80863690544805,-8.07904202130741,-5.28558298256484
2.79872801071912,-8.45779664627733,-4.53410990779751
1.5684440794177,-8.3549378318605,-3.27856385803121
0.332486880542267,-7.8510179523501,-1.7315123562356
-0.794908783534938,-7.19328040286094,-0.126801592735618
-1.8432632133143,-6.64893176221387,1.38667802697222
-2.9201112907076,-6.40095986914292,2.74339029082713
-4.1475444112048,-6.52074560391028,3.89729310939667
-5.62329673105729,-6.94432253274572,4.74547203927666
-7.35533777336892,-7.41601555506139,5.05704386628881
-9.11237741441884,-7.44239299699909,4.47958741083344
-10.3222653665549,-6.48883811748212,2.8110914092521
-10.4406131399256,-4.52583593984506,0.422524685296487
