6.91338251991531,0,0
6.58731456133653,2.10665910375556,0.0706611095502632
5.61130447204666,4.14249273504942,0.143645649903373
4.04498896759134,5.90966051402411,0.163202649546171
2.01688281164578,7.22697375018913,0.113429031178922
-0.30298772234329,7.94817385930603,0.0566344990053395
-2.72442167909436,7.97567254432659,0.0297044451969754
-5.03866975444161,7.26588405003745,0.0203607381884365
-7.02904359360951,5.84005168661248,0.0164276492327491
-8.49291093013524,3.78569713953966,0.0144204947135892
-9.26343666800028,1.25381506244342,0.0134812667741707
-9.22740169953112,-1.55172490183829,0.0133442375411689
-8.33612695804282,-4.38903140832847,0.0139920044412081
-6.62177698017325,-6.99835813230814,0.0156211950980206
-4.1908203867323,-9.1249913777587,0.0187848898599337
-1.2238636220134,-10.5432772899019,0.0248509743748202
2.03736657076337,-11.0786585537519,0.0375851342924563
5.30712945872411,-10.6302897309235,0.069456960729189
8.27295185914736,-9.17952684559834,0.174634816322666
10.5889688487321,-6.81081712511389,0.665599830858269
11.6650321200619,-3.74420809936044,3.71090314065632
9.39911998274234,-0.574263847467068,18.2562570025666
2.35601694438838,1.24954078242032,19.8574142188865
-1.2401038646248,1.37817832063732,3.77573678533994
-2.05951356396494,0.926204441876762,0.427893392944391
-2.30068039047128,0.301708496828225,0.0626842229598107
-2.29915343076479,-0.397113402087981,0.0283467552473341
-2.08072561772744,-1.10531410458421,0.0256974722181608
-1.65637637140868,-1.75773493160405,0.0265372963545592
-1.0528227265746,-2.29067516199635,0.0284447899494837
-0.315288866832709,-2.64830341718769,0.0313414089627652
0.496666782976908,-2.7862027664057,0.0354128959638308
1.31216515700133,-2.67914877440031,0.0408717315792403
2.0561184264658,-2.32236225111246,0.047844221858058
2.6550608961897,-1.73352991026168,0.0561357767524063
3.04431204840265,-0.953259387643212,0.0648410563877936
3.17514054768671,-0.042726467339101,0.0719911538065505
3.02135913234346,0.921276993183454,0.0748475130859441
2.58088174085842,1.85318220997818,0.0713484039384479
1.87860632591045,2.66561800751973,0.0620797651619913
0.96332676754345,3.27610712146643,0.0503763099374341
-0.0926456534863031,3.61827976991053,0.0398356704542221
-1.20203895256287,3.64348141705758,0.0320587361725862
-2.26670118991005,3.33167527504579,0.0268469299094395
-3.18615820561482,2.69025336271002,0.0234942482798681
-3.86745099074183,1.75903131072166,0.0214377643325265
-4.23345059441664,0.605989711666012,0.020354546974977
-4.23070198525984,-0.676309151497401,0.0200947141312931
-3.83702871455489,-1.97733220120979,0.0206352114899269
-3.065415843144,-3.1784462585486,0.0220740425504191
-1.96369076364618,-4.16321012099038,0.0246624604557088
-0.612404896522016,-4.82610151895772,0.0288941459397883
0.877403115038901,-5.08864789987157,0.0356386315193672
2.37651705887852,-4.90020185336205,0.0464912492988237
3.74592395262862,-4.25333810972977,0.0641767324166327
4.84880794263651,-3.17990009801419,0.093065100423126
5.56304583748999,-1.75519586822572,0.138280457189996
5.79449897776732,-0.0932867986799839,0.199812053085293
5.48969310873809,1.66173218527594,0.258535430834939
4.65271036875704,3.34872807521089,0.270768509223194
3.34647578424551,4.80652638682198,0.209977672653744
1.68016786125955,5.89260014311969,0.118525047939849
-0.217760473259473,6.49096884950111,0.0566236760607888
-2.19907290534776,6.52207171373474,0.0312845927416993
-4.09468783286157,5.95008880767044,0.0223109524824678
-5.72760439225725,4.79182707729227,0.0183253468908265
-6.93189037507499,3.11812728110028,0.0162253664978789
-7.57074961742023,1.05186522573082,0.0152143629688071
-7.54933700750797,-1.24085958522902,0.0150402495102988
-6.83187159492812,-3.56240645244062,0.0156731124325153
-5.43794590375416,-5.70003509767766,0.0172911836665467
-3.45748124705974,-7.44612704711442,0.020360380319639
-1.03627385871301,-8.61525549861374,0.0259695355525857
1.62847046852794,-9.06436396222111,0.0367724393002287
4.30370209839386,-8.70862619287372,0.0601179004725478
6.7369821023178,-7.53334138881873,0.120087999731879
8.66855747497207,-5.60281714096885,0.309929068074592
9.8063542844617,-3.06763148330759,1.02989787316925
9.66618684728922,-0.201123789411778,3.72752011680692
7.36271482705411,2.49129783617886,9.34400515405183
3.33937591445472,4.31547302122779,8.52772683388559
0.291976746306863,5.10800351274534,2.58482808306752
-1.63588548462101,5.20348080370334,0.401156663130622
-3.197697424724,4.77414317091675,0.0565421396528991
-4.51692726775724,3.87059216539187,0.022324870929471
-5.49639519920047,2.55171594505079,0.0184048136257876
-6.02817772207436,0.914124206352966,0.0172396138905864
-6.03697160469764,-0.910460272907421,0.0169949163771284
-5.48893121019435,-2.76570452462942,0.0175721646052532
-4.4004470555604,-4.4822380632757,0.0191060396173638
-2.83871628129452,-5.89293573036361,0.0219679336037156
-0.919868349411969,-6.85022063936663,0.0269481634305963
1.20139293044361,-7.23731997839051,0.0357642316611096
3.34021666075378,-6.98375496797161,0.0523683161789461
5.2963304729403,-6.07427427035188,0.0867048726095277
6.87135977332805,-4.55808621031952,0.165109005168804
7.87337611248958,-2.54258613107405,0.358414612468133
8.12365682737352,-0.203167287477398,0.818100333217522
7.45637109255807,2.22170255102916,1.65332190820312
5.83209088168645,4.44061903244872,2.31094882019285
3.57642546319049,6.18408272895781,1.77855465497752
1.16930037994986,7.30544227424616,0.691022748377212
-1.21940622068913,7.75303819394993,0.150837831037232
-3.54947191010243,7.49561689425897,0.0346626443587082
-5.67976958324696,6.52690865452699,0.0192061581430586
-7.41557113273201,4.8946263061253,0.0157990051241305
-8.57320072821056,2.70786871762526,0.0142522784516337
-9.01055957485987,0.134798511208651,0.0136440102235364
-8.64530337381403,-2.61090047841648,0.0138117210080985
-7.45867123671085,-5.28719200232163,0.0148191440308436
-5.5108818024274,-7.64281238469261,0.0169724927757338
-2.93447993728225,-9.44032193609526,0.0210432302316643
0.0703303065304727,-10.4805140204724,0.0289606549865233
3.25164105661389,-10.6218820026878,0.046231437182652
6.3220333287717,-9.79556399362311,0.0923732271886649
8.97405545366081,-8.02466331446776,0.256077127732564
10.8476615438502,-5.43073730520403,1.05898580701212
11.1923138765494,-2.29809484857567,5.69249327607056
7.66969036540968,0.624104027695258,20.1068754735024
1.35373359567014,2.02219829075084,13.4885471309058
-1.29840946435782,2.0736232315044,2.2848521921123
-2.14810323011229,1.65194397867527,0.265167338069328
-2.58770256858728,1.01550041310471,0.0456982048985447
-2.78844865922557,0.24051385051761,0.0254505047307193
-2.74165597121052,-0.607038364302406,0.0237424423676645
-2.43817221664988,-1.4531756531124,0.0241966033519363
-1.89096254662082,-2.21974205583999,0.0255556990983174
-1.13574927407523,-2.83141810056552,0.0278674730992246
-0.229391882873481,-3.22231653963073,0.031370775098312
0.753483180761435,-3.34315262862586,0.0364202766300715
1.72661778436327,-3.16661805402258,0.0434661925514792
2.59891602371089,-2.69072967319108,0.0529425519086609
3.28309857286227,-1.9421097529148,0.0648942085136906
3.70412607479985,-0.974097634126497,0.0782303114822056
3.80700284238104,0.136504064249708,0.0897818493190567
3.56458956061533,1.29511855805081,0.0944430348265292
2.97935420014162,2.39723674666492,0.0880994709145795
2.08903514358588,3.33892006708381,0.0723246503718018
0.956836150166124,4.02339811130798,0.0540998227701015
-0.327156871965666,4.37475028706926,0.0396620111785819
-1.65623401936415,4.34061385690674,0.0304014963914454
-2.91213505855862,3.90105934137721,0.0248614811156482
-3.97494802399163,3.07150195344449,0.021544497053612
-4.73628711945905,1.90597626178044,0.0196096189916505
-5.10599317600454,0.490106634904405,0.0186674164543882
-5.02845226188665,-1.05990746767802,0.0185525883507354
-4.48077651983186,-2.60986247054659,0.0192657496349491
-3.4864305493877,-4.01678745810105,0.0209504918971984
-2.10925598547568,-5.14222825646792,0.0239622099384984
-0.452973293105956,-5.86507237393216,0.0290153677863001
1.34605000623377,-6.09420271429934,0.0375278156570548
3.12960994031927,-5.77960245648038,0.0523781686760925
4.72949374139615,-4.91655220040633,0.0796548193109161
5.98190283749876,-3.55419808278392,0.131855815990552
6.74057129304875,-1.79245460699099,0.231298108471544
6.88709413342163,0.222282054985735,0.400803974834306
6.35509818528432,2.30386577901386,0.606519269759741
5.16560999846217,4.24691258900252,0.68635973763122
3.45336255807536,5.85741109203101,0.504409762597296
1.40350097621276,6.98150420424492,0.226634338596031
-0.829385534320085,7.50907525310938,0.0729036158911455
-3.0943330235362,7.36871419013654,0.0295900815238751
-5.20650333240112,6.53693949191015,0.0198803790116768
-6.96684039113853,5.04872473699203,0.0164158042703562
-8.19234175464463,3.00123824294775,0.0146810067027299
-8.73739075905886,0.548915238688595,0.0139316895473729
-8.50985960501205,-2.10710006541102,0.0139739156118809
-7.48278818467432,-4.7342914406456,0.0148354077715501
-5.70251809568858,-7.08885627114778,0.0167705018835416
-3.28692893143438,-8.93759051682355,0.0204297751583274
-0.418778811801787,-10.0766863401419,0.0274236530473933
2.66241044688891,-10.3600534949149,0.0421167594381644
5.68265917632016,-9.71031208858536,0.0788665884241496
8.34621800994109,-8.13134538524255,0.197922521024899
10.3279624510126,-5.7255800478599,0.718919929082021
11.0842610503105,-2.7236120746969,3.51995448929189
8.97627640760773,0.325484430020229,14.5009564179555
3.10081016352989,2.2579942420605,16.6475849246187
-0.590361570278776,2.6937318345629,4.01366618494408
-1.89500223226671,2.45005449862176,0.509986373288727
-2.6176831037959,1.89701329462515,0.0688573183196103
-3.08825117053858,1.12588052964772,0.0265753358801701
-3.29742517421826,0.200448322028884,0.0226244346888187
-3.21438511384046,-0.802785501604875,0.0223379744556046
-2.82945891092188,-1.79605181829293,0.0230188885775534
-2.15991385793184,-2.68739331944799,0.024577107918835
-1.24935561264025,-3.38780312171686,0.027212503599643
-0.168084558350463,-3.82191556194417,0.0312779923439991
0.994685716293104,-3.93318083121912,0.0373395810571931
2.13620118236192,-3.69227378105152,0.0462115168146728
3.14889619616719,-3.09987914161042,0.0589124372569249
3.93004436142776,-2.19007107326568,0.0762139577120782
4.39338313429634,-1.02954687035953,0.0973060954218516
4.47403334223076,0.289409644080134,0.117487919094896
4.14559449033321,1.65240979565707,0.127145895854785
3.41554701994965,2.93565567274029,0.117138335629514
2.33353633389171,4.01672525364421,0.090105477251896
0.980348506145588,4.78618662732765,0.0606488668116712
-0.538142881171044,5.15661883226041,0.0401674944260305
-2.09569876217813,5.06982226079569,0.0290212452097576
-3.55330048059778,4.50737431513308,0.0231570270410897
-4.77140267793069,3.49195971817933,0.019877655319597
-5.62350030671299,2.08977039438225,0.0180430413913944
-6.00941792204634,0.406624504414571,0.0171991114067969
-5.86357267392133,-1.42001830534882,0.0171839170403694
-5.16837009556795,-3.23028420603956,0.0180070080939008
-3.95285966309222,-4.85606001571662,0.0198610153830952
-2.29799625596515,-6.13614450614655,0.0232020177371117
-0.330117803386398,-6.93238848605528,0.0289915375498991
1.78847828636695,-7.14063448586525,0.0393363646811533
3.86965926860633,-6.70711130272657,0.059119877784898
5.71435566309706,-5.63256952254715,0.100760016591012
7.12923699219641,-3.98293916124101,0.19676762478177
7.92954922436977,-1.88200317125837,0.429643603275915
7.94614892775447,0.480531011973861,0.946410817375972
7.0412121432299,2.85572620754407,1.73948821937909
5.25779869722925,4.95784092383232,2.09045724484728
2.9767557248334,6.54896252211879,1.35334393056198
0.589419571629669,7.51042091974336,0.451040674745773
-1.79532699513421,7.79200758294743,0.0933784104533831
-4.1035510819974,7.36110954733052,0.0272347778977857
-6.16657528359057,6.22158116184532,0.0179921362744994
-7.78646021015636,4.43591182192382,0.0152811909833589
-8.78794242865857,2.12945286522495,0.0139922732404498
-9.0392173039475,-0.51785254949921,0.0135763243734699
-8.47279235504595,-3.28223558343541,0.0139326029735842
-7.08930332414572,-5.91613427251395,0.0151747798481509
-4.96721602057004,-8.16924357993504,0.0176895781849798
-2.25554705117793,-9.80922874382999,0.0224381929790713
0.83012994413655,-10.64804394945,0.0318803213175152
4.02633634561463,-10.5595975930054,0.0534080994366819
7.03866542227863,-9.49703438908557,0.114822471550004
9.55230437514733,-7.5047525802131,0.352428654325903
11.1654262731396,-4.73528286435764,1.60902192745439
10.8377490031856,-1.54503549279154,8.68051088574685
5.95013003185542,1.1015271049334,22.3404525506792
0.265372567152657,2.03587229000762,9.30320757620121
-1.61840141626342,1.89398374324053,1.31693102824444
-2.27957871513412,1.39676250877957,0.153953231151031
-2.62278868370248,0.718982218776174,0.0354515097855459
-2.73050843161604,-0.0709799416651042,0.0247049199142084
-2.59112322702959,-0.90560228258125,0.0240047444927579
-2.20372584789267,-1.7104502420171,0.0247883126910898
-1.58922918400633,-2.40968495234177,0.0264599941845237
-0.790254722650754,-2.93241105775305,0.029141019473682
0.130694847005909,-3.21943792578789,0.0330986636916946
1.09563208544361,-3.23030002367212,0.0386990934670624
2.01793107058526,-2.94768786333621,0.0463581078709433
2.80932799459876,-2.37989205417566,0.0563583900706631
3.38826099213562,-1.56264822305906,0.0683715974751344
3.68784986875888,-0.556899626447255,0.0806570535892255
3.6640356624762,0.555049680850221,0.0894400080077576
3.3011838802232,1.67659934644212,0.0899737813886949
2.61348550627201,2.70441619849555,0.0801430067718975
1.64861208413807,3.53956769231508,0.0636976440503344
0.477842149848941,4.0936200286721,0.0474545385933134
-0.804142534077174,4.30001537675538,0.0355873408224997
-2.08781462944487,4.11960629445414,0.0281338859569284
-3.25580602002586,3.54461930989516,0.0236254688419952
-4.19427417908005,2.60520451296004,0.0209066434013056
-4.80294466548617,1.36545892185372,0.0193752401242616
-5.0051688327833,-0.0788528559806258,0.0187500594594279
-4.75851898174747,-1.60688050470736,0.0189340890772361
-4.05752308444093,-3.08330359988816,0.0199762694531582
-2.93850077096725,-4.36854326003559,0.022085840921657
-1.47944851099884,-5.3322479360038,0.0257120174213316
0.205412684182538,-5.86569740218407,0.0317396377289257
1.9734851218352,-5.89409141832948,0.0419092450977922
3.66563964519571,-5.38511350450412,0.0597299633283235
5.11789596393788,-4.35305697976296,0.0923961299930803
6.17613714493541,-2.86462449061823,0.15358618255716
6.70704178414419,-1.03401785710118,0.263474583253663
6.61500346859997,0.980579368261294,0.42747958861042
5.86338592734289,2.99024527503371,0.575328571724222
4.51120846874571,4.79668749463071,0.554039851921996
2.70790783324616,6.22286308219941,0.341459153802656
0.619561056227387,7.13238597162175,0.135293858082312
-1.60746146261237,7.42594100518689,0.0469871539082628
-3.80773629574416,7.04776637966736,0.0245605909800483
-5.78868311515267,5.99373444871714,0.0184851219295214
-7.35674935841429,4.31995988293961,0.0158013551903195
-8.34211892261856,2.14246770613413,0.0144498036467721
-8.61780471550715,-0.368766392464443,0.0139858043150605
-8.11692601217546,-3.00250592472596,0.0143010545040698
-6.83476422886656,-5.52349892048946,0.0154975370290653
-4.84368656329468,-7.69259130178989,0.0179341329440492
-2.28324957136401,-9.28808127450376,0.022488691282535
0.644890385930671,-10.1273452413578,0.0313580599524339
3.69126758239001,-10.0878821808164,0.0508182379064098
6.57702420869069,-9.12032119570442,0.102870889980189
9.0055504005483,-7.2613136822304,0.285582066412387
10.6306873052284,-4.64842548232836,1.13403743498754
10.7397643834749,-1.57273129653286,5.49703388627126
7.42469792909779,1.26252435261344,17.0985513257811
1.78254445379561,2.74189496638059,11.9628464888694
-0.97345405211324,2.96737015117848,2.29839143877241
-2.1190379873366,2.65701861215309,0.28030125373052
-2.86786599543446,2.0444719656764,0.0457087925923169
-3.36925887763028,1.19984759060305,0.0240193659477818
-3.58790402335906,0.189992630594325,0.0217808135684254
-3.48786742345271,-0.901910829249862,0.0216502475361733
-3.06033183468286,-1.98014703982697,0.0223879178564265
-2.32362058657404,-2.94440769861813,0.0240307784883007
-1.32734641357268,-3.69905037998452,0.0268144674561843
-0.147630501008478,-4.16199238858408,0.0311634924820885
1.11782448786749,-4.27195412835661,0.0377839412286463
2.3565170753392,-3.99815998690711,0.0477607302049304
3.45214143899871,-3.3440019973465,0.0625825372147156
4.29188066572289,-2.34542329327568,0.0838059069461707
4.78267211047493,-1.07728732000593,0.111247804034709
4.85508480118901,0.358837561630829,0.139472271154558
4.47993355683823,1.83782299928324,0.15487232518281
3.670302689122,3.22476137565747,0.142868289070143
2.48240729852853,4.38706166533824,0.106068174666515
1.00646300672202,5.20722106903537,0.0665327473461209
-0.642452671901758,5.5917572363056,0.040947096803446
-2.32788187726988,5.47984908529306,0.0283965280105866
-3.8994431357534,4.85252469867285,0.0223326033331993
-5.20713672569733,3.73733526382307,0.0190703471757142
-6.11352110042876,2.20586640112065,0.0172821768879043
-6.51157629474549,0.374967779919878,0.0164812579370878
-6.33344413079922,-1.60523122396861,0.0165027340353806
-5.55988410612881,-3.56147727115141,0.0173670443987762
-4.2264118839438,-5.31251605258227,0.019282890519185
-2.41942774206344,-6.68244307436314,0.0227671327764092
-0.279407252243879,-7.52419654573334,0.0289181304132115
2.01715163022637,-7.72545777300561,0.0402861466779695
4.26533755825717,-7.23071102297856,0.0632066455402358
6.25022368197962,-6.04529906944681,0.115274339082877
7.75676265691498,-4.23902135277787,0.250121119392634
8.57450227845816,-1.95494751371223,0.626953657734977
8.46860540863871,0.588856399279069,1.59782996566084
7.19441362310716,3.08334368042744,3.20846233441107
4.84841520081668,5.16138941745013,3.6623341224807
2.19933658484012,6.57277046467916,1.94177355702059
-0.234301676640519,7.28191524442301,0.498545026332309
-2.5124840674671,7.30825836743291,0.0830175163386976
-4.63858941327687,6.65163155105698,0.0243771984097041
-6.46045459155889,5.33824142792799,0.0173114250362929
-7.7975890118674,3.4495518445344,0.0151716246138065
-8.49722808963262,1.12434637298991,0.0142115496419863
-8.45627541623127,-1.44964538049625,0.0140704662812558
-7.63191498771975,-4.05041324353838,0.0147274875884794
-6.05333642119453,-6.43999948869411,0.0163730576243165
-3.81884096071321,-8.38491411621988,0.0195320739816934
-1.09486522720441,-9.67896077437705,0.0254621667679031
1.89686565361611,-10.1628982287252,0.0374463584358038
4.89361910170274,-9.74097937695441,0.0656702049736058
7.6110205392272,-8.40289506212014,0.148752426610194
9.74493122399716,-6.22167572405601,0.47393828115953
10.878710683222,-3.38296194172708,2.09378443533102
9.92748558652857,-0.290972203766779,9.42524647399864
5.12773232831922,2.11948305005019,17.8995346395177
0.420343997370667,3.03145358821998,6.88006554105221
-1.47012504067668,3.01525624608588,1.04207465932036
-2.4488276694065,2.58695070488721,0.126427370596672
-3.14371192451161,1.87649965056107,0.0311357864540051
-3.57966198652196,0.945570886096193,0.0224162351269347
-3.71055856490432,-0.132343615389416,0.0213528282834185
-3.5069486846019,-1.26657064284734,0.0215141555431714
-2.96748431987876,-2.35627019830819,0.0225167776263601
-2.12025429107637,-3.29782081895468,0.0244922814760805
-1.02590978422359,-3.99624555877738,0.0277384550584789
0.230452533167099,-4.37100965031237,0.0327927923537824
1.54176314406043,-4.36931987619539,0.0405222514107459
2.79021496022556,-3.96902297284662,0.052279971525608
3.85437105750679,-3.18114002582237,0.0699711794314537
4.624112347753,-2.05843241230855,0.095291683531323
5.00794550077406,-0.685090919374111,0.127386500097528
4.94521640702742,0.824881481033701,0.157896684136257
4.41892602164507,2.33770111437818,0.169000037796688
3.45706090643196,3.71323741557802,0.146346475769748
2.1304301755422,4.81798188777077,0.100581066321358
0.54118792924252,5.53781608978923,0.0595453291619693
-1.18559564117823,5.78567939035866,0.0364458785625468
-2.90428061263223,5.51110882337236,0.0259421990552354
-4.45884566632236,4.70922588521367,0.0208775063151592
-5.69639255016072,3.42080829429209,0.0181359728480706
-6.48405362526562,1.73559855682202,0.0166788105471238
-6.72257710431034,-0.215271546994229,0.0161359397472234
-6.35492245316055,-2.26884031515136,0.0164026289597768
-5.37718344680752,-4.24136119408409,0.0175546848130661
-3.84434230541614,-5.94674751253429,0.01987868614192
-1.86209656881752,-7.21046904793119,0.0240442091704778
0.412990333258211,-7.89033342490991,0.031521150737168
2.78841933015136,-7.88665856786874,0.0458444846934136
5.04786328917677,-7.159459480119,0.0764081825144213
6.96810324127495,-5.73454907303558,0.151328825565503
8.32797971604812,-3.70747821292658,0.36164067768671
8.8952041535768,-1.24904019858734,0.985196768999861
8.37334441659712,1.37930479795194,2.5511282598099
6.49967315077093,3.80375731482116,4.51996607397583
3.71556234168943,5.63359807431464,3.86904363071809
1.05394183186186,6.7135484174636,1.45051534691265
-1.25921841229769,7.09503398679157,0.279329303104726
-3.40182826753345,6.81232185329557,0.0465324656966769
-5.33179474126953,5.87788452674216,0.0203428755638947
-6.88578128510564,4.34164737699065,0.016464818983873
-7.89952208883347,2.30807725888337,0.0149485391716916
-8.2457284913527,-0.0657870792547544,0.0143817381970807
-7.85374348064971,-2.58137800357899,0.0146029409456557
-6.71240696694379,-5.0158683155021,0.0156862535144728
-4.8818504880455,-7.14001410419793,0.0179440751727806
-2.48802701263896,-8.73857821423718,0.0221406777295895
0.281959759042138,-9.63290602527704,0.0301149773350664
3.19462136553195,-9.69472049209539,0.0469318054951585
5.98553749977198,-8.87241167054004,0.0888729305376301
8.37572013507108,-7.18954580730269,0.221425307704094
10.0582397243093,-4.76160843856796,0.763959934919784
10.5391588178939,-1.8279773135048,3.29893666809714
8.56037715321341,1.10532909706768,11.5255615417777
3.63901888343705,3.10180428962832,13.4672204328209
0.0251195357103665,3.79498124133815,3.96557502751978
-1.66504081276552,3.75293438664876,0.571124060444744
-2.80313792733356,3.28835637930746,0.0746093270419404
-3.68966865032856,2.48185413509845,0.0254433791989629
-4.28428831412143,1.39386202076973,0.0206040177072873
-4.51942901397874,0.108102813087799,0.019687818000358
-4.35152819325966,-1.26896133850364,0.0197439215020419
-3.77178431506099,-2.61589914194913,0.0206398295329045
-2.80862051963676,-3.80701196492721,0.0225319671137048
-1.52710926916699,-4.72312333252425,0.0257776967613953
-0.0256029929450648,-5.261426548982,0.0310665662688207
1.56930708600549,-5.35190445333183,0.039646468149064
3.11548975961313,-4.95706369681072,0.0538826469926906
4.46523447087495,-4.0858680350575,0.0780181848886976
5.47854073066835,-2.79135435674645,0.118959393401551
6.03561676908718,-1.17035479425915,0.184380626304166
6.04965889166623,0.642112361520672,0.271050754709473
5.48520238587408,2.48252241248621,0.34077866240183
4.37655399031794,4.17706502592376,0.326442845973163
2.82157640328413,5.56219851104962,0.218523532723651
0.950438132486216,6.49950493057559,0.104239543924078
-1.0951807959113,6.88531140116574,0.0456671150118345
-3.15443988587182,6.65537635665134,0.0263932156593962
-5.04598448122806,5.79425895316541,0.0199009449964448
-6.58729759995852,4.34359979088156,0.0168655999807723
-7.61531938141582,2.40101244046083,0.015286194770475
-8.00388426397125,0.115372554220776,0.0146507457665389
-7.67860396806041,-2.32372954525446,0.0148098763224715
-6.62330452695858,-4.70067513930446,0.0158223720282885
-4.89268152985183,-6.79259702780957,0.0179713565032985
-2.60436948530573,-8.38932397136429,0.0219540197490429
0.0645744423063006,-9.31363875890277,0.0294234232547657
2.89026386328565,-9.43705449677501,0.0447779293969666
5.61799050642558,-8.70398375999897,0.0814950197547826
7.97733727159324,-7.1288576887878,0.191019123196137
9.68319498197022,-4.81934410548655,0.604040032497479
10.3270005160227,-1.98670194420047,2.40418880162322
8.97004456378895,0.949248787161977,8.54508542445413
4.78344936836367,3.19751204630512,12.8924369808308
0.840360329259686,4.21610898860569,5.16789568082913
-1.22848125757333,4.38889567501045,0.880488117730083
-2.61956433266694,4.05905658572112,0.111295929576364
-3.75340330126258,3.31948051508954,0.0280635387709587
-4.60084845996191,2.22495396266771,0.0202474322539602
-5.07424043894172,0.855244280000925,0.0187974112424598
-5.10890503555049,-0.679483757737558,0.0184753925634766
-4.67407367897883,-2.24832245575326,0.0189791409114253
-3.78092760957403,-3.70857923373867,0.020405164884958
-2.48409306594333,-4.91909320491924,0.0230480259018185
-0.87836115623637,-5.75274803228281,0.0275163482306178
0.906453859958836,-6.1095471197562,0.0350174211498511
2.71560250294301,-5.9286453790633,0.0479904336832612
4.38174416045468,-5.19403825007171,0.0715659671327092
5.73815003792685,-3.94163380833066,0.116481862956331
6.63218977045813,-2.2592167194955,0.203161305726644
6.93669203855632,-0.283146937207109,0.358125679710913
6.56896647357858,1.80779311837493,0.570476517329325
5.52522041795428,3.80978363874192,0.705801725575942
3.91373707984779,5.52070748966686,0.582214720245746
1.92252194841961,6.77664189494375,0.293360488501398
-0.284914251339389,7.4566619999721,0.0979434820485816
-2.56263908692876,7.48084525738966,0.0350292906237179
-4.73409943011048,6.8127136853113,0.0212409618780828
-6.6004838713949,5.47284069527602,0.0170155322662927
-7.97201992392071,3.54341492112996,0.0149754500269297
-8.69241844598602,1.16651887225053,0.014018818907629
-8.65479793836773,-1.46632900362944,0.0138766837336469
-7.81767063264251,-4.12827257741374,0.0145266657579367
-6.20684797284336,-6.57570850656109,0.016163524541507
-3.92345145645326,-8.56887252038454,0.0193189015954946
-1.13866047409209,-9.89796110780941,0.0252682749468556
1.92188771142318,-10.3977214437323,0.0374160297753137
4.98906935473006,-9.97200365386268,0.0664664682313693
7.77188727328809,-8.60856900854056,0.154352833095259
9.95574613962562,-6.38180185537701,0.514013521656945
11.0896350794673,-3.48548321834299,2.40732061433175
9.88744517550322,-0.361129195836845,11.229275861269
4.48488678747067,1.9360648835112,19.1526278402309
-0.0781767020384776,2.64215042827597,6.09940543788554
-1.68488748694917,2.49480080412935,0.837537054995318
-2.46965495023473,1.99837764204274,0.103071242622882
-2.98168074378445,1.27310088474525,0.0297248886151544
-3.24103201458626,0.382347930604522,0.023022973954772
-3.2161190178229,-0.600934983426213,0.0224025494954225
-2.89244495400899,-1.59158264238791,0.0229157276616589
-2.28257262166752,-2.49916043609868,0.0242863249000206
-1.42359125363893,-3.23398590884143,0.0266789167641997
-0.381001771109953,-3.71866366961253,0.0304053961829459
0.760339807924581,-3.89318610904356,0.0359717858660446
1.90080423145968,-3.72288020451041,0.0441167018171196
2.93470870742601,-3.20316313415059,0.0557768587792648
3.75796156089681,-2.35981914591554,0.0717805800359457
4.28187590609912,-1.25391388841886,0.0916877070447318
4.43900485203121,0.0277028111274539,0.111798604964982
4.19199934686538,1.3760236105113,0.123573667099561
3.54494232258152,2.66949352608464,0.117651125647958
2.53780160825527,3.78621167720916,0.0939015322138092
1.24447000800278,4.61454228111609,0.0648508608859327
-0.234909771330137,5.06175862391114,0.0430578022568289
-1.77805361273546,5.0658636343658,0.0306745269142913
-3.24928163452747,4.60004282441117,0.0241249425033585
-4.50990715133383,3.67886715549625,0.0204782918216695
-5.4315592381815,2.35955524103129,0.0184118529025869
-5.90826470021325,0.738970865465608,0.0173950188700814
-5.86837088612413,-1.05178058396535,0.0172226265670311
-5.28498492650938,-2.85779131828888,0.0178739743640367
-4.17807617754765,-4.51373174451451,0.0195000011857981
-2.61699036808596,-5.85704841812299,0.0224913997573069
-0.719226975099169,-6.74577156887882,0.0276681570089575
1.36079456784721,-7.0697862353053,0.0367948958383321
3.44087878779553,-6.76507073624949,0.0538852625761938
5.32601818887545,-5.82296314551042,0.0887666534687638
6.82153788846619,-4.29316332718637,0.16702962041138
7.74541420369289,-2.28893558699609,0.352888586947973
7.93079520643622,0.0160258102860358,0.770070124664157
7.23711678358717,2.38927100005121,1.46761598497113
5.65660272708056,4.55564833597223,1.93907405893202
3.48604452457158,6.26509108904676,1.44277411926324
1.12743794307218,7.37237275362675,0.55725655481009
-1.25949617355153,7.81201471657055,0.125671484388963
-3.60274255865409,7.54399789761425,0.0321885257896069
-5.74522440353771,6.56006319820478,0.0189771535888623
-7.4879359459014,4.9081776981061,0.0157042538615829
-8.64620383492855,2.69948293233984,0.014176432589046
-9.07791593683172,0.104090355339182,0.0135796922275661
-8.7000675432945,-2.66260260619225,0.013757014736612
-7.49524850147928,-5.35641688336634,0.0147748256495079
-5.52491462190234,-7.72445784512424,0.0169436008076392
-2.92285194459759,-9.52728015494853,0.0210505949887478
0.108008133233617,-10.5648349711821,0.0290649837807537
3.31326433258839,-10.696311866418,0.046643341734351
6.40353367246981,-9.85297810705725,0.094024643730055
9.06720111819019,-8.05724626696292,0.265369847132744
10.9388929801356,-5.43660199170396,1.12169827878628
11.220842451714,-2.28259171727584,6.14735795986538
7.43257952703441,0.614124823069324,21.1442275061211
1.08025268620088,1.91803889077061,12.9531196891659
-1.40473393910538,1.90656263169111,2.0796724031687
-2.172230274159,1.45535515168951,0.239253986814548
-2.54789299168697,0.809163081303251,0.0435168118719665
-2.68745032573815,0.0432248705605603,0.0255206544499341
-2.58492887087737,-0.776549011836394,0.0241189850298257
-2.23718719750471,-1.57754749938268,0.0247399215668706
-1.66148207799035,-2.28479880251267,0.0262708489959987
-0.897146772394447,-2.82752889153567,0.0287737785805785
-0.00318676747156521,-3.14573108977505,0.0324877387958969
0.945699450994443,-3.19690120584278,0.0377482316940475
1.86504507037144,-2.95952362635762,0.0449514598492273
2.66748913992046,-2.43840416058397,0.0543810804382054
3.27109653374286,-1.66497726445793,0.0658023137674619
3.60806594151214,-0.696394499073852,0.0777345923743739
3.63125509249456,0.389223821576672,0.0868181436788545
3.32026235804383,1.49813870156471,0.0885157098261449
2.68709530975499,2.52961795501281,0.0803638674350345
1.77133668920384,3.38378166868474,0.0650912009291097
0.642270661496528,3.97356419262951,0.0490866514919474
-0.611072573339418,4.22795468715816,0.0368954021225238
-1.88178587710583,4.10477929943357,0.0290519760525301
-3.05514158581741,3.59275389961483,0.0242548205447755
-4.01760513257487,2.7152257686616,0.021342557241625
-4.66770787375515,1.53085135524991,0.0196690575740616
-4.92673120451874,0.130303526988298,0.0189244020179196
-4.74804749147151,-1.37064419738653,0.0189914710739734
-4.11865111710951,-2.83987530069064,0.0199028952512358
-3.07086780524894,-4.13989230844083,0.021835136244404
-1.6753771717682,-5.14045530002333,0.0251883082804498
-0.0398766741952819,-5.73099225669238,0.030746394814586
1.69884650052393,-5.83297359259793,0.0400284411203788
3.38568278751181,-5.40664948152732,0.0560763751654363
4.85912624503942,-4.46040109517778,0.0849759379279707
5.9641052536827,-3.05135710438062,0.138339740373389
6.56831715925697,-1.28739241944312,0.233289120037967
6.57155507380806,0.682689303922377,0.377007089490828
5.93011620061085,2.67724011407251,0.516875831224698
4.6842736796983,4.50140359904277,0.520857129390939
2.96737089657442,5.97700956872357,0.343972662918452
0.939285391588743,6.96108944395126,0.146759427569512
-1.2526296810549,7.34917937138335,0.0522083836437775
-3.4466530568284,7.07799296262074,0.0261626666125442
-5.45358636754649,6.1344051642829,0.0191720369231764
-7.07985643717983,4.56479095023749,0.0161967815026759
-8.15312383443877,2.47571189735727,0.0146799800438875
-8.53874797209305,0.0270937382640156,0.0140910869588392
-8.16182132976947,-2.57641100800831,0.014285717667909
-7.00762822841456,-5.10465159181491,0.0153330583614841
-5.13625368862292,-7.31999530303971,0.0175413070638898
-2.67633707165124,-8.99979392390133,0.0216680965741431
0.182378374555891,-9.95358296017879,0.0295979471395427
3.19776188482247,-10.0525602446248,0.046490473797193
6.09718278210058,-9.23376661858982,0.0897781094702966
8.5914941818384,-7.52294965347728,0.23233206007777
10.3541921813839,-5.03541700487917,0.857045108783513
10.8113765437725,-2.02549213336736,4.02824455177822
8.35594650436034,0.92493305166341,14.4420673184099
2.80627530458619,2.73035297214103,14.1494204811687
-0.544331798866418,3.17171704441019,3.34088837575473
-1.91395407142449,2.96658677836998,0.432162785527062
-2.78415424870184,2.41757334927323,0.0604496622778898
-3.40472826732396,1.60386596169562,0.0250770411535216
-3.74479822508183,0.589297827888627,0.0215778243580238
-3.75976277760055,-0.544333948027095,0.0211235589395676
-3.42797678248548,-1.69976306143867,0.0215897966679306
-2.76006974271812,-2.7720612183224,0.0229235831687747
-1.79583328235336,-3.65680079513983,0.0253287344151649
-0.607136722428649,-4.26188358628531,0.0291876329733777
0.710442218100778,-4.513635379292,0.0351717992873514
2.04230038155504,-4.36749802869918,0.0443820617603606
3.26575367536516,-3.81438819628529,0.0585003225203833
4.25888436093647,-2.8797729744062,0.0797791711729467
4.91467240244059,-1.62960988165787,0.109810617422892
5.1496716583117,-0.161846509884117,0.145926126437838
4.91560357048612,1.39845682467108,0.175267063937238
4.2121808099487,2.91046985942903,0.176320264448308
3.08531301118922,4.23185766836286,0.139970507187262
1.62056033370523,5.23155319932498,0.0882523618034413
-0.0683456805056495,5.80213868805592,0.0503656270191492
-1.84589352719976,5.86836679590615,0.0317446335149964
-3.55872291256472,5.39418421116926,0.0235787845941806
-5.04687757723467,4.39059404780389,0.0195234756838562
-6.16032824019164,2.91827194255164,0.0173097564077654
-6.77406946607591,1.08423319128209,0.0162075299852628
-6.79938253605212,-0.965153791625705,0.0159606163128772
-6.19927349612527,-3.05356278938979,0.0165269033539842
-4.99100042212143,-4.99148856655767,0.0180504364308416
-3.24663132143093,-6.58983858644543,0.0209402120082468
-1.09634795980128,-7.68190619348513,0.0260928294213529
1.28674088043034,-8.13487516492181,0.0355799212613773
3.69521960722577,-7.86959088892542,0.0545734935742276
5.90367001347726,-6.86593360504517,0.0979110791582217
7.68424891636833,-5.17710128916264,0.212944675128123
8.80711939106641,-2.92748244292858,0.560175813015049
9.00281842849308,-0.324856851048428,1.60936511080337
7.89873419602766,2.31076510665157,3.9089446298558
5.37675776779983,4.54157958062449,5.3961280077555
2.41742988095613,6.02708891075455,3.16394568312576
-0.07462062536112,6.75391667794829,0.8332590902167
-2.24413883259319,6.81169871132211,0.129906468804457
-4.23649398865069,6.22831070363018,0.0287319231910043
-5.94818696475639,5.03085826597881,0.0182465286270924
-7.21528674835775,3.29363886899475,0.0158777081930554
-7.89407204127944,1.14349860987362,0.0148544145956294
-7.88678142941243,-1.24633643598524,0.014669659387506
-7.15064146653054,-3.67041666302732,0.0152892510398257
-5.71059937193646,-5.90784731947262,0.0168838605592949
-3.65425555174596,-7.7403016490606,0.0199333159615351
-1.13391502471369,-8.97291027207118,0.025565533360154
1.64441898232222,-9.45784368674796,0.0365621650026945
4.43861241055353,-9.10252031819751,0.0609750211830648
6.985022197116,-7.89230761908736,0.126411810423296
9.00952308052083,-5.89230564655541,0.348139396663719
10.1873868084197,-3.26117665703746,1.27098462639033
9.89393973626067,-0.303299641727474,5.04800758652123
6.91672801297986,2.36451723074292,12.3868175945535
2.37311270210392,3.93906251635403,8.92460847249976
-0.416379163027075,4.44005704286845,2.08952934853445
-2.02278742300081,4.32558749779674,0.282292736748484
-3.28479929341248,3.76791216658535,0.0441806681838545
-4.29205931453717,2.82266319160883,0.0219250971232815
-4.96243643229691,1.55633272400665,0.0191643849398406
-5.21543332182392,0.0663112518918577,0.0184126885516669
-5.00335381855046,-1.52357915819465,0.0185236811816243
-4.31619708703372,-3.07323226845568,0.0194885117151521
-3.18826130733947,-4.43713534520254,0.0215044568787465
-1.69672157446898,-5.47803797997156,0.0250143937520095
0.042621101536721,-6.08056538950431,0.030902035208999
1.88385690454003,-6.16123063481479,0.040967054714182
3.66167471003334,-5.68331103559651,0.0589253514864407
5.20554324923983,-4.65750479443927,0.0927556905999618
6.35145302398734,-3.14680891534156,0.15909429259565
6.95689234605926,-1.26757884663077,0.286323037938
6.91140128593059,0.818008963897216,0.495331229904382
6.16553807445548,2.9115099487197,0.715957477970682
4.77450198670601,4.80186742912048,0.734453423776188
2.90991171896559,6.30015382915534,0.468535795017221
0.763835825010913,7.26785419797557,0.181506226738283
-1.51799697221972,7.60640563885458,0.055484684294568
-3.77839545468907,7.25806760072597,0.0254068581384804
-5.82502737767188,6.21641206390436,0.0184899138445477
-7.45885211481326,4.53456711553416,0.0156949566806069
-8.50496689973148,2.32923999904438,0.0142938586649741
-8.83166523734191,-0.228511358440589,0.0137890289756174
-8.36158826854406,-2.92500240500722,0.0140635957500653
-7.09255011759816,-5.51974528289233,0.0152026671193686
-5.09070762196176,-7.76731950484886,0.0175556787677138
-2.49640590513815,-9.43990005055207,0.0219720905813852
0.488062410627603,-10.3456294099189,0.0306122951227797
3.60850238669017,-10.3577930926029,0.0496448355761167
6.5807251164002,-9.41947406570326,0.101118707415791
9.10059480788283,-7.56375988211144,0.286020004332117
10.8088983341964,-4.92674136625781,1.18241163039731
10.9280286200638,-1.80739750864372,6.07101435146683
7.26331556943995,1.03125062338731,19.1884412039227
1.33581040794866,2.38364642356158,12.0282708009703
-1.22049073496949,2.47672228793484,2.07911835256156
-2.17356227248485,2.08989882891713,0.245403448169883
-2.74312456384092,1.4528766349533,0.0431322767391865
-3.06972910924995,0.637282348191047,0.0245271791201123
-3.13058621702515,-0.289926164925212,0.0227755597033742
-2.90559213347075,-1.24975672675895,0.0229846879993243
-2.39903610204576,-2.15589656011891,0.0240685444633211
-1.63981416993473,-2.92164074154361,0.0260879508712856
-0.682201023310948,-3.46714078245201,0.0292951051292639
0.39665672239489,-3.72951150846362,0.0340923461065186
1.50453505153277,-3.66749270703402,0.041073949839784
2.54033692901493,-3.2668457629882,0.0510093985629467
3.40356102617953,-2.54518864160994,0.0645990590910635
4.00254213441604,-1.54973949366156,0.0817462831339022
4.26494800287519,-0.357126240022186,0.0999716675739208
4.14761331309001,0.932884630999401,0.112941839971855
3.63996062159033,2.20638754398671,0.112257448239602
2.77034105122932,3.3451625047332,0.0950529034574393
1.59975829334269,4.2371959767435,0.06944747867298
0.217824313978347,4.78686057260483,0.0473901565332664
-1.26326582073135,4.92472588184325,0.0335788448944162
-2.7157159214647,4.61372560038021,0.0259701915865513
-4.00518386532476,3.85516913511177,0.0217066449332339
-5.00390321916589,2.6923919962931,0.01924914776581
-5.60139333619957,1.20708406229248,0.0179442466578012
-5.71856169478571,-0.482977488090459,0.0175208985891363
-5.31589045703639,-2.23468786375824,0.0179098197588452
-4.39710133922894,-3.89027329701636,0.0192061642390032
-3.01611893991699,-5.29109879136406,0.0217012725618328
-1.27232471938747,-6.29276109299855,0.0260224646524596
0.69553013594965,-6.77850369023129,0.0334763419707897
2.7185790765564,-6.67166515671111,0.046908695026955
4.6113837182186,-5.94792433959638,0.0728614208445436
6.18537010832326,-4.63697050655505,0.127363680619641
7.26407909163004,-2.8299609173111,0.248536344781658
7.68604837721555,-0.673145265831794,0.512687408168348
7.32465290663024,1.63012619437008,0.979805120728189
6.12893600541876,3.83542881770668,1.4294676692024
4.25774621756941,5.69659268897076,1.29749720729655
2.03644788604339,7.03194131810931,0.645841325039397
-0.312347300006621,7.73960895970287,0.181358576903467
-2.68559869515167,7.75772556533461,0.044114363578703
-4.93671183817156,7.05620596929191,0.0213576400258438
-6.86778312185398,5.65803191279798,0.016660026803303
-8.28413490204584,3.65042230810251,0.0146351391763542
-9.02189624294184,1.1797265083709,0.0137009962775212
-8.97359714832177,-1.55333830150661,0.0135726762142239
-8.09545690303211,-4.31384903764346,0.0142321207361799
-6.41494983446756,-6.84857047348611,0.0158809877605722
-4.03869084679473,-8.90921927108372,0.0190702907105483
-1.14458597204157,-10.277934733138,0.0251464324422625
2.03204924312233,-10.7852217635541,0.0377715968271738
5.21269975373652,-10.3341919500657,0.0687905214458583
8.09305994152764,-8.90715848864271,0.168017859232431
10.3414656568901,-6.58852333144132,0.606952964669511
11.4271480827062,-3.58731197412932,3.15212205130758
9.61673261783088,-0.43214147391587,15.1753803675586
3.19759657362216,1.59256403999087,19.9125072242286
-0.826504567301845,1.94298921325626,4.59250850765644
-1.95246160237194,1.6025558381487,0.553529472665296
-2.41915109164586,1.01799565311165,0.0741328487080845
-2.63159365248909,0.293755412538522,0.0283578920408339
-2.60857901226572,-0.505237593757314,0.0243540219998831
-2.34231192185636,-1.30926940287923,0.0245408572289963
-1.84363210578477,-2.04457065034799,0.025774259592466
-1.14406926925846,-2.63919692628356,0.0279265464083593
-0.295906260000699,-3.02965142918038,0.031188097388409
0.631372991862392,-3.16741263540465,0.035857221273347
1.55672819164195,-3.02532524451814,0.0422946740318229
2.39426835006942,-2.59912405684373,0.0508232636439345
3.06072309830711,-1.91140609174688,0.0614075702711708
3.48376775441277,-1.01051133082542,0.0730514251419448
3.60968628391338,0.0325935951452975,0.0830939159621552
3.40950529024709,1.12969375025602,0.0873502131655484
2.88452832281715,2.18272674503152,0.0824556255051203
2.06447438525898,3.09164684503046,0.0693171813382313
1.00967170992762,3.76576144643639,0.0534371089558819
-0.19822868448522,4.12896654111876,0.0401737634622301
-1.45843913060134,4.13016337074893,0.0312123851540011
-2.65951644191348,3.74781163882233,0.0256445990530905
-3.68752580860732,2.99306219626821,0.0222366735335477
-4.43772505171453,1.91357672085312,0.0202150242394274
-4.8244433921728,0.58909841397441,0.0191911618025085
-4.7888140716012,-0.873605563349715,0.0190015443869884
-4.30979946084375,-2.34790462852438,0.0196270427259406
-3.4034371303863,-3.69886181117405,0.0211939618288245
-2.12711831477885,-4.79426772382947,0.0240137687661355
-0.576086804450385,-5.51731144919345,0.0287070405411382
1.12273490931307,-5.77801176771665,0.0364777462236683
2.82059783421818,-5.52657361672535,0.0496483290943132
4.3589508507822,-4.75394954702787,0.0728712722856559
5.58175187656765,-3.50144594013583,0.115039712644699
6.35030855406505,-1.85966275195106,0.190434765222556
6.55446978639757,0.0374773331095862,0.310631152589315
6.13056044635135,2.019943015277,0.448855607923598
5.09093952414626,3.89830522069787,0.501650709225051
3.53514610651962,5.48790852503459,0.381911276059848
1.61721049219427,6.63563900459988,0.187960006749665
-0.514970706546416,7.22419372832959,0.0692829727276902
-2.70741905199471,7.17551659774857,0.0308142610625844
-4.77864567577629,6.45859365915763,0.0208195313804205
-6.53496421466934,5.09968891771241,0.0170545370289258
-7.79639728857346,3.18494000225269,0.0151460788498005
-8.41577944428438,0.85615698232378,0.0142747857895141
-8.29537653926229,-1.69711394742031,0.0142131764512386
-7.40422929160529,-4.2530033247724,0.0149576222644907
-5.77455533565716,-6.57644813497545,0.0167260276086054
-3.51098424388,-8.43797827960306,0.0200876704341837
-0.78494398864925,-9.63858323996481,0.0264023670201983
2.17991578888913,-10.0260227712837,0.039261691357028
5.12190843737914,-9.51812845639078,0.069706590246768
7.75819027527065,-8.10630716784739,0.160531006950349
9.78819889926624,-5.87667396143901,0.516499729838441
10.7880541246959,-3.02276044094483,2.25513184392739
9.66180895177614,0.0369735542441681,9.62081013852602
4.8969526032813,2.37926814697056,16.7650116441204
0.428808716657959,3.27737490653514,6.26536693920654
-1.45512193877014,3.28425505046782,0.958256197607941
-2.50671052132061,2.8667327322521,0.117412231851139
-3.28315367327738,2.14313637551838,0.0299398277904728
-3.79379596977519,1.17380420585376,0.0218857535191055
-3.98441635844575,0.0341276094853391,0.0207800757135301
-3.81859353615906,-1.18099497451525,0.0208447728228861
-3.29108475158385,-2.36448033364657,0.0217447990769233
-2.42622108186005,-3.404703501334,0.023614108195289
-1.28489565333173,-4.19769721248793,0.0267570762706674
0.0449481781692469,-4.65494849770601,0.0317360811474803
1.45166421802544,-4.7147219454306,0.0395128799195482
2.80908687669444,-4.34560734412712,0.0517278534310944
3.98809285659318,-3.55881569657924,0.0708551482762552
4.86614575143365,-2.40122269307144,0.100019715493624
5.34011887863439,-0.959400339803508,0.14050935256498
5.34024636685754,0.646856306280833,0.184969626193091
4.84003179669396,2.27594117311298,0.21047298424152
3.86526503715899,3.77730503598483,0.190536700172735
2.48896412047768,5.00537165418682,0.130973020171356
0.819924994897575,5.83619329888873,0.0725499909412866
-1.01276971403591,6.17267086284518,0.040021270139659
-2.8578860271395,5.9566944794179,0.0265977705440784
-4.55029854696113,5.17548260009139,0.0208114801290483
-5.92590831417205,3.86645285640927,0.0178253792440084
-6.83946697399149,2.11843448761957,0.0162351727343996
-7.17767154424661,0.0649852317047326,0.0155912331833298
-6.87381227701232,-2.12294321332231,0.0157553340061074
-5.91730638851135,-4.25173223290993,0.0167799471768903
-4.35636701717525,-6.12184170466488,0.018933456757354
-2.29756916316633,-7.54528914550946,0.0228518172657775
0.100030352000867,-8.3621225826489,0.0299905192524855
2.63408004437502,-8.46086524428507,0.0439135650360362
5.07620059735442,-7.78934235950576,0.0745707719054011
7.18721300820208,-6.36530741083684,0.154061194689386
8.72536109603135,-4.28177367666137,0.398836988361544
9.41523831391633,-1.71456421904268,1.23256435278308
8.83075786602932,1.044179377021,3.68915364339344
6.47978266081625,3.52816223874084,7.01852718273644
3.12026096406134,5.23760788925537,5.40604967950104
0.386152894682704,6.08547062452085,1.64874349426693
-1.71811326788437,6.25013292187764,0.267045415714291
-3.57954438970276,5.81512605895719,0.0427240243044551
-5.19702269080464,4.81141839257399,0.0202308327282172
-6.43174676391383,3.29963155548734,0.0169817751191107
-7.14894901040712,1.38859628230185,0.0157573072049946
-7.24951160675813,-0.770446727949022,0.0154274859520775
-6.68851481459876,-2.9931877319099,0.0159015494240232
-5.4755488359963,-5.07893900465568,0.0173088074589216
-3.68290528962958,-6.82724853107614,0.0200330328802281
-1.43990383264765,-8.05560045163189,0.0249585602603697
1.07321873466151,-8.61837995264951,0.0341573270499445
3.63929310851611,-8.42552432605213,0.0529674220043008
6.02025782408145,-7.44750133556573,0.0975306474120101
7.97223791262224,-5.73253091765212,0.223694677786103
9.24024873285135,-3.40485352139755,0.64634527918067
9.48849717304155,-0.685449624830736,2.11658831402335
8.14483548986054,2.05288072047953,5.76337529189998
4.98782265703939,4.25098599811598,7.78938267132352
1.6857452128221,5.52944989437925,3.78745254429651
-0.675450474275158,6.01237744797102,0.809878460261374
-2.58262131745765,5.87714612326486,0.112280742634056
-4.27232903886313,5.17659858053277,0.0269226492685565
-5.66183361057685,3.95239300716545,0.0185050249031856
-6.61300879775887,2.28574639457942,0.0165705523226443
-7.01318407476453,0.30401528766407,0.0158181466813359
-6.79018025925942,-1.83015723170906,0.0158868749046482
-5.9261173136944,-3.92871417902492,0.0168032898421654
-4.46360013111781,-5.79686723304501,0.0187982420230196
-2.49818910932315,-7.24678442915188,0.0224472410209161
-0.182285681641125,-8.12038860211144,0.0290241637851623
2.29148530294566,-8.30195732173246,0.0415857102032086
4.70230771808083,-7.73319318851557,0.0683373244642516
6.81690473155121,-6.42212692935779,0.13457441159552
8.39998353076563,-4.45030290394524,0.328021120247738
9.20153096603247,-1.97956910940107,0.953867479616572
8.87039280057419,0.730244613768879,2.79270439986134
6.96720372600855,3.27278444981249,5.75405652722062
3.86724844217811,5.16869727293332,5.40045844901335
1.02612735037804,6.23175289646808,2.03253435849503
-1.22349503627334,6.58049932727539,0.379833661363252
-3.22287983149933,6.29828229547228,0.0568945044348889
-5.00552209031256,5.41038392039409,0.0215060432879852
-6.43206714078508,3.96638132686965,0.0170962802432247
-7.35240476507375,2.06541531478864,0.0155727604565611
-7.65020270100166,-0.145307447334541,0.0150188062744106
-7.26058397512215,-2.48049305438233,0.0152638862632417
-6.17847392121484,-4.73319032765514,0.0163797738613446
-4.45780823312292,-6.68943249365284,0.0186807760134382
-2.22106699649042,-8.15208226376861,0.022894421615182
0.35786656357545,-8.95521504922833,0.0307452841376821
3.06056386110281,-8.98509539079387,0.0466949948600616
5.64148507815431,-8.19198678062637,0.0842411603516292
7.84319325857756,-6.60229895525331,0.191993253875717
9.39761643828613,-4.32548163755038,0.571622654846694
9.94471621650611,-1.56830431931184,2.063247187757
8.7680968267784,1.29022447190431,6.65252559855827
5.25320768211384,3.59453960776572,10.4110717880137
1.51288026918961,4.83567142583018,5.06149461815963
-0.811301511313723,5.21887473780647,1.01616792772303
-2.49481926039304,5.02493132415769,0.134031566265906
-3.93127474311762,4.33766507682768,0.0293724211165247
-5.0808987296519,3.20441070765587,0.0195427455217455
-5.8309458714995,1.70343556686494,0.0176611821433559
-6.08860348987887,-0.0490682773471114,0.0170259886853792
-5.80062839619806,-1.90682637790932,0.0172161111160636
-4.95984923725453,-3.70535781520768,0.0182758894990457
-3.61005943255813,-5.27566413344457,0.0204504611632535
-1.84298021397841,-6.45725860139985,0.0243070077332888
0.201723387628763,-7.11916523029976,0.0310293969964266
2.35210699757423,-7.16810317374904,0.0432681332626167
4.41433132564503,-6.56358595364484,0.0673563503427254
6.18684982336224,-5.32169457497631,0.119889321323147
7.47608572342356,-3.52441001585943,0.245280003031919
8.09738137486808,-1.31403775087949,0.553544868582249
7.87595455368136,1.10072184641726,1.2128465389756
6.69004427328843,3.44991180364302,2.07419619518079
4.67506348233867,5.44172630954085,2.15381372332151
2.30190509294486,6.865033502239,1.15350655705951
-0.0971628561696702,7.63439351403483,0.320618119925095
-2.46679224781066,7.71256792710543,0.0631129204861612
-4.71619151156317,7.07649289830837,0.0230585722227747
-6.6639352533122,5.74604591517572,0.0170139680732522
-8.11574147379565,3.80138293278326,0.0148363034830543
-8.90863234205582,1.38479978356432,0.0138227821829111
-8.92835908124506,-1.31059198759232,0.0136293347485297
-8.12426010077515,-4.05304794908867,0.0142212989445807
-6.52199709789618,-6.59259586146246,0.0157750227787017
-4.22011986676009,-8.6836102401183,0.0187952786058969
-1.38617099635575,-10.1035827456501,0.0245273169054195
1.7486249417731,-10.682404486223,0.036256696565537
4.91099724834518,-10.3138545350173,0.064492662011775
7.80185335265791,-8.97860362466673,0.151424427993681
10.0981964726907,-6.74881418523291,0.518407452675723
11.3223168057579,-3.81594781306888,2.56772472104197
10.0129908046045,-0.645637488665998,12.7560300020631
4.05488183602126,1.58930068305235,20.809071385072
-0.476132818522728,2.12860339024055,5.7545283922626
-1.83748378594122,1.86506378882253,0.731255155798667
-2.41023447857121,1.31517968908043,0.0919759817874684
-2.7156409410494,0.597801010517182,0.0296443477887089
-2.78157955545741,-0.222175311429137,0.0240602929869635
-2.59390686018934,-1.07469342745318,0.0239045135194504
-2.15446898700447,-1.88276965113719,0.0248717048628607
-1.48975396169112,-2.5696552052758,0.0267297345798933
-0.646657291367189,-3.06451450607606,0.0296532405502781
0.307799740406751,-3.30981421206713,0.0339443558344113
1.29191239684286,-3.26828693725795,0.0400098015914549
2.21633038984193,-2.92643167341262,0.0483051604274907
2.99152333309895,-2.29795085413643,0.0591040003828226
3.53629998556446,-1.42408941818968,0.0719357086542031
3.78577910519066,-0.371267499271935,0.0846680830581565
3.69996640319877,0.773209114342564,0.0929473655033078
3.26736203707163,1.90866521270538,0.0917252960815678
2.51101189729927,2.9302202599658,0.0796858618162653
1.48182314129459,3.73685918763049,0.0617938988212787
0.259241636750705,4.24353860600903,0.0453734483946668
-1.0579283188884,4.38584561173595,0.0339797987777665
-2.35568787497816,4.12911540100791,0.0270256882663168
-3.51444705726473,3.47322006560997,0.0228598622478617
-4.41915812846299,2.45390420132019,0.0203767569135495
-4.9711790559106,1.14324716883546,0.0190205876591444
-5.09773382293518,-0.355745134428277,0.0185447971011007
-4.76210610237478,-1.91619766218262,0.0188777731069398
-3.96636617317773,-3.39832657627805,0.0200961289809777
-2.75544363521655,-4.66051845359015,0.0224489456673454
-1.21598148423287,-5.57307311613769,0.0264574156723247
0.529838937246464,-6.0307417253868,0.033150507640281
2.33279259946438,-5.96266830634642,0.0446084321700831
4.02819056528337,-5.34510475901166,0.0651003010250355
5.4499321169257,-4.20284444146036,0.103519518315338
6.44146070251936,-2.6110569037029,0.17726110131476
6.87335786222103,-0.697211953207127,0.310870043398842
6.65142765178131,1.37055832745693,0.506047111560024
5.75414924186398,3.39361792626939,0.662224937996138
4.26382630078096,5.16960838311762,0.597753482687421
2.35346129534973,6.52496498302709,0.33504501175195
0.193143728888121,7.33118529586337,0.120668327482291
-2.07203337095733,7.49858699129095,0.0411226646629721
