-2.76538023874147,0,0
-2.66430577679874,0.510466107363406,0.118583794229062
-2.69900495019753,0.969707927412629,0.138935449290882
-2.85666527298655,1.42526787871632,0.0633011832056843
-3.13743322984439,1.92056949382444,-0.118314315736612
-3.55727307220533,2.49705627088251,-0.431946302473089
-4.15217710130585,3.19466091726462,-0.927479579089114
-4.98324783584127,4.04750744581046,-1.69544464948361
-6.12725671158964,5.05614424827974,-2.88915635146588
-7.62660890142407,6.10369297705159,-4.75515255076914
-9.27656233636106,6.72069766926552,-7.56871569693437
-10.1436326118845,5.73748842622476,-11.1434889303939
-8.68711860731359,1.86397278535253,-13.8842419500451
-5.39878716532493,-3.84083370859221,-13.9292149360577
-3.3655854570046,-8.49049484601036,-11.8852644565153
-3.8936909266563,-10.6577764290321,-9.16190253567824
-5.66225113386245,-10.5741573264829,-6.69873816802949
-7.05948243316133,-9.19785353088927,-5.12789064491729
-7.44872444622471,-7.37051495412912,-4.39530892190703
-6.95101493493911,-5.54972669082785,-4.02248127813422
-5.95101044994825,-3.92332712671194,-3.64101337853924
-4.80861847284049,-2.54211158016179,-3.15857312079563
-3.76203665257597,-1.40444595922322,-2.64577372933135
-2.92862390849127,-0.489054254023993,-2.19715746372502
-2.33852142428622,0.241024532836667,-1.86664799856657
-1.97677598499549,0.831745952429189,-1.66571824331726
-1.81193443376472,1.3316232325255,-1.5813712266877
-1.81596747659211,1.784383851668,-1.59497680955
-1.97231984948196,2.2272506212691,-1.69307645871236
-2.27733081149248,2.6915305446883,-1.87285404804214
-2.74171689991383,3.20392286502284,-2.14779203769016
-3.38886779006081,3.78629606055139,-2.55426299707782
-4.25007947345891,4.44926424580411,-3.16208854579669
-5.34834990283194,5.170192789159,-4.0873267610053
-6.64730802721974,5.83316612211546,-5.4928263515556
-7.91562174803483,6.10574095202816,-7.50291979469317
-8.52216555416222,5.32665810981169,-9.91435504223479
-7.58358823548025,2.87054405713216,-11.7995133675128
-5.08812071466964,-0.799417816130069,-12.0518504529416
-2.41630435457565,-4.22226554717615,-10.7780947301384
-0.769731183676857,-6.47764534869632,-8.88333382564709
-0.258593044461366,-7.49091197312495,-6.88820923276197
-0.413003007272793,-7.52797987705199,-4.94022532279973
-0.767740269224156,-6.96533259336135,-3.12769010695434
-1.09700201907881,-6.17536223338799,-1.52153834497481
-1.37811638534221,-5.43791462376829,-0.139255805958343
-1.67464754312226,-4.91673299983609,1.05144096448422
-2.06029182844359,-4.68974593100867,2.1055205200022
-2.60077775157765,-4.78823312025941,3.07763628111525
-3.36588316103419,-5.22020543918073,4.00019134625342
-4.44706745803216,-5.96584280106271,4.85238674846775
-5.9492716708931,-6.92281913227636,5.50080299388416
-7.88908707447163,-7.78140728514309,5.60974398682026
-9.9366912901102,-7.915133904465,4.64410267337257
-11.2521984914014,-6.68386478633676,2.31044632138656
-11.1424562909132,-4.2928004840737,-0.775994504036819
-9.90410742605643,-1.8163369773184,-3.52586371220505
-8.29294243665068,-0.075776154245681,-5.40046381886665
-6.71770583099358,0.801884720156502,-6.42875662272647
-5.24496761996806,1.04876121617492,-6.79735924243181
-3.85450711734167,0.949970410984978,-6.70203197871862
-2.54613064353252,0.707552786006605,-6.33248882562263
-1.3315287887504,0.416097491250243,-5.86415199116435
-0.208163646350794,0.0878602101961048,-5.4383217273454
0.84812887872809,-0.310098764401319,-5.1572893252751
1.87810331836948,-0.829613310641601,-5.09187253838189
2.92415165696976,-1.53910576117895,-5.30255126558577
4.00992472990015,-2.53451936869486,-5.84684100224297
5.0954059994518,-3.96077589371337,-6.76346047664335
5.96872494648168,-6.00440763250806,-7.97880013100059
6.04880650001987,-8.72544192704884,-9.06326772697941
4.36417548363669,-11.5354799193758,-8.98986897671757
0.576571911505009,-12.9539995262785,-6.91153727140396
-3.82025345430542,-12.2256954317049,-3.90495107309634
-7.04428904287566,-10.2401172215702,-1.9494381567012
-8.53429415442521,-7.88186122797951,-1.59774715233529
-8.54304520430765,-5.52909695682225,-2.1479213027513
-7.64693288317632,-3.42915707744976,-2.79177621791962
-6.42411605128271,-1.70931865206677,-3.17189037670464
-5.25977346278535,-0.357300857186053,-3.30252434536943
-4.33792981183208,0.700047301701022,-3.31926968487076
-3.71298138079118,1.54114155337372,-3.33709657458834
-3.37596321217663,2.23173528096032,-3.41868342017084
-3.29526494899093,2.82250907377459,-3.59016120272927
-3.43585895528605,3.34863449289506,-3.86340508165588
-3.7636484121827,3.82794087820242,-4.25141978399499
-4.23949524052855,4.25591462485865,-4.77449839488446
-4.80415940249678,4.59488327668288,-5.45704315793209
-5.35182192695009,4.76325920065604,-6.3021149477838
-5.70836022411359,4.63087607048652,-7.25114487810964
-5.64502134925842,4.06382207572808,-8.13257322016378
-4.97737845992595,3.029776139614,-8.6815681970688
-3.71422298879163,1.68728693002796,-8.69344501762869
-2.08566758153106,0.304538466452464,-8.20545461555486
-0.381726727389545,-0.942425520015329,-7.48178348245949
1.20326094035323,-2.05571114181931,-6.83154267672761
2.58469653190532,-3.14194247391588,-6.46473022017707
3.71653188196723,-4.32356923178592,-6.45626459561423
4.51513438763357,-5.68668331006205,-6.73472303404249
4.79946210281725,-7.22603442116442,-7.05912564085227
4.31286218555478,-8.73900478285192,-7.00868613371646
2.92602961387429,-9.77373355955218,-6.14818639549893
0.930324907047018,-9.90602428683337,-4.42140679726072
-1.08470225533819,-9.18844097570038,-2.28370730218764
-2.7281490654031,-8.0940956265949,-0.283705361083908
-3.97638816274033,-7.07129359422686,1.29406658121508
-4.96104335672191,-6.30956785508774,2.39605716544107
-5.7857971789365,-5.78363696061441,3.05226877697689
-6.4762723213627,-5.35824448248533,3.30267682221261
-6.9924889124823,-4.87268598921009,3.18970427944724
-7.2685936899289,-4.20584842412791,2.78167926648599
-7.26580653244838,-3.31737096562961,2.1793106923148
-7.01534709417318,-2.24612336310921,1.49030616574558
-6.62067200907479,-1.06876270712349,0.785584090269427
-6.22433031598161,0.147203506475407,0.0738009675969282
-5.96419209699034,1.36887378729967,-0.690753502447913
-5.95998794748938,2.59002306012205,-1.59072033936846
-6.30300357890727,3.80157155085958,-2.7369703072204
-7.03050546847048,4.93429933045566,-4.27131797717828
-8.03230912679271,5.74816640753978,-6.34461645069117
-8.82982365719916,5.67401265442256,-8.93167160102028
-8.46257870979572,3.91211339749505,-11.3808135661439
-6.33112174075379,0.404379938402506,-12.4154031957757
-3.46512181873149,-3.45588285494633,-11.581497987701
-1.45158112719968,-6.27085800241914,-9.72768214079486
-0.752704643045625,-7.66788985293137,-7.60963532212746
-0.905270502445467,-7.86490974247123,-5.49563787129036
-1.31754965448094,-7.28565765255193,-3.52497359318575
-1.67138757468159,-6.38248575293823,-1.79980516898713
-1.92193339998799,-5.49881345073048,-0.348162682985339
-2.14380210554148,-4.83058361654161,0.863749874639673
-2.4217387155688,-4.46165175583433,1.89627493649292
-2.81940215245411,-4.41433197675773,2.81030564379448
-3.38949443294605,-4.68315655373168,3.64977047110554
-4.1932870062793,-5.24444133023136,4.42289166407692
-5.30654861094587,-6.03213745303008,5.07054207068522
-6.7790017252327,-6.86993239120971,5.41305006003134
-8.50191416323815,-7.37738434980405,5.11009336108089
-10.0193099911789,-7.00353888813473,3.79832752843543
-10.6448058259574,-5.45165803442249,1.53231138965677
-10.1242160402574,-3.16112088849101,-1.00685618733458
-8.91415752303369,-0.94100032189442,-3.1263813221158
-7.60435320100498,0.719391820969363,-4.62831841929102
-6.46747149423952,1.73906535769738,-5.62239608164893
-5.50381705366829,2.22050502930185,-6.24203981186752
-4.61718168009109,2.30689228896857,-6.56338136964128
-3.72572903818318,2.13411069236858,-6.6307218386339
-2.79562654209463,1.8134706374597,-6.4928956188064
-1.83086785663222,1.42025901096038,-6.22158959112932
-0.847072662785219,0.985580682572594,-5.90348863446791
0.149161672759789,0.500730387637153,-5.62795321974509
1.16752820587793,-0.0714190088184853,-5.47790906885557
2.2302621468692,-0.791547912834419,-5.53322416946778
3.3574413706455,-1.74759260204567,-5.8756636085803
4.53306089163855,-3.06985819031172,-6.58139425891993
5.6243132905415,-4.94297376494619,-7.66501835325649
6.20177060749564,-7.5354734476381,-8.89491593361484
5.34427158512762,-10.6039709995111,-9.44951191413627
2.17698808231438,-12.8802839916319,-8.1178277298252
-2.46342604493915,-12.9619912417216,-5.13715597004748
-6.44007081776521,-11.252559947506,-2.65414029943518
-8.61895669782964,-8.87496101720897,-1.93818252255419
-9.03077130030725,-6.39995099828627,-2.49398259370494
-8.24358164279663,-4.1676164983475,-3.31151721864278
-6.92893431114998,-2.3685018126914,-3.81642661253827
-5.56431900554117,-0.996594123360523,-3.94432467673753
-4.39108737748687,0.0425800906606354,-3.8483840333206
-3.49263913271076,0.841405626124044,-3.68809294526379
-2.87066481889,1.46873010536551,-3.56043006697637
-2.49310150325916,1.97539514317445,-3.50524139892999
-2.31879263417677,2.40064437450748,-3.52869197248262
-2.31278895108815,2.77362616667065,-3.6248236358423
-2.44645733952508,3.11597324606166,-3.78624777818835
-2.69938290235536,3.44132725125495,-4.01130164327086
-3.05504538162112,3.75493169436407,-4.30612449149985
-3.4942913068384,4.05102083451524,-4.68386920931967
-3.98715529591618,4.30761693214576,-5.16141489231733
-4.47990922359849,4.4803620164016,-5.74807616827731
-4.88243216016235,4.4982317368321,-6.4271024892324
-5.06319250683389,4.27258063221385,-7.12846361985502
-4.87788541698558,3.73704660264965,-7.71517034886946
-4.23565623834709,2.90371465397338,-8.02100994156686
-3.16874790945485,1.88675252495373,-7.94799859407327
-1.82298301952483,0.837306511264027,-7.54664828096972
-0.373149427347166,-0.158105120190493,-7.00058009679134
1.0595495569371,-1.11712817278528,-6.52798532556874
2.41649873884388,-2.12947451196743,-6.30879829203206
3.66258862762522,-3.31386917596683,-6.44781845777583
4.71662250407191,-4.79509397654685,-6.95358872675876
5.35753940636367,-6.66212889867916,-7.66385648992726
5.14674216657196,-8.80764659205407,-8.1137429143799
3.59710676324582,-10.6592873696816,-7.56795818405971
0.82876465453461,-11.3375899972885,-5.66425103861505
-2.16847059599113,-10.6067424064744,-3.09220112408441
-4.49120796952657,-9.11683957184593,-0.909599071460591
-5.92208336990095,-7.50667762684728,0.417755009016111
-6.60593479739407,-5.99399681852278,0.984399218283976
-6.73703104897414,-4.58159853109694,1.06438157748895
-6.50438207807364,-3.25242634078654,0.904665546354034
-6.08638309826669,-2.01131529708356,0.652586430137141
-5.63791678653582,-0.86294562099211,0.360254684086909
-5.2762653548205,0.206535030266959,0.0178523415122696
-5.0850374172509,1.22974141410404,-0.415264567286094
-5.12714201802578,2.24994841385807,-0.99506877511757
-5.46214430699025,3.30602796339491,-1.79753303186391
-6.14803771533859,4.4062471726787,-2.9352896220688
-7.20429799969349,5.46579385730748,-4.57615533722675
-8.47018758582353,6.16224153113367,-6.90158017314571
-9.3026803443064,5.72644602071006,-9.82249492699216
-8.52823600059758,3.19309698285844,-12.3642119777125
-5.84866576081269,-1.14108111459484,-13.0014152768507
-3.04164540717333,-5.3286594273264,-11.6569090256465
-1.75889349469363,-7.95166967250591,-9.43452548151854
-1.93177289164389,-8.82087160146107,-7.00899331748157
-2.6522695012819,-8.37125889517571,-4.70625999665898
-3.23367878957046,-7.23812879706761,-2.75123945636525
-3.49089997997584,-5.95127136915487,-1.20462896992361
-3.52220499990215,-4.81249675312155,-0.0092185161942453
-3.47507429887652,-3.94490096590646,0.919919643609966
-3.45074713119306,-3.36955063835977,1.65829801074756
-3.49663474186588,-3.06289400730028,2.26520940834752
-3.6281118946648,-2.98863932773655,2.78557441318014
-3.84940645496301,-3.11170621998041,3.25111817124446
-4.16714310579807,-3.4019026453551,3.67973840319704
-4.59534080555743,-3.82819682672214,4.07295617216286
-5.15473283518973,-4.34878908575297,4.4089063721882
-5.85841915118177,-4.89148342467313,4.63296927950534
-6.68425519168591,-5.33392329159823,4.65049679148699
-7.53321531693207,-5.49656375589825,4.34149609198842
-8.2102492668282,-5.18752819399161,3.62322210771495
-8.49313314305677,-4.31243468651543,2.54114154962347
-8.28832754737234,-2.96633559272447,1.28506961205243
-7.723536156469,-1.38237900699225,0.0614935545304256
-7.06542487309641,0.216448287695282,-1.04697029076411
-6.56973925263309,1.70172684598846,-2.09353111852464
-6.39741681290193,3.0176730764761,-3.19403987039935
-6.59090423788866,4.11266732638671,-4.46808593629852
-7.04802433374767,4.8624301100809,-5.99947512642573
-7.46161397520058,5.00301441318274,-7.75841447021334
-7.30109362356321,4.18733904760589,-9.43694215155414
-6.1003448649997,2.317201460796,-10.423126496237
-3.99647704194042,-0.104346821747678,-10.2822951269679
-1.6990263253006,-2.32290352380427,-9.26371352202379
0.187742741630993,-3.97763253652033,-7.97408171851434
1.46904368719733,-5.11348384629917,-6.80963828843432
2.19266331095902,-5.87426977590255,-5.85550098911722
2.47463776745629,-6.35227629410991,-5.03551380566627
2.4374117624756,-6.58727000356513,-4.24470283173848
2.19239390034979,-6.60426923723826,-3.41472802700345
1.82986591143417,-6.44370707811779,-2.52546161860224
1.40778111131795,-6.17094641952092,-1.58787113518633
0.945544113547938,-5.86870116869067,-0.619540597429567
0.42766879786338,-5.62243397454193,0.373104312160364
-0.189514378671024,-5.51583741918452,1.40047394743019
-0.972224106537712,-5.63030895208129,2.4830066018212
-2.01766440500704,-6.05030257722437,3.63376287027095
-3.47059634606998,-6.84773312707943,4.81610521131639
-5.52685574201888,-8.00186383561225,5.84165390608505
-8.30552718101752,-9.16408452517273,6.16416645661911
-11.3433444143436,-9.33347560291678,4.75935843319174
-13.1410947726353,-7.44629113169244,1.03371795770161
-12.6515069025092,-4.36911310114521,-3.63820186968848
-10.6795280845666,-2.30800327687621,-7.20632459418217
-8.23443028773473,-2.02323986405187,-8.89669338014019
-5.79058375365947,-2.7446589205639,-8.92796674866504
-3.66204842681843,-3.5164717281995,-7.93831472460908
-1.98424223059581,-3.91539449504914,-6.5684376588471
-0.714500885089453,-3.96255111005775,-5.23101214995575
0.248690151541381,-3.8291249940424,-4.11798057188933
0.992436503869643,-3.66215251423367,-3.28451935160926
1.57956170307181,-3.54243670285351,-2.71995840816411
2.0566366945788,-3.49938260087293,-2.38882911877766
2.46027953123379,-3.53377772814498,-2.24947612423389
2.81732595426994,-3.63802142272656,-2.26874614527095
3.14760429739527,-3.80468876260991,-2.41991012308036
3.46334444467297,-4.03273013601675,-2.68426398866058
3.76868362302745,-4.3288049474192,-3.0462772627926
4.05698146710863,-4.70614724652063,-3.48729247897519
4.30586718554369,-5.18104383199026,-3.97762038981205
4.47060019324207,-5.76258601111077,-4.463975916472
4.48057153487121,-6.43271248677617,-4.85639408128519
4.25046739617136,-7.12067493999575,-5.02643728385223
3.7165793979802,-7.691648225504,-4.83347675204681
2.89325045822453,-7.98463912115818,-4.19157555110681
1.89222979634127,-7.90656931863847,-3.13375415468555
0.859419934297854,-7.50897576332901,-1.8023447363962
-0.122841662288284,-6.97190518153995,-0.36676791666008
-1.0732930496637,-6.50916733231135,1.05556084308469
-2.08068166311631,-6.29763664240917,2.40808008969142
-3.26303565265742,-6.4429959068178,3.65655255679768
-4.74684112821936,-6.95786023050983,4.72054116513246
-6.62542836907162,-7.68479710901503,5.37890023760452
-8.7985913091882,-8.16011322670142,5.18606153358532
-10.6927475253195,-7.63558272280461,3.63583498268123
-11.4047852825943,-5.72798009250329,0.831428396905339
-10.6781891604188,-3.13638287910545,-2.21899784284187
-9.1696961072762,-0.950307447916143,-4.57898721169646
-7.52892845871102,0.357067654477505,-6.01988128578664
-5.97686278024849,0.889777688124766,-6.68413286767432
-4.52166553801473,0.940846854216948,-6.77780414096331
-3.15490698297749,0.764494776029104,-6.50225206589074
-1.88609951943097,0.507496346710752,-6.05076617460776
-0.719733509455581,0.215058277251233,-5.58466638172354
0.360212265888035,-0.129417592967639,-5.22368403258085
1.39044278424248,-0.569865687207084,-5.04887784798945
2.41591042539015,-1.16605454375717,-5.12308109962617
3.47430747739165,-1.99593826143953,-5.50166368882314
4.566782528029,-3.17806313571303,-6.23821971027485
5.5880727165172,-4.88393496657768,-7.3343904817626
6.17183955390346,-7.27812244103027,-8.58173180705799
5.50161463351119,-10.1872850685787,-9.25725670123848
2.70245413740825,-12.5130669949873,-8.20808548285199
-1.66543256902016,-12.8402881340621,-5.40620072516081
-5.64108010645967,-11.3382892080168,-2.73424206943903
-8.01379202143122,-9.09562251409367,-1.61715129838315
-8.70861410036354,-6.70069799779368,-1.83892378229072
-8.18381290294988,-4.44518247564631,-2.5194343372374
-7.0566032452375,-2.52865215463946,-3.05032088713283
-5.82177834976169,-1.0013788314302,-3.29050837669424
-4.75808790828063,0.189769210330493,-3.34221715902609
-3.97492334732606,1.12610811489943,-3.34193707845281
-3.48849881045111,1.88029887330643,-3.37890763860181
-3.27441738796895,2.51077958870767,-3.49475538424354
-3.29755612768412,3.06076293800235,-3.70543981152525
-3.52372459573191,3.55763767100117,-4.02109880050476
-3.91899195249712,4.01015733896612,-4.45749801927144
-4.43825360127245,4.40214453650727,-5.0364596627551
-5.00814784923084,4.67953097373914,-5.77797938065503
-5.49924179055929,4.74201731745756,-6.66607893605097
-5.71368077336028,4.45210256251196,-7.60263103937229
-5.42764041227645,3.70354727102921,-8.37384035306944
-4.5199091267553,2.53506285416935,-8.71903467616949
-3.09342343343827,1.16448134114321,-8.51789345262245
-1.41857764018251,-0.160650335146571,-7.90788289489512
0.245905425842606,-1.33730600262954,-7.18908255769094
1.75545932979623,-2.41991285411579,-6.63940983991661
3.05087160758768,-3.52897275704636,-6.4178640734755
4.0796398391311,-4.77888376159956,-6.54801650417364
4.72417414667739,-6.23253589261102,-6.90077670585825
4.7567339888266,-7.82774126054396,-7.16192853589233
3.91965737126184,-9.25757301470066,-6.85915926244565
2.21024921414562,-10.009492861901,-5.63933613543438
0.0914809988818294,-9.78627419555435,-3.66172976608651
-1.84597202318277,-8.84573852430492,-1.5010464702542
-3.34899408715032,-7.71452526013421,0.360559745126621
-4.48065462808089,-6.75417217737735,1.74102468013985
-5.37715558584275,-6.05682487219415,2.64090739663435
-6.11314825069009,-5.54237347536174,3.10631059851843
-6.6893906058971,-5.06220494039138,3.18960356458294
-7.05908405602648,-4.47658634406532,2.95101995178823
-7.17661415960243,-3.70653923829131,2.47787457915822
-7.04158548625356,-2.75025543501943,1.87216873829444
-6.72011619334963,-1.66088976919137,1.21897025430613
-6.33071223212883,-0.504554407254996,0.554405314794124
-6.00501987243394,0.676025930092998,-0.141159893686212
-5.8653687920141,1.86789535794764,-0.929202790773517
-6.01578559709084,3.07249875904734,-1.90083455171409
-6.53386347654351,4.26907548565183,-3.17833385479733
-7.42657792850215,5.34060891549953,-4.92100031144751
-8.48105156485793,5.93199646405743,-7.2606226769468
-9.00754625431462,5.30540717117971,-10.002907679363
-7.96192703198775,2.72757463984396,-12.1463228947925
-5.2927698634476,-1.26825071284434,-12.4503344672741
-2.60301089603779,-4.95746344087184,-11.0625379347273
-1.20059710594195,-7.26499239700463,-8.98504043350915
-1.0428993265312,-8.10986393306331,-6.76879546767499
-1.45986061447203,-7.85001091153852,-4.62574606751083
-1.91146020168072,-6.98787876343718,-2.70823277120669
-2.21219878426771,-5.97247174679603,-1.09266196481291
-2.40456876066109,-5.0929276598433,0.232365682116309
-2.58902333997852,-4.48693192866166,1.32334085110324
-2.8448107780891,-4.19517477135261,2.24780600172053
-3.22347590172711,-4.2152533503205,3.06264760513496
-3.76657824161335,-4.52481409471082,3.80379063777719
-4.52423212598388,-5.08630299985624,4.47031392889904
-5.55205769493514,-5.81876977927609,4.99950128918108
-6.87150891069313,-6.54344167755814,5.22639324677278
-8.35468430938761,-6.92026976919645,4.8735335222224
-9.60424882308275,-6.50767376482554,3.68290866787168
-10.086551297933,-5.09496269215751,1.73946033075131
-9.62159781263861,-3.01933695664641,-0.427068344423849
-8.58077276313565,-0.901837858907255,-2.29540298152772
-7.47681169402606,0.839920354242917,-3.72135262723397
-6.59323720907472,2.08118191703315,-4.81008696578478
-5.95705673972211,2.84005063008854,-5.68506289608622
-5.45240977937286,3.16384409238704,-6.3942209847294
-4.92144927995485,3.10897086697455,-6.91575513981641
-4.23935811095456,2.75062347563371,-7.19556541641865
-3.3582888051329,2.19223058167442,-7.20172484584912
-2.30738507977113,1.54069199945851,-6.96515715459416
-1.15511437980737,0.867156868040958,-6.58437492149265
0.0371671960376479,0.183312084561872,-6.19406972219647
1.23850959823779,-0.552289888234436,-5.92853330654283
2.44487115376894,-1.41692508081606,-5.90407979696208
3.65273515767511,-2.51635611559145,-6.21437223319977
4.8075744262816,-3.98976447475336,-6.90983373388538
5.70163410543484,-5.99638445034654,-7.9146806568168
5.8088633819326,-8.56496144748167,-8.81738344494141
4.30046207962932,-11.1536408304909,-8.68885537455745
0.914651100637622,-12.4800894835716,-6.76105258752585
-3.07811899701418,-11.8619049362836,-3.86508686101293
-6.12513778099133,-10.0598167761282,-1.69846518226543
-7.70750256744255,-7.91407059295898,-0.90219697850823
-8.00259726573636,-5.74707064307682,-1.04685179482044
-7.44134994822383,-3.71902311024275,-1.49138674920899
-6.50436857192146,-1.94746341689436,-1.86922497433977
-5.56352647466629,-0.466603009522079,-2.11879191599006
-4.83118428422424,0.756705601524092,-2.31729827582754
-4.39719856434545,1.78429861370814,-2.55568621109615
-4.28222335869596,2.67946072454455,-2.89915856448394
-4.47781465125586,3.48975072033246,-3.39632550557584
-4.95793951414509,4.23283488355676,-4.09785918539288
-5.66724089090146,4.87195790862932,-5.06822564130226
-6.46818517861693,5.27559674503992,-6.35963613890601
-7.06371353905563,5.17654481069258,-7.91921250887528
-6.981061386702,4.23798679269717,-9.42672318395747
-5.8364992675488,2.36951784497698,-10.28907580976
-3.80638169126383,0.0323023080502847,-10.106916530023
-1.56495019427193,-2.10346659665245,-9.12237254512847
0.318380728349221,-3.7271694973151,-7.90475808464723
1.64436441974393,-4.89463239328679,-6.8345471804095
2.43141175665204,-5.74206820074354,-5.99421866079298
2.7651324144271,-6.3482057854369,-5.29596580418471
2.74123219426019,-6.7272742565191,-4.61098139762059
2.46094265245681,-6.87067977015109,-3.84413027688619
2.02506386374257,-6.7889775399828,-2.96178792829079
1.51531890073817,-6.53532985640745,-1.98196348995147
0.973562116751965,-6.19897671658818,-0.942325466692136
0.396143262801218,-5.88492770378023,0.128864950440816
-0.25765367775314,-5.69679200495562,1.22458656763443
-1.05580338275381,-5.72930272091382,2.35521184967937
-2.09591553489949,-6.07213532698942,3.52924591527925
-3.51586673318916,-6.79335326665183,4.71060600020482
-5.49803237788771,-7.86880546215436,5.72288525598309
-8.14867782547404,-8.96655181549826,6.06430013367593
-11.0491909748973,-9.16092475029953,4.80430527412001
-12.8353811982413,-7.429259584792,1.37045479165478
-12.4707732213592,-4.43316123164018,-3.05010129060723
-10.6362743501193,-2.18483318030372,-6.55134047625412
-8.31695317270845,-1.5542789593472,-8.35210173122612
-5.94966682771585,-1.98961661803144,-8.59963771517555
-3.79218498595573,-2.64471503900266,-7.83259825274105
-1.99817765363987,-3.0749311357482,-6.64482912715538
-0.577925093501917,-3.24400227027241,-5.46074254126709
0.534236382640027,-3.27755503643357,-4.49707282221682
1.41702826184054,-3.29756814621307,-3.82746860527968
2.13885384502982,-3.37520646393817,-3.45163312247511
2.75344635922031,-3.54161030801996,-3.34040271029266
3.29866819581698,-3.81069552728512,-3.45898569926854
3.79479183233044,-4.19610918186871,-3.77328105695116
4.23918805689452,-4.7196588821523,-4.24522538502123
4.59699483946058,-5.40547517833161,-4.81519287488712
4.78612018289847,-6.26180420479042,-5.37931970360855
4.67372943484826,-7.23371366590384,-5.76169279760479
4.11708183450375,-8.15034037275745,-5.72568523987299
3.07339093893157,-8.7374436081412,-5.0730070245431
1.70045971181949,-8.77347608025668,-3.80300946443861
0.279811357136178,-8.2868865111579,-2.15169415082848
-0.998033600579338,-7.54679114871575,-0.42298770561926
-2.12831333711815,-6.87231083290523,1.17766528898376
-3.21831110750942,-6.48028483211046,2.56084322976634
-4.39006444274323,-6.44230598367581,3.68224146378461
-5.7264219152853,-6.68477585005735,4.46151626099029
-7.21749658456985,-6.96790055728411,4.72878008792897
-8.66372277600618,-6.88530985952967,4.24911531692247
-9.64046451297001,-6.03126551461413,2.91840319702148
-9.75753515214416,-4.35301549255258,1.01546822932805
-9.06820662568191,-2.26961999344687,-0.912177486919057
-8.02028522550874,-0.29164723044818,-2.5036481835975
-7.0474995584804,1.30614044822644,-3.73894180400491
-6.34587161442129,2.46097862850392,-4.74737522558323
-5.90045505068968,3.18701188616307,-5.63393675678225
-5.57488067588321,3.50170959434652,-6.42487134768863
-5.18805152958424,3.42182304959137,-7.07110934260327
-4.58601990115481,2.99314325417873,-7.47945672279635
-3.70184062204652,2.314306361485,-7.57193785335487
-2.57459257360884,1.51785250363564,-7.35262629983899
-1.30647883136405,0.708664303622416,-6.92763019297397
0.00437957745495256,-0.0830957259805823,-6.46339219103535
1.30224735357062,-0.899588974656971,-6.12656739613465
2.56840192207286,-1.82810590337156,-6.05370116721094
3.78710802164841,-2.98184886790582,-6.33642188274174
4.88459642246439,-4.49580633577438,-6.99773767856792
5.62440859145743,-6.49653873127576,-7.90316039151488
5.48048401593834,-8.92180331103261,-8.57091621909902
3.77522760062839,-11.1372462314254,-8.12243319804762
0.537892271191122,-12.0187133916424,-6.06306019357862
-2.98835103680774,-11.2096965697548,-3.29715870693855
-5.6103259081628,-9.48855502836603,-1.19777305189419
-7.02447342274608,-7.56048922844843,-0.234686336718141
-7.41248080092823,-5.65744223225308,-0.106964112953832
-7.09680403003788,-3.85447607195605,-0.348792109422401
-6.42830100576904,-2.21788674088987,-0.656535641704445
-5.70538589035224,-0.78282978729908,-0.93645908199978
-5.1254204858015,0.464454783547005,-1.21816359791728
-4.79804231200705,1.56838903162245,-1.56797865709565
-4.774263232834,2.58599352741392,-2.05157530376966
-5.08063424979393,3.5625007429573,-2.7370382487888
-5.72767601523695,4.50657299787995,-3.71466556430011
-6.67339864796119,5.34082784703869,-5.10415030109811
-7.72011238052138,5.80490390462358,-7.00744882482326
-8.33414441522837,5.35779505796189,-9.29035333561262
-7.69026569173168,3.40779018763754,-11.2309307067098
-5.51848688357953,0.167654436554734,-11.7900631325837
-2.82811177533344,-3.13366621470477,-10.8213705053515
-0.832272175271075,-5.51773770119152,-9.12120335681683
0.118691179781982,-6.80906671555808,-7.30070686179604
0.299669075225995,-7.19685271400489,-5.53307672369535
0.112072990999139,-6.96178269180132,-3.85725996458561
-0.175422738752131,-6.39807777366893,-2.31567748526369
-0.465826447519804,-5.76314491459038,-0.938179420070119
-0.772981262672634,-5.23952113355016,0.284237178764753
-1.15223334863305,-4.93648816236067,1.38974327973409
-1.6675364562047,-4.91642649593248,2.43009428881332
-2.39080262768971,-5.21943343064913,3.45008167352856
-3.4209750951463,-5.87353673605108,4.46041655903043
-4.89509697534297,-6.85827209293765,5.38368138241481
-6.94540520183687,-7.9893345212497,5.9404698958509
-9.45700732771353,-8.6955959658533,5.51365391085709
-11.6283593367621,-8.03027901426234,3.38201748745614
-12.2461274026412,-5.68602214411623,-0.234099041564001
-11.1607441330746,-2.90709330433307,-3.87025684816279
-9.27508393802727,-1.08685682608408,-6.37915134067981
-7.22043971072528,-0.485445423097292,-7.5622204883958
-5.19607403499044,-0.631210518664386,-7.67014700111895
-3.31120284933571,-1.00466345419467,-7.10055511184507
-1.65018549740976,-1.34011238343783,-6.2613797303244
-0.234560901703787,-1.60549926386819,-5.46077272328615
0.967851245849759,-1.86851949427802,-4.87660639997889
2.01435530035959,-2.20701193575749,-4.58950218949013
2.96275925206873,-2.68469582753253,-4.62585140130902
3.85070276738135,-3.36421867465558,-4.98934382470378
4.67161032550973,-4.32296779355774,-5.65792177434567
5.32781864271886,-5.65420197957993,-6.54792576862141
5.55689559685343,-7.39561405607303,-7.41434448214176
4.90515223890439,-9.32829987308131,-7.74013312228648
3.0176475134243,-10.7784974059569,-6.89551240496014
0.238695680722736,-11.005084354537,-4.81927951809126
-2.47837197341673,-10.0479617286285,-2.33682824353314
-4.49702323445672,-8.58682592285237,-0.326137108898623
-5.75956810141911,-7.13369024225463,0.907921929386059
-6.42269594397639,-5.81944507931856,1.4672224361188
-6.63600016473462,-4.60459777071058,1.56992701153724
-6.5277565706341,-3.44305370188834,1.41823549817588
-6.22378487959821,-2.32323014770059,1.14922152781185
-5.84583396526584,-1.2495779208855,0.827296247768102
-5.50012629240206,-0.219956676475809,0.459501391705296
-5.273100209245,0.7846299476842,0.0173503198385931
-5.23484124911218,1.79683667760954,-0.548073214134574
-5.45394449553437,2.85261179376286,-1.30691200158502
-5.99892376101031,3.96996660525299,-2.35908405997692
-6.92293793680807,5.1025295575751,-3.85807494438595
-8.16267737375925,6.02220912152748,-6.00414522982032
-9.26953866246233,6.09908051384826,-8.86480323385202
-9.14034999440871,4.27669203016609,-11.7976469093144
-6.91570871371225,0.231704183173214,-13.2077619514536
-3.87361216295032,-4.36099023074845,-12.3661003301468
-2.11969898334622,-7.61548870378358,-10.2623205971854
-2.07574228100041,-8.98643712495339,-7.79550032418832
-2.85430271053741,-8.79624944773528,-5.38909066400811
-3.57327717497365,-7.7080809942759,-3.33186717395529
-3.90571842563485,-6.32917554375874,-1.7247131764235
-3.91660547445721,-5.02997328568048,-0.508257938399215
-3.77865638431708,-3.97245975391975,0.418127133463896
-3.62639968840121,-3.19755724972341,1.13622289248856
-3.52951898865235,-2.68760650093049,1.70655723390185
-3.51020632443673,-2.40411315691136,2.17463475906605
-3.56769801659628,-2.30837429441218,2.57484779659686
-3.69422184697594,-2.36736847933112,2.93321963555255
-3.88490945922377,-2.55701624333332,3.26766421253992
-4.14139036610775,-2.8586521775852,3.58830540136864
-4.47291964098901,-3.25490504944761,3.89583257779069
-4.89575498276339,-3.72334835725425,4.17754483925392
-5.42437480511242,-4.22388422414197,4.40190876257873
-6.0587729159778,-4.68750168731575,4.51249478660394
-6.7609130138942,-5.00312680410159,4.42643129238339
-7.42831915897164,-5.0279757285362,4.0600414280532
-7.90135566630802,-4.63212042804735,3.37647756416583
-8.03253207648001,-3.77788913458591,2.43853875018022
-7.78907172656757,-2.55814081844498,1.3902148852937
-7.29268747030396,-1.14460511015641,0.362680216733186
-6.75579484454073,0.307294850696176,-0.60729915735581
-6.38449624442558,1.70855493765774,-1.57731996827042
-6.32553148184783,3.01878591009868,-2.65459607922989
-6.64425379083225,4.19098240568564,-3.96346222485959
-7.28240023869849,5.09137955788601,-5.6216008679849
-7.95155799374734,5.40015248976848,-7.6563281748777
-8.02695408682816,4.60331524460863,-9.77048152933051
-6.82797481540596,2.40190299782387,-11.1681077429983
-4.46926295892327,-0.623658648261502,-11.1453249910284
-1.97377095460408,-3.37509297412757,-9.95513821417697
-0.178557950100598,-5.27430144702592,-8.35493326134804
0.759394121299057,-6.32899403470684,-6.7816089157863
1.06057304683738,-6.72805682211335,-5.31727631405159
1.00130000652396,-6.66276994998677,-3.9425796780115
0.7856609379777,-6.31972918316148,-2.6519987083365
0.512749500605086,-5.8690020715072,-1.45372352614901
0.200533409457534,-5.44865033539333,-0.344671638604892
-0.178332700728288,-5.15828094932542,0.698545200911074
-0.672965254839357,-5.0705340542737,1.71505262814386
-1.34772824503428,-5.24526702807893,2.74859139271758
-2.29272968024685,-5.74137942414671,3.82796291282047
-3.64501154918914,-6.60693032582768,4.92867902022079
-5.59400650962261,-7.8038402414569,5.87742905541286
-8.25215105689824,-8.98485960857518,6.1601503838941
-11.1811128976396,-9.19754085516405,4.81228225422294
-12.9580352584872,-7.41382967282649,1.25017427213667
-12.5377204292063,-4.38585161719828,-3.27192475317546
-10.6485590251094,-2.2058205624891,-6.80027425725135
-8.28082206445499,-1.7054192687785,-8.56107872581851
-5.87976581810472,-2.25211065254705,-8.72796035517904
-3.72374472997606,-2.95767620945185,-7.87671822472301
-1.96408209504765,-3.38368704953532,-6.62033530695338
-0.59406112646164,-3.51517307186901,-5.38141624242373
0.465718205186381,-3.49467515826061,-4.3665336313378
1.2972043097083,-3.45187136067067,-3.64161281809696
1.96812001880879,-3.46020792233149,-3.20109422278233
2.53071558050226,-3.54885944029567,-3.01277488922954
3.02356464167355,-3.72591730202631,-3.0400689853068
3.47191589239487,-3.99566068638849,-3.24998657681786
3.88582215506066,-4.36906825752643,-3.61367631316917
4.25618402275965,-4.86375843777155,-4.09514695839933
4.54545386485813,-5.4992609926856,-4.63948381996249
4.6788483194949,-6.275079588537,-5.15109093438814
4.54225278666917,-7.13511370819042,-5.47511802062918
4.02407436480564,-7.92775923166504,-5.41480073064196
3.09732499888815,-8.42644931803115,-4.81122142683619
1.89120411861423,-8.45486762610294,-3.66473476049085
0.627322844266961,-8.03282580418635,-2.15875435953703
-0.540376345591369,-7.38135998112583,-0.541097173707424
-1.60653421296157,-6.77897835614131,1.0105655105248
-2.66675508451576,-6.43664251819403,2.41291121362066
-3.84383546285793,-6.45524336222233,3.62150361308794
-5.24394167470474,-6.80649320317541,4.55629815629547
-6.90617357922516,-7.2897299804875,5.02600702840316
-8.67607618856384,-7.47118714681752,4.70343150365843
-10.065095546175,-6.7952973560654,3.31775775727149
-10.4705324221974,-5.06024645087045,1.07437637035286
-9.80199474407254,-2.76448717703992,-1.30586028521714
-8.57732366673045,-0.63577707550946,-3.23316975676511
-7.33362675451558,0.942178075575328,-4.59679417146415
-6.29290145874358,1.92659195196772,-5.52454982995721
-5.43510507038097,2.41265706901363,-6.1397872228804
-4.65541420395688,2.5203607932802,-6.50174633082282
-3.86135120116012,2.36458960744895,-6.63415956552851
-3.00831354351906,2.0471648514551,-6.5644015547208
-2.09436947067525,1.64406233632416,-6.34271272684719
-1.13806919320503,1.19608227727402,-6.04477170141836
-0.154282581198296,0.705082351020432,-5.75677777885641
0.857494834081506,0.141280359564143,-5.56466641039776
1.91275579919222,-0.549219479611772,-5.5503991299624
3.03145917389011,-1.44778741336453,-5.79952175118075
4.20940680272438,-2.67132594973825,-6.3933471689271
5.35456201187326,-4.3919908817357,-7.37556639818914
6.13522917579994,-6.80156577370535,-8.60743574323185
5.75636709279797,-9.82417872888825,-9.44590223342528
3.1960926461513,-12.4721724866544,-8.6689809898026
-1.26218602648389,-13.1550319905999,-5.94220774868461
-5.57305086705431,-11.7835435588935,-3.13204781226221
-8.23795049838493,-9.50332982333923,-1.95688872233254
-9.06041964707879,-7.01901735733659,-2.28323450574472
-8.51469322838033,-4.69870726079075,-3.10988157348131
-7.28102463661916,-2.78237830076363,-3.71492462016309
-5.90038917478603,-1.3073498972094,-3.92879147927904
-4.66822618982304,-0.190909221767751,-3.87488368728028
-3.70017618660922,0.663648476380946,-3.72170924654244
-3.01341327299535,1.33091788670312,-3.58304849026054
-2.58058041110265,1.86616192203682,-3.51074449000635
-2.36181710150933,2.31107804110826,-3.51739127033464
-2.32048241786098,2.69718099033744,-3.59898985373315
-2.42580430598611,3.04814149923368,-3.74781621459138
-2.65575821693002,3.37942585326741,-3.96093393393929
-2.99293434085351,3.69825063572422,-4.24280735945704
-3.41937099740863,4.00121361587015,-4.60593241112595
-3.90710084440476,4.26991837559728,-5.06654824437348
-4.40760243330281,4.46414474038033,-5.63707141651536
-4.83693221717345,4.51647824337037,-6.3074497737203
-5.06946889086346,4.33938776344692,-7.0181820027511
-4.95719868007495,3.85695975897134,-7.64213836431302
-4.39211950964784,3.06350208549757,-8.00983278791832
-3.38417134062494,2.05975903624356,-8.0028186866243
-2.06636144936895,0.999997491039294,-7.64478739712249
-0.617454799347507,-0.0116037598655747,-7.1037764110861
0.827789155790752,-0.975630024329737,-6.60178804392538
2.20200202688672,-1.97350808845992,-6.32723367330177
3.46922425483606,-3.12177930727866,-6.40061679868001
4.56160086829624,-4.54495600996423,-6.84733303859172
5.28861627526012,-6.34288718823415,-7.53997812306298
5.24914748897166,-8.45661306027265,-8.07040596661244
3.9364551129276,-10.4012141928764,-7.72675338898351
1.33051729841218,-11.3042105361207,-6.0282304162347
-1.68627085275702,-10.7723047102083,-3.49487799664885
-4.13454411701078,-9.35971768969988,-1.19960497946601
-5.70235611207045,-7.75628200533603,0.280604945384729
-6.50217799959092,-6.24071785877091,0.968494705559188
-6.72599417069953,-4.8313452371445,1.12222267682709
-6.55836839502464,-3.50496369957619,0.996769884762852
-6.17446300285549,-2.26127130040683,0.756867874601402
-5.73054807392343,-1.10607834824982,0.470959897186557
-5.34910589757742,-0.0303852656267249,0.139693921394678
-5.11953129573567,0.994181179495277,-0.272431181658281
-5.1070155713942,2.00926853356623,-0.817524877747004
-5.37200865182733,3.0557381396725,-1.56628979687894
-5.97488464653924,4.15179770026773,-2.62136940699
-6.95256077703316,5.24209860172216,-4.13845682716617
-8.2077137379956,6.07464746718708,-6.30995161640012
-9.23384549439694,5.98672964500722,-9.15620720395832
-8.91255817418297,3.96110724190877,-11.9393157541361
-6.55401257436655,-0.134051641504935,-13.0918595180621
-3.57589126827987,-4.55162217916718,-12.0936036956487
-1.92130516458791,-7.58311059663148,-9.97390404548565
-1.87036685318989,-8.81251366951975,-7.5487998530824
-2.57019770082244,-8.58395806810792,-5.18834244327427
-3.22306504016758,-7.52998902435329,-3.14816759503004
-3.5442122972868,-6.22521416462989,-1.52466846867782
-3.59860227907038,-5.02103696831325,-0.272893584077105
-3.53978633547002,-4.07127771548469,0.694091042915958
-3.48418554200835,-3.41241402632384,1.45550346570443
-3.49039933868073,-3.02656746558163,2.07346787081169
-3.57830083782703,-2.87773640881885,2.59555346382844
-3.75186000846027,-2.930454599821,3.05639966556413
-4.01308401357265,-3.15268562891775,3.47886538835497
-4.37179555634086,-3.51789968825147,3.87160819160473
-4.84470262465235,-3.99324855242074,4.22577416041168
-5.45036888394469,-4.52832563604648,4.5067723737405
-6.19061786438429,-5.03521814749738,4.64483098224018
-7.01612786437355,-5.37265781697605,4.53605263181553
-7.79172233309288,-5.35496969976241,4.07115922708235
-8.30677013139636,-4.82469092698301,3.21469746530093
-8.383095709326,-3.76224515986782,2.07278101639459
-8.01777062355412,-2.32486614436902,0.849635849407739
-7.40159127597005,-0.744253909006992,-0.297985201612885
-6.80241197337735,0.799780329720764,-1.35058417681394
-6.43828149894556,2.21795629985499,-2.39316977517405
-6.42740528966962,3.46669961491651,-3.54689419925039
-6.76977642969541,4.47530349394025,-4.926092681836
-7.30176990856607,5.06667743773372,-6.59447587313329
-7.61988440004148,4.90903736154649,-8.44665443846973
-7.12946365370352,3.6552759925746,-10.0287544703865
-5.50553705768356,1.3997952261227,-10.665397837353
-3.18144334847717,-1.13491888370617,-10.1261960032585
-0.963921698231223,-3.23563376261157,-8.89261485486092
0.673755363962548,-4.70446031592208,-7.55941328341132
1.66839539998624,-5.6546856278332,-6.39594290997347
2.13498541186324,-6.22452050951376,-5.40456016995713
2.22349945538792,-6.49840132699331,-4.49677000405383
2.06885536279995,-6.5291950478454,-3.59838539749105
1.77746801873559,-6.37342815642221,-2.67827645141043
1.4161916456498,-6.10288289164695,-1.7371136115662
1.010116207419,-5.7993064251983,-0.784111120376632
0.548521974610793,-5.54465344719204,0.180276320919481
-0.00510876563706869,-5.4150480040758,1.17018237459624
-0.709285534066731,-5.48542340522388,2.21051492076608
-1.64949451603939,-5.83529726449073,3.32351187006365
-2.95463788803772,-6.54313351021115,4.49708836957699
-4.81128475521995,-7.63329382759912,5.60671822322885
-7.40195247862471,-8.8955446501692,6.23556958277932
-10.5195811110345,-9.52930987190232,5.46017854320978
-12.9144758519198,-8.28176761673853,2.33500404246725
-13.0977924499631,-5.3003724970901,-2.38134240038851
-11.4092659948547,-2.77805958928939,-6.48727501616308
-9.00567994038822,-2.08212914976763,-8.75404371555194
-6.49809609865408,-2.70984647836016,-9.18588151073758
-4.25727252304859,-3.59123375586659,-8.3703890355826
-2.48296858754364,-4.11534264708446,-7.0026485768294
-1.15333593989432,-4.21648300746807,-5.57311736116272
-0.158376202290318,-4.06165841903171,-4.3264522327412
0.600514137065268,-3.82704926165917,-3.34713120977426
1.19001123977555,-3.62130036858103,-2.6375377219734
1.65605512273512,-3.49063508433303,-2.16610249602348
2.03496895673895,-3.44147187015798,-1.88825809266318
2.35403301786523,-3.46399873350336,-1.76506737220373
2.63441855443742,-3.54420562365118,-1.76504600446634
2.89191033449363,-3.67038081676917,-1.86512462928599
3.13759313478948,-3.83576102686404,-2.04939591688639
3.3782033194617,-4.0395615171744,-2.30750379651134
3.61582410080524,-4.28645220306462,-2.63087049536903
3.84633378157056,-4.58567577219975,-3.00921253767043
4.05667301842553,-4.94904619119203,-3.42585182343944
4.22105266383485,-5.3857518517373,-3.85059877713753
4.29837354969371,-5.89256537188789,-4.23237587960109
4.23298668301381,-6.44040799435065,-4.49347878529984
3.97002107497974,-6.96111643972238,-4.53727464365381
3.48037890468278,-7.35114567956394,-4.27173108952438
2.79177483768929,-7.5082816941147,-3.65534303006715
1.98467064199722,-7.38967386677332,-2.72426859558688
1.14727316594512,-7.04985380298546,-1.577463090596
0.320395967994991,-6.62335962047904,-0.324513878357935
-0.521408377561279,-6.2707949996197,0.959227770163033
-1.45431419809932,-6.13802627977682,2.2388225246553
-2.58672494309162,-6.33621688573784,3.4936502303129
-4.05582811331321,-6.92123610854729,4.66237720695511
-6.00460164388226,-7.81220550165417,5.54517690451757
-8.44478004458197,-8.61225340147984,5.66000378391871
-10.8730266250511,-8.46469111221379,4.27471762346319
-12.138084536868,-6.65476618399049,1.1669742606227
-11.6026746489504,-3.85811291606481,-2.54552681638513
-9.93460904732162,-1.58257719738057,-5.46439299316972
-7.94697441770488,-0.505989211923942,-7.10234730573115
-5.94906558144254,-0.369002414458925,-7.59264878006099
-4.04714294855608,-0.646480322132587,-7.28003075836265
-2.32749982624108,-0.98185067180024,-6.55618706928788
-0.83507468440883,-1.26311468470182,-5.75883209397487
0.442404824736094,-1.5239109947772,-5.10799387877175
1.55146777413508,-1.83794371029966,-4.72063252432144
2.55194144609904,-2.2729466428127,-4.64425071098334
3.49180952565649,-2.89196282756994,-4.89664060509175
4.3858056102499,-3.77248169183617,-5.47783221430419
5.17525033618706,-5.01663112372872,-6.34407742107803
5.65317729737898,-6.71343691063157,-7.32529352100635
5.37981269171356,-8.776398061049,-7.98148387978815
3.82887309486569,-10.6474244805142,-7.59726922346761
1.03729866355425,-11.4064137864598,-5.78237675481059
-2.03951140505621,-10.7340983586056,-3.20792559516424
-4.45489315727529,-9.25237650976564,-0.983704749191483
-5.95679620337622,-7.62371046156394,0.372324196811171
-6.67789743859369,-6.08124967240609,0.937768003286665
-6.81618564393904,-4.63204391772359,0.998127782288487
-6.56936048590032,-3.26321287214134,0.814997552517067
-6.12804101951972,-1.98450214262212,0.54431999018619
-5.65741371704958,-0.804749739484847,0.238915520624244
-5.28225378578163,0.289486019964056,-0.113880063526185
-5.08890704737302,1.33147142450297,-0.557932313621633
-5.14213454833975,2.36490104362751,-1.15276018862447
-5.4993990393046,3.42743955990329,-1.97662745666775
-6.2145126569988,4.52169646791173,-3.14636293767342
-7.29048190528071,5.54748679380633,-4.82961731491263
-8.52925625211911,6.15179515439621,-7.19193000385071
-9.23126022683492,5.53965152313466,-10.0783313431681
-8.25248085577408,2.83124466066086,-12.4316161717844
-5.49632806690279,-1.48154819208071,-12.8296793002257
-2.78616437272037,-5.47057820795689,-11.3790470362292
-1.58592213145511,-7.89645306529482,-9.16307969044897
-1.74217673456198,-8.65399017203731,-6.78299144115449
-2.39616700706013,-8.18377783816701,-4.52577351015077
-2.9305735902667,-7.09106241280736,-2.59171178281801
-3.18717337022029,-5.87519542227243,-1.04007723672655
-3.2593204320871,-4.82262333785223,0.176611183456907
-3.27993581069472,-4.04957642604944,1.13637245948504
-3.3384889024498,-3.5758963334617,1.91224156235694
-3.47805833387656,-3.37940634623299,2.56330311162207
-3.71690487770498,-3.42608956951735,3.13301438696963
-4.06816145925424,-3.68137831273572,3.64779974957951
-4.55067796775139,-4.10836901295959,4.11311485802351
-5.18964270979578,-4.6558239657271,4.50477325151325
-6.00130471003107,-5.23468025787642,4.75533787289106
-6.95398389820251,-5.69080072785503,4.74581397964589
-7.91352331769951,-5.79805082298034,4.32670084783739
-8.62485937808677,-5.3305721764761,3.41313357567567
-8.82878629326917,-4.21898956928795,2.1044381085112
-8.46967365101923,-2.64111056381572,0.667692489028414
-7.76585057138759,-0.905625599355722,-0.660668376273616
-7.04364701736991,0.745243577780161,-1.82577740209158
-6.55617777237879,2.19518008213933,-2.9145022688578
-6.41772719903872,3.39472930317603,-4.05187739926206
-6.59553238712004,4.28123658391938,-5.33589283202021
-6.89885554809923,4.71336508540478,-6.7901009625503
-6.96308573356566,4.46547364957249,-8.27877298503448
-6.35302237389435,3.36869554982682,-9.4322615400137
-4.88324049995695,1.58123282213314,-9.80691389259922
-2.86155376166681,-0.384276420121184,-9.3109426040123
-0.816693746335305,-2.0798098942683,-8.31543175537604
0.901510673022233,-3.40253223283178,-7.29418232852375
2.18367145400132,-4.46195935407511,-6.51473343419468
3.03332627461676,-5.38023688330891,-6.0127851160167
3.46737212913925,-6.20672703952994,-5.67853064324423
3.49940647917756,-6.91152113070424,-5.33483037751582
3.1612483858161,-7.4074992619195,-4.81096770621218
2.53485296751628,-7.60185568813003,-4.00827767935812
1.74989686346957,-7.46786233485544,-2.93710053748069
0.9284536863469,-7.08396722770436,-1.6902201061684
0.125954288332499,-6.60796507379903,-0.375676102450597
-0.681593234450315,-6.2148727985307,0.935485171652575
-1.57105580561531,-6.05043649281239,2.21570063744238
-2.64970186558828,-6.22185199285212,3.45241706423821
-4.04734291189721,-6.77622819093846,4.59580638260655
-5.89930456383565,-7.63546251976364,5.46872473451848
-8.22590833621687,-8.43514641280114,5.63622411424486
-10.5882643651811,-8.38210114452048,4.4182205220026
-11.9226093483311,-6.74854625723231,1.54409001892662
-11.5369640130736,-4.03603154125444,-2.02643860141184
-9.98648305165823,-1.65498972348744,-4.94630697318583
-8.09267651520414,-0.36559697084389,-6.68798323967821
-6.19230285907774,-0.0294364836829998,-7.34611026101174
-4.37262860783842,-0.190731201714648,-7.21239408888148
-2.6971780951897,-0.489509832376565,-6.63057489994004
-1.21178334885791,-0.776921165502092,-5.91434926922769
0.0826629634915789,-1.05433610824417,-5.28860373254283
1.22303962524839,-1.38081993325855,-4.88481759856853
2.26401605001535,-1.82262173848447,-4.76946488219824
3.25631163303469,-2.44612523285652,-4.9767885578401
4.22349064112608,-3.33414931714902,-5.5256285838253
5.12142115808711,-4.60146798838133,-6.40009467878003
5.75502399320372,-6.37228268311279,-7.46822699972054
5.65703333448739,-8.62431860563862,-8.30922545013124
4.16372974134845,-10.8248165964241,-8.12025483271836
1.14345098736716,-11.8902642482347,-6.32069963494299
-2.34682396838799,-11.2959373910602,-3.60503153425439
-5.08651347775774,-9.69292333483196,-1.33836780848252
-6.6829241665354,-7.83558262353745,-0.144502553421546
-7.2695364832369,-5.99813126371165,0.158036458697713
-7.12570601707225,-4.24348519156226,-0.00218204110999916
-6.57172877004437,-2.62292594129139,-0.296411222029064
-5.89620049295791,-1.1765416654509,-0.589890141164469
-5.30944517659308,0.095571621870093,-0.883722402360643
-4.9372323532214,1.22899397307669,-1.23334155243424
-4.84731955349941,2.27610759311243,-1.70370640290283
-5.07932236860503,3.28559419482004,-2.36405497748278
-5.65655694022415,4.27784485120079,-3.30232129408872
-6.56635208535841,5.19997096265538,-4.64242507172042
-7.66632240939386,5.83241297516663,-6.51627845715682
-8.49086906186944,5.65520716570452,-8.88371288797601
-8.17219326708011,3.96009540495494,-11.128705714667
-6.1788282069966,0.698612626083243,-12.089889669033
-3.39770286633141,-2.91154995163672,-11.3310421671993
-1.26333401627006,-5.62380437483105,-9.60997023768234
-0.295311497600306,-7.09639318954356,-7.65763040973864
-0.19205403490217,-7.5024264305538,-5.71948200272693
-0.464530229078401,-7.17351468873051,-3.8793221833109
-0.793116165609202,-6.47689412158299,-2.21146368069019
-1.0816763608301,-5.72470648346464,-0.754511900235177
-1.36375534009807,-5.12216196781677,0.504152528867278
-1.70916397279655,-4.77884919571113,1.61121176552704
-2.18562245967788,-4.74580730716365,2.62326182434627
-2.86011985496064,-5.04454740193055,3.58571603415399
-3.8183336522655,-5.67827414764011,4.50645982405733
-5.17415997573952,-6.59921828994714,5.30839076619429
-7.01637515190038,-7.60593059234386,5.74088451065255
-9.20663068180733,-8.18398120430188,5.2955060022163
-11.0586466992339,-7.5547441901042,3.42726007318382
-11.6001476042703,-5.45924682862574,0.34149974881352
-10.6844849475133,-2.81509491702224,-2.8252404350288
-9.06098275322565,-0.763437213632704,-5.15691082160667
-7.33588104993214,0.317621262855004,-6.48564536077195
-5.68162915535353,0.634353949566537,-6.9845868215396
-4.11391742696336,0.535252895267511,-6.89081017492416
-2.6520934640195,0.282575160207833,-6.45190484810998
-1.31997730877022,-0.00461892129254864,-5.8950842928096
-0.117087329706785,-0.314952114338935,-5.39522147136538
0.984854799936759,-0.688903710025807,-5.06805638633985
2.03187600172797,-1.18413364167872,-4.98630490041832
3.0703841265582,-1.86969772813852,-5.20278575088979
4.1242854247367,-2.83973243527204,-5.7627054244493
5.14943404379457,-4.23143127312393,-6.68357703128037
5.93080236290043,-6.21139205595873,-7.86350087924863
5.90773201108405,-8.80152725587005,-8.85459017000963
4.20756801532348,-11.3955695519215,-8.68407694286835
0.615346413359688,-12.6317392272291,-6.63239879665211
-3.47580587520069,-11.8858414496361,-3.70688859805733
-6.49982566976885,-9.99742603592426,-1.665903389995
-7.98357209882971,-7.78590268586251,-1.05563833960245
-8.14484226059199,-5.5648898081921,-1.34434950685196
-7.46075774799279,-3.51465722477021,-1.85316866805144
-6.43754352350296,-1.75637708927762,-2.23505432459985
-5.44697410650687,-0.312080957928697,-2.45964371586656
-4.68657983296724,0.864543582826,-2.62310166802559
-4.23192607821862,1.83954713235544,-2.82083840252093
-4.09135278163854,2.67725031832784,-3.11511879071079
-4.2459989261555,3.42524326181718,-3.54654619636336
-4.66478689525023,4.10374496912304,-4.15498038270953
-5.29373977563554,4.68909893036241,-4.98950979740299
-6.01937178126452,5.08481313892372,-6.09267945938507
-6.61076537021779,5.09169326621871,-7.43502408484327
-6.69406485487444,4.44034317571699,-8.79691901319731
-5.90329456978859,2.99336211235951,-9.72374035950386
-4.23456371871855,1.01379928621187,-9.8047679116914
-2.1471769865294,-0.962150526476994,-9.09263203565958
-0.171815612528584,-2.5872740539264,-8.03972685565496
1.41130963396634,-3.85168576169482,-7.07512458903856
2.53729827467646,-4.88578138907386,-6.38247541813785
3.21813533035424,-5.78875485583723,-5.93206494473652
3.47237569749703,-6.57724459974335,-5.57511286990139
3.32382499737965,-7.19281044643686,-5.12755988075368
2.8336734925451,-7.54127760522477,-4.44615047776638
2.11662900772293,-7.55894343269986,-3.48548294359503
1.30937460787128,-7.27671235762697,-2.30485547298761
0.504296713696874,-6.82215598170887,-1.01132689622843
-0.286372381159312,-6.36861718212032,0.304751029877209
-1.11796671862856,-6.07887274312981,1.59816182214182
-2.08449780292917,-6.07882179548438,2.85533989666354
-3.30425899463741,-6.44770683884431,4.05425344531195
-4.91551373772306,-7.18322200681427,5.09557989837794
-7.02413863652582,-8.0896684090519,5.68837610091171
-9.47366124497926,-8.58317000993238,5.24111834549176
-11.4706474312662,-7.77041905542074,3.1458844961024
-11.9433382036145,-5.4319292148423,-0.274214231392091
-10.8480360176872,-2.72239490116394,-3.65167648920329
-9.04723263800031,-0.86871457077387,-5.99400740041039
-7.12675292979777,-0.119496704828829,-7.15653162657891
-5.25313810668165,-0.0983433451852302,-7.3675131908332
-3.49289477076049,-0.36489342615513,-6.95765524472788
-1.90677052303628,-0.666148371658444,-6.26687727234484
-0.519181889360658,-0.942571943743771,-5.57047275809294
0.691102939085192,-1.23557284922483,-5.04386935645959
1.77327274425338,-1.61144395667595,-4.78032652265895
2.78246360880767,-2.1358287765064,-4.8265831128616
3.75911110037465,-2.87994778023962,-5.20667780157493
4.69904961230573,-3.94222753507471,-5.92713925298829
5.49537895317402,-5.44824382233613,-6.92662668688487
5.82910048271261,-7.47978691621595,-7.95197465309395
