-0.215025028023105,0,0
-0.209278221893778,0.0372510739671623,0.0348859251052387
-0.216191856087758,0.0664560877762548,0.0614685243138012
-0.232685876391561,0.0914009083651263,0.0832850064974801
-0.256967484785576,0.114668917078657,0.102635564283526
-0.288150457975572,0.138075108782058,0.120988990394288
-0.325981332493737,0.162994649992663,0.139273064007
-0.370510788865812,0.190515431535001,0.158035951221581
-0.422299213491502,0.221707290401496,0.177566932705287
-0.481941013469244,0.257546086610391,0.197909171013895
-0.550391401771443,0.299177921859148,0.218904377313501
-0.628803461055609,0.347926319157233,0.24015075689559
-0.718554353365575,0.40538154267765,0.260951909722967
-0.821296941894046,0.473512379856839,0.280235445519231
-0.939030892625834,0.554801504436683,0.296434314492233
-1.07444244506365,0.652646382490582,0.307226591714861
-1.23067121173267,0.771221556505895,0.309397320378159
-1.41189171669493,0.916076574644739,0.298398524907957
-1.62365489662359,1.09445385668119,0.267899413970208
-1.87369652267577,1.31597472924291,0.208944510720543
-2.17372188385898,1.59412068475306,0.108136417947043
-2.54008411918085,1.94579988916286,-0.053499271112895
-2.99749355172711,2.39321327058536,-0.304698510546269
-3.58391762188165,2.96465079390175,-0.691183228500723
-4.3542449375627,3.69018852763867,-1.28585989518073
-5.38434411984371,4.59002882757915,-2.21186727733047
-6.75098527123132,5.62618816385436,-3.67264691906884
-8.42602728104063,6.5562154761029,-5.96303667754633
-9.9252979271365,6.600747854424,-9.25493907851071
-9.85722172973209,4.28563658060682,-12.7732344952815
-7.20532515091954,-0.880276518271175,-14.3548912772949
-4.15076091709114,-6.482616990252,-13.186017701219
-3.47971066358025,-10.0345508367437,-10.654580750678
-4.9689410061325,-11.0109797223479,-7.95309434674424
-6.79831862598338,-10.1502297108173,-5.96092212452934
-7.757309609023,-8.46361889494126,-4.99519530312007
-7.65110384510269,-6.61832599037747,-4.65524176842462
-6.79620005338716,-4.92059915872983,-4.40730138340963
-5.60124837548925,-3.45872282920133,-3.99832954809493
-4.37843702925524,-2.23267529896622,-3.44674230306544
-3.31149079093185,-1.22600523592336,-2.87530232860026
-2.47750580563238,-0.4193102629669,-2.38800521262298
-1.8841056820796,0.216873872625286,-2.03301460042547
-1.50319863527319,0.721770155447504,-1.81303816569055
-1.29613430375976,1.13698858610444,-1.70775962725777
-1.22973648423836,1.49927250321717,-1.69230208055564
-1.28175407647586,1.83878143545569,-1.7459096797556
-1.44056923486793,2.17993617662511,-1.85467001462963
-1.70636157310348,2.54310295356171,-2.01399026671684
-2.08797139673889,2.94595652982779,-2.22919214718769
-2.60408097440578,3.40469059840094,-2.51979440019808
-3.28126282916619,3.93237322455547,-2.92580689678987
-4.14670807812486,4.53034060472128,-3.51554107288908
-5.21313416902373,5.16696557236754,-4.39638766426652
-6.42776684443155,5.72343157289906,-5.705037941987
-7.55834691457815,5.89478896286062,-7.52577270093025
-8.04512032464015,5.12974440066763,-9.64057220519037
-7.16507180962558,2.95776870350464,-11.2560621238441
-4.89761710773869,-0.222986411677334,-11.4746705171789
-2.30887527595773,-3.25316749783384,-10.3689922113349
-0.421567169232157,-5.38836710259753,-8.71994516873337
0.520278120459533,-6.56631872755388,-7.03706316562585
0.757743045285617,-6.97462121402389,-5.4351164178321
0.624112541895959,-6.84108797731941,-3.91584125404524
0.356103400222878,-6.3985110828045,-2.49589871685254
0.0559628033904379,-5.8590493666591,-1.19625424638656
-0.271674473894983,-5.38612688724413,-0.015087650079241
-0.668324956685267,-5.08824796239225,1.07701198325179
-1.19363855436578,-5.03872033490755,2.12459892063255
-1.91848944634168,-5.28992423195283,3.17193924307987
-2.94259744557701,-5.88889138881465,4.2370693843328
-4.41110119717508,-6.8492954165422,5.26157466839338
-6.4907800627223,-8.04418361467564,5.99559073623997
-9.15967787199557,-8.960147922496,5.8188613272632
-11.6924061367942,-8.56853955795722,3.84783410019647
-12.689473642643,-6.29577757329231,0.0496030127950378
-11.7281376084285,-3.3896777607993,-4.01398979024928
-9.74790481583508,-1.55432421048914,-6.86648848778503
-7.49969579033849,-1.14301683830259,-8.15241534354773
-5.27013017902245,-1.53129058643431,-8.14672546343986
-3.24345599676975,-2.05261035353822,-7.35807481889341
-1.52975673358821,-2.41005060083871,-6.29269252023814
-0.134263975053093,-2.60801111300536,-5.30034718106943
0.995836840122324,-2.75216807810268,-4.55794266069185
1.93074772255391,-2.93616710682291,-4.12395056005823
2.73299192550064,-3.21721232681419,-3.99882415341696
3.44794279166644,-3.63204368488192,-4.16009532072246
4.094817156214,-4.21584037593022,-4.57307244223778
4.6505457912771,-5.0139240857445,-5.18421762368442
5.02630600259148,-6.06255733594643,-5.88346781732637
5.03842175893108,-7.33422732051819,-6.45497272895993
4.44177885784046,-8.62777921591728,-6.55354459701882
3.10493602590191,-9.52947007734202,-5.8363503731195
1.25012441616549,-9.65164504663879,-4.27476009234441
-0.639647391562504,-9.01288468523062,-2.265064990181
-2.22918173381351,-8.02119908841818,-0.302845381190949
-3.495790392431,-7.09974971516592,1.3265608692098
-4.56494828489583,-6.45576523255275,2.54015704319909
-5.54329216329814,-6.08465911131221,3.33054446964645
-6.45721886718565,-5.8438001519045,3.69163386391154
-7.24459568025972,-5.52597359680247,3.61071128842506
-7.77825636495494,-4.93909251642861,3.11200881450163
-7.93826301600858,-3.99414403799631,2.30151481984612
-7.70823152033443,-2.74429263259131,1.34940831121478
-7.21593530663401,-1.33393548378185,0.402080698097933
-6.6700169491767,0.100368171198132,-0.493413330160076
-6.27241257806338,1.48135231933105,-1.38588149801443
-6.16884758051879,2.78020472226411,-2.37432221294486
-6.43676649510052,3.96902031750029,-3.577441965772
-7.05443614581595,4.95152019248967,-5.11803553569724
-7.810665640422,5.4647861071968,-7.06891640547327
-8.16632714643061,5.0173481359688,-9.25494414945972
-7.36531690399901,3.15083683974654,-10.9856304866771
-5.22172375367765,0.173121779788403,-11.3896065592687
-2.62953937283813,-2.81117609796922,-10.4288889011486
-0.614479191359804,-4.99310552550417,-8.84501470422548
0.499218729363368,-6.25763733131108,-7.20319136711234
0.890859450650662,-6.77692876065992,-5.65650170066952
0.863670932535766,-6.76088431933351,-4.2022339123169
0.655099530850023,-6.41689306184337,-2.83948904843349
0.386595487472591,-5.93759899833946,-1.58106067138042
0.084429932904388,-5.47910933991875,-0.42734626744311
-0.278283955694979,-5.15244147335208,0.643823293258756
-0.751002960559174,-5.03334127505282,1.67280393568631
-1.39676657034181,-5.18013123148716,2.70508818700312
-2.30356669463488,-5.64974061518525,3.77287714668105
-3.60016871535508,-6.48479866329442,4.85830038448442
-5.46926036151999,-7.65280274660632,5.8062884625916
-8.03043962015529,-8.83811112597869,6.14649913552028
-10.9122459396812,-9.15401468504717,4.96889990127261
-12.7866478107576,-7.5521991630769,1.63295249127172
-12.5343440539247,-4.57978596295385,-2.78696339668133
-10.7539243908331,-2.24479065084803,-6.37218742791306
-8.45226525370236,-1.51929634566999,-8.27558087316646
-6.08429746119858,-1.91082743648524,-8.60877569459812
-3.90875209950137,-2.56916110273482,-7.8929376946403
-2.08855561823197,-3.02033604191138,-6.72346433734643
-0.642583111315877,-3.20907888142894,-5.53821280280855
0.49097542876015,-3.2557279663944,-4.56535349368112
1.39077931513041,-3.28375257782972,-3.88525865543853
2.12604705199827,-3.36695997666635,-3.50082658498078
2.7512513891111,-3.5386693574404,-3.38438617051999
3.30487298324489,-3.81423759919713,-3.50138995327157
3.80732272106173,-4.20830443788465,-3.81711548498384
4.25555255522564,-4.74257403185617,-4.29142462247202
4.61259042416053,-5.44197532100262,-4.86312771216664
4.79320478524675,-6.31267954126407,-5.42362435283403
4.66201285474134,-7.29449222572444,-5.79177928324485
4.07521106634689,-8.2081558902927,-5.72566874069019
2.99959052404867,-8.77372576157074,-5.03203976013896
1.60622988146517,-8.77712124421149,-3.72498869686222
0.180938658986756,-8.26340565555241,-2.05297908491735
-1.09340171225236,-7.51359474594233,-0.321316138626863
-2.22130534749854,-6.84631029813082,1.27040396590675
-3.31376377876433,-6.46987890576875,2.637834248936
-4.49132951190965,-6.44639385956403,3.73648266722775
-5.83197998483335,-6.6911369334852,4.48228884576459
-7.31508579044642,-6.95235172142965,4.70218803311044
-8.72665730142667,-6.82118442612417,4.16928773567612
-9.63948542835978,-5.91033891627917,2.80285777055291
-9.69208193708903,-4.20244007069201,0.906648400317911
-8.97129268492888,-2.1268099088614,-0.982423522117009
-7.92968632744781,-0.174517839948878,-2.53425032078495
-6.984883601509,1.39964673872856,-3.74665731169305
-6.31884181208122,2.53920761914935,-4.75062378220071
-5.90866459060276,3.25561659439768,-5.64733612748475
-5.61191962331331,3.56142511021236,-6.45841127344023
-5.24251361821428,3.46628158596771,-7.12868819430028
-4.64000036369788,3.01042055694843,-7.55529888425728
-3.73707526596689,2.29612765223841,-7.65284815639146
-2.57903530739019,1.46339411015134,-7.42398838941429
-1.27777236058621,0.623478678085722,-6.98146939108811
0.0614657973282186,-0.192046273851716,-6.50053799683329
1.37865563281168,-1.02910827720293,-6.15751946762418
2.65374638185266,-1.97763464852673,-6.087115124281
3.86705472589591,-3.15353026135604,-6.37890472189392
4.93610004981696,-4.69076265106432,-7.04390001769342
5.6095865626055,-6.7028200890261,-7.92225046077935
5.35441976012394,-9.0896170542375,-8.50104006233442
3.54578981162561,-11.1742432571628,-7.91825349912069
0.323379297518956,-11.886399727813,-5.78769061343193
-3.0677848663108,-10.991216532102,-3.06128263594534
-5.54895203708196,-9.28080186132927,-1.0166648195932
-6.88736263201269,-7.41109545935179,-0.0539468408738464
-7.27181841858861,-5.58354473331889,0.11383907658835
-7.00120362414822,-3.8533426528272,-0.0872901720832405
-6.39377582969486,-2.27258313594494,-0.375424002175531
-5.72355398221985,-0.871669711641676,-0.655495250838039
-5.17932859553052,0.359279083654309,-0.947850371049121
-4.8686811352246,1.46312903407935,-1.31182371904215
-4.84965569884896,2.49362569419417,-1.81179709724934
-5.15693198664177,3.49622654391971,-2.51804920610728
-5.81187177345999,4.4813309014532,-3.52628707565743
-6.78608373773401,5.3720272785116,-4.96731808952966
-7.89090741687311,5.89651479183849,-6.96311215297464
-8.569321287528,5.46527881415279,-9.39338158967367
-7.91656810127422,3.40143975129087,-11.4855873150259
-5.63656324850514,-0.0791024752775266,-12.0884387454915
-2.88329599542873,-3.60018877231582,-11.0484701827041
-0.989661539879827,-6.07158838045447,-9.22903303887768
-0.256794101078427,-7.29951068150155,-7.25615632996158
-0.286003555863885,-7.51079861524017,-5.31689867651924
-0.598551424354803,-7.05896895363368,-3.4943726136647
-0.923543850381467,-6.31320749141205,-1.8616012968163
-1.20429299863407,-5.56885468946542,-0.445763135341272
-1.49059598590462,-5.00863154522329,0.776161422592159
-1.85454989979789,-4.72600787693731,1.85527491048041
-2.3621717053187,-4.76083568172067,2.84833883065564
-3.0826410059848,-5.13031484047515,3.79484563967321
-4.1049611847964,-5.8274478355393,4.68987310328188
-5.54316876617237,-6.78160792926669,5.42912705074439
-7.45745633256857,-7.73917567606846,5.71675468931359
-9.61807034377885,-8.11665572828898,5.01118203735211
-11.2356130153794,-7.17431225977029,2.86872372949837
-11.4400860140093,-4.88683003763924,-0.281890610261765
-10.3271126273028,-2.30475502987703,-3.27603744081465
-8.67925338100456,-0.42675909835726,-5.37895971531569
-7.00196877509742,0.516578285867437,-6.53465472820098
-5.41002363612549,0.765944399169057,-6.9326057734966
-3.90476204503749,0.64849984491391,-6.80014225809479
-2.50045593041454,0.395043264833782,-6.36580823567189
-1.21536770100911,0.105883534993112,-5.83661588057009
-0.0466434536534421,-0.213568880732152,-5.37197765961881
1.03568604020161,-0.603146693365848,-5.07816183109621
2.07634595430818,-1.12041225020117,-5.02662312246026
3.12002511169986,-1.83547298539511,-5.27112047093989
4.18699011840958,-2.8463871755869,-5.86007285746363
5.22453865930691,-4.29800109427786,-6.81322593660252
5.99418055660654,-6.36290009406552,-8.01805050896759
5.88681083245254,-9.04280836173083,-8.98402049144613
3.99319813468711,-11.6489158572744,-8.68067264165912
0.199632825323267,-12.7572088460858,-6.46038412879967
-3.94837278271441,-11.8572211139471,-3.52649545941758
-6.89594320774557,-9.87693724425156,-1.65412445976657
-8.23779824569453,-7.60209809084538,-1.24792581602973
-8.24052636229787,-5.34082997134089,-1.66972608876235
-7.42887610553309,-3.29207653616908,-2.21872019525302
-6.3276096799461,-1.57054890655928,-2.58294358906721
-5.29594321715003,-0.179676501236914,-2.76787271365845
-4.51235812308198,0.938152023091541,-2.88553148419926
-4.03621308474436,1.85354372074718,-3.0337597187707
-3.86477532324139,2.63084061297428,-3.27042996711117
-3.9720570602022,3.31759856238457,-3.62841370879831
-4.32432394857736,3.93779277547501,-4.13687765234468
-4.87441781030462,4.48101492857601,-4.83318603753807
-5.53441924512264,4.88366036631781,-5.75314003280518
-6.13546391927913,5.00489525750409,-6.89156380725559
-6.39390307332803,4.63369159527341,-8.11806043210134
-5.9771740353755,3.60216025883856,-9.10986791843061
-4.74005440329793,1.99846144632628,-9.47542494065755
-2.91943076252996,0.205599420704689,-9.08910586588364
-0.964478624694196,-1.40355397906839,-8.22887945526427
0.785976226563509,-2.72376346734996,-7.31867708823227
2.19245365691442,-3.84954700316215,-6.6449944902918
3.22024287605979,-4.90692414170317,-6.28661171290492
3.84205769289478,-5.96236007714903,-6.15636546309974
4.0033509813956,-6.98982696726451,-6.05003438431025
3.65364920907233,-7.85719004266197,-5.70994560181953
2.82607735798879,-8.3628718191169,-4.93283719520783
1.69693241125976,-8.36668851515826,-3.69409609762035
0.507856831556905,-7.92087738341716,-2.15706937265802
-0.588011704955315,-7.26031700176384,-0.545855533229757
-1.58971532040532,-6.65853035907798,0.984796349248377
-2.59195917014376,-6.31974991047693,2.36641775179172
-3.7143026505076,-6.33982782849906,3.56798955028241
-5.06400469942157,-6.70091660319402,4.52198566798238
-6.69301138282407,-7.22462445153803,5.05320758851294
-8.48088556420604,-7.50494903154788,4.8413953080779
-9.97445430412618,-6.97521176841789,3.57370724935515
-10.5363882561989,-5.35164313030517,1.37076298497222
-9.97721650925291,-3.06644914346943,-1.07095900591073
-8.773113886361,-0.879144912832331,-3.09517135071404
-7.49476706871186,0.765562887662716,-4.53248225937356
-6.40284716262764,1.7999417613909,-5.5000097966363
-5.49729068472712,2.31625333116329,-6.12774606293175
-4.67914698331033,2.44344822603268,-6.48648342493677
-3.85796307577536,2.30326053757176,-6.60875369546964
-2.98915833873287,2.00086815555397,-6.52819244235372
-2.06985385409026,1.61339754571431,-6.30026642448342
-1.11582630732244,1.18027757768323,-6.0013706671905
-0.138848878088673,0.702210432152349,-5.7168489913379
0.863986803255326,0.149901509871068,-5.52978230877897
1.9105615631478,-0.531215696120878,-5.52158369880597
3.02171220001603,-1.41946018363169,-5.77347599204723
4.19567852748235,-2.63270862229427,-6.36884426216007
5.3436842719369,-4.34181583276688,-7.35247040858406
6.13994272300224,-6.74275582212278,-8.5932676214881
5.79561853982793,-9.77186541475822,-9.46007616438985
3.27016233046825,-12.459280012071,-8.72605768555125
-1.19492188739628,-13.1937365206329,-6.01575421257837
-5.5515969664199,-11.8447505710235,-3.18588529671486
-8.26134117043549,-9.56228411087383,-1.99728057862924
-9.10584190276557,-7.0675634983013,-2.33546615282513
-8.56173821200736,-4.73971034338937,-3.18223743317975
-7.31682818578306,-2.82389825428388,-3.79974109105666
-5.91733679583425,-1.35645683757841,-4.01196549332349
-4.66278823637818,-0.250893315156951,-3.94412898032185
-3.66947977209636,0.593285218895118,-3.77054149587321
-2.95544886584368,1.25029875356314,-3.60876776239648
-2.49339579850633,1.77446228470717,-3.51299765933132
-2.24369764378155,2.20631683701145,-3.49671010606734
-2.16698635186181,2.57760491717685,-3.55420458418741
-2.23320565241079,2.91164105798453,-3.67631249986596
-2.41942941315553,3.22511021038907,-3.85674992766944
-2.7093204162545,3.52766602409641,-4.09616297865301
-3.08819738663049,3.82096858951898,-4.40245995189222
-3.5375123401161,4.09569968107829,-4.78980931689822
-4.02559009561757,4.32618826442163,-5.27406787618628
-4.49504022315523,4.46455313081368,-5.86043276132236
-4.852618406056,4.43949235542165,-6.52384075229635
-4.96988084268786,4.16919262245516,-7.18592422313692
-4.71487600934543,3.60110450951579,-7.70889107463487
-4.01932322213654,2.76386796795173,-7.94162433040575
-2.93279329392667,1.77462230884939,-7.81270252374404
-1.60091289762292,0.768796114983629,-7.39336452442668
-0.181928840076337,-0.188864245776472,-6.86719543995205
1.21982663876798,-1.12896576161767,-6.44071212599321
2.55603775572306,-2.14418739279713,-6.27901012340501
3.7919514715576,-3.35444661249547,-6.48106127114642
4.83707521818351,-4.88763248618183,-7.04872112547978
5.44511536946889,-6.83245893160638,-7.80216425307424
5.13373077843867,-9.05571569489288,-8.23412603918416
3.39771968089159,-10.9125154936773,-7.56934426744418
0.441975933419544,-11.4836465574995,-5.51043032170714
-2.63560535408326,-10.6173711353113,-2.88986788595236
-4.93316847584364,-9.0381032892877,-0.800641204050701
-6.27478069262014,-7.35848401773419,0.363473844935074
-6.82643147650193,-5.76265122819877,0.77237984535811
-6.80822248873148,-4.25947985408545,0.744485019430629
-6.44354038447266,-2.85415762951783,0.533048015605014
-5.93925349835998,-1.56304679989776,0.265795476423812
-5.46075226526752,-0.387082989840953,-0.0315544064033304
-5.12352747450814,0.697074920978604,-0.388673867413672
-5.00298867829595,1.73195754831303,-0.856599403430854
-5.15621894047424,2.76418500574422,-1.49936416113221
-5.63568102966691,3.82573601697477,-2.40384225220781
-6.48129915527261,4.89674891871496,-3.70101124483229
-7.64829714904364,5.81792673932341,-5.56650984933713
-8.80809757153172,6.11239282161098,-8.11106704399444
-9.07009894367765,4.88564618263254,-10.9375928309856
-7.4311040983897,1.55289132910885,-12.7275062932364
-4.47445414306562,-2.79030878974213,-12.4235762884843
-2.15390275776529,-6.28834399740345,-10.6467143586234
-1.39277735727634,-8.14936551862747,-8.37633047667353
-1.72407929043704,-8.49052488971736,-6.0435950822383
-2.33858718087345,-7.81383701440707,-3.88696631873508
-2.78002440429264,-6.69357520321627,-2.06225802453717
-2.98800567208408,-5.55800726857178,-0.596090057999995
-3.0728949306978,-4.63487566146994,0.565950560707016
-3.15039388265224,-4.00793983899268,1.49803824102629
-3.29169324429775,-3.68325176392031,2.26890707527626
-3.53160100153907,-3.63537897597426,2.93285517325796
-3.89094349574964,-3.83101107580304,3.52580908786337
-4.39294874301227,-4.23285298640946,4.06076616606399
-5.06796326935833,-4.78874128285891,4.51798825346298
-5.93989682294207,-5.40648259893779,4.82877075473989
-6.98488478272275,-5.91925749116843,4.86007790023622
-8.06142514528758,-6.07048715167941,4.43500787519245
-8.87714110922589,-5.5899792263889,3.44016570287022
-9.12024192327877,-4.38970456094292,1.98513451856697
-8.72222540449997,-2.68622876571884,0.392884188486896
-7.93898327150078,-0.848538395559715,-1.05007983368012
-7.13995945053444,0.846242734067905,-2.27881453373719
-6.58912773608824,2.27396756285907,-3.38795665755806
-6.37694290482622,3.39113291370591,-4.50347815796781
-6.43711690541182,4.14353135252174,-5.70538896419288
-6.55795386855393,4.42002136042495,-6.98424780845154
-6.41137142470628,4.07553193459756,-8.18627735084723
-5.67693876539841,3.05599366206856,-9.00514221672685
-4.27610780292323,1.56065543746756,-9.15739505217502
-2.46086000151541,-0.0272040234091748,-8.65071716724373
-0.601470697002984,-1.42593549065329,-7.80354735782331
1.05458116875071,-2.59949493410747,-6.99343770669719
2.4147095259972,-3.65817877873572,-6.45609347887734
3.44968065858558,-4.72219381109687,-6.25171629019503
4.11525164640809,-5.85775914833974,-6.29109494468906
4.31594876781471,-7.04061491350531,-6.35827381568054
3.93680406768835,-8.11515526969874,-6.14833841979853
2.96037645659414,-8.80727718547814,-5.39010377346258
1.58264259629027,-8.88806486440468,-4.03523810420199
0.134406375440399,-8.39030838470185,-2.31092488023909
-1.15722192380054,-7.60604923260724,-0.533209684512198
-2.27456902108846,-6.87575940365702,1.08539266698169
-3.32528183022726,-6.42263541441408,2.4605301160005
-4.43026158484069,-6.31805440737719,3.55761988571403
-5.66822296900074,-6.48946453081415,4.31628313394974
-7.03184874865186,-6.71814567556944,4.60201738796245
-8.35461153314406,-6.64627019648255,4.22464987456702
-9.28190509552491,-5.90980007165241,3.09363041961291
-9.46667849075836,-4.41786790107746,1.42027863880327
-8.90910347943566,-2.48102637900273,-0.342572986454678
-7.97441685367312,-0.541264155037052,-1.85939069472415
-7.07887153940377,1.12349874657032,-3.08785797792969
-6.4557640432932,2.42184190496264,-4.14495785059177
-6.13774520106857,3.33769771469327,-5.14717302005649
-6.00932867106425,3.8520887521887,-6.14209513644691
-5.86252137176057,3.92020547974987,-7.08685985746934
-5.45966252522301,3.51083953998359,-7.84510358560484
-4.63618836625399,2.6808054173929,-8.23610935575497
-3.39883299927093,1.60739961833051,-8.1601192800161
-1.90785130931391,0.500273393843545,-7.69631483484001
-0.357799547561279,-0.525352865519651,-7.07078017501578
1.12283310776856,-1.48698812690758,-6.53307650493502
2.47928984844585,-2.48118316616566,-6.26759061393753
3.68175606553655,-3.62653397364317,-6.36535001249132
4.65528815721382,-5.03497609331021,-6.80981714231888
5.19897354076319,-6.76828959704683,-7.41813340001004
4.94026096913897,-8.69689443269547,-7.74804959297632
3.50733283688905,-10.3018987275349,-7.16615642764178
1.05363455674117,-10.8582431387054,-5.38893505811439
-1.59942237265435,-10.1903064157485,-2.97336953667517
-3.72006526424018,-8.86029799389302,-0.789552735382354
-5.14228672864565,-7.45941928636404,0.723094658596821
-5.99450470717586,-6.21537512636303,1.55810585853827
-6.42282791060104,-5.11220517473322,1.87893954749491
-6.52903769665009,-4.07754473293078,1.86472606778415
-6.4001426698985,-3.06615546386469,1.66223130763283
-6.12573211252738,-2.06771190567253,1.36609217394183
-5.7991800010912,-1.08541621109408,1.01910293959993
-5.50746617799088,-0.116670736274042,0.620842329187367
-5.32653180407226,0.855270503462557,0.14226474496861
-5.32635390184754,1.85909889359614,-0.466894219066199
-5.57788709907203,2.92538654701072,-1.27825745255888
-6.15874554764231,4.06527970948374,-2.40042245278833
-7.12417592460475,5.21622192614114,-3.99735765092525
-8.391399113382,6.11010673592314,-6.27516962302715
-9.43822460303993,6.03472494959472,-9.26416887327322
-9.07191568732768,3.88809826171898,-12.1763558313793
-6.59043471564035,-0.449605470600827,-13.3357100201721
-3.60448663856608,-5.05713631738154,-12.245479766583
-2.16412353861984,-8.1219793163478,-10.0173931376359
-2.41320639898248,-9.23703317627361,-7.49421879249238
-3.31963976459208,-8.82336826089955,-5.10790184750805
-4.02508923812216,-7.59044678032702,-3.14547621798103
-4.27747842776051,-6.13188577115827,-1.66071297883878
-4.19018947590966,-4.78171809518202,-0.55706172027757
-3.95542894490276,-3.67711548807981,0.27678401206162
-3.71400315122596,-2.84735421074443,0.918395441870611
-3.53578192996218,-2.26811528993946,1.4208016239157
-3.44121639957883,-1.89933226927876,1.82149258794203
-3.4242689030144,-1.69723932377282,2.1508037761034
-3.47068146447183,-1.62619849374689,2.43169045296455
-3.56600233082742,-1.65882742996103,2.68165006595216
-3.69960962878985,-1.77591460836002,2.91344207594386
-3.86585683073492,-1.964532397424,3.13593543705813
-4.06420618421008,-2.21588466453838,3.35442839250245
-4.29863370798157,-2.52249892153495,3.5702978335101
-4.57742818464248,-2.87595678859445,3.77967760477324
-4.90975464377489,-3.2613626349887,3.97157713537174
-5.30377730035549,-3.65352370427568,4.12435909879414
-5.75711842005528,-4.00969795315254,4.20418499919066
-6.24732998848084,-4.26685583156729,4.16648752024724
-6.72178082054042,-4.34316089072649,3.963284282889
-7.09821929490951,-4.1594075064655,3.5663319753641
-7.28710388575323,-3.66648109037392,2.98635844139527
-7.23928069595664,-2.87889527878946,2.28130127145454
-6.97956764750965,-1.86624259913104,1.52409005029922
-6.60627565489026,-0.719233135885651,0.759736944505338
-6.25595938450051,0.489811642175375,-0.0198926092893485
-6.06695120323998,1.72409073486162,-0.872314126217451
-6.15949707484449,2.96874983649868,-1.89090116881525
-6.61952430229643,4.19303177134586,-3.19938567084226
-7.45540498079368,5.27464059194897,-4.95381766379133
-8.45188297687061,5.85960658290952,-7.27745826898442
-8.92559096279178,5.23261417511009,-9.96609149430621
-7.86545013516067,2.70590810441622,-12.0406479139589
-5.23130434784567,-1.17982149578586,-12.3207834970649
-2.54985211190119,-4.77065496756858,-10.958860718114
-1.0808552417734,-7.04271607407066,-8.93154334077024
-0.818809281215423,-7.92083534327012,-6.77700295389774
-1.15393546925393,-7.7372664832074,-4.6862061670703
-1.57201996925149,-6.95706766936253,-2.79353975233326
-1.87858124582402,-6.00876328971138,-1.17491335144754
-2.09859140988942,-5.17847733611731,0.17213326147416
-2.32205050670044,-4.61142235405813,1.29701500199183
-2.62638763688091,-4.35777997090359,2.26462657477531
-3.0672094564085,-4.42356681589553,3.13115494711897
-3.69610855942163,-4.79504150588557,3.92974800055574
-4.57655424077623,-5.43560696534416,4.65015439948648
-5.77846222210321,-6.25052739539865,5.20190374722526
-7.3147850945927,-7.00963458546488,5.36122184729812
-8.98306648350965,-7.27477154368407,4.76940375548739
-10.2337384516656,-6.53528741896448,3.16093519044534
-10.4710319334044,-4.71158457194789,0.800042142886274
-9.68700262973501,-2.40302798627972,-1.58266614279057
-8.43562805756306,-0.333475040560508,-3.46456955286291
-7.21765391075804,1.15897180510579,-4.78982572440541
-6.20821238420779,2.05498705343909,-5.69289597927999
-5.36017336263933,2.45845409772333,-6.28602855648472
-4.56266329843698,2.49130851114195,-6.61659856098813
-3.7296899861302,2.27354082044953,-6.70654815321827
-2.82860206319306,1.90943688309264,-6.58923269420435
-1.8685256998695,1.4737593186598,-6.32776423578181
-0.872356677351766,0.999642999495528,-6.00780806571633
0.145624774781619,0.480002698173475,-5.7229105352211
1.1891987814889,-0.1235477012939,-5.56219237151497
2.276300857347,-0.874809168128935,-5.61176215730004
3.42252933723901,-1.86524442539168,-5.95654033394332
4.60419385715957,-3.22888815212379,-6.67111732797022
5.67202189053036,-5.15016662233413,-7.75679242132022
6.1646863759729,-7.77928573088988,-8.94510514402391
5.14728146447692,-10.8040470039335,-9.36661835807617
1.84723355128473,-12.9011974635244,-7.86577905967958
-2.73982228851403,-12.7961097957919,-4.86141241766399
-6.54169394334702,-11.0220652290383,-2.47949732115592
-8.56274939825134,-8.65388725317234,-1.82596108648433
-8.89052692598634,-6.21169649726451,-2.35787915999986
-8.090867857013,-4.00648722553436,-3.12016744402841
-6.80918480581572,-2.21331480883198,-3.59248665713588
-5.50227377626769,-0.830005453700883,-3.72704668577958
-4.39997512400786,0.228485344451054,-3.67021783381476
-3.57931339218196,1.0497680290943,-3.56760372287634
-3.03951497131902,1.70254401074717,-3.50497979557837
-2.74841692895244,2.23935402131389,-3.51680042185285
-2.66817789214935,2.69988839872386,-3.61000827841937
-2.7646105662073,3.11323691029445,-3.78253424458615
-3.01100478121274,3.4976855805109,-4.03522952877893
-3.38350227708815,3.85983687003613,-4.37630913557664
-3.85440620596718,4.19063701607958,-4.82194039997138
-4.37951028446083,4.45842868095067,-5.39016207187405
-4.88098993497824,4.60051796976356,-6.08457726130902
-5.2327637264907,4.52261000144357,-6.8649132348234
-5.26584538014129,4.12212530512932,-7.61481406246325
-4.82665034226466,3.35431154180442,-8.14493847003893
-3.87484724535637,2.29791763460047,-8.27971506188278
-2.53188445895084,1.13248344863442,-7.98724022472097
-1.00860821948362,0.0150524700436517,-7.42217925661146
0.515925842023276,-1.01753772993238,-6.83308825889369
1.94565179570395,-2.03493887772254,-6.44170238339776
3.23601778613554,-3.15372592588218,-6.38724479664744
4.32899157397146,-4.49448751500917,-6.70259909498801
5.07022952555049,-6.1480908657361,-7.27482884968769
5.1360478878346,-8.07278649242178,-7.7529617189822
4.10435551900767,-9.88650497816954,-7.52484954965523
1.89725958517705,-10.8557729320408,-6.10198710084717
-0.818300349340118,-10.5450210523462,-3.77719590882627
-3.17092728760053,-9.33930898120601,-1.43770881654613
-4.81310682497014,-7.90427318157344,0.297875752442626
-5.82251524466489,-6.58568271763264,1.32083681944481
-6.35381902710156,-5.42281625897633,1.76795176589751
-6.52845147376764,-4.34956216310799,1.83091989037713
-6.4403018307039,-3.31337911371027,1.67112787835641
-6.18342993345454,-2.29739773697472,1.39943204131741
-5.85488579569772,-1.30305832629315,1.07100516170916
-5.5449128393715,-0.328815319478271,0.694180615570145
-5.3318498839195,0.640042883361049,0.244924452453601
-5.28507164680588,1.63125221845242,-0.322016775632227
-5.47475281948103,2.67763267612992,-1.0732162628432
-5.97535010551926,3.7984318812368,-2.10542912221072
-6.85283282451109,4.95716717549405,-3.56839529533121
-8.07591227274655,5.95337822632309,-5.66576513312129
-9.26371789795441,6.20250477570959,-8.51198784864418
-9.35641510734921,4.63027954716928,-11.5808926565771
-7.32223341949722,0.698065665009423,-13.2875304354944
-4.22460010043549,-4.06112651487475,-12.6561014315513
-2.32828202342296,-7.57690004260108,-10.5947485550433
-2.25373558308868,-9.13843811691713,-8.09585651534954
-3.10520682560069,-9.02546511548461,-5.643705233788
-3.90342860994738,-7.92313096794287,-3.56692390870558
-4.26049798372108,-6.47735081870449,-1.97593897376422
-4.23551411112167,-5.0820616642528,-0.793554028283331
-4.01905583225259,-3.9126276802845,0.0949852871943063
-3.76904733517309,-3.01678277518195,0.776219377242176
-3.57149529533148,-2.38060611061654,1.30684654901342
-3.45565824322364,-1.96396232926199,1.72810807061494
-3.42034311786175,-1.7239738812924,2.07121062174702
-3.45214778583285,-1.62265652452493,2.36072679076457
-3.53595095882992,-1.63028006962426,2.61544406396795
-3.65999235949328,-1.72591739420132,2.84909997319293
-3.81715233398103,-1.89508574035519,3.07147395652585
-4.00544032808906,-2.12815279640741,3.28875528264085
-4.22767722485272,-2.41788114707592,3.50346206920983
-4.49080607166392,-2.75644307336393,3.71346039281558
-4.80393385490106,-3.13146998157033,3.91017871280206
-5.17562401757562,-3.52182191745991,4.07597243332456
-5.60791290764644,-3.89116088530868,4.18104733608682
-6.08570088484365,-4.18336639544047,4.18419324125537
-6.56698314976486,-4.32282935928436,4.03807801747498
-6.97849244127706,-4.22758921861497,3.7062120204801
-7.23128600049641,-3.83746511938823,3.18591841398621
-7.25914121098655,-3.1444553114198,2.52027650538782
-7.06149588220726,-2.20211754081496,1.7806269972435
-6.71496756040172,-1.0979664012953,1.02379344715122
-6.34639696941822,0.0892056154240185,0.258747825997062
-6.09377851172944,1.31140456495263,-0.556766916877015
-6.08425154289325,2.55065733737776,-1.50503240859515
-6.41834645852655,3.78804779440644,-2.69959877844289
-7.14053035746482,4.94429095574318,-4.2871387990132
-8.13744629910475,5.7630270948998,-6.42071127512936
-8.90708616679919,5.6469334638964,-9.06262539148874
-8.45873030812704,3.78168192971544,-11.516103551829
-6.23539204774534,0.170315269127853,-12.479487553298
-3.36532890454686,-3.71618631939832,-11.5626180753295
-1.43940580481327,-6.48905098257199,-9.65963922705842
-0.848264632587035,-7.8093978011624,-7.50594396117341
-1.07371554988462,-7.92035646603697,-5.36431372904595
-1.51217949254724,-7.26974325796424,-3.38406240206269
-1.86184733185841,-6.3221721103917,-1.6682862475364
-2.09734139553834,-5.41845220433262,-0.236743852624865
-2.30243720982873,-4.74475126619846,0.950301480184803
-2.56338114941081,-4.37618999559072,1.95570516921269
-2.94121239604617,-4.32718913317751,2.84090110930155
-3.48507189909674,-4.58777796226135,3.64885815253236
-4.25043236698814,-5.12949993277478,4.38836970514273
-5.30513964112457,-5.88527310968489,5.00549023223099
-6.69289533357065,-6.68899373497446,5.33777038271399
-8.31687618483939,-7.19115108737377,5.07750808417447
-9.77029210492958,-6.88675146746417,3.89381066371704
-10.4254239159919,-5.47299809190859,1.80796230275761
-10.0036567495048,-3.29395871977585,-0.591649080938338
-8.88917768285214,-1.08240250700569,-2.65644888613473
-7.65373765640595,0.665807981263771,-4.17431043723844
-6.60166160795924,1.82628661043346,-5.24265743088808
-5.75719560721741,2.45654993104662,-5.9922007417458
-5.01595728475764,2.66035268941487,-6.48761738631118
-4.26327427663297,2.54793506417867,-6.74402819361596
-3.43101575032379,2.22602397496629,-6.76843326912226
-2.50822980507514,1.78982255701568,-6.59717605576259
-1.51866114193248,1.30144641285613,-6.30112111261805
-0.490907485002464,0.780163858277484,-5.97405541775863
0.561188993228859,0.205719579147591,-5.71483407013517
1.64371367130234,-0.472502205695123,-5.61683816920919
2.77290376867263,-1.33064942361824,-5.76909681843141
3.95080413685629,-2.47858720609487,-6.25685038177782
5.10964434075828,-4.07265856703576,-7.13179431737766
5.98670486674356,-6.30028807911993,-8.30321287919115
5.91220741900072,-9.17079664236423,-9.26040512026382
3.88248898129341,-11.9350317242914,-8.88183568558133
-0.191135979214236,-13.0487540648102,-6.50208793015077
-4.55864797832537,-12.0338343804885,-3.5371876672799
-7.54470759625306,-9.91917057431292,-1.88811740600387
-8.7530291084945,-7.5083200247638,-1.81684324779269
-8.52740664937142,-5.16055669173643,-2.48729350819787
-7.48972375119353,-3.12357346589767,-3.12108469456345
-6.2070960732893,-1.49363365076277,-3.43959429043482
-5.02757870386347,-0.229924009999592,-3.50535266024861
-4.10458196957507,0.750762370180665,-3.46660701777233
-3.47501136440393,1.52666961819948,-3.43583137319859
-3.12145874647192,2.16035942723056,-3.46970351044383
-3.00892153473745,2.69966609553257,-3.58831638255059
-3.10177801718789,3.1789982295409,-3.79725503081832
-3.36885113828619,3.61898967825519,-4.10253533614989
-3.78003086159017,4.02397939752478,-4.51788761611543
-4.29503148899507,4.37597313904727,-5.06368794773498
-4.8464636885376,4.62480809457275,-5.75604464423613
-5.31819119996392,4.67942096932125,-6.58036876538858
-5.53364592206179,4.41761177906036,-7.44900559977274
-5.29273547292159,3.74360408416353,-8.17395358196315
-4.47885962444737,2.68286626622478,-8.52298834760848
-3.16466085162694,1.41627996237434,-8.37473973872504
-1.57991997145528,0.164258617827162,-7.8323316518123
0.0377661840006611,-0.969175120033351,-7.16072545187895
1.54545743395878,-2.02464016084984,-6.62708930377781
2.88153358251059,-3.11523759336965,-6.40467320861411
3.99776433651446,-4.36104545877544,-6.5475457458316
4.78154446991465,-5.85054273865436,-6.9697219133697
4.99186826783024,-7.56807288426776,-7.38803467997762
4.29348930303128,-9.24396899043766,-7.29861393430979
2.55289793056764,-10.3010991615883,-6.21858380436597
0.203391212179741,-10.2723718508188,-4.20633431514458
-2.01814167708364,-9.33491525506166,-1.91583343014753
-3.71253618924606,-8.07485623280907,0.0312873979715048
-4.89806385600937,-6.92063341951707,1.39982189769011
-5.71772303453171,-5.98777217856287,2.21189324037391
-6.26846136918374,-5.20850089992237,2.56997755157344
-6.58503533545936,-4.46973465133971,2.58386542733875
-6.68035718337199,-3.68688377178728,2.36115351098878
-6.57847894809137,-2.82697727937121,1.99600308366114
-6.33460351496426,-1.89844793312523,1.55869371400009
-6.02768911129535,-0.924429715046963,1.08198869349783
-5.74761451166847,0.0794487174040547,0.560184813757392
-5.58334597725823,1.11459475652596,-0.0433676785765712
-5.62001873922884,2.19683016989214,-0.789909663875038
-5.94404627675859,3.34148786504502,-1.7690649648038
-6.63363279719355,4.52818376092318,-3.11233811524595
-7.70091256338846,5.61811558582691,-5.00366487456044
-8.90361508376882,6.17303311199973,-7.60389645820948
-9.40926542527015,5.27449203659672,-10.6483721398398
-8.0289480412688,2.08592116087474,-12.8605971046213
-5.04874680616286,-2.5118517843171,-12.8864884220274
-2.5879586717727,-6.41829888798924,-11.1665663933423
-1.86386229343491,-8.54852733992415,-8.8030727482304
-2.38311041273089,-8.94835754381377,-6.34672742929863
-3.16760042063919,-8.17658658886753,-4.12125557682929
-3.66170754296015,-6.88963569511236,-2.31285365369585
-3.80198022600155,-5.55910704164979,-0.922062961771106
-3.73479309888789,-4.42487044487999,0.137917300256026
-3.61211152452358,-3.56883105847549,0.957388556003723
-3.52499748009031,-2.99261027869806,1.60544668339319
-3.51079858243919,-2.66460693325481,2.13451025204484
-3.57676232628186,-2.54631726915362,2.58444261865731
-3.71888253423339,-2.60210155629476,2.98520980145979
-3.93519186301225,-2.80563402266412,3.35665345306659
-4.23008946100377,-3.13470853883238,3.70891503269174
-4.6166599551539,-3.56713835599274,4.0394647713933
-5.11243528715872,-4.06988359268841,4.32808238251294
-5.72975478243686,-4.58627807580185,4.52921202467594
-6.45410772453586,-5.01918874582167,4.56591046530678
-7.21222116364504,-5.22461609430746,4.3395842164928
-7.85296178310455,-5.03859708534545,3.77128943001503
-8.18882355932335,-4.3588362527493,2.87361914417234
-8.10733961058338,-3.22246728490067,1.77716917773974
-7.66971812803763,-1.79994791807442,0.656421073733132
-7.08145496746531,-0.287277256009024,-0.391280102709301
-6.58089759945241,1.18241203403268,-1.38701561528167
-6.35094179766809,2.54712568114972,-2.42746797014038
-6.48658349563203,3.76701281452731,-3.63395196244112
-6.97054772111758,4.75099190471242,-5.12366219541499
-7.60149750402112,5.26834645467792,-6.95684646454039
-7.89116390840045,4.90281229595205,-8.97303453596619
-7.16754371746636,3.2729437854822,-10.5794039034205
-5.21377889197773,0.623935083471809,-11.017044515642
-2.72701657954634,-2.11617343432651,-10.202642308904
-0.615280285047387,-4.21885047773891,-8.77681442882652
0.742487782349272,-5.56124858896258,-7.30971839448511
1.40849478397633,-6.28922325640792,-5.98342939244893
1.59212016046677,-6.56028566189419,-4.77337284795688
1.49529254122036,-6.5027292084328,-3.62873114167393
1.26151538045699,-6.23731761632639,-2.52928356690514
0.964427836845221,-5.88025960205079,-1.47514443124052
0.620619438192002,-5.53518697916954,-0.463857014854979
0.209243590652867,-5.28679294655406,0.521126838481019
-0.312670326719043,-5.20473777371924,1.51030548845792
-1.00755365348444,-5.35544841495836,2.54040710098453
-1.96431502737321,-5.80805595479112,3.63780085706755
-3.32171865644918,-6.62942269689536,4.78291013426046
-5.27402821106817,-7.81157942565106,5.81857044587522
-7.97543209526951,-9.05985287897395,6.2497005816906
-11.0664937375288,-9.44198000256541,5.0761425297119
-13.1153152772054,-7.79185824878421,1.53599951298839
-12.8673407497669,-4.71753518995813,-3.21099981857777
-10.9799908116238,-2.48505930718278,-7.01088819145969
-8.53340350337278,-2.08530132903516,-8.9161302404637
-6.05517668362816,-2.81187138945524,-9.07708749172148
-3.8877231575064,-3.64394658692489,-8.12683261753578
-2.18888506271682,-4.08702889595064,-6.7341044063658
-0.91440697166311,-4.13896909865142,-5.34055068667696
0.0438836364289671,-3.97541196620279,-4.15595753745453
0.77851801655346,-3.75930908219185,-3.24500224987649
1.35240134298475,-3.58406586049554,-2.60123863787012
1.81055161547246,-3.4858449485494,-2.18969504059271
2.18844745790201,-3.46683049556263,-1.96684894496276
2.51283146356761,-3.51659412419218,-1.89578900367153
2.80407387129501,-3.62285654499112,-1.9478230860702
3.07702378829332,-3.77680559146244,-2.10208873463572
3.3412781052842,-3.97563909036893,-2.34443457115149
3.60104465366329,-4.22301780310216,-2.66427679884825
3.85367349305155,-4.52848977917609,-3.05043621858715
4.08666408314671,-4.90518308405933,-3.48538308373818
4.27352967059448,-5.36444161949291,-3.9377864989183
4.36925583142939,-5.90598192115073,-4.35318726022318
4.31144558466438,-6.50048381783964,-4.6465343211687
4.03499599352429,-7.07331299807713,-4.70782946913923
3.5051249061721,-7.50683311601731,-4.43227840821694
2.75226118396563,-7.68105215320383,-3.77037475104388
1.87283799184434,-7.54749362058742,-2.76816051227353
0.970878779414081,-7.17085938205959,-1.54292209949318
0.0932924410167874,-6.70558444616357,-0.221219000244532
-0.789816349681881,-6.33066243019761,1.11204037468462
-1.76245909449009,-6.19843591789488,2.41772903262462
-2.93959798486662,-6.41589859787225,3.66910401918179
-4.4571556545327,-7.01549154104648,4.78940204446818
-6.43802508134492,-7.86875384298726,5.54920624436629
-8.82431721452537,-8.50976868724856,5.44286508090349
-11.0124143566666,-8.08638496142071,3.81976312018304
-11.9165827498158,-6.08979448068939,0.688773325100298
-11.1631198261585,-3.34965474235756,-2.76777289720344
-9.49079922697286,-1.19922926342944,-5.3790754876355
-7.61122985374304,-0.141555051971312,-6.83152900059639
-5.76235658130249,0.0750790940442144,-7.29264608600054
-4.00694627583883,-0.113104584975555,-7.06000337339576
-2.39974896464495,-0.402110102551414,-6.45956022034853
-0.975727502400475,-0.682186997171968,-5.77617442733585
0.272617667621398,-0.968434233585966,-5.20834974800853
1.38613789286053,-1.31989588381024,-4.87027874614375
2.41893135584885,-1.80131165102125,-4.82254254724948
3.41838384060171,-2.48128359860582,-5.0993562827285
4.39943633081499,-3.45158467759792,-5.72212884305767
5.29641221831863,-4.83854313900305,-6.66770583887823
5.86260520319242,-6.76732289717435,-7.76765150491232
5.54650218985788,-9.15321910478002,-8.50973975107426
3.66196234632115,-11.3009008839849,-8.01151668992387
0.302957403625673,-12.0603545857575,-5.86859891048052
-3.2361641416272,-11.1510770185909,-3.10321946983658
-5.8054940791043,-9.38743305562525,-1.08585905003642
-7.15070501044691,-7.44209111244385,-0.220283241170814
-7.47046838977244,-5.52407732703146,-0.165138327151665
-7.09965131593006,-3.71037941238704,-0.445387781808948
-6.39738389670131,-2.07122374361868,-0.768272403902181
-5.66201553313832,-0.639158719959252,-1.05451709572444
-5.0883374972979,0.600555452873446,-1.34262874574242
-4.77716709555733,1.69755604629801,-1.70173882561754
-4.77763655251054,2.70722562741741,-2.19894750025828
-5.11204315098549,3.67255151674792,-2.90347935775
-5.78167456169743,4.59588237282148,-3.90446079348462
-6.73184867397906,5.38669167742469,-5.32016840783016
-7.73689334812413,5.76662555539994,-7.23270664937764
-8.23610309630436,5.19156782930301,-9.46105216471461
-7.44098582744082,3.13945834309101,-11.2449325867634
-5.20445994423443,-0.0642668029381539,-11.6232011824237
-2.56574949687295,-3.21370233575519,-10.5762625343796
-0.630359925577426,-5.45380151889683,-8.89810636675153
0.314766576354889,-6.67197596102753,-7.14661950133708
0.530991976239657,-7.06208509738936,-5.46451540752501
0.379457858365764,-6.87613618157904,-3.87175660867143
0.109608383697336,-6.37602924425182,-2.39665402917443
-0.180238942639924,-5.7940067676149,-1.06317253067498
-0.494248671284039,-5.30079429269783,0.134747705456789
-0.880848775221324,-5.00577642571464,1.23080775084685
-1.40065632925116,-4.97468225313775,2.27434516950568
-2.12589201695422,-5.25583409359372,3.31001767698249
-3.15614603390685,-5.88751024414658,4.35285619288752
-4.6352948712184,-6.86918745092471,5.33516574051615
-6.71649017390637,-8.04646279989398,5.99041286615894
-9.33498862896485,-8.87179509416513,5.68917449094505
-11.7141952213089,-8.33860018700545,3.61000145472888
-12.5222446561196,-6.00501270579082,-0.14717432709021
-11.4793028662239,-3.15459510589574,-4.03341538430577
-9.52253964517741,-1.35344249195242,-6.72085383107454
-7.34383021884617,-0.888551572560408,-7.93645280928784
-5.18917905360413,-1.18939317920114,-7.95157202595482
-3.21250400288901,-1.65248661383963,-7.23566487245095
-1.51381766026859,-2.0013371738269,-6.25608941473446
-0.106261580924554,-2.22946206234164,-5.3453448997744
1.05547693504644,-2.42868282467544,-4.67915052577177
2.03692449558316,-2.68532485722301,-4.32209743796495
2.89832396997493,-3.05827055810683,-4.28308465976816
3.68091618290093,-3.59378100905586,-4.54707644413654
4.391553770745,-4.34364410594869,-5.08146600081807
4.97566541076488,-5.37072812344896,-5.81584280578164
5.27597422153933,-6.70981433042763,-6.58274358956532
5.00728636840829,-8.25871774976283,-7.04737520838682
3.86778981229862,-9.63112338144012,-6.73659600208013
1.88802857052418,-10.2457981550282,-5.37310464909803
-0.391497414054676,-9.84804539588012,-3.2683390370003
-2.37602173718307,-8.78969658363686,-1.09253716168855
-3.86908530307399,-7.61827448746254,0.68115145590412
-4.96637992044626,-6.64201841512692,1.91581886630304
-5.79477756899088,-5.89856185532178,2.63906392473313
-6.41404017980815,-5.27906612294199,2.92674996871849
-6.81932741167977,-4.64579043634972,2.86000394013091
-6.98589284473608,-3.89973039944551,2.53226322315433
-6.91337613396194,-3.00939352670561,2.04470492472006
-6.652698203088,-2.0008920987351,1.48439144095374
-6.29897721498068,-0.922186209339614,0.897590563828384
-5.96692941646681,0.189669999194505,0.28109700645955
-5.76924283714556,1.32218910778458,-0.409258756606434
-5.80662708528127,2.48186275923788,-1.24661623169011
-6.16911415592672,3.67142408466833,-2.33383998516482
-6.91684050216234,4.84110382212661,-3.81501706109969
-7.99161332460168,5.78374424288551,-5.86497722767168
-8.99331962112948,5.95058536696727,-8.54273705372323
-8.94245104050234,4.42175732780817,-11.310718502099
-6.97553355350183,0.841234929211241,-12.7773062460442
-4.00010884743517,-3.42627697364842,-12.1566460675637
-1.91018776082469,-6.64464785322235,-10.2590632827071
-1.34962988167217,-8.22592519073843,-7.97604664423352
-1.73993858632474,-8.37482882142715,-5.67393622301805
-2.32102191657164,-7.61219684082736,-3.57231282714584
-2.71471074952835,-6.48993793394405,-1.80482771810923
-2.90027074213879,-5.40043065660902,-0.383377661745601
-2.9918185936289,-4.54404872130067,0.749466759647277
-3.095959357822,-3.98933619361794,1.66683135526028
-3.27586597826093,-3.73685086509743,2.43496675981675
-3.56397808078612,-3.76071098321632,3.10504834842105
-3.98392843774212,-4.02811364539162,3.70822369225591
-4.56482993250096,-4.4989302625719,4.2487315576721
-5.34083261370287,-5.10880153497594,4.69053924514274
-6.32925423975104,-5.73768004681876,4.93625947807614
-7.46970810830399,-6.17138092964127,4.81806524671147
-8.54785064411294,-6.10963854038753,4.14709271275043
-9.20779348397635,-5.30680833867764,2.87348559385411
-9.18117245270217,-3.80032918911748,1.22942517799305
-8.54801560882953,-1.93389439690069,-0.405261616310657
-7.67105266395368,-0.0926369348740808,-1.8067097168045
-6.9096492228334,1.50216398511477,-2.9918541406999
-6.45331342324846,2.77265439576005,-4.08478470933107
-6.30967114416812,3.6860554444442,-5.19395386762757
-6.33860447442322,4.1810972689351,-6.35578520367007
-6.28182718393974,4.1561103999973,-7.4974192159277
-5.83613561522461,3.53395210573849,-8.41274327912009
-4.8126836429813,2.38931062159083,-8.83511103712944
-3.28657478755531,0.992418039657161,-8.64318234727586
-1.53567971772622,-0.359340517218655,-7.99534274872729
0.169498778513192,-1.53780963466543,-7.22000341313747
1.68452512616712,-2.59513586245767,-6.61112589854335
2.95802041460734,-3.65234671934199,-6.32747903096589
3.95103902088598,-4.81980420807849,-6.38711289442685
4.57185830804236,-6.15362403865237,-6.66432776107042
4.63753998173227,-7.59895842153585,-6.87645526480398
3.94244525097399,-8.89952590366127,-6.612614825809
2.47646148105175,-9.62767523155535,-5.54995508402496
0.600414467213422,-9.50445853457012,-3.76736250034284
-1.18656860537675,-8.70527431351339,-1.71780008398549
-2.6381965212364,-7.68857748126091,0.161599380329336
-3.79711485762534,-6.82560646177065,1.6676365623866
-4.79579812930642,-6.25748778106111,2.75963443974493
-5.72326916144158,-5.93832790203881,3.44181361121511
-6.58659850470276,-5.70987186530302,3.70850629075059
-7.31086742514773,-5.3681533212373,3.5516920090706
-7.7693161761874,-4.74121785506023,3.00677724067258
-7.85833771989566,-3.76620587372065,2.18728581107682
-7.58441269690945,-2.51213249211232,1.25616622009075
-7.08625107972067,-1.11980168111915,0.339129284324393
-6.56719137496698,0.288035080357422,-0.535377791681909
-6.21702513010273,1.64596254786189,-1.4248353731055
-6.17190911603691,2.92988373286518,-2.43052035382875
-6.50162864179254,4.10874463591143,-3.67251894870471
-7.17455914268541,5.07094376456945,-5.27691982230443
-7.95077091436286,5.52174592006131,-7.30816274326791
-8.23804328771575,4.92540686021772,-9.54555142986796
-7.26613434111776,2.84407552695206,-11.2162658712083
-4.9686750582524,-0.287923391972703,-11.4544672025522
-2.37732742467625,-3.28523544518787,-10.3514028001698
-0.493580817337439,-5.38941342739211,-8.69540441606713
0.452575042543347,-6.53667968416271,-7.00260767245088
0.707519172644958,-6.92082667258315,-5.39556157255489
0.599081339908972,-6.77326682775734,-3.88082899066098
0.358000621659745,-6.32907720687621,-2.47377700724783
0.0814634685066886,-5.79670661998571,-1.19148266328162
-0.22693342945634,-5.33370114765681,-0.028205254841353
-0.607452647807593,-5.04430170434096,1.04731799724581
-1.11680003022436,-4.99754241024286,2.08121449905675
-1.82411617806289,-5.24582228271638,3.11898508012147
-2.8270829615315,-5.83757238340637,4.18194354715143
-4.27016239125007,-6.79318122160624,5.21915585231374
-6.32702061554563,-8.00357201320568,5.99585475760612
-9.00641051605006,-8.98559852879313,5.90724258362865
-11.6320019309707,-8.71106077043417,4.03880322392234
-12.7738605105551,-6.50937760075312,0.250062525490033
-11.8945976557418,-3.56801376059259,-3.92125496573494
-9.91607992794839,-1.68215022980805,-6.89783949799525
-7.63480621814092,-1.27469204333192,-8.25782745315959
-5.36526456377386,-1.70402474209228,-8.26629211927531
-3.30993096049643,-2.26095570843302,-7.45080501815511
-1.58596526327157,-2.62762560824899,-6.34020399156427
-0.195277647725627,-2.80960395897685,-5.29709610095882
0.918757274698119,-2.9201563612045,-4.50287401410334
1.82959082304688,-3.05870580310317,-4.01427653180809
2.60090808947914,-3.28305457031286,-3.82876410958397
3.28031360538786,-3.62603793796871,-3.92131935566763
3.89346750056035,-4.11488671405489,-4.25701866273167
4.43325450964077,-4.78424458231237,-4.78978325416293
4.84223545973126,-5.67007011435991,-5.43806159862302
4.98985510129588,-6.7723835088135,-6.04430202334237
4.67466445513212,-7.97709668204858,-6.34049724786659
3.72435844911371,-8.986093921707,-6.00162483236435
2.19444034622418,-9.41391221320225,-4.85754740580666
0.435955293083373,-9.10151035728529,-3.1010798765915
-1.17412546488869,-8.28532801548255,-1.1608694234491
-2.50722028381069,-7.38169535974298,0.613249305473099
-3.64470161799802,-6.69500887403269,2.06575139438395
-4.71511319298356,-6.32852595914699,3.15360969894157
-5.79574350588018,-6.21435669928467,3.8469842464497
-6.87450302729425,-6.15816184807031,4.08544025977422
-7.82671542093457,-5.89182602687444,3.796999104584
-8.43785083700042,-5.1810808730317,2.98907662691228
-8.52871451238455,-3.96615857380595,1.82430357725698
-8.11909863841722,-2.40591318690712,0.566008287812021
-7.43936871203095,-0.746980377462545,-0.595999206228335
-6.78476453964885,0.827823684109928,-1.63790673941113
-6.37760518789139,2.23648308586622,-2.6502451064981
-6.32472099638295,3.44437034281551,-3.75375222202405
-6.60961142694546,4.39253131248124,-5.0528839161824
-7.06360252391145,4.92726862342925,-6.59626809812066
-7.31260268345316,4.7707118026186,-8.27580574060691
-6.83798547768348,3.64785269827624,-9.69246817032199
-5.35228685498532,1.6498939989018,-10.2747387021223
-3.1884350854368,-0.624938223743049,-9.81706525910792
-1.01785219782566,-2.57298916216636,-8.71766828883095
0.714967230970311,-4.01556055213335,-7.52678466547743
1.89939105245499,-5.05683599022448,-6.53570628239609
2.58181918451715,-5.82525605426686,-5.77065437115519
2.846460018837,-6.38107661446031,-5.12647973095301
2.78182020392659,-6.72735802493475,-4.4764341547654
2.48032075227545,-6.85006035588588,-3.73272843170275
2.03586121737441,-6.75924685384056,-2.86845517992192
1.5227241536672,-6.50571524738041,-1.90375296614411
0.977695375281528,-6.17605846372432,-0.875702171882903
0.394746042642871,-5.87372901800635,0.18747924941467
-0.267706850330626,-5.69911834796187,1.2796270531975
-1.08007640596366,-5.74883843280309,2.41122142967134
-2.14116361274525,-6.11174553985832,3.58885914843505
-3.59276716807408,-6.85565421619955,4.77133393497335
-5.61834848169269,-7.94740431418707,5.76904951165294
-8.31293402882163,-9.02982078334158,6.05373367352849
-11.2093569939139,-9.14018136042525,4.67356003953266
-12.8974650759423,-7.29172512045222,1.11732309299141
-12.4174710001197,-4.27843363641864,-3.31875663823412
-10.526674898803,-2.12453544529293,-6.74584264896491
-8.18561259812627,-1.59990445264581,-8.44783905584324
-5.81516177954773,-2.09033872178367,-8.60862934357282
-3.67414458661666,-2.75103259732867,-7.78596490817059
-1.90820892280237,-3.16414772247163,-6.57344648564772
-0.517362300982543,-3.31316070533577,-5.38381064774658
0.568660463365096,-3.3300428792843,-4.42223469673778
1.42931793713513,-3.33632587534945,-3.75499011867989
2.13211962671604,-3.40093466332678,-3.37813119644885
2.72977356580342,-3.55288960415693,-3.26102402878252
3.25971631024204,-3.80403717505368,-3.36834311479952
