-1.33611145960142
-1.39626396179188
-1.45332764868138
-1.50712865064834
-1.55750498525685
-1.60430717638973
-1.64739882442871
-1.6866571252391
-1.72197333591868
-1.7532531854802
-1.78041722885414
-1.80340114282178
-1.82215596271777
-1.83664825897499
-1.84686025282139
-1.85278987067894
-1.85445073705625
-1.85187210596889
-1.84509873116422
-1.83419067566835
-1.8192230614127
-1.80028575993331
-1.77748302536885
-1.75093307121074
-1.72076759248017
-1.68713123522267
-1.65018101541787
-1.61008568960204
-1.5670250796911
-1.52118935467234
-1.47277827200322
-1.42200038171428
-1.36907219636024
-1.31421733009788
-1.25766561029106
-1.19965216515114
-1.14041649101574
-1.08020150294878
-1.01925257241023
-0.957816555794979
-0.896140817676024
-0.834472252607668
-0.773056309350134
-0.712136021367022
-0.651951047422155
-0.592736726062229
-0.534723147716676
-0.478134248076384
-0.423186926328727
-0.370090191728018
-0.319044341868451
-0.270240175901268
-0.22385824579973
-0.180068148625113
-0.139027862584907
-0.100883129501317
-0.0657668861248418
-0.0337987465346432
-0.00508453766565131
0.0202841102075905
0.0422301164174099
0.0606912448903771
0.0756203400150602
0.0869855024632158
0.0947702042746242
0.0989733427557219
0.0996092329838331
0.0967075389513368
0.0903131436264426
0.0804859584485474
0.06730067301534
0.0508464459550876
0.0312265382098247
0.00855789018265185
-0.0170293555759213
-0.045392384252521
-0.0763762891286379
-0.109814700114419
-0.145530457971126
-0.183336331554359
-0.223035775240164
-0.264423723537444
-0.307287419743086
-0.351407275361761
-0.396557756890745
-0.442508296461981
-0.489024222739225
-0.535867708388115
-0.582798730371368
-0.629576039270604
-0.67595813380047
-0.721704236660187
-0.766575267862118
-0.81033481168689
-0.852750073439537
-0.893592822221309
-0.932640315986859
-0.969676205226253
-1.00449141169557
-1.03688497871819
-1.06666488969091
-1.0936488515545
-1.1176650401264
-1.13855280434375
-1.15616332662688
-1.1703602367467
-1.18102017676258
-1.18803331479064
-1.19130380556384
-1.19075019595564
-1.18630577385571
-1.1779188590101
-1.16555303466672
-1.1491873191012
-1.12881627633478
-1.10445006559632
-1.07611442932192
-1.04385061972827
-1.00771526423831
-0.967780170278981
-0.924132070210034
-0.876872307379429
-0.826116464532777
-0.771993936032076
-0.714647445560648
-0.654232511206297
-0.590916860022454
-0.52487979436641
-0.456311512504126
-0.385412386151582
-0.312392197792598
-0.237469340771869
-0.160869985308871
-0.082827213712839
-0.00358012820058196
0.0766270651728622
0.157545992866482
0.238925066804044
0.320510450173419
0.402047032273724
0.483279408573781
0.563952862124763
0.643814342464453
0.722613438160349
0.800103339163926
0.876041785188395
0.950191996377445
1.0223235826022
1.09221342780789
1.15964654593004
1.2244169050122
1.28632821628244
1.34519468508413
1.40084172070697
1.45310660232618
1.50183909843099
1.54690203730685
1.58817182632904
1.62553891802685
1.658908221088
1.6881994546894
1.71334744476461
1.7343023610467
1.75102989395932
1.76351137066555
1.77174380982451
1.77573991484696
1.77552800568416
1.77115188942626
1.76267067022791
1.75015849931837
1.73370426608907
1.71341123148451
1.68939660514956
1.66179106800811
1.63073824216318
1.59639411021626
1.55892638630326
1.51851384133434
1.47534558510614
1.42962030812417
1.3815454861325
1.33133655049456
1.27921602770352
1.2254126514223
1.17016045056149
1.11369781699782
1.05626655661595
0.998110927421895
0.939476668527254
0.880610023839286
0.821756764312376
0.763161212622069
0.705065274112942
0.647707477846686
0.591322031536623
0.536137894099879
0.482377869488706
0.430257725378183
0.379985340189265
0.33175988181404
0.285771021284757
0.242198184490041
0.201209844891299
0.162962860030348
0.127601854446164
0.0952586514353605
0.0660517558979283
0.0400858903079913
0.0174515856394268
-0.00177517114091863
-0.0175332316231297
-0.0297765213869323
-0.0384742153904148
-0.0436108526251713
-0.0451863895881607
-0.0432161923622818
-0.0377309673401459
-0.0287766308679137
-0.0164141183273074
-0.000719133413158324
0.0182181613999395
0.0402935119759533
0.0653889957673908
0.093373499521792
0.124103249554551
0.157422392490172
0.193163624174712
0.231148864271858
0.27118997387457
0.313089513294298
0.356641537030978
0.401632422780176
0.447841731199106
0.49504309303179
0.543005120085388
0.591492336455486
0.640266126317964
0.689085694539596
0.737709036308681
0.785893911951338
0.833398823078378
0.879983986202305
0.925412299973831
0.969450302212262
1.01186911294429
1.05244535972081
1.09096208155106
1.12720960787782
1.16098640911563
1.19209991538605
1.2203673002095
1.24561622605136
1.2676855487703
1.28642597817899
1.30170069210055
1.31338590148723
1.32137136436105
1.32556084653799
1.3258725273072
1.32223934845377
1.31460930523723
1.30294567816696
1.28722720464901
1.26744818981645
1.24361855609487
1.21576383129669
1.18392507528044
1.14815874545331
1.10853650163686
1.06514495105499
1.01808533443926
0.967473154479478
0.9134377480744
0.856121804059669
0.795680828304917
0.732282558279786
0.666106329388001
0.597342395558965
0.52619120676683
0.452862646317036
0.377575230899002
0.300555276550705
0.222036033815315
0.142256795491756
0.0614619804890912
-0.0200998026108485
-0.102176708598244
-0.184514621537449
-0.266858129725783
-0.348951505872394
-0.430539688639997
-0.511369261686879
-0.59118942635637
-0.669752964185971
-0.74681718544847
-0.822144859992472
-0.895505126719462
-0.966674378118846
-1.03543711638074
-1.10158677771836
-1.16492652165726
-1.22526998218679
-1.28244197781966
-1.33627917776742
-1.38663072161291
-1.4333587900441
-1.47633912440662
-1.51546149303447
-1.55063010252795
-1.58176395236543
-1.60879713145852
-1.63167905548984
-1.65037464410561
-1.66486443727289
-1.67514465035097
-1.68122716766836
-1.68313947463923
-1.68092452869556
-1.67464056955274
-1.66436086956528
-1.650173425166
-1.63218059061411
-1.61049865550511
-1.58525736771751
-1.5565994036861
-1.52467978809961
-1.48966526531968
-1.45173362500878
-1.41107298463473
-1.36788103169014
-1.32236422862324
-1.274736983624
-1.22522079054377
-1.17404334134829
-1.12143761461233
-1.06764094365826
-1.01289406802126
-0.957440171989201
-0.90152391401647
-0.845390450846179
-0.789284460196563
-0.73344916587223
-0.678125369151622
-0.623550490276684
-0.56995762383087
-0.517574611736609
-0.46662313753335
-0.417317845513471
-0.369865488194607
-0.324464105495308
-0.281302238855199
-0.240558183403047
-0.20239928112544
-0.166981257826985
-0.134447606499761
-0.104929019536367
-0.0785428720280447
-0.0553927581873089
-0.0355680827248843
-0.0191437087933929
-0.00617966388697744
0.00327909514306512
0.00920285702999157
0.0115772703012564
0.0104033963065748
0.00569770085657084
-0.00250801549332857
-0.0141667482367021
-0.0292164802693803
-0.0475804330445621
-0.0691673765360928
-0.0938719967838008
-0.121575319567379
-0.152145188533545
-0.185436795886072
-0.221293263540701
-0.259546272447425
-0.300016737592542
-0.34251552601212
-0.386844214978851
-0.432795887365245
-0.480155961039402
-0.528703049014954
-0.578209846955268
-0.628444044523808
-0.679169256978234
-0.73014597332585
-0.781132517292194
-0.831886017304166
-0.882163381652987
-0.931722274981883
-0.980322092237869
-1.02772492623686
-1.07369652501641
-1.11800723519036
-1.16043292757507
-1.20075590142617
-1.23876576370973
-1.27426027992941
-1.30704619314366
-1.33694000793245
-1.36376873621083
-1.38737060193757
-1.40759570192858
-1.42430662015854
-1.43737899311712
-1.44670202397939
-1.452178943552
-1.4537274161663
-1.45127988890711
-1.44478388278916
-1.43420222472208
-1.41951321933878
-1.40071075999878
-1.37780437851848
-1.35081923342175
-1.31979603674681
-1.28479091968799
-1.2458752375919
-1.20313531506715
-1.1566721322028
-1.10660095312309
-1.05305089833363
-0.996164462535905
-0.936096979801979
-0.87301603820926
-0.80710084623434
-0.738541553395329
-0.66753852781272
-0.594301593528637
-0.519049230583257
-0.442007740994033
-0.36341038391795
-0.283496483398626
-0.202510512208196
-0.120701155388431
-0.0383203571753278
0.0443776449426223
0.127137295231872
0.209702699950278
0.291818608955416
0.373231394822123
0.453690025616363
0.532947027497713
0.610759433362576
0.686889713795705
0.761106686666916
0.833186401794594
0.902912997195492
0.970079523552827
1.0344887336597
1.09595383373326
1.15429919364534
1.20936101327743
1.26098794238084
1.30904165150642
1.3533973517612
1.39394426135117
1.43058601707924
1.46324102918492
1.4918427781352
1.51634005220566
1.53669712492406
1.55289387168596
1.56492582509197
1.57280416879783
1.5765556699111
1.57622255021063
1.57186229670639
1.56354741229629
1.55136510751311
1.53541693458696
1.51581836527594
1.49269831414004
1.46619860914764
1.43647341171265
1.40368858845872
1.36802103719821
1.32965796979352
1.28879615473872
1.24564112245793
1.20040633646431
1.15331233365749
1.10458583715942
1.05445884519646
1.00316769963011
0.950952137818809
0.898054331558652
0.844717916902194
0.791187018689619
0.737705273647871
0.684514855918327
0.631855508864033
0.579963586982602
0.52907111171046
0.479404844849574
0.431185383277521
0.384626278518054
0.339933184650517
0.297303037924872
0.256923271323301
0.21897106717165
0.183612650753217
0.151002627715597
0.121283367888206
0.0945844379445709
0.071022085150717
0.050698774238925
0.0337027792364377
0.0201078318614071
0.0099728278750828
0.0033415925501098
0.000242706181450836
0.000689390329107864
0.00467945524201185
0.0121953086707226
0.023204026034087
0.0376574816626524
0.0554925406003576
0.0766313102067757
0.100981450566021
0.128436542476009
0.158876511564449
0.192168106856015
0.228165431900253
0.266710526361891
0.30763399577605
0.350755686980432
0.395885406556028
0.442823679438153
0.491362544700535
0.541286385368629
0.592372788983442
0.644393435515956
0.697115009123703
0.750300130147097
0.803708303662814
0.857096880845937
0.910222029342118
0.962839708814792
1.01470664781235
1.06558131809431
1.11522490256572
1.16340225299379
1.20988283372113
1.25444164764481
1.29686014080029
1.33692708197386
1.37443941386503
1.40920307243291
1.44103377118567
1.46975774731064
1.49521246669269
1.51724728503098
1.53572406243698
1.55051772908023
1.56151679964129
1.56862383453327
1.57175584606311
1.57084464792121
1.5658371466111
1.55669557366037
1.54339765768706
1.52593673563348
1.50432180271902
1.47857750090531
1.44874404590982
1.41487709304607
1.37704754241016
1.33534128417262
1.28985888497055
1.2407152166278
1.18803902865809
1.13197246622778
1.07267053547056
1.01030051825322
0.945041338692104
0.8770828839091
0.806625281697479
0.733878137937301
0.659059736759052
0.582396206601278
0.504120655442219
0.424472278607421
0.343695442663087
0.262038748999676
0.179754080789959
0.0970956370717027
0.0143189577556335
-0.0683200566047353
-0.150566126424091
-0.23216557221469
-0.312867287381012
-0.392423700852127
-0.470591725763794
-0.547133690457889
-0.621818248136012
-0.69442126158886
-0.764726659520835
-0.832527261101852
-0.897625565503386
-0.959834503314045
-1.0189781468805
-1.07489237678141
-1.12742550181535
-1.17643883006687
-1.22180718880817
-1.26341939119531
-1.30117864792831
-1.33500292226117
-1.36482522697158
-1.3905938621291
-1.41227259273399
-1.42984076553628
-1.44329336458446
-1.45264100529495
-1.4579098670761
-1.45914156478271
-1.45639295951867
-1.44973590954407
-1.43925696228003
-1.42505698863635
-1.40725076111474
-1.38596647736236
-1.36134523106513
-1.33354043227851
-1.3027171794923
-1.26905158591683
-1.23273006265812
-1.19394856161979
-1.15291178112811
-1.10983233742375
-1.06492990529819
-1.01843033127428
-0.970564722839117
-0.921568517330944
-0.871680534162755
-0.821142014130234
-0.7701956496029
-0.719084609432752
-0.668051562435781
-0.617337703306794
-0.56718178481842
-0.517819160130222
-0.469480838993472
-0.422392561582538
-0.376773893613591
-0.332837346327619
-0.290787524815943
-0.250820308054826
-0.21312206388997
-0.177868902074003
-0.145225968309258
-0.115346782086501
-0.0883726209368166
-0.0644319535308665
-0.0436399238664267
-0.0260978885834804
-0.011893009236091
-0.00109790113336816
0.00622965986182522
0.0100469714165995
0.0103265787679857
0.00705638802999797
0.000239718318694959
-0.0101047075122497
-0.0239428334904362
-0.0412254022206969
-0.0618881471394407
-0.0858520445695571
-0.113023624581693
-0.143295339435537
-0.176545988147153
-0.212641195506855
-0.251433943656744
-0.292765154129564
-0.336464318051194
-0.382350172018529
-0.430231416984335
-0.479907477310422
-0.531169296992066
-0.58380016990925
-0.637576600826199
-0.692269193738801
-0.747643564061683
-0.803461271051961
-0.859480766786984
-0.915458357947796
-0.971149176608959
-1.02630815620008
-1.08069100878335
-1.13405519978641
-1.18616091633922
-1.23677202538899
-1.28565701780732
-1.33258993475865
-1.37735127266891
-1.41972886321771
-1.45951872487563
-1.49652588262022
-1.53056515258992
-1.56146188857299
-1.58905268737934
-1.61318605030484
-1.63372299807111
-1.65053763680701
-1.66351767283122
-1.67256487419706
-1.67759547717076
-1.67854053603145
-1.67534621480461
-1.66797401976998
-1.65640097181801
-1.64061971796682
-1.62063858159089
-1.59648155115504
-1.56818820748935
-1.53581358988332
-1.49942800151887
-1.45911675500085
-1.4149798589803
-1.36713164709773
-1.31570035070152
-1.26082761701805
-1.20266797466537
-1.14138824861019
-1.0771669268669
-1.01019348142809
-0.940667646096451
-0.868798654057694
-0.794804438193348
-0.718910797278802
-0.64135053134687
-0.562362549618537
-0.48219095451079
-0.4010841053258
-0.319293665305881
-0.237073635804135
-0.154679381371424
-0.0723666495964156
0.00960941044427077
0.0909952272631803
0.171539779713555
0.25099555958745
0.329119520272723
0.405674007736337
0.480427670170977
0.553156342726337
0.623643903844858
0.691683099833619
0.757076334429507
0.819636420252989
0.879187289196203
0.935564658953093
0.988616653072464
1.03820437209816
1.08420241355371
1.1264993387305
1.16499808444857
1.19961631817617
1.23028673511782
1.2569572961095
1.27959140539316
1.2981680275801
1.3126817433525
1.32314274369423
1.32957676268464
1.3320249491312
1.33054367755848
1.32520429931003
1.31609283475583
1.30330960783084
1.28696882435696
1.26719809582327
1.2441379105138
1.2179410540804
1.1887719818574
1.15680614540494
1.12222927594887
1.08523662755452
1.04603218303098
1.00482782570897
0.961842480370378
0.917301226728951
0.871434388969704
0.824476604949288
0.776665878739252
0.728242620260224
0.679448675805273
0.630526353287096
0.581717446063789
0.533262259203901
0.485398642041289
0.438361030845524
0.392379505393507
0.347678863172728
0.304477714877144
0.262987604772079
0.223412159406628
0.185946268039562
0.150775298019794
0.118074348223983
0.0880075435036877
0.0607273729323967
0.0363740744695887
0.0150750684757995
-0.003055557680538
-0.0179175118853639
-0.0294247045813116
-0.037505599497959
-0.04210350642153
-0.0431768148443715
-0.040699167568177
-0.0346595735720524
-0.0250624596964334
-0.0119276609355859
0.00470965062612083
0.0247990979566065
0.0482752917782704
0.0750580830719472
0.105052874388325
0.13815098874021
0.174230094621561
0.213154685477526
0.254776611734533
0.298935663291811
0.345460200176512
0.394167828874008
0.444866121664792
0.497353376129123
0.551419411822088
0.606846400974665
0.66340972994184
0.720878887997478
0.779018379967143
0.837588659096162
0.896347076469748
0.955048843236784
1.01344800183792
1.0712984024029
1.12835468046142
1.18437323210656
1.23911318275942
1.29233734570868
1.34381316663925
1.39331365041869
1.44061826648043
1.48551382922674
1.52779534997288
1.56726685706599
1.60374218093764
1.63704570098701
1.66701305134245
1.69349178271092
1.71634197769793
1.73543681716428
1.75066309537878
1.76192168192781
1.76912792855302
1.77221201930507
1.77111926262524
1.76581032419543
1.75626139963099
1.74246432632765
1.72442663401413
1.70217153380355
1.67573784577925
1.64517986539328
1.61056716919688
1.57198436066167
1.52953075708655
1.48332001881749
1.43347972223526
1.38015087818752
1.32348739775707
1.26365550746578
1.20083311621304
1.13520913643792
1.06698276217482
0.996362706842335
0.923566403763977
0.848819172566001
0.77235335473262
0.694407421720151
0.615225059140009
0.53505423061454
0.454146224990275
0.372754690658301
0.291134660782488
0.209541573272
0.128230289355324
0.0474541146183503
-0.0325361736408751
-0.111493288912682
-0.189174384044149
-0.265341982142534
-0.339764886151105
-0.412219063518532
-0.482488502481669
-0.550366036593538
-0.615654134253624
-0.67816565013578
-0.737724535559454
-0.794166505012118
-0.847339656203555
-0.897105041216402
-0.94333718651015
-0.985924559737779
-1.02476998154398
-1.05979098073119
-1.09092009140311
-1.11810509092435
-1.14130917776831
-1.16051108856286
-1.17570515388308
-1.18690129258209
-1.19412494469368
-1.19741694318262
-1.19683332505993
-1.1924450826197
-1.18433785579032
-1.17261156682502
-1.15737999878462
-1.13877031948679
-1.11692255281138
-1.09198899945895
-1.06413360945942
-1.03353130891756
-1.00036728366304
-0.964836222642375
-0.927141524049144
-0.887494467335854
-0.846113354384914
-0.803222623238493
-0.759051937894614
-0.713835257771587
-0.667809890522623
-0.621215531948554
-0.574293296806869
-0.527284744351513
-0.480430902458069
-0.433971294195004
-0.388142970691365
-0.343179554126392
-0.299310294626779
-0.256759144801802
-0.215743855577125
-0.176475096903591
-0.139155606819328
-0.103979372231073
-0.0711308446555724
-0.0407841940234586
-0.0131026034980138
0.0117623919011389
0.0336715202523884
0.0524983388306635
0.0681297491095338
0.0804664586279623
0.0894233878927883
0.0949300207049634
0.0969306965212292
0.095384843691743
0.0902671526477803
0.0815676883507532
0.0692919415537536
0.0534608186685022
0.0341105702730656
0.0112926585380845
-0.0149264359094518
-0.0444654669267047
-0.0772287346052285
-0.113106454604178
-0.151975183612325
-0.193698299262766
-0.238126532609323
-0.2850985510658
-0.334441589510092
-0.385972127064538
-0.439496606883727
-0.494812196110772
-0.551707583004581
-0.609963808093378
-0.669355126075478
-0.729649895066865
-0.790611489686388
-0.851999234375972
-0.913569353272122
-0.97507593288065
-1.03627189375443
-1.09690996733962
-1.15674367413384
-1.21552829929574
-1.27302186185386
-1.32898607368888
-1.38318728450263
-1.43539740904311
-1.48539483292354
-1.53296529345898
-1.57790273204122
-1.62001011468572
