1.00224347312519
0.929510561833833
0.85482482004702
0.77841857857931
0.700530297052185
0.621403648034383
0.541286580863502
0.460430368833341
0.379088643497011
0.297516419886583
0.215969116485819
0.134701573813148
0.0539670754774454
-0.0259836244406562
-0.104903263854228
-0.18254902119473
-0.258683446263446
-0.333075369747001
-0.405500787818564
-0.4757437183447
-0.543597025329947
-0.608863208356587
-0.671355153915272
-0.730896845672577
-0.787324030883669
-0.840484840331348
-0.890240359356168
-0.936465147735372
-0.979047706370253
-1.0178908889515
-1.05291225698921
-1.08404437681774
-1.1112350574147
-1.13444752810667
-1.15366055547184
-1.16886849898925
-1.18008130522657
-1.18732444060023
-1.19063876298482
-1.19008033268932
-1.18572016355743
-1.17764391518532
-1.16595152748241
-1.15075679902849
-1.13218691090201
-1.1103818978695
-1.08549406903418
-1.05768738024041
-1.02713676072183
-0.994027396660905
-0.958553974497725
-0.920919886984919
-0.881336405132054
-0.840021819317741
-0.797200552969085
-0.753102252316302
-0.707960855824686
-0.662013646986101
-0.615500294217825
-0.568661881667277
-0.521739934756906
-0.474975444324209
-0.428607893217201
-0.382874289195841
-0.338008207964923
-0.294238850123754
-0.251790115762931
-0.210879700368683
-0.171718215611017
-0.134508338493557
-0.0994439922308373
-0.066709562093465
-0.0364791493233855
-0.00891586607105554
0.0158288258557221
0.0376157298146315
0.0563184802901101
0.0718240577527881
0.0840332503787437
0.0928610608000958
0.0982370562755991
0.100105660893382
0.0984263886469515
0.0931740164591095
0.0843386964656527
0.0719260071106168
0.0559569428465255
0.0364678424756104
0.0135102564103231
-0.0128492466272641
-0.0425293327083585
-0.0754342146076162
-0.111454021293237
-0.150465223542195
-0.192331114004099
-0.236902339822057
-0.284017485711313
-0.333503705197028
-0.385177397522335
-0.438844927557306
-0.494303385869549
-0.551341385958446
-0.609739895508113
-0.669273098379722
-0.729709283942263
-0.790811760232689
-0.852339787342176
-0.914049527345097
-0.975695007021869
-1.03702908957607
-1.09780445151053
-1.15777456080645
-1.21669465254433
-1.27432269811533
-1.33042036419664
-1.38475395770474
-1.43709535299565
-1.48722289765064
-1.53492229327092
-1.57998744780233
-1.62222129602413
-1.66143658496051
-1.69745662111242
-1.73011597655724
-1.75926115112623
-1.78475118804271
-1.80645824058729
-1.82426808754984
-1.83808059542935
-1.84781012555323
-1.85338588450437
-1.85475221646816
-1.85186883634049
-1.84471100267125
-1.83326962975543
-1.81755133842348
-1.79757844532464
-1.7733888907393
-1.74503610519892
-1.71258881543343
-1.67613079040514
-1.6357605284246
-1.59159088657612
-1.54374865390811
-1.49237407006539
-1.43762029125543
-1.37965280564841
-1.31864880051036
-1.25479648355884
-1.18829436121125
-1.11935047656579
-1.04818161011379
-0.975012446329289
-0.900074709415854
-0.82360627161273
-0.745850237570096
-0.667054008397834
-0.587468329072156
-0.507346322950028
-0.426942517192102
-0.346511862930576
-0.266308754039113
-0.186586048367266
-0.107594095292094
-0.0295797734145714
0.0472144578117071
0.122551488787117
0.196200469145286
0.267937692226729
0.337547451166833
0.404822863230325
0.469566659149754
0.531591934363647
0.590722859200496
0.64679534521676
0.699657665070187
0.749171023493189
0.79521007712402
0.837663401155397
0.876433900970129
0.911439167150442
0.942611772471237
0.96989950971645
0.993265569391311
1.01268865664045
1.02816304692177
1.03969858022776
1.04732059388836
1.05106979423188
1.05100206762192
1.04718823162724
1.03971372731804
1.02867825391415
1.0141953472384
0.996391903649987
0.97540765134789
0.951394571141945
0.924516268988741
0.894947302779645
0.862872466048868
0.828486031439378
0.791990956923266
0.753598057920092
0.713525148591197
0.671996155709651
0.629240208613513
0.585490708844551
0.540984383154498
0.495960323626585
0.450659018710791
0.405321379007006
0.360187761650969
0.315496997163207
0.271485422611391
0.228385924911485
0.186426998052939
0.145831817978096
0.106817338776181
0.0695934137680077
0.0343619449591289
0.00131606422713826
-0.0293606505166596
-0.057494921089038
-0.0829244737684739
-0.105498700210942
-0.125079271931383
-0.141540705917711
-0.154770879137269
-0.164671489897493
-0.171158464232469
-0.174162305704175
-0.173628387230712
-0.169517183782791
-0.161804445023267
-0.150481307201765
-0.135554343856277
-0.117045555115404
-0.0949922956373019
-0.0694471414638796
-0.0404776963099512
-0.00816633804635691
0.0273900936277712
0.0660806670960724
0.10778078486442
0.152352664052066
0.199645869442709
0.249497896996054
0.30173480552109
0.356171894022009
0.412614422047256
0.470858370202245
0.53069123782756
0.591892874697564
0.654236343459878
0.717488809414603
0.781412454124087
0.845765409249753
0.910302706932433
0.974777242967172
1.03894074897273
1.10254476972027
1.16534164176518
1.22708546952058
1.28753309492085
1.34644505684883
1.40358653654021
1.45872828523395
1.51164753040733
1.56212885701854
1.60996506027814
1.65495796658283
1.69691921937036
1.73567102679275
1.7710468682553
1.80289215703108
1.83106485633372
1.85543604641465
1.87589044044425
1.89232684713795
1.9046585782986
1.91281379966339
1.91673582366713
1.91638334296296
1.91173060377475
1.9027675183931
1.8894997163665
1.87194853418113
1.8501509434653
1.82415941799682
1.79404174003308
1.75988074672272
1.72177401759424
1.67983350434898
1.63418510441363
1.58496817992918
1.5323350240681
1.4764502767797
1.41749029226242
1.35564246065285
1.29110448660096
1.22408362757182
1.15479589487218
1.08346522054762
1.01032259343047
0.935605167739972
0.85955534774481
0.782419852092
0.704448761486488
0.625894553471281
0.547011128108687
0.468052828399019
0.389273459293752
0.310925309165507
0.233258177587452
0.156518413249627
0.080947965799602
0.00678345533981539
-0.0657447367559392
-0.136413352128539
-0.205007111342202
-0.271319538048005
-0.335153748159794
-0.396323200938297
-0.454652409029566
-0.509977604666071
-0.562147359411746
-0.611023155015813
-0.656479903133154
-0.698406411870925
-0.736705797331032
-0.771295838535157
-0.802109274342658
-0.829094041200487
-0.852213450797989
-0.871446306936531
-0.886786961163936
-0.898245306965329
-0.905846712544615
-0.909631892473063
-0.909656718722919
-0.905991971843038
-0.89872303326996
-0.887949519999954
-0.873784863075296
-0.856355831559536
-0.835802003891797
-0.812275188717813
-0.785938797494635
-0.756967171356492
-0.725544864909524
-0.69186588979329
-0.656132921005511
-0.618556469133622
-0.579354021771
-0.538749157517525
-0.496970636072139
-0.454251468019366
-0.410827967992007
-0.366938794957453
-0.322823983426225
-0.278723969416669
-0.234878615030758
-0.191526235501006
-0.148902632558937
-0.107240137950391
-0.066766670882727
-0.0277048131341917
0.00972909451449033
0.0453258309500417
0.0788841450206509
0.110211574088305
0.139125227599456
0.165452532571864
0.189031938046152
0.209713575712508
0.227359874096148
0.241846123868536
0.253060992044357
0.260906983026202
0.265300844668668
0.266173917750905
0.26347242746996
0.257157715796365
0.247206413766887
0.233610553026611
0.216377616172396
0.195530525691497
0.17110757153159
0.143162277580863
0.111763207578039
0.0769937112115019
0.0389516114028522
-0.00225116599743946
-0.0464890186471681
-0.0936231486054691
-0.143502095789897
-0.195962321897917
-0.250828842493866
-0.307915904772171
-0.367027708327101
-0.427959166089444
-0.490496702431776
-0.554419085297036
-0.619498289070724
-0.68550038479541
-0.752186454218196
-0.819313524067456
-0.886635516875111
-0.953904214595291
-1.02087023121933
-1.08728399055152
-1.15289670528928
-1.21746135354618
-1.28073364896602
-1.3424730006013
-1.40244345876952
-1.46041464315597
-1.51616264950136
-1.56947093129715
-1.62013115300952
-1.66794401146542
-1.71272002215936
-1.75428026737772
-1.79245710318812
-1.82709482250325
-1.85805027160174
-1.88519341767223
-1.90840786513964
-1.92759131873483
-1.94265599147851
-1.95352895596768
-1.96015243757615
-1.96248404841003
-1.96049696109236
-1.95418002168853
-1.94353780132391
-1.92859058628705
-1.9093743066541
-1.88594040371287
-1.85835563670581
-1.82670182965098
-1.79107555923579
-1.75158778501116
-1.70836342334091
-1.661540866783
-1.6112714507947
-1.55771886986083
-1.50105854534444
-1.44147694754873
-1.37917087466041
-1.31434669141381
-1.24721953047465
-1.17801245968865
-1.106955618475
-1.03428532676642
-0.960243170005283
-0.885075063800081
-0.809030301926202
-0.732360591420862
-0.655319078572477
-0.57815936964092
-0.50113455016534
-0.424496206721889
-0.348493454983871
-0.273371977911566
-0.199373077859233
-0.126732746331287
-0.0556807550502839
0.0135602280853065
0.0807754946735548
0.145759119744214
0.208314750714065
0.268256358258438
0.325408946145121
0.379609217238963
0.43070619305873
0.4785617844509
0.523051311138444
0.564063968104193
0.601503236978574
0.635287240818438
0.66534904088734
0.69163687427651
0.714114331439382
0.732760472949741
0.747569885033436
0.758552673665372
0.765734397265975
0.769155938273713
0.768873314111549
0.764957428304409
0.757493762741046
0.746582012305942
0.732335663334383
0.714881517565657
0.69435916348425
0.670920397146881
0.644728594792241
0.615958039720943
0.584793206113372
0.551428002623392
0.516064978744255
0.478914497090362
0.440193874872692
0.400126497967479
0.358940911085899
0.316869887646555
0.274149483033045
0.231018074983965
0.187715394913951
0.144481553999589
0.101556067885169
0.0591768838681458
0.0175794144148371
-0.0230044191686583
-0.06234712912498
-0.100226585963681
-0.13642692184861
-0.170739409078756
-0.202963310184867
-0.232906696276324
-0.260387230398319
-0.285232912797251
-0.307282785143027
-0.326387590918687
-0.342410389361187
-0.355227120520311
-0.364727119195935
-0.370813575715582
-0.373403941724177
-0.372430279375077
-0.367839552534878
-0.359593858843544
-0.347670601704908
-0.332062601519802
-0.312778145714037
-0.289840977355092
-0.263290222393933
-0.233180255810694
-0.199580507184288
-0.16257520644521
-0.122263070806995
-0.0787569341041849
-0.0321833199919864
0.017318039315291
0.0695947368750166
0.124482275316485
0.181804699311459
0.241375273725758
0.302997204781896
0.366464401393144
0.431562273670333
0.498068565456181
0.565754217607055
0.634384258620941
0.703718719101858
0.773513566457057
0.843521656143048
0.913493695711006
0.983179217851588
1.05232755860312
1.12068883686692
1.18801493136779
1.25406045120787
1.31858369618685
1.38134760310202
1.44212067429641
1.50067788479337
1.55680156444015
1.61028225158132
1.6609195148953
1.70852274015227
1.7529118787905
1.79391815535796
1.83138473102877
1.86516732057673
1.89513476037198
1.92116952515963
1.94316819158119
1.96104184660981
1.974716439287
1.98413307437266
1.98924824674875
1.9900340156508
1.98647811803869
1.9785840206579
1.96637091058439
1.94987362428882
1.92914251549788
1.90424326237244
1.87525661476077
1.8422780825221
1.80541756614737
1.76479893113227
1.72055952777887
1.67284965831757
1.62183199344874
1.56768094060277
1.51058196640768
1.45073087603381
1.38833305225524
1.32360265722625
1.25676180011814
1.18803967389619
1.11767166463824
1.04589843690439
0.972964998761766
0.899119750148336
0.824613518325333
0.749698584218545
0.674627703484703
0.599653126159528
0.525025618749648
0.450993492620764
0.377801642509188
0.305690598944121
0.234895598312555
0.165645674229292
0.0981627737899492
0.0326609021868132
-0.0306547009450011
-0.0915883502088284
-0.149954665051048
-0.205579279335526
-0.258299507096179
-0.307964961849372
-0.354438127030925
-0.39759487531586
-0.437324934780599
-0.473532300077467
-0.506135587008324
-0.535068329107742
-0.560279215075087
-0.581732266128403
-0.59940695259026
-0.613298249255573
-0.623416629333174
-0.629787996995385
-0.632453558812244
-0.631469634588312
-0.626907408359189
-0.618852620541178
-0.607405202459782
-0.592678854710206
-0.574800571024845
-0.553910109537698
-0.530159413543539
-0.503711984048761
-0.474742206601427
-0.443434635068215
-0.409983235196256
-0.374590590956206
-0.337467076810221
-0.298829999182612
-0.258902710532928
-0.217913699538886
-0.176095660991369
-0.133684549083361
-0.090918617840544
-0.0480374524916751
-0.00528099561308656
0.0371114280982092
0.0789020845625695
0.119855796716878
0.159740900749372
0.198330188385183
0.235401831492745
0.270740285350637
0.304137166999185
0.335392105199123
0.364313558632102
0.39071959910274
0.41443865664059
0.435310223550452
0.45318551462185
0.467928080881226
0.479414374454158
0.487534262297828
0.492191486765685
0.493304071176427
0.490804668776334
0.484640853707687
0.474775352824766
0.461186217432685
0.443866934261362
0.422826475226989
0.398089285774921
0.369695211840564
0.337699365707063
0.302171931280007
0.263197909538501
0.220876805158248
0.175322255534487
0.126661603660287
0.0750354165372343
0.0205969510107552
-0.0364884308700762
-0.0960438946689708
-0.157881812065571
-0.221804482375447
-0.287604894246835
-0.355067524535595
-0.423969171212732
-0.494079817024621
-0.565163520504108
-0.636979330822943
-0.709282222881523
-0.781824048951914
-0.854354503124545
-0.9266220947583
-0.998375127098163
-1.06936267720355
-1.13933557332553
-1.20804736588088
-1.27525528819576
-1.34072120323233
-1.40421253256638
-1.46550316395426
-1.5243743339113
-1.58061548182261
-1.63402507221905
-1.68441138197698
-1.73159324933796
-1.77540078179571
-1.81567602005933
-1.85227355547504
-1.88506109847218
-1.91391999579214
-1.93874569446113
-1.95944815067704
-1.97595218199866
-1.98819776144813
-1.99614025236739
-1.99975058310226
-1.99901536082555
-1.99393692405019
-1.98453333362548
-1.97083830225163
-1.95290106279077
-1.93078617589325
-1.90457327769801
-1.87435676860147
-1.84024544432215
-1.80236207071556
-1.76084290401567
-1.71583715839448
-1.6675064229389
-1.61602403034336
-1.56157437980738
-1.50435221680714
-1.44456187258084
-1.38241646632569
-1.31813707325196
-1.25195186177346
-1.18409520323596
-1.11480675769276
-1.04433053933123
-0.972913965234201
-0.900806891225462
-0.828260638599684
-0.755527015572588
-0.682857337307958
-0.610501448383538
-0.538706751547917
-0.467717246595542
-0.397772583146887
-0.329107131065808
-0.261949072176055
-0.196519516855083
-0.133031648984491
-0.0716899026247562
-0.0126891736561674
0.0437859305100164
0.0975618001967093
0.148476488911025
0.196380332360859
0.24113651860308
0.28262160708138
0.320725994513827
0.355354325799874
0.386425848333938
0.413874708335923
0.437650188038248
0.45771688280233
0.474054817474766
0.486659501533365
0.49554192281485
0.500728479858573
0.502260853143033
0.500195815733086
0.494604984095199
0.485574510074119
0.473204715256821
0.457609669176914
0.438916713034532
0.417265930821805
0.392809569951646
0.365711413687007
0.336146107857962
0.304298444534626
0.27036260549362
0.234541368474826
0.197045279371792
0.158091793633848
0.117904390279561
0.0767116620290599
0.034746385157422
-0.00775542724899883
-0.0505554848855427
-0.0934141888733512
-0.136091605620323
-0.178348442044446
-0.219947018299203
-0.260652234150977
-0.30023252518322
-0.338460805042212
-0.37511538999468
-0.409980902136893
-0.442849147679559
-0.473519966830824
-0.501802051912151
-0.527513730466976
-0.550483710260365
-0.570551783218237
-0.587569485516969
-0.60140071120708
-0.611922276938232
-0.61902443554588
-0.622611336461592
-0.622601431119217
-0.618927821745971
-0.61153855215127
-0.600396839354868
-0.58548124512962
-0.566785786771299
-0.544319986647819
-0.51810886032197
-0.48819284328425
-0.454627656574753
-0.41748411181438
-0.376847856404823
-0.332819059893078
-0.285512042728478
-0.235054848867738
-0.181588763905293
-0.125267780621156
-0.0662580140464162
-0.00473706834558973
0.0591066419944293
0.125074613998765
0.192959018222247
0.262543497951578
0.333604002446293
0.405909650938408
0.47922362398897
0.553304078691638
0.627905084119247
0.702777573329156
0.777670308177608
0.852330853142736
0.926506554320074
0.999945519733802
1.07239759710158
1.14361534520071
1.21335499500857
1.28137739683006
1.34744894968035
1.4113425092608
1.47283827095015
1.5317246243318
1.58779897588973
1.64086853663133
1.69075107153355
1.73727560785911
1.78028309955179
1.81962704509286
1.85517405638423
1.88680437641678
1.91441234368455
1.93790680151513
1.95721145070386
1.97226514406309
1.98302212172663
1.98945218628314
1.99154081704947
1.98928922303502
1.98271433438964
1.97184873237057
1.95674051810591
1.93745312067367
1.91406504525468
1.88666956235391
1.85537433931704
1.82030101559662
1.78158472344413
1.73937355591912
1.69382798431452
1.64512022729637
1.59343357424693
1.53896166548024
1.48190773216948
1.42248379898398
1.36090985258103
1.2974129792319
1.23222647498293
1.1655889318613
1.09774330372874
1.0289359554671
0.959415699244616
0.889432821663307
0.819238105623079
0.749081850758769
0.679212896312276
0.609877650291536
0.541319128743484
0.473776008927646
0.407481700122429
0.342663435725891
0.279541390228898
0.218327824539886
0.159226263028762
0.102430705531763
0.0481248774209584
-0.00351847930806248
-0.0523382711391756
-0.0981856717110858
-0.140924691630395
-0.180432697180436
-0.216600875886085
-0.249334647104466
-0.278554016028767
-0.304193869715641
-0.326204213975909
-0.344550350201632
-0.359212991439883
-0.370188317263507
-0.377487967230792
-0.381138972968524
-0.381183629155243
-0.377679303922804
-0.37069818943362
-0.360326993627043
-0.346666574360874
-0.329831517401306
-0.309949659936287
-0.287161561502626
-0.261619924424555
-0.233488966061046
-0.202943745349243
-0.17016944631214
-0.135360621368288
-0.0987203974403068
-0.0604596480055714
-0.0207961343673486
0.0200463804540891
0.0618390417027591
0.104348833138398
0.147339523876087
0.190572628066338
0.233808373617444
0.27680667612572
0.319328114159129
0.361134902034015
0.401991856234912
0.441667351651954
0.479934263850923
0.516570893646126
0.551361870315668
0.584099029883451
0.614582264990248
0.642620342988654
0.66803168902169
0.690645130983399
0.710300603410099
0.726849807512878
0.740156824735287
0.75009868140338
0.756565862228507
0.759462770624889
0.758708134014182
0.754235352506175
0.745992789568487
0.73394400352683
0.718067918971263
0.698358937380885
0.67482698651939
0.647497508395646
0.616411385825963
0.581624807877043
0.54320907471
0.501250342584921
0.455849310021865
0.407120846346282
0.355193564074537
0.300209336816835
0.242322764589868
0.181700588639419
0.118521058072255
0.0529732507871176
-0.0147436486250754
-0.0844211111715054
