-1.17848143103339
-1.08794954242728
-0.994013785908387
-0.896997459814751
-0.797235062654052
-0.695070986669005
-0.590858171740251
-0.484956725264778
-0.377732513791629
-0.269555732315525
-0.160799457222169
-0.0518381889463098
0.0569536095553424
0.16520297239965
0.272539882336203
0.378598708203532
0.483019622280385
0.58544999162047
0.685545737575165
0.782972657849709
0.877407705603818
0.968540220296852
1.05607310518957
1.1397239466484
1.2192260706528
1.29432953218087
1.36480203344122
1.43042976722943
1.49101818201342
1.54639266569272
1.59639914532994
1.6409046005176
1.67979748841821
1.712988078898
1.74040869856418
1.76201388290903
1.77778043616169
1.78770739884596
1.79181592344078
1.79014905893494
1.78277144545943
1.76976892056654
1.75124803910313
1.72733550899517
1.69817754561919
1.66393914778297
1.62480329867068
1.58097009542541
1.53265581134301
1.48009189493468
1.4235239103799
1.3632104241352
1.29942184268699
1.23243920663736
1.16255294648874
1.09006160564727
1.01527053629325
0.93849057387158
0.860036696032884
0.780226671909427
0.699379707635978
0.617815094026765
0.535850862294007
0.45380245364218
0.371981408495071
0.290694081010364
0.210240384409331
0.130912572497807
0.0529940625797444
-0.0232416952329293
-0.0975322975298962
-0.169627411387412
-0.239289738144534
-0.306295913164999
-0.370437337874889
-0.431520940677945
-0.489369863676649
-0.543824072466513
-0.594740886621914
-0.641995428852633
-0.685480991179473
-0.725109316853242
-0.76081079712228
-0.792534582337941
-0.820248607273258
-0.843939530915703
-0.863612591378769
-0.879291376957385
-0.891017514727158
-0.898850278455502
-0.902866117952229
-0.903158112336476
-0.899835350034474
-0.89302223864703
-0.882857748135302
-0.869494591067173
-0.853098343942852
-0.833846513876129
-0.81192755514584
-0.787539840349441
-0.760890591086273
-0.732194773271185
-0.701673962329013
-0.669555183646217
-0.636069733757307
-0.601451987820117
-0.565938198984981
-0.529765295288688
-0.493169679703988
-0.456386038950061
-0.419646166618429
-0.383177806092753
-0.347203518640072
-0.311939581925877
-0.277594924056461
-0.244370098079975
-0.212456301683338
-0.182034446606499
-0.153274282059474
-0.1263335761722
-0.101357359233721
-0.0784772321867607
-0.0578107435376972
-0.0394608375216983
-0.0235153760298009
-0.0100467364604675
0.00088851269576995
0.00924985709192805
0.0150130015022677
0.0181699538370532
0.0187290278656458
0.0167147646968702
0.0121677734428839
0.00514449186811228
-0.00428313180368545
-0.0160280343849815
-0.0299885086244032
-0.0460487472623438
-0.0640794576535593
-0.0839385440397065
-0.105471854239905
-0.128513987227128
-0.152889157774097
-0.178412114085628
-0.20488910408621
-0.232118885803119
-0.259893777077729
-0.28800073965165
-0.316222492510888
-0.344338649231083
-0.372126873950634
-0.399364050506777
-0.425827459202847
-0.451295955633247
-0.47555114597644
-0.49837855317551
-0.51956876846053
-0.538918582726976
-0.55623209236955
-0.57132177428049
-0.58400952485547
-0.594127658007752
-0.601519857371785
-0.606042078080145
-0.607563393721466
-0.605966784331261
-0.601149861530673
-0.593025527209486
-0.58152256244765
-0.566586143682925
-0.548178283459576
-0.526278193432956
-0.500882567655619
-0.472005784531038
-0.439680026189065
-0.403955314411676
-0.364899462616367
-0.322597943786233
-0.277153674618514
-0.228686716545526
-0.177333894661703
-0.123248335966212
-0.0665989287006102
-0.0075697049237019
0.0536408511807831
0.116820566424973
0.181744409996724
0.248175389611986
0.315865508651138
0.38455678020519
0.453982293689994
0.523867329437835
0.593930516447084
0.663885028263133
0.733439811778413
0.802300843576922
0.870172408309953
0.936758393475433
1.00176359488383
1.0648950270295
1.12586323254795
1.18438358492685
1.24017757865204
1.2929741010089
1.34251067982479
1.38853470152839
1.43080459401774
1.46909096896905
1.50317771838262
1.53286306035006
1.55796052923732
1.57829990570974
1.59372808227832
1.6041098603182
1.60932867480084
1.60928724328943
1.60390813606974
1.59313426462693
1.57692928602917
1.55527792114074
1.52818618495917
1.49568152775078
1.45781288604484
1.41465064293815
1.36628649755546
1.31283324390661
1.25442445977618
1.19121410667421
1.12337604226528
1.05110344707638
0.97460816766015
0.894119978756472
0.809885767352137
0.722168641882229
0.63124697014719
0.537413349834923
0.440973515835891
0.342245188820026
0.241556869805754
0.139246585693048
0.0356605909521565
-0.0688479691425073
-0.173920428169665
-0.279193995395409
-0.38430317394464
-0.488881194369464
-0.592561457599659
-0.69497898121168
-0.795771842930363
-0.894582615281525
-0.991059785344214
-1.08485915360801
-1.17564520602373
-1.26309245344421
-1.34688673278594
-1.42672646440018
-1.50232386032525
-1.57340607829673
-1.63971631662045
-1.70101484526249
-1.75707996877945
-1.80770891700123
-1.85271865968451
-1.89194664167824
-1.92525143547994
-1.95251330841342
-1.97363470202182
-1.98854062164403
-1.99717893452522
-1.99952057520236
-1.99555965730118
-1.98531349127988
-1.96882250805674
-1.94615008885967
-1.9173823020362
-1.88262754795874
-1.84201611355225
-1.79569963835583
-1.74385049440717
-1.68666108260495
-1.62434304855964
-1.55712642128502
-1.48525867840996
-1.40900374190135
-1.3286409085826
-1.24446372000743
-1.15677877650378
-1.06590450043673
-0.972169853951535
-0.875913016647152
-0.77748002879594
-0.677223405866251
-0.575500730220592
-0.472673225952276
-0.369104322887972
-0.265158215821642
-0.161198425057306
-0.0575863643233819
0.0453200779194961
0.147167937822277
0.247610550280872
0.34630889211524
0.442932888693385
0.537162678566717
0.628689830873923
0.717218510483782
0.802466586082368
0.884166676665447
0.962067132172038
1.0359329442882
1.1055465837603
1.1707087608825
1.23123910616342
1.28697676852873
1.33778092878027
1.38353122640491
1.42412809820705
1.45949302762531
1.48956870398499
1.51431909133177
1.53372940688654
1.5478060095553
1.55657619931919
1.56008792871676
1.5584094280116
1.55162874601179
1.53985320887168
1.52320879955969
1.50183946101647
1.47590632635473
1.44558687976315
1.4110740520718
1.372575255213
1.33031136006903
1.28451562243535
1.23543256204368
1.18331679978278
1.12843185842528
1.07104893231522
1.01144563159332
0.94990470663366
0.886712758437713
0.822158940777023
0.756533659896602
0.690127277584989
0.623228823385511
0.556124721665961
0.489097539181301
0.422424758656287
0.356377583782857
0.291219780871044
0.227206562213098
0.164583516018981
0.103585587558602
0.0444361159028799
-0.0126540696067557
-0.0674874893113392
-0.119880786058138
-0.169665427656284
-0.216688336052228
-0.260812440652233
-0.301917153569634
-0.339898764934375
-0.374670756769915
-0.406164034316431
-0.43432707405756
-0.459125988088822
-0.480544504848068
-0.498583866609677
-0.513262644523287
-0.524616472352807
-0.532697700440723
-0.537574971784481
-0.539332722464511
-0.538070609005659
-0.533902865583764
-0.526957594305552
-0.517375992091367
-0.505311517975246
-0.490929004904185
-0.474403720366898
-0.455920380410933
-0.435672121814542
-0.413859437365369
-0.390689079360999
-0.366372936585815
-0.34112689013421
-0.315169653540926
-0.288721602745307
-0.262003601456879
-0.235235827504908
-0.208636605744393
-0.182421253055204
-0.156800940910306
-0.131981580902916
-0.108162738512205
-0.0855365802525013
-0.0642868591929907
-0.0445879436542201
-0.0266038936851393
-0.0104875897006756
0.00362008258354407
0.0155909870454241
0.0253104282855268
0.0326777756938859
0.0376070174686315
0.0400272419261279
0.0398830437794921
0.037134853410801
0.0317591875192741
0.0237488198925946
0.0131128714189532
-0.000123181167857589
-0.0159175779408671
-0.0342124295825469
-0.0549339517133665
-0.0779927787477575
-0.103284355909094
-0.130689407671331
-0.160074480538871
-0.191292557729172
-0.224183742986753
-0.258576010433378
-0.294286017049659
-0.331119974088532
-0.368874573443372
-0.407337964733197
-0.446290778626734
-0.485507191705838
-0.524756027969511
-0.563801891901831
-0.602406327872453
-0.640329000507411
-0.677328890560721
-0.713165500735507
-0.747600065845884
-0.78039676167959
-0.811323906914776
-0.84015515246424
-0.866670652665063
-0.890658212802248
-0.91191440754999
-0.930245665034832
-0.945469311368539
-0.957414570666712
-0.965923515759543
-0.970851965013326
-0.972070320915239
-0.969464346326988
-0.962935874585473
-0.952403449918505
-0.937802894950236
-0.919087802392016
-0.896229948349943
-0.869219625027112
-0.838065890956671
-0.802796737268362
-0.763459168865498
-0.720119199769135
-0.672861762269989
-0.621790529915026
-0.567027654742164
-0.508713419562234
-0.447005806470241
-0.382079983145824
-0.314127708874992
-0.243356662589082
-0.169989695571248
-0.0942640118240941
-0.016430279422748
0.0632483235062753
0.144497124238835
0.227031028114537
0.310555643914849
0.394768457221092
0.479360046789792
0.564015338778783
0.648414893476185
0.732236219025893
0.815155106509488
0.896846980634699
0.976988260196793
1.0552577224202
1.13133786525554
1.2049162617
1.27568690022916
1.34335150547337
1.40762083334379
1.46821593490972
1.52486938345187
1.57732645926254
1.62534628693517
1.66870292008008
1.70718636862014
1.74060356405853
1.76877925837002
1.79155685244562
1.80879915031714
1.820389035702
1.82623006773769
1.82624699311889
1.82038617220616
1.80861591704217
1.79092673958828
1.76733150887842
1.73786551617822
1.70258644763189
1.66157426427779
1.61493098971169
1.56278040607536
1.50526765944304
1.44255877607016
1.37484009135335
1.30231759372883
1.22521618610443
1.14377886777768
1.05826584013766
0.968953539778511
0.876133602968656
0.780111765717457
0.681206703961975
0.579748818656965
0.476078970791943
0.370547171577383
0.263511233238803
0.155335386029649
0.0463888672226602
-0.0629555120371649
-0.172322816036721
-0.281337443902337
-0.389624593011163
-0.496811720286699
-0.602529995265951
-0.706415738858444
-0.808111841777255
-0.907269156707324
-1.00354785838806
-1.09661876592307
-1.18616462179155
-1.27188132222015
-1.35347909378276
-1.43068361132534
-1.50323705256475
-1.57089908498169
-1.63344778091833
-1.69068045709926
-1.74241443511849
-1.78848771977446
-1.82875959248731
-1.86311111739724
-1.89144555811693
-1.9136887034945
-1.92978910113324
-1.93971819780962
-1.94347038633
-1.94106295876665
-1.93253596641432
-1.91795198720722
-1.89739580173143
-1.87097397935776
-1.83881437640289
-1.80106554860144
-1.75789608053522
-1.70949383501878
-1.65606512577892
-1.59783381709036
-1.53504035433729
-1.46794072976112
-1.39680538792604
-1.32191807568567
-1.24357464166415
-1.16208179047355
-1.07775579707461
-0.990921186849298
-0.901909387090834
-0.811057355728567
-0.718706193191754
-0.625199743376599
-0.530883189715714
-0.436101652356835
-0.34119879244016
-0.246515429418836
-0.152388177297537
-0.0591481055677784
0.0328805695018091
0.123381757707988
0.212048726544972
0.298585286475752
0.382706924907047
0.464141884168535
0.542632179053456
0.617934549753158
0.689821346311713
0.758081341036352
0.822520465624942
0.882962470110235
0.939249501071666
0.991242596927183
1.03882209848806
1.08188797333763
1.12036005297867
1.15417818208159
1.18330227955545
1.20771231155448
1.22740817692158
1.24240950595664
1.25275537377936
1.25850392993093
1.25973194622674
1.25653428522961
1.24902329205942
1.23732811258885
1.2215939413945
1.20198120313621
1.17866467132484
1.15183252870708
1.12168537374575
1.08843517790228
1.05230419863641
1.01352385322255
0.972333558644383
0.928979542967839
0.883713633705385
0.836792028774106
0.788474055712977
0.739020924862806
0.688694482224411
0.637755967697217
0.586464784360944
0.535077284398972
0.483845577171636
0.433016364833865
0.382829810752593
0.33351844581754
0.285306117554143
0.23840698674052
0.193024576002961
0.149350874616576
0.107565503471653
0.067834943882087
0.0303118336123355
-0.00486566681602796
-0.0375744348053956
-0.0677068709588651
-0.0951713069114791
-0.119892334034808
-0.141811051700695
-0.160885234162707
-0.177089415490318
-0.190414892369606
-0.20086964496338
-0.208478176401663
-0.213281271848387
-0.215335678460598
-0.214713707920435
-0.211502763576392
-0.20580479457676
-0.1977356797138
-0.187424544019803
-0.175013011465189
-0.160654397401799
-0.144512844671338
-0.126762407557051
-0.107586087996342
-0.0871748286906894
-0.0657264679471318
-0.0434446612613572
-0.0205377748044648
0.00278224389470683
0.0263010126756011
0.0498028734039066
0.0730720570298372
0.0958938494854332
0.118055752855424
0.139348636276623
0.159567871068096
0.178514444665253
0.195996048027647
0.21182813131117
0.225834922739662
0.237850405779135
0.247719249907725
0.255297690486722
0.260454353470166
0.263071020942952
0.263043333747619
0.260281427748099
0.254710500582203
0.246271306073178
0.234920573801989
0.220631351685266
0.203393269757032
0.183212723714194
0.160112977154428
0.134134181809036
0.10533331545084
0.0737840375365113
0.0395764630221649
0.0028168551690233
-0.0363727614695274
-0.0778550663184009
-0.121477984384834
-0.16707530191712
-0.214467353494561
-0.263461777591518
-0.313854337338281
-0.365429802895169
-0.417962891566319
-0.47121926150638
-0.524956554618556
-0.578925484007496
-0.632870961135569
-0.686533257638467
-0.739649196585157
-0.791953367820359
-0.843179361904002
-0.893061017063747
-0.941333673502532
-0.987735429355025
-1.03200839256362
-1.07389992294813
-1.11316385877125
-1.14956172215689
-1.18286389779777
-1.2128507794935
-1.23931387919032
-1.26205689334674
-1.28089672162672
-1.29566443312176
-1.30620617552499
-1.31238402292227
-1.31407675812848
-1.31118058577725
-1.30360977267127
-1.29129721221464
-1.27419491007789
-1.25227438858902
-1.22552700769796
-1.1939642007266
-1.15761762348968
-1.11653921575172
-1.07080117437097
-1.02049583787
-0.965735482563589
-0.906652030765623
-0.843396671985876
-0.776139398413836
-0.705068456367656
-0.630389715760548
-0.552325960002919
-0.471116099114273
-0.387014309163255
-0.300289101485185
-0.211222325442907
-0.120108108797303
-0.0272517400365656
0.0670315027219439
0.162417571399302
0.258574911110173
0.355165761522341
0.4518474909583
0.548273957621894
0.64409689220185
0.738967295998762
0.832536848641353
0.924459319403895
1.01439197610787
1.10199698558933
1.18694279973746
1.26890552116008
1.34757024260893
1.42263235439876
1.49379881418284
1.56078937359846
1.6233377564733
1.68119278348223
1.73411943836689
1.78189987107329
1.82433433342726
1.86124204325043
1.89246197312124
1.91785356030339
1.93729733469791
1.95069546202258
1.95797219978232
1.95907426396516
1.95397110477839
1.94265509012722
1.92514159593206
1.90146900277793
1.87169859879013
1.83591438903101
1.79422281211259
1.7467523651168
1.69365313830788
1.63509626150722
1.57127326437997
1.50239535325076
1.42869260742385
1.35041309832769
1.26782193513409
1.18120024081723
1.09084406291517
0.997063223535841
0.900180113408893
0.800528435024062
0.698451900113028
0.594302886926896
0.488441062931175
0.381231978687336
0.27304563881082
0.164255055991411
0.0552347941319191
-0.0536404932953299
-0.161997523557157
-0.269465837525784
-0.375679239030293
-0.480277214683186
-0.582906328259345
-0.683221583818559
-0.780887751900863
-0.875580653287359
-0.966988395005538
-1.05481255346818
-1.13876929986619
-1.2185904631888
-1.2940245265167
-1.36483755252504
-1.43081403444184
-1.49175766903173
-1.54749204851416
-1.5978612686776
-1.64273045081489
-1.68198617547854
-1.71553682643706
-1.74331284360195
-1.7652668840883
-1.78137389096909
-1.79163106968125
-1.79605777243929
-1.79469529140845
-1.78760656178118
-1.77487577628727
-1.75660791304742
-1.73292817905058
-1.70398137189511
-1.66993116278236
-1.63095930408499
-1.58726476513259
-1.53906280015923
-1.48658395264378
-1.43007300053944
-1.36978784713555
-1.30599836251955
-1.23898518081
-1.16903845851133
-1.09645659949708
-1.02154495226015
-0.944614485174872
-0.865980445597493
-0.785961008686313
-0.704875921852894
-0.623045150758449
-0.540787532747303
-0.458419443560169
-0.37625348309602
-0.294597185891192
-0.213751761860181
-0.134010872693275
-0.0556594491341026
0.0210274458354736
0.0957857030926792
0.168363198181081
0.23852076251357
0.306033090933434
0.370689581889891
0.432295106794737
0.490670705451667
0.545654204787614
0.597100758465645
0.644883305318738
0.688892944912104
0.729039228917314
0.76525036736201
0.797473349202756
0.825673977054776
0.849836816298013
0.869965059163134
0.88608030478185
0.898222256562028
0.906448338616553
0.910833233335759
0.91146834254387
0.908461175018777
0.901934663480351
0.89202641446436
0.878887894793958
0.862683558639611
0.843589919418073
0.821794571021301
0.797495163085737
0.770898335211128
0.742218615212927
0.711677286645049
0.679501230958454
0.645921749764634
0.611173372752592
0.575492656861398
0.539116982339331
0.502283351323008
0.465227194547538
0.428181191750288
0.391374111257955
0.355029674147993
0.31936544825323
0.284591777131732
0.250910748954977
0.218515210074912
0.187587827817371
0.158300206815542
0.130812062943458
0.105270458638239
0.0818091031107853
0.0605477206404954
0.0415914898305577
0.0250305563688277
0.0109396214960514
-0.000622391969570146
-0.00961259456387897
-0.0160043049444176
-0.019787143747187
-0.0209670461614507
-0.0195661932291709
-0.0156228622530338
-0.00919119707278593
-0.000340899341483514
0.0108431576998237
0.024261391090557
0.039800043452356
0.0573317891730968
0.0767164085922433
0.0978015269905201
0.1204234148846
0.144407845841716
0.169571007760373
0.195720463313272
0.222656155017362
0.250171450186526
0.278054220833794
0.306087953423742
0.334052883233446
0.361727147961127
0.388887955127522
0.415312757744963
0.440780432685115
0.465072456157115
0.487974070714306
0.509275438239574
0.528772773416867
0.546269452278246
0.561577090523615
0.574516586440977
0.584919123410352
0.59262712715259
0.597495173084521
0.599390839363214
0.598195501444389
0.593805064240911
0.586130628246834
0.575099086288283
0.560653647874456
0.542754288447623
0.521378121169702
0.496519689232464
0.468191177037948
0.436422538962833
0.401261544794307
0.362773741303127
0.321042329801296
0.276167959914
0.228268440177876
0.177478366457822
0.123948669550502
0.0678460837134172
0.00935253822205262
-0.0513355255882024
-0.114007908994307
-0.178441479138949
-0.24440105741336
-0.311640369214408
-0.379903051033213
-0.448923710563296
-0.518429035264995
-0.58813894459235
-0.657767780878956
-0.727025533691233
-0.795619092293039
-0.863253520724027
-0.929633349877617
-0.99446388087184
-1.05745249394004
