1.32851313436215
1.40845906696475
1.4839438298447
1.55471035104975
1.6205190313585
1.6811486695329
1.73639731258678
1.7860830275394
1.83004459145898
1.86814209695039
1.90025747060341
1.92629490228996
1.94618118358056
1.95986595393869
1.96732185374671
1.96854458361477
1.9635528698254
1.9523883361669
1.93511528280889
1.91182037326961
1.88261223091683
1.84762094682923
1.80699750122267
1.76091310101283
1.70955843644181
1.65314286003929
1.59189349151714
1.5260542525092
1.45588483536311
1.38165961046797
1.30366647685868
1.22220566107385
1.13758846945884
1.05013599929666
0.960177814317645
0.868050590282323
0.774096736450583
0.678662998843351
0.582099051270491
0.484756080139799
0.386985369077014
0.289136889375406
0.19155790225599
0.0945915788557776
-0.00142435622785358
-0.096158952123286
-0.18928932402735
-0.280501905294314
-0.369493654047956
-0.455973209303145
-0.539661991814617
-0.620295245122484
-0.697623012535334
-0.771411046081305
-0.841441643764047
-0.907514411782522
-0.969446948709832
-1.02707544897509
-1.08025522335232
-1.12886113452972
-1.17278794621002
-1.2119505845759
-1.24628431134251
-1.27574480800964
-1.3003081713178
-1.31997082030337
-1.33474931573644
-1.34468009310917
-1.34981911072125
-1.35024141477937
-1.34604062378991
-1.33732833487459
-1.3242334549776
-1.30690146025755
-1.2854935872671
-1.26018595981629
-1.23116865569041
-1.19864471764971
-1.16282911337375
-1.123947649228
-1.08223584292288
-1.03793776030473
-0.99130482166413
-0.942594583068602
-0.892069498322993
-0.839995667232634
-0.78664157588994
-0.732276834725338
-0.677170920057802
-0.621591924848851
-0.565805324307008
-0.510072761907486
-0.454650861284867
-0.399790069325088
-0.345733535627858
-0.292716033332481
-0.240962926099573
-0.19068918581953
-0.142098465376544
-0.0953822305359123
-0.0507189547431842
-0.00827338032792879
0.0318041507063308
0.0693782934495457
0.10432922189112
0.136553073594144
0.165962315425494
0.192486028895125
0.216070114029569
0.236677411080893
0.254287739751219
0.268897855992866
0.280521326823296
0.289188323970939
0.294945337540565
0.29785481125382
0.297994701179965
0.295457960222306
0.290351950965479
0.282797789816482
0.272929625686209
0.260893856757221
0.246848289166042
0.230961241693112
0.21341060079958
0.19438283057625
0.174071942375002
0.152678429076397
0.130408169107561
0.107471305461622
0.0840811050830083
0.0604528040714425
0.0368024442209801
0.0133457064488804
-0.00970325331808136
-0.032132960244641
-0.0537357631581847
-0.0743089581358313
-0.0936558877414129
-0.11158701065882
-0.127920936604888
-0.142485421564984
-0.155118318577176
-0.165668479495503
-0.173996603388361
-0.179976027473484
-0.183493456755334
-0.184449628812555
-0.182759910481493
-0.178354823495047
-0.171180496463
-0.16119904091904
-0.148388849509306
-0.132744814755926
-0.114278467195117
-0.0930180320612445
-0.0690084040641046
-0.0423110401850472
-0.0130037707964852
0.0188194702127062
0.0530489952482021
0.0895597913291928
0.128212025122197
0.168851622539713
0.21131092040622
0.255409387357452
0.300954410814792
0.347742146566528
0.395558427192891
0.44417972529376
0.493374167217753
0.542902592750532
0.592519655999343
0.641974962511434
0.691014237486694
0.73938051979059
0.786815376342891
0.83306013135149
0.877857104779147
0.920950854374844
0.962089415570689
1.00102553354028
1.03751788173506
1.07133226126162
1.10224277553438
1.1300329747354
1.15449696473433
1.17544047526785
1.19268188234714
1.2060531800545
1.2154008971049
1.22058695378331
1.22148945512512
1.21800341648072
1.21004141789857
1.19753418406931
1.18043108689798
1.15870056810879
1.13233047963697
1.10132833992285
1.06572150459276
1.02555725038871
0.980902771591422
0.931845088568287
0.878490868467137
0.820966158466516
0.759416032382016
0.694004151814112
0.624912243404377
0.552339494142109
0.47650186703063
0.397631339780149
0.315975069540678
0.231794487022278
0.145364323669469
0.0569715758607769
-0.0330855896087385
-0.124498984235296
-0.216951595928674
-0.31011883154441
-0.403669798614428
-0.49726862088008
-0.590575782070701
-0.683249492233843
-0.77494707081134
-0.865326340568515
-0.9540470264229
-1.04077215318367
-1.12516943620421
-1.20691265896759
-1.28568303166829
-1.3611705249232
-1.43307517284026
-1.50110833979373
-1.56499394540091
-1.62446964236462
-1.67928794203942
-1.72921728279506
-1.77404303648897
-1.81356844861763
-1.84761550799477
-1.87602574210109
-1.89866093456337
-1.91540376155066
-1.92615834421821
-1.93085071468712
-1.92942919341457
-1.92186467618763
-1.9081508293586
-1.88830419233176
-1.86236418670786
-1.83039303189197
-1.79247556737057
-1.74871898226382
-1.69925245315637
-1.6442266916034
-1.58381340309628
-1.51820465965226
-1.44761218856351
-1.372266580201
-1.29241641811643
-1.20832733501926
-1.1202809985244
-1.02857403086791
-0.933516867071598
-0.835432556301951
-0.734655511412592
-0.631530211881799
-0.526409865556532
-0.419655034790758
-0.311632232718266
-0.202712495527486
-0.0932699367080195
0.0163197106852494
0.125680557654407
0.234438022647494
0.342220288597187
0.448659747521511
0.553394426654341
0.656069390155188
0.756338110555061
0.853863804227773
0.94832072533337
1.03939541286154
1.12678788560726
1.21021278013761
1.28940042705653
1.3640978611425
1.43406976122113
1.49909931593954
1.55898901193045
1.61356134119046
1.66265942484626
1.70614755084449
1.74391162347292
1.77585952300135
1.80192137411855
1.82204972223486
1.83621961711664
1.84442860371811
1.84669662047435
1.84306580571725
1.83360021326967
1.81838543866253
1.79752815780124
1.77115558028229
1.73941481992382
1.70247218542685
1.66051239442209
1.61373771448198
1.56236703498545
1.50663487401403
1.44679032472963
1.383095945937
1.31582660176494
1.24526825560981
1.17171672367152
1.09547639357512
1.01685891370956
0.93618185902929
0.853767379152229
0.769940834650635
0.685029427467779
0.599360831403891
0.513261828599165
0.427056957899858
0.341067180926078
0.255608571566721
0.170991034508926
0.0875170582668496
0.0054805080080278
-0.0748345367139331
-0.153154894423392
-0.229219339719524
-0.302779602395363
-0.373601303540626
-0.441464824780153
-0.506166107106363
-0.56751737608594
-0.625347790556412
-0.679504012276048
-0.72985069434864
-0.776270886612167
-0.818666356554998
-0.85695782470365
-0.891085113810551
-0.92100721155696
-0.946702246873355
-0.96816738036578
-0.985418609719811
-0.998490491332359
-1.00743577979393
-1.01232498720832
-1.01324586469174
-1.01030280873671
-1.00361619545776
-0.993321646052486
-0.979569227113067
-0.962522589708318
-0.942358051422449
-0.919263625784271
-0.893438003747399
-0.865089492087551
-0.834434913766385
-0.80169847547152
-0.767110607678924
-0.730906782695999
-0.693326316231029
-0.65461115809683
-0.615004677693171
-0.57475044992358
-0.534091047187843
-0.493266843051286
-0.452514833126806
-0.412067478615139
-0.372151577834047
-0.332987170928093
-0.294786482788361
-0.25775290902647
-0.222080049640452
-0.18795079478239
-0.155536466790305
-0.124996022380609
-0.096475318613865
-0.0701064459468081
-0.0460071313689718
-0.0242802142943286
-0.00501319753842377
0.0117221246387248
0.0258699598027017
0.0373907306726409
0.0462612076235749
0.0524745598551581
0.0560403250963158
0.0569842980932584
0.0553483385050134
0.0511900992042192
0.0445826763498477
0.0356141829610715
0.0243872480761251
0.0110184439247983
-0.00436235612287028
-0.0216126857481451
-0.0405782566248287
-0.0610937884281846
-0.0829838939549207
-0.106064015141156
-0.13014140552785
-0.155016154506388
-0.180482248481199
-0.206328663912862
-0.232340487054634
-0.258300055068471
-0.28398811310405
-0.309184981846267
-0.333671729984129
-0.35723134602609
-0.379649903885062
-0.400717716679722
-0.42023047324737
-0.437990351937589
-0.453807106354873
-0.467499117841257
-0.478894409637311
-0.487831617829965
-0.494160914388247
-0.497744877802467
-0.498459307077205
-0.496193975082898
-0.490853317543952
-0.482357054231387
-0.47064073923416
-0.45565623750408
-0.437372125203021
-0.415774011726621
-0.390864781634251
-0.36266475507905
-0.331211765702838
-0.296561155336702
-0.258785685227911
-0.217975363895015
-0.174237192094677
-0.127694825763707
-0.0784881581762241
-0.0267728229275229
0.0272803802789277
0.0834861347085331
0.141645327857193
0.201545841883062
0.26296340987207
0.32566253429329
0.389397463708664
0.453913223527286
0.518946696338439
0.584227747121372
0.649480388414209
0.714423980330485
0.778774460140564
0.842245595987228
0.904550259180924
0.965401709420982
1.02451488721497
1.08160770771982
1.13640235020555
1.18862653734524
1.23801479856394
1.28430971173383
1.32726311758304
1.36663730129117
1.40220613587475
1.43375618212018
1.4610877400003
1.48401584671107
1.50237121668812
1.51600111920681
1.52477018943303
1.52856116907494
1.52727557308572
1.52083427918412
1.50917803729071
1.49226789632273
1.47008554614664
1.4426335728551
1.40993562591014
1.37203649607774
1.32900210346662
1.28091939537651
1.22789615405447
1.17006071485246
1.10756159567124
1.04056703896571
0.969264467970442
0.893859859182412
0.81457703350671
0.731656868830744
0.645356437140014
0.555948069623272
0.463718353534762
0.368967064885547
0.272006041322315
0.173157999820124
0.0727553040639297
-0.028861313379549
-0.131344068792238
-0.23433947944817
-0.337489744521817
-0.440434148979116
-0.542810484559595
-0.644256481874681
-0.744411247589166
-0.842916700621667
-0.939419001294292
-1.03356996738337
-1.12502847107021
-1.21346181086466
-1.29854705267381
-1.37997233431262
-1.45743812790341
-1.53065845478471
-1.59936204774755
-1.66329345563721
-1.7222140856001
-1.77590317851779
-1.82415871345207
-1.86679823722473
-1.90365961557304
-1.93460170265422
-1.95950492601921
-1.97827178453499
-1.99082725710553
-1.99711912042078
-1.99711817435113
-1.99081837399831
-1.97823686781152
-1.95941394157877
-1.93441286850451
-1.90331966598551
-1.86624276009533
-1.82331255918083
-1.77468093836243
-1.72052063710937
-1.66102457243191
-1.59640507059153
-1.52689302057731
-1.4527369529293
-1.37420204780657
-1.29156907649811
-1.20513328085649
-1.11520319539653
-1.02209941704322
-0.926153327733061
-0.827705775270478
-0.727105718015069
-0.62470883912495
-0.520876136206691
-0.415972492321195
-0.31036523436913
-0.204422684926396
-0.0985127136214365
0.0069987058590309
0.111748927081375
0.215380044496556
0.317540283479202
0.41788536097079
0.516079811058466
0.611798269979832
0.704726715227097
0.794563653629656
0.881021253522279
0.963826416354534
1.04272178336638
1.11746667324201
1.18783794695903
1.25363079637143
1.31465945340001
1.37075781705328
1.42177999586227
1.46760076368309
1.50811592720048
1.54324260385101
1.57291940927552
1.59710655380454
1.61578584787607
1.62896061668053
1.63665552472151
1.63891631137082
1.63580943888088
1.62742165469537
1.61385947026757
1.59524855895491
1.57173307590441
1.54347490317756
1.51065282368115
1.47346162777323
1.43211115669761
1.3868252872667
1.33784086245771
1.28540657281296
1.22978179373708
1.17123538396485
1.11004445062889
1.04649308648954
0.980871084995644
0.913472638927619
0.844595028430182
0.774537304272662
0.70359897217959
0.632078684052499
0.560272941857093
0.488474819876728
0.416972710935541
0.346049102071435
0.275979384992549
0.207030706479994
0.13946086370694
0.0735172492286963
0.00943585016301041
-0.0525596941760298
-0.112258972201217
-0.169465613834736
-0.223998034759866
-0.275690108073886
-0.324391760609637
-0.369969491540183
-0.412306811238428
-0.451304598728844
-0.486881376441429
-0.518973501355372
-0.547535272001239
-0.57253895117353
-0.593974704588268
-0.611850456101741
-0.626191660484533
-0.637040995117682
-0.644457972344185
-0.648518474566628
-0.649314214529738
-0.646952123562682
-0.641553670879466
-0.633254117344232
-0.622201707401515
-0.608556803146926
-0.592490964771528
-0.574185981850533
-0.553832860164762
-0.531630768938603
-0.507785953551805
-0.482510618932431
-0.456021788964741
-0.428540147347593
-0.400288865416051
-0.371492422490952
-0.342375424347364
-0.313161425394471
-0.284071760134325
-0.255324389417668
-0.227132766939716
-0.199704731319366
-0.173241428981006
-0.147936272910706
-0.123973942187336
-0.10152942699649
-0.0807671236202023
-0.0618399836607954
-0.0448887215027669
-0.0300410837441001
-0.0174111840390901
-0.00709890648936562
0.000810619599295292
0.00624747110924451
0.00915730651062663
0.00950166348009696
0.00725817731172784
0.0024207190613007
-0.00500054726199239
-0.0149791887662695
-0.0274726089424219
-0.042422233679303
-0.0597537772082368
-0.0793775867846487
-0.10118906454826
-0.125069164643693
-0.150884963332642
-0.178490299487878
-0.207726482530673
-0.238423064557258
-0.270398673099153
-0.303461900676902
-0.337412247039384
-0.372041109731361
-0.407132818402778
-0.442465708064311
-0.477813226306791
-0.512945069337449
-0.547628341544721
-0.581628733186126
-0.6147117107007
-0.646643714079952
-0.677193355688098
-0.706132614905843
-0.733238022979621
-0.758291832492715
-0.781083165933572
-0.801409137921319
-0.819075945757569
-0.833899923107468
-0.84570855176981
-0.85434142667694
-0.859651169467524
-0.86150428619921
-0.859781965013037
-0.854380809824665
-0.845213506399862
-0.832209417470041
-0.815315103858361
-0.794494768915141
-0.769730623902743
-0.741023172322531
-0.708391411538517
-0.671872950422409
-0.631524042121415
-0.58741953143109
-0.539652716639809
-0.488335126096953
-0.433596210141677
-0.375582949412154
-0.314459380934081
-0.250406043760457
-0.183619346301012
-0.114310857836601
-0.0427065270608575
0.0309541691741975
0.106419143410541
0.183424677630671
0.261696461704439
0.340950685870662
0.42089518263466
0.501230613230132
0.58165169358184
0.661848454515753
0.741507530796935
0.820313473431886
0.897950079554137
0.974101734117662
1.04845475755498
1.12069875351392
1.1905279507709
1.25764253342782
1.32174995353558
1.38256622034833
1.43981716050047
1.49323964351009
1.54258276715076
1.58760899739475
1.6280952578161
1.66383396355024
1.69463399513657
1.7203216078214
1.74074127216944
1.75575644212115
1.76525024694027
1.76912610381857
1.76730824824222
1.75974217957512
1.7463950196766
1.72725578274342
1.70233555494682
1.67166758282308
1.6353072697685
1.5933320803862
1.54584135282927
1.49295601968297
1.43481823832388
1.37159093208631
1.30345724395282
1.23061990486564
1.15330051912668
1.07173876971456
0.986191546695786
0.896932002242805
0.804248536091601
0.708443715575926
0.609833134661514
0.508744216670815
0.405514965636292
0.300492671446269
0.19403257415113
0.0864964929780941
-0.0217485742397944
-0.130331875383725
-0.238880346173584
-0.347020064071678
-0.454377707885159
-0.560582016957849
-0.665265243839504
-0.768064594345297
-0.868623648967842
-0.966593759681479
-1.0616354162805
-1.15341957652083
-1.24162895448759
-1.3259592617873
-1.4061203963641
-1.48183757396174
-1.55285239749759
-1.6189238598794
-1.67982927607993
-1.73536514058633
-1.78534790666063
-1.82961468418138
-1.86802385318505
-1.90045559058669
-1.92681230793001
-1.9470189983985
-1.9610234917068
-1.96879661588587
-1.97033226537333
-1.96564737522106
-1.95478180163318
-1.93779810944736
-1.91478126756969
-1.8858382537658
-1.8510975705969
-1.81070867466778
-1.76484132172221
-1.71368483047835
-1.65744726844132
-1.59635456326002
-1.53064954350974
-1.46059091307934
-1.38645216362034
-1.30852042977484
-1.22709529213718
-1.14248753312141
-1.05501785110005
-0.965015538350648
-0.872817128492251
-0.778765019215632
-0.683206076206529
-0.586490224231806
-0.488969031401743
-0.390994292639975
-0.292916618383599
-0.19508403450141
-0.0978405993570572
-0.00152504385731822
0.0935305597862249
0.187002094991315
0.278574658004662
0.367943770122026
0.454816539890872
0.538912770486828
0.619966007704816
0.69772452427564
0.771952236505914
0.842429549544515
0.908954127899293
0.97134158816243
1.02942611125073
1.08306097182592
1.13211898292884
1.17649285423756
1.21609546274312
1.25086003502338
1.28074024068668
1.3057101969482
1.32576438469359
1.34091747677278
1.35120407965228
1.35667838993324
1.3574137676145
1.35350222834264
1.34505385724329
1.3321961472681
1.31507326531834
1.2938452497169
1.26868714289621
1.23978806344595
1.20735022192323
1.17158788506559
1.13272629326453
1.091000536352
1.04665439292451
0.999939138577727
0.951112328548753
0.900436560362535
0.848178222153035
0.794606232378264
0.739990776671313
0.684602047566748
0.628708992812765
0.572578077925775
0.516472068564186
0.460648838194096
0.405360206390378
0.350850812964397
0.297357032933354
0.245105937148583
0.194314303180239
0.145187680816284
0.0979195162742088
0.0526903389468582
0.00966701420946114
-0.0309979344946226
-0.0691669313956441
-0.104717879409393
-0.137544614209362
-0.16755727950637
-0.194682622047728
-0.21886420521934
-0.240062540509927
-0.258255136475329
-0.273436465220769
-0.285617846798379
-0.29482725229451
-0.301109026754522
-0.304523533460637
-0.30514672143845
-0.303069618419587
-0.29839775182896
-0.291250500693783
-0.281760381687635
-0.27007227282313
-0.256342578591273
-0.240738340612523
-0.223436298112959
-0.204621902766704
-0.184488292654026
-0.163235230269643
-0.141068009679036
-0.118196338060272
-0.0948331969847202
-0.0711936888809494
-0.047493874192609
-0.0239496047825072
-0.000775359150189642
0.0218169149787918
0.0436189451691052
0.0644272604348357
0.0840442936647069
0.10227945504569
0.11895017135216
0.133882886124636
0.146914015942662
0.157890858198552
0.166672446002174
0.173130346089804
0.177149395872935
0.178628376042506
0.177480615440683
0.173634525224111
0.167034059667817
0.157639101296876
0.145425768381314
0.130386643187517
0.112530919744755
0.0918844702565053
0.0684898296619498
0.0424060982310202
0.013708762455218
-0.0175105651253449
-0.051144486142744
-0.0870702352827681
-0.125150176074507
-0.165232371477835
-0.207151226809785
-0.250728202213279
-0.295772591546005
-0.342082364255827
-0.389445066512285
-0.437638777584187
-0.486433117190935
-0.535590299312452
-0.58486622771928
-0.634011628283024
-0.682773212947325
-0.730894870083129
-0.778118875818368
-0.824187120823779
-0.868842346952353
-0.91182938807064
-0.952896409387241
-0.991796139575448
-1.02828709000532
-1.06213475544365
-1.09311279064951
-1.12100415738707
-1.14560223649685
-1.16671189980917
-1.18415053685111
-1.19774903148813
-1.20735268385356
-1.21282207315237
-1.2140338571793
-1.21088150466423
-1.20327595684764
-1.19114621499656
-1.17443985089385
-1.1531234376695
-1.12718289869153
-1.09662377259362
