1.79247489036702
1.83833282141407
1.87838417113914
1.91249384188828
1.94054865956455
1.9624578050181
1.97815315457883
1.98758952833604
1.99074484516315
1.98762018388388
1.97823975037685
1.96265075081703
1.9409231716531
1.91314946731723
1.87944415705737
1.83994333266907
1.79480407928312
1.74420381173507
1.68833952940118
1.62742699273122
1.56169982504048
1.49140854343883
1.41681952307437
1.33821389914934
1.25588641142728
1.17014419619122
1.08130553083086
0.989698536433357
0.89565984392472
0.799533229457116
0.701668224861095
0.60241870907971
0.502141486573822
0.401194858734125
0.299937194355249
0.198725505220863
0.0979140328159392
-0.00214714787661557
-0.101113501622539
-0.198647377463846
-0.294419318900597
-0.388109334259462
-0.479408121965002
-0.56801824563557
-0.653655254153686
-0.736048742109477
-0.81494334628432
-0.890099674128845
-0.961295160493824
-1.02832484919267
-1.091002096309
-1.14915919251046
-1.20264790198906
-1.25133991601748
-1.29512721948784
-1.33392236918326
-1.3676586829214
-1.39629033910043
-1.41979238657162
-1.43816066515503
-1.45141163750588
-1.45958213342584
-1.46272900809511
-1.46092871607526
-1.45427680329815
-1.44288731961144
-1.42689215479373
-1.40644030128236
-1.38169704717075
-1.35284310333092
-1.32007366879694
-1.2835974388069
-1.24363556014262
-1.2004205386271
-1.15419510383799
-1.10521103627163
-1.0537279623439
-1.00001212274245
-0.944335119747582
-0.8869726492174
-0.828203222984747
-0.768306887440334
-0.707563944077118
-0.646253677745898
-0.584653098321459
-0.523035701402385
-0.461670253566531
-0.400819607578361
-0.340739552794696
-0.28167770584237
-0.22387244644587
-0.167551903065944
-0.112932992772574
-0.060220519518553
-0.0096063347044526
0.0387314363667324
0.0846290988552704
0.12793802060331
0.168525189574534
0.206273694229788
0.241083124910315
0.272869894665006
0.301567478329516
0.327126569041259
0.349515151753763
0.368718493694698
0.384739052092464
0.397596299874934
0.407326470418826
0.413982222797846
0.417632229340293
0.418360687660773
0.416266759674365
0.411463940433506
0.404079359946535
0.394253021440785
0.38213697982102
0.367894464344604
0.351698949786724
0.333733180601412
0.314188152795603
0.293262058423445
0.271159197775503
0.248088864481595
0.224264208866285
0.199901084991862
0.175216886894518
0.150429379565314
0.125755530247809
0.101410345619238
0.0776057203915765
0.0545493028131188
0.0324433824702868
0.0114838056840449
-0.0081410763344838
-0.0262514215577212
-0.0426768686093969
-0.0572574609892793
-0.0698445196372611
-0.0803014596587539
-0.0885045472921745
-0.0943435934759569
-0.0977225806659648
-0.0985602198629654
-0.0967904351326003
-0.092362773235575
-0.0852427363321299
-0.0754120360805725
-0.0628687678132885
-0.0476275038434247
-0.0297193053297681
-0.00919165250450804
0.0138917065531208
0.0394509880366252
0.0673906844893151
0.0975999555310445
0.129953095561254
0.164310076406438
0.200517162530654
0.238407596088671
0.277802348774408
0.318510937103921
0.360332297473774
0.40305571705349
0.446461816306353
0.490323578687071
0.534407422839132
0.578474312409888
0.622280898418559
0.665580688952203
0.708125240828132
0.749665367748738
0.789952359386843
0.828739205776963
0.865781821350437
0.900840262940646
0.933679936098231
0.964072784095837
0.991798454066628
1.01664543481106
1.03841216092117
1.05690807801096
1.07195466400437
1.0833864016182
1.09105169738568
1.09481374279581
1.09455131337317
1.09015950179219
1.08155038140658
1.06865359687847
1.051416878911
1.02980648042119
1.0038075318355
0.973424313547575
0.938680443943168
0.899618981771815
0.856302442024327
0.80881272486004
0.75725095751485
0.701737249509343
0.642410361864
0.579427291413429
0.51296277169273
0.443208692244121
0.370373438559643
0.294681155234127
0.216370935250401
0.135695938653962
0.0529224441958981
-0.0316711621708711
-0.117795457767419
-0.205151108190423
-0.293430042140796
-0.38231667114841
-0.471489149051288
-0.560620665899047
-0.649380770785242
-0.737436717971836
-0.824454830552368
-0.910101875808733
-0.994046446350543
-1.07596034108583
-1.15551994005791
-1.23240756719524
-1.30631283505967
-1.37693396574243
-1.44397908214777
-1.50716746401912
-1.56623076320357
-1.62091417281475
-1.67097754514262
-1.71619645337012
-1.75636319238901
-1.79128771426187
-1.82079849415039
-1.84474332282269
-1.86299002216211
-1.87542708042537
-1.88196420433843
-1.88253278547184
-1.87708627870191
-1.86560049093949
-1.8480737786908
-1.82452715340506
-1.79500429395844
-1.7595714660216
-1.71831734845832
-1.67135276730121
-1.61881033824851
-1.56084401901916
-1.49762857329136
-1.42935894833096
-1.35624956878801
-1.27853354950118
-1.19646183049951
-1.11030223772689
-1.02033847333519
-0.926869039696757
-0.830206101573243
-0.730674291145347
-0.628609460855221
-0.524357389239237
-0.418272445132365
-0.3107162158057
-0.202056104755133
-0.0926639049906264
0.0170856462179116
0.126816325101727
0.236151885570251
0.344717523684947
0.452141336309088
0.558055767837447
0.662099038961017
0.763916551499135
0.863162263434537
0.959500028415353
1.05260489414122
1.14216435422814
1.22787954834734
1.30946640565666
1.38665672678755
1.45919919991578
1.52686034672839
1.58942539440166
1.64669907002365
1.6985063142294
1.74469291116475
1.78512603225498
1.81969469162571
1.84831011140333
1.87090599551006
1.88743871096157
1.89788737607255
1.90225385537514
1.90056266145467
1.89286076430639
1.87921730921224
1.85972324452771
1.83449086115365
1.80365324584396
1.76736365086724
1.72579478289524
1.67913801433414
1.62760252064195
1.57141434748817
1.51081541190661
1.44606244186891
1.37742585896336
1.30518860909965
1.22964494637477
1.15109917542679
1.06986435777168
0.986260987762
0.900615643925568
0.81325962153594
0.724527552334427
0.634756017365477
0.544282158903043
0.453442297435134
0.362570559637265
0.27199752320301
0.182048884311737
0.0930441534002554
0.00529538476704738
-0.0808940546243971
-0.165230671962102
-0.247431986048793
-0.32722761066813
-0.404360279360317
-0.478586807382718
-0.549678986918665
-0.617424411901969
-0.681627229144539
-0.742108812788381
-0.798708359449838
-0.851283401781287
-0.899710238542591
-0.94388427964921
-0.983720305044705
-1.01915263663059
-1.05013522287445
-1.07664163610606
-1.09866498289938
-1.11621772832398
-1.1293314352309
-1.13805642011333
-1.14246132745076
-1.14263262480386
-1.13867402127541
-1.13070581228837
-1.11886415395414
-1.10330027061064
-1.08417959940009
-1.06168087602867
-1.03599516610352
-1.00732484667545
-0.975882542828022
-0.941890024343301
-0.905577067641435
-0.86718028833478
-0.82694194985605
-0.78510875371445
-0.741930617002755
-0.697659442821998
-0.65254788930847
-0.606848142940186
-0.560810701766651
-0.514683174147173
-0.468709098499146
-0.423126789449168
-0.378168215647037
-0.334057914346346
-0.291011947675991
-0.249236905325601
-0.208928958145358
-0.170272966918043
-0.133441650299492
-0.0985948156441613
-0.0658786561364683
-0.0354251173373736
-0.00735133593060666
0.0182408468843644
0.0412652952536571
0.0616519100429542
0.0793468803474208
0.0943128541317027
0.10652902736926
0.115991151427986
0.122711458827597
0.126718507871969
0.128056947034732
0.126787200347322
0.122985075403606
0.116741295952659
0.108160961399331
0.0973629358698205
0.0844791698245322
0.0696539575119265
0.0530431338532737
0.0348132146281373
0.0151404840921598
-0.00578996559794259
-0.0277852385544216
-0.0506456781237414
-0.0741659436671842
-0.0981361160196737
-0.122342826355984
-0.146570403083608
-0.170602031296681
-0.194220919265022
-0.217211466397557
-0.239360427109867
-0.260458065041585
-0.280299292110747
-0.298684786958665
-0.315422087430623
-0.330326651853358
-0.343222884010519
-0.353945116880619
-0.362338550387887
-0.368260138624254
-0.371579422229552
-0.372179301865219
-0.369956748984374
-0.364823450385796
-0.356706383340364
-0.345548318394646
-0.331308247285758
-0.313961733743007
-0.29350118530404
-0.269936044633921
-0.243292899203828
-0.213615508559851
-0.180964748790081
-0.145418474178229
-0.107071296412459
-0.0660342820975367
-0.0224345696948016
0.0235850926136828
0.0718668862747616
0.122238536707992
0.174514000075804
0.228494219575115
0.283967948021209
0.340712633184255
0.398495362044143
0.457073859851321
0.516197539621508
0.575608597451624
0.635043148824182
0.694232400868614
0.752903855371673
0.810782537175738
0.867592242474487
0.923056801410421
0.976901349298728
1.02885360074732
1.07864512091382
1.12601258813699
1.17069904220259
1.21245511255213
1.25104022081636
1.2862237521551
1.31778619000826
1.34552020901176
1.3692317210035
1.38874086924001
1.40388296616074
1.41450937027583
1.42048829801103
1.42170556662114
1.41806526457803
1.40949034615167
1.39592314722858
1.37732581975325
1.35368068253058
1.32499048649066
1.29127859289007
1.25258906330327
1.20898666064372
1.16055676084388
1.10740517521522
1.04965788390221
0.987460681235421
0.920978734177845
0.850396055442226
0.775914893235187
0.697755039953468
0.616153062517925
0.531361457379666
0.443647733569093
0.353293427480187
0.260593053389034
0.165852993994215
0.0693903355378979
-0.0284683476825612
-0.127388254372
-0.227027657614712
-0.327039241136053
-0.427071464850421
-0.526769953959254
-0.625778905748855
-0.723742508150246
-0.820306364060275
-0.915118915387544
-1.00783286077629
-1.09810656097815
-1.1856054258839
-1.27000327729669
-1.35098368162229
-1.42824124677243
-1.50148287772202
-1.57042898533065
-1.63481464323144
-1.69439068780619
-1.74892475650331
-1.79820226001317
-1.84202728409389
-1.88022341713668
-1.91263449987396
-1.93912529396267
-1.95958206651951
-1.9739130880412
-1.98204904151164
-1.98394334087521
-1.97957235744187
-1.96893555318193
-1.95205552026567
-1.92897792660293
-1.89977136753917
-1.86452712426524
-1.82335882989677
-1.77640204457314
-1.72381374131527
-1.66577170476211
-1.60247384527847
-1.53413743128767
-1.46099824303209
-1.38330965129953
-1.30134162497348
-1.21537967156857
-1.12572371519771
-1.03268691668317
-0.936594440769765
-0.837782175621938
-0.736595409988231
-0.633387473594945
-0.528518346484513
-0.422353243143859
-0.315261177371532
-0.207613513910782
-0.0997825129276726
0.00786012656097518
0.114944718205914
0.22110502871309
0.32597970107763
0.429213654720217
0.530459456687664
0.629378658209843
0.725643091060093
0.818936118345728
0.908953834557111
0.995406209928668
1.07801817441064
1.15653063681663
1.23070143499679
1.30030621318913
1.36513922302073
1.4250140449645
1.4797642274047
1.52924384082433
1.57332794499695
1.61191296744459
1.64491699180921
1.67227995517606
1.69396375378264
1.70995225694343
1.72025122941778
1.72488816284368
1.72391201725261
1.7173928740674
1.705421502366
1.6881088405659
1.66558539604599
1.6380005655736
1.60552187974129
1.56833417494142
1.52663869671287
1.48065213858413
1.43060562080788
1.37674361363308
1.31932280999148
1.25861095268331
1.19488562133324
1.12843298454952
1.0595465228576
0.988525728092235
0.91567478502078
0.841301241031733
0.765714669759966
0.689225334529708
0.612142857481338
0.534774900206083
0.457425861645678
0.380395598921484
0.303978176639685
0.228460650077649
0.154121887490403
0.0812314365879446
0.0100484400229622
-0.0591793955030256
-0.126216772159323
-0.190841711846415
-0.252846401200812
-0.312037967252832
-0.368239180566174
-0.4212890830215
-0.471043537751991
-0.517375699095165
-0.560176400790179
-0.59935446102238
-0.634836903294866
-0.666569092488652
-0.694514785857188
-0.718656099085667
-0.738993387928685
-0.755545046320455
-0.768347222227353
-0.777453452881921
-0.782934221399142
-0.784876437127229
-0.783382842426137
-0.778571348894859
-0.770574306382323
-0.759537708415222
-0.745620337957249
-0.728992857677884
-0.709836849152569
-0.688343805640185
-0.664714083285739
-0.639155815776656
-0.611883797637793
-0.583118341484125
-0.553084114658617
-0.522008960767668
-0.49012271168527
-0.457655995631112
-0.424839046936018
-0.391900523090994
-0.359066334633425
-0.326558493356066
-0.294593984231817
-0.263383666329698
-0.233131207856711
-0.204032060295266
-0.176272476419312
-0.150028576763328
-0.125465468889153
-0.102736423546378
-0.0819821115546847
-0.0633299049512923
-0.0468932456460542
-0.0327710845108596
-0.0210473935013606
-0.0117907530683861
-0.00505401676562356
-0.000874054600849217
0.000728423688470592
-0.000251035374034259
-0.00380061418031585
-0.00989229043868112
-0.0184819844777904
-0.0295097867569591
-0.0429002645130812
-0.0585628461063659
-0.0763922812658039
-0.0962691750818193
-0.118060593250147
-0.141620735738751
-0.166791675730113
-0.193404160386324
-0.221278469694661
-0.250225329379173
-0.28004687360918
-0.310537653001016
-0.341485683194508
-0.372673529092973
-0.403879419684315
-0.434878388213578
-0.465443432352829
-0.495346688915048
-0.524360617583555
-0.552259188078953
-0.578819065161134
-0.603820785865077
-0.62704992339591
-0.648298232160595
-0.667364768491228
-0.684056981716513
-0.698191770365206
-0.709596498435058
-0.718109966834905
-0.72358333530332
-0.72588099032499
-0.724881354804105
-0.720477635512074
-0.712578504602698
-0.701108711781738
-0.686009624026865
-0.66723969007766
-0.644774827252502
-0.618608728497235
-0.588753087929169
-0.555237743506633
-0.518110735827984
-0.477438282442642
-0.433304667438733
-0.38581204645591
-0.335080167655486
-0.281246009562087
-0.22446333706979
-0.164902177278856
-0.102748217195844
-0.0382021256882034
0.028521197567919
0.0971934430713038
0.167573779012144
0.239409801614646
0.312438544305972
0.386387541437029
0.460975942023821
0.535915668741407
0.610912617186437
0.685667890230377
0.759879062113821
0.833241466784823
0.905449504860114
0.976197963489562
1.04518334333038
1.11210518678953
1.17666740167097
1.23857957436758
1.29755826676815
1.35332829110479
1.4056239570482
1.45419028546425
1.49878418337768
1.53917557484407
1.57514848261134
1.60650205565432
1.63305153789091
1.65462917363358
1.67108504559619
1.68228784156039
1.6881255461081
1.68850605414535
1.68335770327584
1.6726297224299
1.65629259451317
1.63433833120859
1.60678065844348
1.57365511141855
1.53501903848619
1.49095151355968
1.44155315713141
1.38694586637433
1.32727245519611
1.26269620550707
1.19340033134976
1.11958735791807
1.04147841786547
0.959312467663916
0.873345427124614
0.783849245529474
0.691110898143854
0.595431317188005
0.497124261633175
0.396515130458908
0.293939724258079
0.189742960305947
0.0842775464165099
-0.0220973809059128
-0.129017648351286
-0.236115461920056
-0.34302084135504
-0.449363066887673
-0.554772132237649
-0.65888019777201
-0.761323037722101
-0.861741475377375
-0.959782800219929
-1.05510216103646
-1.14736392914197
-1.23624302597311
-1.32142620945713
-1.40261331373566
-1.47951843701785
-1.55187107255711
-1.61941717798569
-1.6819201785029
-1.73916189969366
-1.79094342605294
-1.83708588160828
-1.877431129364
-1.91184238663706
-1.94020475371305
-1.96242565362085
-1.97843518120355
-1.98818636005083
-1.99165530625097
-1.98884129831877
-1.97976675305602
-1.96447710750258
-1.94304060753711
-1.91554800408415
-1.88211215827848
-1.84286755732539
-1.79796974317556
-1.74759465650416
-1.69193789884355
-1.63121391606624
-1.56565510674792
-1.49551085925841
-1.42104652172869
-1.34254230932543
-1.26029215352716
-1.17460249833939
-1.08579104860653
-0.994185475777462
-0.900122086656488
-0.803944460822194
-0.706002062523221
-0.606648832960189
-0.506241768938671
-0.405139493926272
-0.303700827570081
-0.202283359726685
-0.101242035027065
-0.000927753942100928
0.0983140037670933
0.196144527438246
0.292233190092711
0.38625872372977
0.477910450024849
0.566889461330068
0.652909747101064
0.735699261120634
0.815000925156811
0.89057356497755
0.962192774947356
1.02965170774977
1.09276178611293
1.15135333376173
1.20527612317887
1.2543998381244
1.2986144492404
1.33783050145085
1.37197931225444
1.40101308040022
1.424904904829
1.44364871415626
1.45725910736376
1.46577110675425
1.46923982460602
1.46774004533915
1.46136572537181
1.4502294132011
1.43446159258752
1.41420995205273
1.38963858421709
1.36092711880285
1.32826979341203
1.29187446645108
1.2519615768191
1.20876305519884
1.16252119199088
1.11348746710984
1.06192134701608
1.00808905448694
0.952262316737331
0.894717097580378
0.835732319373315
0.775588580523981
0.714566874336035
0.652947314949297
0.591007876083158
0.529023148217987
0.467263119750537
0.405991987536468
0.345467002085824
0.285937352506609
0.227643096098747
0.170814137285532
0.115669260334544
0.0624152200645375
0.0112458944614436
-0.0376584971643446
-0.0841321071537143
-0.128024100603442
-0.169199221929378
-0.207538284563921
-0.242938581819234
-0.2753142173116
-0.304596353713278
-0.330733378974021
-0.353690989533634
-0.373452190427817
-0.3900172125703
-0.40340334787331
-0.413644703243869
-0.420791874863827
-0.424911544524908
-0.426086000145236
-0.424412582938534
-0.420003064040796
-0.412982953719115
-0.403490746593518
-0.391677106591785
-0.377703995630372
-0.361743750268514
-0.343978110816734
-0.324597207595632
-0.303798509232637
-0.281785738054538
-0.258767757780324
-0.234957438842017
-0.210570506759071
-0.18582437906642
-0.160936996344193
-0.136125652920538
-0.111605832816701
-0.0875900564759554
-0.0642867437646248
-0.0418990986555873
-0.020624020902086
-0.000651049882079313
0.0178386543567711
0.0346732879952713
0.049691333623598
0.0627424392618425
0.0736882420140745
0.0824031324071431
0.0887749557397388
0.0927056470590514
0.0941117966895105
0.0929251435594628
0.0890929939053816
0.0825785632786353
0.0733612401344899
0.0614367696457703
0.0468173567528872
0.0295316878357471
0.00962487076998475
-0.0128417064918107
-0.0377905982953957
-0.0651286037224165
-0.0947471478241388
-0.126522740018626
-0.160317507659522
-0.195979802433888
-0.233344876906539
-0.272235628199777
-0.312463405482741
-0.353828877644344
-0.396122957240048
-0.439127776535988
-0.482617711226529
-0.526360447173144
-0.570118085305743
-0.613648279641875
-0.656705403217096
-0.699041736580245
-0.740408673392617
-0.780557937579032
-0.819242806413762
-0.856219333883796
-0.891247568657696
-0.924092760998766
-0.954526552998553
-0.982328146568535
-1.00728544371494
-1.02919615373454
-1.04786886210508
-1.063124056005
-1.07479510158024
-1.08272916828176
-1.08678809582451
-1.08684919956662
-1.08280601037357
-1.07456894531798
-1.06206590586732
-1.0452428005291
-1.02406398925495
-0.998512647249382
-0.968591046184467
-0.934320751186522
-0.895742732334395
-0.852917389788057
-0.80592449205011
-0.754863027250084
-0.699850967729382
