1.43788990002422
1.35933907077347
1.27652571801087
1.18973533765636
1.09926794091589
1.00543688069451
0.908567624309201
0.808996477646921
0.707069266119634
0.603139977950554
0.497569375484721
0.39072358035103
0.282972638411711
0.174689070518325
0.0662464151503657
-0.041982230956692
-0.149625668082862
-0.256316038605745
-0.361690255852939
-0.465391410759116
-0.567070150462582
-0.666386023101962
-0.763008783224241
-0.856619652390067
-0.946912529760323
-1.03359514766841
-1.11639016742469
-1.19503621086195
-1.26928882341236
-1.338921364806
-1.40372582379752
-1.46351355365893
-1.51811592552206
-1.567384897012
-1.61119349398128
-1.64943620353211
-1.68202927689898
-1.70891094115497
-1.73004151909943
-1.74540345708242
-1.75500126091829
-1.75886134043786
-1.75703176362178
-1.74958192164663
-1.736602106558
-1.71820300365897
-1.69451510106751
-1.66568801924966
-1.63188976367616
-1.59330590407649
-1.55013868407534
-1.50260606528958
-1.45094071023975
-1.39538890868522
-1.33620945222768
-1.27367246224092
-1.2080581763756
-1.13965569905542
-1.06876172152411
-0.995679217121653
-0.920716117561249
-0.844183976046622
-0.766396623110993
-0.687668821075158
-0.608314923011859
-0.528647542067628
-0.448976236931259
-0.369606219150762
-0.290837087888107
-0.212961597564071
-0.136264463684573
-0.0610212119557735
0.0125029244112266
0.0840540545329946
0.153390622398791
0.220284337970436
0.284521042964811
0.34590150774885
0.404242156094297
0.459375714870823
0.511151786099864
0.559437339146148
0.604117121187831
0.645093984477674
0.682289129285286
0.715642261792272
0.745111666596539
0.770674193867321
0.79232516157686
0.81007817361657
0.823964854983016
0.83403450559067
0.840353674632339
0.843005657762891
0.842089919725772
0.837721445373381
0.83003002235003
0.819159459008698
0.805266741418685
0.788521133589274
0.769103225283544
0.747203932025319
0.723023452109956
0.69677018561537
0.668659620572449
0.638913191593254
0.607757116370352
0.575421215551059
0.542137721555522
0.508140081947515
0.47366176298125
0.438935058936282
0.404189912815996
0.36965275392319
0.335545357739321
0.302083733422441
0.269477044103212
0.237926564999313
0.207624684186743
0.178753950662877
0.151486174111429
0.125981580534948
0.102388027657084
0.0808402837158242
0.0614593729715954
0.0443519909417559
0.0296099920471071
0.0173099520180638
0.00751280705952717
0.000263571415976993
-0.00440886538662344
-0.00649186071614449
-0.00598905989551901
-0.00292035599558549
0.00267823141713741
0.0107547579778476
0.0212416356923679
0.0340559922345894
0.0491001066663068
0.0662619195179185
0.0854156148224736
0.106422271360527
0.129130580050682
0.153377624112117
0.178989718332088
0.205783303494775
0.233565891769189
0.262137058614196
0.291289476539333
0.32080998586189
0.350480697424495
0.380080122084287
0.409384321655028
0.438168075878084
0.466206059917337
0.493274026817463
0.519149989334451
0.543615395542384
0.566456292641008
0.587464473434592
0.606438600023796
0.623185299348409
0.637520225339458
0.649269082583816
0.658268606572462
0.664367495794058
0.667427291147931
0.667323198383703
0.663944849527734
0.657196999528285
0.647000154640247
0.633291129375707
0.616023529166562
0.595168156218936
0.570713336384479
0.542665165229335
0.511047671846057
0.475902899325352
0.437290901181617
0.395289653407121
0.349994882212608
0.301519807895445
0.249994805658351
0.195566984580694
0.138399686318386
0.0786719054761176
0.0165776339552144
-0.0476748680697944
-0.113863871554257
-0.18175504504882
-0.251102384598477
-0.321649203150863
-0.393129175270786
-0.465267432697639
-0.537781706041605
-0.610383507694221
-0.68277935083037
-0.75467199920259
-0.825761742275839
-0.895747690122116
-0.96432908239019
-1.03120660558679
-1.09608371285205
-1.15866794038432
-1.21867221466788
-1.27581614468091
-1.32982729331172
-1.38044242228646
-1.42740870501335
-1.47048490187409
-1.50944249264415
-1.54406676089797
-1.57415782545243
-1.59953161412206
-1.62002077529995
-1.6354755231401
-1.64576441239678
-1.65077503927486
-1.65041466496003
-1.64461075882736
-1.63331145867083
-1.6164859456521
-1.59412473203383
-1.56623986013833
-1.53286501135584
-1.49405552441555
-1.44988832252568
-1.4004617493843
-1.34589531445855
-1.28632934832474
-1.22192456925394
-1.1528615626147
-1.07934017504587
-1.00157882572527
-0.919813737423509
-0.83429809038412
-0.745301102410692
-0.653107038866533
-0.558014156601592
-0.460333586113541
-0.360388156523553
-0.258511168201368
-0.155045118107486
-0.0503403831318792
0.0552461331026954
0.161352384339523
0.267612590914796
0.373658668222526
0.479121668437154
0.583633229448875
0.686827024928538
0.78834020942684
0.887814852427124
0.984899355311871
1.07924984527011
1.17053154026591
1.25842007930669
1.34260281239372
1.42278004470505
1.49866622975285
1.56999110647182
1.63650077543143
1.69795870962264
1.7541466955463
1.80486570062669
1.84993666328639
1.88920120234754
1.92252224276825
1.94978455507913
1.97089520625273
1.98578392011659
1.99440334580619
1.99672923314674
1.99276051424953
1.98251929100929
1.96605072858989
1.94342285538736
1.91472627035761
1.88007375899142
1.83959981960842
1.79346010202365
1.74183076101319
1.68490772736761
1.62290589967178
1.55605826028594
1.48461491932403
1.40884209072921
1.32902100483354
1.24544676205548
1.15842713263615
1.06828130754054
0.97533860585299
0.879937144176317
0.78242247369925
0.683146190728478
0.582464526586941
0.480736922860428
0.378324598028315
0.275589111542262
0.172890931417926
0.0705880113798468
-0.0309656164515287
-0.131421227418916
-0.23043676292446
-0.327678156082177
-0.422820618898198
-0.515549885626864
-0.605563407150209
-0.6925714914502
-0.776298385485976
-0.856483294051453
-0.93288133147059
-1.00526440228746
-1.07342200742416
-1.13716197261077
-1.19631109623597
-1.25071571412329
-1.30024217910508
-1.3447772536415
-1.38422841411459
-1.41852406581578
-1.44761366803636
-1.47146776906466
-1.49007795128717
-1.50345668698315
-1.51163710579172
-1.51467267521397
-1.51263679589037
-1.50562231376284
-1.49374095158983
-1.47712266263045
-1.45591490964824
-1.43028187270516
-1.40040358952064
-1.36647503245709
-1.32870512646219
-1.28731571254627
-1.24254046160176
-1.19462374357752
-1.14381945720454
-1.09038982562977
-1.03460416345109
-0.976737620757456
-0.917069909865195
-0.85588402050161
-0.793464929222672
-0.730098308860506
-0.666069243779908
-0.601660956680679
-0.537153552614698
-0.472822785793471
-0.408938854644048
-0.345765230429055
-0.283557524580977
-0.222562399712369
-0.16301652905334
-0.105145608836359
-0.0491634278972862
0.00472900150846522
0.0563442479630892
0.105509196809033
0.152065714647743
0.195871239657016
0.236799295313208
0.274739925458666
0.309600049017574
0.341303733033321
0.369792383075898
0.395024850446893
0.416977455990841
0.435643930703055
0.451035273704289
0.463179528529296
0.472121479048783
0.477922266709732
0.480658931136756
0.480423876485017
0.477324266271807
0.471481349737741
0.463029723098092
0.452116529338787
0.43890060048862
0.423551546558125
0.406248795575123
0.387180589366107
0.366542939930393
0.344538551429596
0.321375712967404
0.297267167463466
0.272428962029744
0.247079285337433
0.22143729751725
0.195721958165249
0.170150858030284
0.144939059937547
0.120297954455881
0.0964341357444229
0.0735483029172781
0.0518341921437352
0.0314775445566289
0.0126551148730552
-0.00446627455862569
-0.0197306297838188
-0.0329936270696027
-0.04412339651851
-0.0530012437216371
-0.0595223059922215
-0.0635961400241648
-0.0651472381380502
-0.0641154706080441
-0.0604564519056092
-0.0541418290484157
-0.0451594906036996
-0.0335136952629459
-0.0192251192774762
-0.00233082242071037
0.0171158674793402
0.0390455510158851
0.0633730338898513
0.0899976826367183
0.11880385785565
0.149661423041983
0.182426326771616
0.216941255643285
0.253036355053749
0.290530014562903
0.329229714302409
0.368932928593801
0.409428082671564
0.450495558154672
0.491908742677607
0.53343511887993
0.574837387763271
0.615874621256749
0.656303438687229
0.695879201730146
0.734357222320408
0.771493977931583
0.807048328585501
0.840782729933945
0.872464436759069
0.901866691269845
0.928769890628142
0.952962728219285
0.974243303288342
0.992420193694384
1.00731348668936
1.01875576280647
1.0265930281433
1.03068559054679
1.0309088754501
1.02715417737314
1.01932934337969
1.00735938508105
0.991187016090482
0.970773112160049
0.946097091573056
0.917157213717356
0.883970794127632
0.84657433465521
0.805023567801766
0.759393414635422
0.70977785609367
0.656289717864935
0.599060369427648
0.538239338211054
0.473993840223918
0.406508228873345
0.33598336406581
0.262635904043034
0.186697522756057
0.108414055919575
0.0280445792142006
-0.0541395775853997
-0.137855876483631
-0.222811672788999
-0.308705367683294
-0.395227606988962
-0.482062521071719
-0.568889000619953
-0.655382002870485
-0.741213882701389
-0.826055742888525
-0.909578797723058
-0.991455744113287
-1.07136213424625
-1.14897774386214
-1.22398793019892
-1.2960849736945
-1.36496939759027
-1.43035125966149
-1.49195141040824
-1.54950271217238
-1.60275121380375
-1.65145727567944
-1.69539664008381
-1.73436144218325
-1.76816115707678
-1.7966234786712
-1.81959512641573
-1.83694257623526
-1.84855271232186
-1.85433339677984
-1.85421395446847
-1.848145570748
-1.83610160020578
-1.81807778482
-1.79409238040606
-1.76418619058355
-1.72842250789887
-1.68688696213707
-1.63968727625591
-1.58695293077242
-1.52883473782721
-1.46550432654057
-1.39715354165782
-1.32399375785557
-1.24625511244506
-1.16418565956174
-1.07805044927016
-0.988130535338197
-0.894721915743786
-0.798134410269509
-0.698690479812567
-0.596723992291681
-0.492578940263958
-0.38660811557519
-0.279171746554038
-0.170636103423982
-0.0613720777458276
0.0482462581828968
0.157843105956831
0.267042403643435
0.37546929020257
0.482751565623205
0.588521140672073
0.692415470193077
0.794078963965355
0.893164369224185
0.989334119069486
1.08226164113314
1.17163262104653
1.25714621544404
1.33851620945464
1.41547211387248
1.48776019745676
1.55514445008982
1.61740747281991
1.67435129112935
1.72579808809903
1.77159085448429
1.8115939530746
1.84569359507771
1.87379822664657
1.89583882405344
1.9117690964074
1.92156559520823
1.92522773042865
1.92277769321762
1.91426028571677
1.89974265887937
1.87931395957411
1.85308488864323
1.82118717196367
1.78377294693047
1.74101406714071
1.69310132840326
1.64024361953259
1.5826670017022
1.52061372043441
1.45434115458532
1.38412070694763
1.31023664133668
1.23298487124633
1.15267170536071
1.06961255538294
0.984130611793966
0.896555493281365
0.80722187567965
0.716468106339547
0.624634809893995
0.532063491412083
0.439095142930267
0.34606885932113
0.25332046940581
0.161181188135357
0.0699762955608912
-0.0199761518186631
-0.108366571897273
-0.194895064735654
-0.279272572214483
-0.361221984736314
-0.440479190389962
-0.516794062254631
-0.589931379804011
-0.659671680670016
-0.725812039341724
-0.788166769705404
-0.846568048674848
-0.900866458516006
-0.950931445835062
-0.996651695571894
-1.03793541872091
-1.074710552886
-1.10692487516433
-1.13454602724326
-1.15756145298402
-1.17597824915342
-1.18982293034813
-1.19914110953513
-1.20399709600283
-1.20447341288022
-1.20067023673404
-1.19270476209422
-1.18071049408553
-1.16483647265536
-1.14524643218462
-1.12211790054664
-1.09564124194036
-1.06601864806333
-1.03346308241039
-0.998197182681255
-0.960452126455128
-0.920466465442403
-0.878484933750578
-0.83475723570467
-0.789536818839921
-0.743079637737252
-0.695642914398292
-0.647483900858405
-0.598858649711005
-0.550020798166796
-0.50122037119584
-0.452702609200166
-0.404706825539931
-0.357465299087262
-0.311202206810452
-0.266132601196603
-0.222461437105551
-0.180382652411327
-0.140078306532229
-0.101717780676372
-0.0654570433390756
-0.0314379842816715
0.000212180099279591
0.0293814274371877
0.0559733738646333
0.0799076404110305
0.101120139815967
0.119563282614771
0.135206101727168
0.148034295157103
0.158050186790622
0.165272605657302
0.169736684397088
0.171493578047377
0.170610104632635
0.167168309399298
0.161264954890497
0.15301093939687
0.142530646649339
0.129961229936539
0.115451834131215
0.0991627593959592
0.0812645706070019
0.0619371567847365
0.0413687450501467
0.0197548738354298
-0.0027026697344161
-0.025796943207346
-0.049316967693214
-0.073048866933638
-0.0967770211165095
-0.12028522993021
-0.143357879308218
-0.165781106296981
-0.187343956486344
-0.207839528474566
-0.22706609989757
-0.244828229634627
-0.260937830910318
-0.275215210143818
-0.287490066551987
-0.297602447690449
-0.305403656317243
-0.31075710418462
-0.313539108606368
-0.313639627908311
-0.310962932148616
-0.30542820578936
-0.296970079311774
-0.285539087092098
-0.271102049192039
-0.253642375065994
-0.233160287544939
-0.209672965821951
-0.183214606536235
-0.153836402428511
-0.121606438419372
-0.0866095053425868
-0.0489468319444419
-0.00873573613741152
0.0338908031302574
0.0787846516604503
0.125783101357529
0.174709524707312
0.225374099602248
0.277574601404042
0.331097258820205
0.385717669871245
0.441201773941992
0.497306875644692
0.553782715975036
0.61037258601521
0.666814478232752
0.722842270239935
0.778186935717988
0.83257777707282
0.885743674276349
0.937414344258913
0.987321605155614
1.03520063967153
1.08079125181926
1.12383911129604
1.16409697980729
1.20132591370903
1.23529643743198
1.26578968226588
1.29259848522267
1.31552844286105
1.33439891514205
1.34904397459496
1.3593132963034
1.3650729844736
1.36620633161656
1.36261450666595
1.35421716865842
1.34095300292508
1.32278017707827
1.29967671442606
1.27164078280618
1.23869089720052
1.20086603486785
1.15822566211582
1.11084967222117
1.05883823439775
1.00231155410374
0.941409545370777
0.876291416226541
0.807135168667444
0.734137015016914
0.657510712876743
0.577486821241363
0.494311880696942
0.408247520966842
0.31956949939069
0.228566674235191
0.135539917028502
0.0408009683863851
-0.0553287579450994
-0.152519417868664
-0.250434021360137
-0.348729753168372
-0.447059324251824
-0.545072348266888
-0.642416737302571
-0.73874011095996
-0.833691212805216
-0.926921328180585
-1.01808569734001
-1.10684491788463
-1.19286633050788
-1.27582538212109
-1.35540696051716
-1.43130669484234
-1.50323221628359
-1.57090437354099
-1.63405839784054
-1.69244501245127
-1.74583148190175
-1.79400259634299
-1.83676158677677
-1.87393096715931
-1.90535329969892
-1.9308918799906
-1.95043133897049
-1.9638781590258
-1.9711611019607
-1.97223154689344
-1.9670637365438
-1.95565493076018
-1.93802546653164
-1.91421872412898
-1.88430099942034
-1.84836128280751
-1.8065109456281
-1.7588833352649
-1.70563328059375
-1.64693650978494
-1.58298898284806
-1.51400614167478
-1.44022208068696
-1.36188864153665
-1.27927443562952
-1.19266379855093
-1.10235568076506
-1.00866247922863
-0.911908814813065
-0.812430260658609
-0.710572026792813
-0.606687606530593
-0.501137390334352
-0.394287252949405
-0.286507119741242
-0.178169518247118
-0.0696481210138726
0.0386837141723149
0.146454400551976
0.253295569061013
0.358843499355065
0.462740529214248
0.564636436451232
0.664189787568421
0.761069247558531
0.854954845414727
0.945539190112514
1.03252863204368
1.11564436512236
1.19462346504388
1.26921985945665
1.33920522610522
1.40436981531741
1.46452319353882
1.51949490496149
1.56913504865093
1.61331476894267
1.65192665725638
1.68488506386017
1.71212631850787
1.73360885926667
1.74931326924936
1.75924222136363
1.76342033158702
1.76189392167053
1.75473069256328
1.74201931023397
1.72386890594029
1.70040849336338
1.67178630537953
1.63816905358308
1.59974111400299
1.55670364276768
1.50927362576844
1.45768286664904
1.40217691770698
1.34301395852917
1.2804636274008
1.21480581071919
1.14632939581463
1.07533099272602
1.00211363060044
0.926985434481942
0.850258288325257
0.772246490115032
0.693265404989614
0.613630122261331
0.53365412219149
0.453647958319457
0.373917961060052
0.294764968174016
0.216483087581435
0.139358497829824
0.0636682913467186
-0.0103206345975599
-0.0823526345168372
-0.152184314471736
-0.219585470779457
-0.284339963765854
-0.346246522954984
-0.405119480407742
-0.460789429250854
-0.51310380478011
-0.561927385875492
-0.607142714828934
-0.648650434056077
-0.686369538540891
-0.720237543243313
-0.750210565084404
-0.776263319508865
-0.798389032009691
-0.816599265381628
-0.83092366384853
-0.8414096155822
-0.848121835495003
-0.851141870544426
-0.85056753013337
-0.846512244522361
-0.839104354489637
-0.828486335779246
-0.814813962165003
-0.798255411228107
-0.778990317197908
-0.757208775435757
-0.73311030335251
-0.706902762738244
-0.67880124864791
-0.649026950128834
-0.617805988193255
-0.58536823653259
-0.551946130537659
-0.517773470232279
-0.483084222744333
-0.448111329930527
-0.413085526736715
-0.37823417581692
-0.34378012384947
-0.309940584880306
-0.276926055889872
-0.244939269623953
-0.214174189549282
-0.184815051593123
-0.157035457104132
-0.130997521228856
-0.106851080637117
-0.0847329642502195
-0.0647663303304243
-0.0470600729791214
-0.0317083007668916
-0.0187898898816685
-0.00836811383380509
-0.000490351400141309
0.00481212587495872
0.00752428567383012
0.0076473858214513
0.00519894392645814
0.000212625928206256
-0.0072619458923624
-0.0171594645061283
-0.0293992880316329
-0.043885866267688
-0.0605092418405653
-0.0791456235967896
-0.0996580295359574
-0.121896996254151
-0.145701351558278
-0.170899046616821
-0.197308043733523
-0.22473725557032
-0.252987531403934
-0.281852685778617
-0.31112056471735
-0.340574144474842
-0.369992657660265
-0.399152741424904
-0.427829602302192
-0.455798192203881
-0.482834390017654
-0.508716183218135
-0.533224843895866
-0.556146093625981
-0.577271251642243
-0.596398360849906
-0.613333286304561
-0.627890780902157
-0.6398955131674
-0.649183052192882
-0.655600804969861
-0.65900890156122
-0.659281023798401
-0.656305173434515
-0.64998437595583
-0.640237316540774
-0.626998904959307
-0.61022076652373
-0.589871656534289
-0.565937796006782
-0.538423126824183
-0.507349484817469
-0.472756689652213
-0.434702550773479
-0.393262789042237
-0.348530874079417
-0.300617777716651
-0.249651644334992
-0.195777379252342
-0.139156156694529
-0.0799648492536222
-0.0183953810974181
0.0453459924551094
0.111039476037979
0.178452592740202
0.247341106411387
0.31745000387889
0.388514532904248
0.460261291444449
0.532409363540417
0.604671496932958
0.676755317305212
0.748364573872601
0.819200410885363
0.888962659478063
