-1.37164264393074
-1.44935468971939
-1.52247729229579
-1.59076152569836
-1.65397637533779
-1.71190962965837
-1.76436869518444
-1.81118133156836
-1.85219630359914
-1.88728394748554
-1.91633664909441
-1.93926923220172
-1.95601925519856
-1.966547215086
-1.97083665798929
-1.96889419582118
-1.96074942912555
-1.94645477653305
-1.92608521165898
-1.89973790866882
-1.8675317981255
-1.82960703511509
-1.78612438202029
-1.73726450867376
-1.68322721297391
-1.62423056538227
-1.56050998104354
-1.49231722357436
-1.41991934485436
-1.34359756542111
-1.26364610031883
-1.18037093547714
-1.09408855990087
-1.00512465913287
-0.913812775609264
-0.820492941659056
-0.725510291007758
-0.629213654726232
-0.531954147622051
-0.434083751100239
-0.335953898523665
-0.237914069080438
-0.140310396116531
-0.0434842958168586
0.0522288779825928
0.146501147194719
0.239013185586705
0.329455552258407
0.417529877358379
0.502949995121593
0.585443019553422
0.664750358345105
0.740628660885503
0.8128506965312
0.881206159610632
0.945502397966512
1.00556506218286
1.06123867299698
1.11238710476117
1.15889398319214
1.20066299602627
1.23761811558483
1.2697037326425
1.29688470138392
1.31914629562484
1.33649407686451
1.34895367512282
1.35657048389795
1.35940927095563
1.35755370702819
1.35110581485907
1.34018534137405
1.32492905609361
1.30548997921899
1.28203654312719
1.25475169129556
1.22383191894377
1.18948625992798
1.15193522464934
1.11140969394352
1.06814977410107
1.02240361832726
0.974426220085602
0.924478183879917
0.872824479115297
0.819733182738864
0.765474216395634
0.710318083843779
0.654534614356672
0.598391717796545
0.542154156976569
0.486082342835072
0.43043115782782
0.375448812802361
0.321375742453104
0.268443544267734
0.216873965665716
0.166877943798877
0.118654702233558
0.0723909084646098
0.0282598959248828
-0.0135790461488791
-0.0529813119503704
-0.0898175447257005
-0.123974126413093
-0.155353589283299
-0.183874947925224
-0.209473950289964
-0.232103246880308
-0.251732477550482
-0.268348275760514
-0.28195419050945
-0.29257052655014
-0.300234103863543
-0.304997937740979
-0.306930841186644
-0.306116951708508
-0.302655184911742
-0.296658617643498
-0.288253803759858
-0.27758002589333
-0.264788486891337
-0.250041444871208
-0.233511296094013
-0.21537961009717
-0.195836121742844
-0.175077685034916
-0.153307193730823
-0.130732473924976
-0.107565153907252
-0.0840195167025125
-0.0603113407748642
-0.0366567344329529
-0.0132709695000822
0.00963268018534263
0.031844089896899
0.0531574192816006
0.073372226336482
0.0922945547798456
0.109737989619784
0.125524675869436
0.139486295528429
0.151464998142216
0.161314280464858
0.168899810985077
0.174100195329107
0.176807678826081
0.176928782810633
0.174384871542538
0.169112646942422
0.161064568674932
0.15020919745455
0.136531459802921
0.120032832848621
0.100731448128965
0.0786621137273198
0.053876254456328
0.026441770176358
-0.0035571872829544
-0.0360205177532436
-0.0708325556918143
-0.107862530893429
-0.1469651050016
-0.18798098151856
-0.230737586670218
-0.275049818151131
-0.320720858456429
-0.367543049204035
-0.415298822562938
-0.463761685632906
-0.512697253369142
-0.561864325413219
-0.611016001980014
-0.659900833760584
-0.708264000633565
-0.755848513833723
-0.802396436106243
-0.847650114279929
-0.891353418622006
-0.933252983292151
-0.973099442193808
-1.01064865452704
-1.04566291437898
-1.07791213874542
-1.10717502845975
-1.13324019661329
-1.15590725918333
-1.1749878827415
-1.19030678429452
-1.20170267851184
-1.20902916781794
-1.21215557107208
-1.21096768682166
-1.20536848739856
-1.19527874042685
-1.18063755462638
-1.16140284712651
-1.1375517298475
-1.10908081286185
-1.07600642301227
-1.03836473643622
-0.99621182402644
-0.949623609241823
-0.898695738070718
-0.843543361338764
-0.784300829942485
-0.721121303977766
-0.654176277116256
-0.583655017961473
-0.509763930488257
-0.432725836032203
-0.352779179648649
-0.270177164001787
-0.185186814272153
-0.0980879778835058
-0.00917226314682162
0.0812580788019546
0.172891324133408
0.265407493648272
0.358479612196798
0.45177500490045
0.544956624708275
0.637684405669973
0.729616636181678
0.820411346359518
0.909727703620575
0.997227410501272
1.08257609871967
1.16544471349094
1.24551088213407
1.32246026106323
1.39598785533793
1.46579930505286
1.53161213298008
1.59315694803235
1.65017859929697
1.70243727559242
1.74970954572628
1.79178933487954
1.8284888328096
1.85963932985093
1.88509197699594
1.90471846665983
1.91841163106846
1.92608595555815
1.92767800443761
1.92314675743456
1.91247385513048
1.89566375217562
1.87274377747005
1.84376410089465
1.80879760657562
1.76793967306671
1.72130786123212
1.66904151100899
1.61130124861935
1.54826840618586
1.48014435608173
1.40714976271188
1.32952375477663
1.24752302141151
1.16142083592363
1.07150601115641
0.978081790808393
0.881464681306958
0.781983229093309
0.679976748409527
0.575794004890921
0.469791860456515
0.362333885156277
0.253788941775157
0.144529749110152
0.0349314299273553
-0.0746299503293523
-0.183778847967886
-0.29214170249382
-0.39934838896491
-0.505033655187661
-0.608838537756429
-0.710411751028643
-0.809411043248368
-0.90550451417396
-0.998371888733634
-1.08770574142433
-1.17321266638359
-1.25461438830057
-1.33164880958904
-1.40407098952219
-1.47165405132402
-1.5341900135246
-1.5914905422141
-1.64338762117359
-1.68973413721516
-1.73040437843088
-1.76529444342607
-1.79432255999672
-1.81742931210115
-1.83457777437142
-1.84575355380777
-1.85096473869867
-1.85024175520749
-1.84363713246307
-1.83122517738337
-1.81310156084789
-1.7893828172132
-1.76020575953545
-1.7257268132228
-1.68612127118713
-1.641582473897
-1.59232091805144
-1.53856329789476
-1.48055148347521
-1.41854144041431
-1.35280209599626
-1.28361415660938
-1.21126888177043
-1.13606682013934
-1.05831651308406
-0.97833317148305
-0.896437331555464
-0.812953495586295
-0.72820876346476
-0.642531460979438
-0.556249770812593
-0.469690372148977
-0.38317709476123
-0.297029593355274
-0.211562047854819
-0.12708189517518
-0.0438885978833282
0.0377275450356571
0.117486540285087
0.195119790436767
0.270371127627473
0.3429977864765
0.412771312209172
0.479478400269052
0.542921664015025
0.602920327427523
0.659310840089265
0.71194741205864
0.760702466616206
0.805467009235838
0.846150911509474
0.882683109136912
0.915011713477852
0.943104036550615
0.966946529749075
0.986544636934456
1.0019225629402
1.01312295890428
1.02020652621246
1.02325154119678
1.02235330308341
1.01762350802309
1.00918955236202
0.997193768622038
0.981792597952891
0.963155703096713
0.941465026162958
0.916913795750641
0.889705488172642
0.860052747732727
0.828176271179357
0.794303661610357
0.75866825722862
0.721507940450278
0.683063932943351
0.643579582225922
0.603299145478542
0.562466576225441
0.52132431951368
0.480112121168157
0.439065856624206
0.398416384738412
0.358388431852793
0.319199511238267
0.281058882871018
0.244166558300713
0.208712355153575
0.17487500557681
0.142821322675217
0.112705428716811
0.0846680485935121
0.0588358717164975
0.0353209852051709
0.0142203808953613
-0.00438446165228923
-0.0204279143170472
-0.0338604602915855
-0.044648873568691
-0.0527763173191637
-0.0582423608154795
-0.061062914933789
-0.0612700866443834
-0.0589119532764064
-0.0540522577143668
-0.0467700260503987
-0.0371591095755033
-0.0253276533436915
-0.0113974938830784
0.00449651104337967
0.0222072174097918
0.0415759911137052
0.0624335615744847
0.0846009286742986
0.107890318724067
0.132106184907975
0.15704624745249
0.182502568579538
0.208262657139951
0.234110597682945
0.259828198601033
0.285196153897821
0.309995213058999
0.334007353465193
0.357016949768582
0.378811934664311
0.399184945522255
0.41793445140418
0.434865855076218
0.449792564736087
0.462537030307784
0.472931739313928
0.48082016751593
0.486057679714059
0.488512376323233
0.488065881583519
0.484614069527128
0.478067724104184
0.468353130166853
0.455412592323907
0.439204879004346
0.419705589407813
0.396907441369367
0.370820478525699
0.341472195536959
0.308907580491745
0.273189074000471
0.234396444863055
0.192626582578289
0.147993207343258
0.10062649856988
0.0506726433198855
-0.00170669357148856
-0.0563349755515887
-0.113021474102536
-0.171562019364042
-0.231739818472183
-0.293326338143508
-0.356082247733458
-0.41975841871364
-0.484096976246466
-0.548832398287876
-0.613692657421966
-0.678400400424776
-0.742674160370874
-0.806229595934825
-0.868780752402634
-0.930041338794741
-0.989726015414297
-1.04755168607128
-1.10323878919564
-1.15651258204134
-1.20710441219722
-1.25475297066099
-1.29920552079833
-1.34021909760061
-1.37756167177079
-1.41101327330833
-1.44036706942842
-1.46543039183956
-1.48602570861339
-1.50199153611354
-1.51318328670262
-1.51947404821851
-1.52075529150194
-1.5169375025643
-1.50795073630798
-1.49374508904868
-1.47429108743936
-1.44957999175651
-1.41962401188061
-1.38445643468143
-1.34413166190414
-1.29872515804208
-1.24833330807494
-1.19307318534516
-1.13308223023865
-1.06851784072754
-0.999556876219451
-0.926395076539522
-0.849246398245544
-0.768342270841294
-0.683930775807777
-0.596275751713995
-0.505655828997256
-0.412363398315941
-0.316703516674355
-0.218992755797554
-0.119557997493408
-0.0187351809783728
0.0831319926394827
0.185693393330862
0.288593827008289
0.391474426572851
0.493974063312708
0.595730772723242
0.696383188746883
0.795571980384037
0.892941284607098
0.988140129515554
1.08082384170348
1.17065543186941
1.25730695278387
1.34046082384064
1.41981111655327
1.49506479551961
1.56594290956058
1.63218172794776
1.69353381686335
1.74976905148757
1.80067555937905
1.84606059110441
1.88575131438011
1.9195955283146
1.94746229467696
1.96924248347138
1.98484923046062
1.99421830465682
1.99730838418125
1.994101239285
1.98460182171861
1.96883826003805
1.94686176083553
1.91874641628538
1.8845889187946
1.84450818394445
1.7986448833003
1.74716088905175
1.69023863282066
1.62808038134081
1.56090743206652
1.48895923210877
1.41249242422309
1.33177982388314
1.24710933176668
1.15878278625322
1.06711476078697
0.972431311190345
0.875068678223866
0.775371950875212
0.673693696023847
0.570392560266038
0.465831849799235
0.360378094352231
0.254399601210194
0.148265005418971
0.0423418222625987
-0.0630049919088843
-0.16741446446802
-0.270531010950665
-0.372005813280398
-0.471498166028427
-0.568676785106745
-0.663221073461741
-0.754822338528813
-0.843184956424105
-0.928027478087098
-1.0090836728452
-1.0861035051493
-1.1588540405243
-1.22712027709103
-1.29070589934406
-1.34943395121109
-1.40314742577467
-1.45170976940174
-1.49500529840132
-1.53293952671294
-1.5654394035167
-1.59245346004842
-1.61395186529832
-1.62992639066802
-1.64039028405498
-1.64537805422661
-1.64494516673362
-1.63916765299424
-1.62814163455526
-1.61198276489993
-1.59082559152714
-1.56482284136674
-1.53414463292335
-1.4989776188524
-1.45952406296695
-1.41600085595033
-1.36863847430728
-1.31767988732263
-1.26337941701261
-1.20600155624618
-1.14581975038438
-1.08311514793083
-1.0181753258085
-0.951292994973499
-0.882764692147979
-0.812889463498972
-0.741967546109148
-0.670299053078852
-0.598182668065695
-0.525914355009905
-0.453786088709323
-0.382084611799363
-0.311090223559427
-0.241075605810252
-0.17230469098572
-0.105031577260236
-0.0394994953880325
0.0240601683335436
0.0854287888288781
0.144401354871149
0.200787254004381
0.25441098650768
0.305112805476969
0.352749280440414
0.397193782275393
0.438336887556297
0.476086700831086
0.510369093700003
0.541127859949104
0.568324786373621
0.59193963930963
0.611970067274797
0.628431420499384
0.641356488504703
0.650795157256354
0.65681398778256
0.659495718501421
0.658938693844202
0.655256222092351
0.648575865663435
0.639038667382993
0.626798316565274
0.612020258993487
0.59488075513967
0.575565891192869
0.554270547672933
0.531197330592893
0.506555470296596
0.480559693237926
0.453429072083936
0.425385859615275
0.396654311963528
0.367459506766131
0.338026161834686
0.308577459922948
0.279333885144779
0.250512076531944
0.222323704135786
0.194974372966509
0.168662559929277
0.143578588758764
0.119903647772805
0.0978088550636592
0.0774543755215881
0.0589885938421358
0.0425473474061571
0.0282532226414414
0.0162149181785927
0.00652667780206606
-0.000732204127655289
-0.00549780244230014
-0.007721904133831
-0.00737227288882503
-0.00443283392019589
0.00109622180233326
0.0091984144471845
0.0198410334885367
0.0329752769161755
0.0485364708804945
0.0664443687915495
0.0866035285213967
0.10890376599544
0.133220683102465
0.159416267506614
0.187339561608593
0.21682739758033
0.247705195087508
0.279787818020523
0.312880486276386
0.346779738374826
0.381274440450608
0.416146836943938
0.451173638111153
0.48612713930066
0.520776366784476
0.554888244804987
0.588228778389678
0.62056424640458
0.651662399260512
0.681293655653958
0.709232292719238
0.735257623987189
0.759155159591188
0.780717743231347
0.799746660502969
0.81605271331526
0.829457255270491
0.839793183040635
0.846905878969336
0.85065410033872
0.850910810973337
0.847563951107055
0.840517141709774
0.82969031976065
0.815020301259831
0.796461269091592
0.773985183185689
0.747582110770185
0.717260474865562
0.683047219535783
0.644987890784791
0.603146632365693
0.557606096152335
0.508467267107886
0.455849203270302
0.399888691558759
0.340739820586281
0.278573472040491
0.21357673256455
0.145952228432831
0.0759173856683881
0.00370361859100532
-0.0704445498868196
-0.146270432583751
-0.223506183062461
-0.301873857118241
-0.381086526266769
-0.460849438509763
-0.540861221433799
-0.620815122495255
-0.700400281164553
-0.779303027446885
-0.857208201163748
-0.933800486272572
-1.00876575441871
-1.08179241185755
-1.15257274385314
-1.22080425065493
-1.28619096917495
-1.34844477453513
-1.40728665572692
-1.46244795972409
-1.51367159851281
-1.56071321365157
-1.60334229314511
-1.64134323561243
-1.67451635694632
-1.7026788349012
-1.72566558730582
-1.74333007987623
-1.7555450599017
-1.76220321238992
-1.76321773558765
-1.75852283313576
-1.74807412047415
-1.73184894347843
-1.7098466076867
-1.68208851685874
-1.64861821999979
-1.60950136637542
-1.56482556844113
-1.51470017300757
-1.4592559413598
-1.39864463944266
-1.33303853961449
-1.26262983585524
-1.18762997469081
-1.10826890446232
-1.02479424592434
-0.937470387499206
-0.846577508843335
-0.752410536694701
-0.65527803726694
-0.555501049733776
-0.453411865605777
-0.349352759039605
-0.243674673336192
-0.136735869077854
-0.0289005395243166
0.0794626009658537
0.187981749601901
0.296283462932558
0.403994113670683
0.510741350475029
0.616155554576263
0.719871287143438
0.821528721323535
0.920775052947886
1.01726588398812
1.11066657295761
1.20065354659318
1.2869155673157
1.36915495115485
1.44708873103411
1.520449760544
1.58898775358555
1.65247025553871
1.71068354190359
1.76343344067117
1.81054607500707
1.8518685231716
1.88726939295426
1.91663930826556
1.93989130590548
1.95696114091163
1.96780749928131
1.97241211725787
1.97077980677075
1.96293838702018
1.94893852259787
1.92885346893405
1.90277872625697
1.87083160364013
1.8331506950962
1.78989527004996
1.74124458088702
1.68739709062624
1.62856962410265
1.56499644637041
1.49692827234301
1.42463121197644
1.34838565557199
1.2684851040252
1.18523494907634
1.09895120882517
1.00995922395552
0.91859232027594
0.825190443317216
0.730098770838247
0.633666309175691
0.536244479432113
0.438185699528974
0.339841968157566
0.241563456640327
0.143697114668899
0.0465852958126591
-0.0494355914064313
-0.144036401199774
-0.236896531434329
-0.327705162437498
-0.416162448526534
-0.501980657321261
-0.584885252137332
-0.664615913015721
-0.740927492222409
-0.81359090034707
-0.882393919442084
-0.947141939970293
-1.00765861867051
-1.06378645480296
-1.11538728260013
-1.16234267812113
-1.20455427908724
-1.24194401666159
-1.27445425852549
-1.30204786299467
-1.32470814431132
-1.34243874963749
-1.35526344866359
-1.36322583712804
-1.36638895592063
-1.36483482781024
-1.35866391419632
-1.34799449463031
-1.33296197218805
-1.31371810809404
-1.29043018930275
-1.26328013302988
-1.23246353249524
-1.19818864838866
-1.16067535079932
-1.12015401655686
-1.07686438711681
-1.03105439228588
-0.982978945219453
-0.932898714237905
-0.881078877096086
-0.827787863403879
-0.77329609093268
-0.717874701554587
-0.661794302546991
-0.605323718955113
-0.548728762640205
-0.492271023550243
-0.436206688635146
-0.380785393688828
-0.326249113237866
-0.272831093410508
-0.220754832512547
-0.17023311380759
-0.121467094751171
-0.074645456660541
-0.0299436185173151
0.0124769817010694
0.0524695350811367
0.089902436473947
0.12465978342755
0.156641797294273
0.185765164816634
0.211963298863561
0.235186517362204
0.255402139847988
0.272594501435074
0.286764884389451
0.297931367865559
0.306128596743181
0.311407470872268
0.313834756398481
0.313492621198569
0.310478096802225
0.304902469513223
0.296890603765599
0.286580201060543
0.274120998123034
0.259673908194483
0.243410109636552
0.22551008626119
0.206162624020855
0.185563768891844
0.163915750959021
0.141425879863445
0.118305416903775
0.0947684291877634
0.0710306313102364
0.0473082200893793
0.023816707923937
0.000769760337749836
-0.0216219567420972
-0.0431519144735316
-0.0636188379252825
-0.0828277969076777
-0.100591265595802
-0.116730145877358
-0.131074749524388
-0.143465734478182
-0.153754990748175
-0.16180647165783
-0.167496966421654
-0.170716810308242
-0.171370528931219
-0.169377413513117
-0.164672024285299
-0.157204619517757
-0.146941508015344
-0.133865323269496
-0.117975217815805
-0.0992869767158296
-0.0778330494546301
-0.0536624999224832
-0.0268408745277496
0.0025500111334793
0.0344123662480981
0.0686327982203816
0.105082764024664
0.143619097568499
0.184084610804877
0.226308765987778
0.270108416133056
0.315288610426867
0.36164346101893
0.408957067348189
0.457004493876583
0.505552796852393
0.554362095490638
0.603186682743736
0.651776170643881
0.699876665028467
0.747231964313749
0.793584776858789
0.838677951364119
0.882255714676276
0.924064911321131
0.96385623906729
1.00138547482361
1.0364146852044
1.06871341615027
1.09805985607261
1.1242419670949
1.14705857909374
1.16632044139576
1.18185122716421
1.19348848570828
1.20108453816998
1.20450731228515
1.20364111217759
1.19838731942563
1.18866502193795
1.17441156748998
1.15558303910027
1.13215464976801
1.10412105444642
1.07149657749048
