-1.90997696086049
-1.93952372695067
-1.96294949798644
-1.98017628749207
-1.99114895529193
-1.99583541266202
-1.99422673388123
-1.98633717374438
-1.97220409100047
-1.95188777808094
-1.92547119788242
-1.89305962876465
-1.85478021931562
-1.81078145482002
-1.76123253774307
-1.70632268490735
-1.64626034439395
-1.58127233554016
-1.51160291573134
-1.43751277799443
-1.35927798369243
-1.27718883489254
-1.19154869123373
-1.10267273635175
-1.01088669912953
-0.916525535227856
-0.819932074514655
-0.721455640149618
-0.621450645194599
-0.520275172708217
-0.418289545345066
-0.315854890515784
-0.213331707173694
-0.111078440276802
-0.0094500689307615
0.0912032858508413
0.190537727927555
0.288216921633465
0.383913390622996
0.477309774554384
0.568100038396601
0.655990629360545
0.740701576691846
0.821967529819581
0.899538730631548
0.973181915941072
1.04268114652148
1.10783855941089
1.16847504053044
1.22443081501192
1.27556595299449
1.32176078902322
1.36291625356259
1.39895411552476
1.42981713510279
1.45546912659248
1.47589493128
1.49110030086553
1.50111169228323
1.50597597516347
1.50576005356265
1.50055040395787
1.49045253186557
1.47559034979473
1.45610547958351
1.43215648249286
1.40391802073958
1.37157995444342
1.33534637823668
1.2954346020399
1.25207408074088
1.20550529772769
1.15597860741637
1.10375304208166
1.04909508844221
0.99227743957083
0.933577727794248
0.873277244315162
0.811659651332534
0.74900969245281
0.685611907176156
0.621749355206994
0.557702356277997
0.493747251091045
0.430155188868255
0.367190946871297
0.305111787088631
0.244166355108662
0.184593625993043
0.126621901739264
0.0704678646764723
0.0163356908740548
-0.0355837726396736
-0.0851137633502131
-0.132092288236678
-0.176372735402191
-0.217824409838699
-0.256332991161093
-0.291800911505824
-0.324147652157068
-0.353309957837325
-0.379241967977407
-0.401915264661373
-0.421318837323413
-0.437458964654264
-0.450359014552705
-0.46005916333133
-0.466616035753586
-0.470102267839057
-0.470605994724916
-0.46823026621147
-0.46309239294748
-0.45532322652479
-0.445066377050607
-0.432477372047872
-0.417722760798549
-0.400979168490071
-0.38243230475044
-0.36227593136174
-0.340710794124002
-0.317943524000805
-0.294185512813878
-0.269651768865744
-0.244559757956629
-0.219128235324019
-0.19357607407015
-0.16812109565417
-0.142978908011797
-0.118361756825806
-0.0944773954061583
-0.0715279785490241
-0.0497089856299829
-0.029208178048599
-0.0102045959803433
0.00713240079227151
0.0226440434031484
0.0361830114411208
0.0476142334103956
0.056815626285022
0.0636787706120345
0.0681095179169527
0.070028527478999
0.0693717298706977
0.0660907149957437
0.0601530427087089
0.0515424744587227
0.0402591247650662
0.0263195317040403
0.00975664596179393
-0.00938026161464378
-0.0310257736578063
-0.0550985804245093
-0.0815018133836541
-0.110123456816537
-0.140836835635932
-0.173501177274992
-0.207962245151302
-0.244053040876743
-0.281594572061819
-0.32039668225511
-0.360258939265963
-0.400971577842839
-0.442316492422003
-0.48406827542281
-0.525995296347648
-0.567860816747763
-0.60942413594154
-0.650441762220189
-0.690668604147874
-0.729859176459718
-0.767768814982318
-0.804154894947827
-0.838778047044375
-0.871403365543107
-0.9018016028651
-0.929750344999986
-0.955035162262051
-0.977450729968531
-0.996801913748422
-1.0129048143378
-1.02558776688875
-1.03469229001295
-1.04007397999644
-1.04160334585907
-1.03916658118823
-1.03266626895213
-1.02202201579031
-1.0071710125885
-0.98806851846848
-0.964688265661381
-0.937022783081894
-0.90508363678078
-0.868901585821596
-0.828526652503305
-0.784028106231695
-0.735494360727603
-0.683032784647115
-0.626769426076455
-0.566848651750481
-0.503432702226825
-0.436701164626056
-0.366850364920105
-0.294092682114937
-0.218655787027401
-0.140781808698836
-0.0607264318177059
0.021242071161076
0.104843869212861
0.189788658986402
0.275776803559578
0.362500518929602
0.449645103235775
0.536890203510832
0.623911114577537
0.710380104551367
0.795967761278219
0.880344353929298
0.963181203893538
1.04415205905205
1.12293446548896
1.19921113068924
1.27267127229616
1.34301194654965
1.40993935060079
1.47317009299778
1.53243242676366
1.58746743963584
1.63803019621109
1.6838908269371
1.72483555911075
1.76066768528447
1.79120846474368
1.8162979539988
1.83579576253441
1.84958173037402
1.85755652434969
1.85964215031145
1.85578237886885
1.84594308262548
1.83011248324581
1.80830130707874
1.78054284845427
1.74689294016565
1.70742983104758
1.66225397096056
1.61148770388993
1.55527487026342
1.49378031998265
1.42718933804903
1.35570698504161
1.27955735507244
1.19898275420165
1.11424280263838
1.02561346438366
0.933386008285602
0.837865904774361
0.739371662823354
0.638233611942553
0.534792634248457
0.429398851872165
0.322410275161387
0.214191417302949
0.105111881138832
-0.0044550759298445
-0.114133992960162
-0.223548666345486
-0.332323614449523
-0.440085539874213
-0.546464783248174
-0.651096762457857
-0.753623391305207
-0.853694471663398
-0.950969053315508
-1.04511675579953
-1.13581904674616
-1.22277047138264
-1.30567982808582
-1.38427128509965
-1.45828543378522
-1.52748027404451
-1.59163212785088
-1.65053647712856
-1.70400872254856
-1.75188486014901
-1.79402207304076
-1.83029923582447
-1.86061732972012
-1.88489976679383
-1.9030926220566
-1.91516477260537
-1.92110794337503
-1.92093665947038
-1.91468810544701
-1.90242189230813
-1.88421973337857
-1.8601850306066
-1.8304423732256
-1.79513695108115
-1.75443388529171
-1.70851747926172
-1.65759039340355
-1.60187274724666
-1.54160115291862
-1.47702768427078
-1.40841878619054
-1.33605412889167
-1.26022541220199
-1.18123512507348
-1.09939526572294
-1.0150260279701
-0.928454459474568
-0.840013097682463
-0.750038589377312
-0.658870299787857
-0.566848917237169
-0.474315059323217
-0.381607886600267
-0.289063729683993
-0.197014735630432
-0.105787539340905
-0.015701965621828
0.0729302326193341
0.159806594732209
0.244635126120517
0.327135420579365
0.407039726512196
0.484093952624596
0.558058608969182
0.628709679510311
0.695839422688332
0.759257096789051
0.818789607263523
0.874282073494751
0.925598312869709
0.972621240385946
1.01525318239964
1.05341610350553
1.08705174592627
1.11612168117756
1.14060727416541
1.16050956025949
1.17584903627173
1.18666536664925
1.19301700656442
1.19498074395013
1.19265116288386
1.18614003106863
1.17557561448998
1.16110192264522
1.14287788804249
1.12107648395129
1.09588378465196
1.06749797267812
1.03612829777175
1.00199399247497
0.965323149464305
0.926351565892068
0.885321560133995
0.842480766452561
0.798080913170838
0.752376590011522
0.705624010290402
0.658079773662226
0.609999635099993
0.561637285746256
0.513243151207161
0.465063212767006
0.417337856883665
0.370300758183644
0.324177801010677
0.279186044394121
0.235532735094246
0.193414373151285
0.153015834115335
0.114509551865726
0.0780547656426275
0.0437968346117737
0.0118666229665279
-0.0176200417583586
-0.044562834828625
-0.0688773229272399
-0.0904952736257535
-0.109364884457543
-0.125450930713102
-0.13873483145404
-0.149214633620935
-0.156904914488884
-0.161836603101854
-0.164056721690983
-0.163628048451225
-0.160628703413391
-0.155151659503158
-0.147304181223409
-0.137207193729705
-0.12499458538926
-0.11081244722025
-0.0948182528989393
-0.0771799832958747
-0.0580751997579261
-0.0376900705893407
-0.0162183554005121
0.0061396478121124
0.0291781878195937
0.0526871723629087
0.0764533020941894
0.100261220845599
0.123894676738339
0.147137688592753
0.169775712074736
0.191596800012868
0.212392751345679
0.231960243208599
0.250101940745477
0.266627579329662
0.281355014003942
0.294111231097054
0.304733317145544
0.313069380443412
0.318979420757411
0.322336142980987
0.323025710755366
0.320948436359471
0.316019403460848
0.308169019626043
0.297343495809634
0.283505250374462
0.266633235541018
0.246723184518713
0.223787777935088
0.197856728549113
0.168976783609606
0.137211644598201
0.102641804476225
0.0653643029346981
0.0254924005247718
-0.0168448270796009
-0.0615029730654962
-0.108322859727728
-0.157131172640684
-0.207741166073774
-0.259953436636627
-0.31355676182128
-0.368328999803915
-0.424038046580551
-0.480442846239633
-0.537294449922145
-0.594337118786797
-0.651309466085669
-0.707945633265525
-0.763976494841821
-0.819130886648477
-0.873136851945687
-0.925722899772733
-0.97661926986173
-1.02555919838343
-1.07228017877623
-1.11652521191613
-1.1580440399171
-1.19659435790911
-1.23194299822405
-1.26386708152816
-1.29215512957219
-1.31660813438723
-1.33704057893517
-1.35328140442467
-1.36517491972897
-1.37258164858689
-1.37537911053372
-1.37346253179218
-1.36674548265485
-1.35516043820629
-1.33865925956469
-1.31721359316767
-1.29081518598305
-1.25947611489209
-1.22322892886716
-1.1821267029478
-1.13624300340563
-1.08567176387885
-1.03052707264875
-0.970942871622574
-0.90707256797674
-0.839088559801196
-0.767181677466561
-0.691560542810154
-0.612450848602523
-0.530094561111668
-0.444749048925611
-0.356686141524482
-0.266191121408527
-0.173561653888056
-0.0791066589226783
0.0168548703393994
0.11399509742883
0.211978615713842
0.310463759535242
0.409103947825686
0.507549054568471
0.60544680032219
0.702444158934382
0.798188773489316
0.892330375482769
0.984522201191263
1.07442239920305
1.1616954231054
1.24601340337533
1.32705749260007
1.40451917825817
1.47810155742202
1.54752056789703
1.61250617049177
1.67280347731456
1.72817382121699
1.77839576175011
1.82326602326535
1.8626003610774
1.8962343519097
1.92402410516312
1.94584689188346
1.96160168865276
1.97120963399044
1.97461439522254
1.97178244415838
1.9627032403026
1.94738932072485
1.92587629610769
1.89822275289402
1.86451006185638
1.82484209381035
1.77934484359157
1.72816596380758
1.67147421026214
1.60945880132692
1.54232869390374
1.47031177897694
1.39365400009939
1.31261839848452
1.22748408869064
1.13854516917952
1.04610957230923
0.950497858578821
0.852041960179713
0.751083879123639
0.647974345409449
0.543071440859628
0.436739194401569
0.329346154688177
0.221263946045506
0.112865813803488
0.00452516510681222
-0.103385888681636
-0.21049798188382
-0.316445930652888
-0.420870149363743
-0.523418041338426
-0.623745358112937
-0.721517521592024
-0.816410903603848
-0.908114057554905
-0.996328897096789
-1.08077181695006
-1.16117475128426
-1.23728616532741
-1.30887197617035
-1.37571639904126
-1.4376227156511
-1.49441396155066
-1.54593352979272
-1.59204568855746
-1.6326360107726
-1.66761171414277
-1.69690191039052
-1.72045776290506
-1.73825255239123
-1.75028165050852
-1.75656240188747
-1.7571339153054
-1.7520567651946
-1.74141260504119
-1.72530369461107
-1.70385234330805
-1.67720027232772
-1.64550789861669
-1.60895354397927
-1.56773257299087
-1.52205646367822
-1.4721518152095
-1.41825929710099
-1.36063254469093
-1.29953700585336
-1.2352487441249
-1.1680532035948
-1.0982439410613
-1.02612133108689
-0.951991249687936
-0.876163742473396
-0.798951683098903
-0.720669427930007
-0.641631472808088
-0.562151117787564
-0.482539145661062
-0.403102520012693
-0.324143108436889
-0.245956436433353
-0.168830477337556
-0.0930444834711447
-0.0188678634996395
0.053440889234778
0.123635212877181
0.191481433452256
0.256759657494756
0.31926459722321
0.378806324873277
0.435210953133081
0.488321238961428
0.537997108420498
0.584116100514672
0.626573728395788
0.665283756670576
0.700178393926045
0.731208399972294
0.758343107687359
0.781570359733503
0.800896360797549
0.816345446387363
0.827959769590628
0.835798907569489
0.839939389923204
0.840474151399281
0.837511911770681
0.831176486019658
0.821606028278047
0.808952213266399
0.793379359249751
0.775063496784913
0.75419138777102
0.730959499531913
0.705572938853235
0.678244351069761
0.649192789446928
0.61864256022588
0.586822048801328
0.55396253257759
0.520296986097684
0.486058884065951
0.451481007883293
0.416794261288166
0.382226500644652
0.348001385342265
0.314337253670367
0.281446029404339
0.249532164191039
0.218791620648197
0.189410900898018
0.161566125038425
0.135422163819318
0.11113182953505
0.0888351288704953
0.0686585811471221
0.0507146051092416
0.035100977069868
0.0219003629025506
0.0111799260209356
0.0029910131338311
-0.00263108079858398
-0.00566726735029921
-0.00611473847282118
-0.00398695908867663
0.000686421495011302
0.00785973890577807
0.0174715629356406
0.0294450254879794
0.0436882256819886
0.0600947101965974
0.0785440265855906
0.0989023469561733
0.121023159075191
0.144748021652959
0.169907380254848
0.196321440007157
0.223801090997897
0.252148882025272
0.281160038119223
0.310623517054094
0.340323099885584
0.370038510382098
0.399546558081722
0.42862229959006
0.457040212644052
0.484575377400087
0.511004659364579
0.536107888369577
0.559669028006202
0.581477329964238
0.601328467787442
0.619025644639852
0.634380669789255
0.647214998649158
0.657360731378471
0.664661565220597
0.668973695966269
0.670166664149888
0.668124141834102
0.662744656101239
0.653942245652684
0.641647047216141
0.625805808774528
0.60638232695904
0.583357806289298
0.55673113829506
0.526519098915555
0.492756462940968
0.455496034635963
0.414808594064565
0.370782759018111
0.323524762831358
0.273158148754566
0.219823381929794
0.163677380395852
0.104892966916985
0.0436582437933032
-0.0198241068348481
-0.0853375943332187
-0.152652759384081
-0.221528078756718
-0.29171093123182
-0.36293862058763
-0.434939451288019
-0.507433852263423
-0.580135543947166
-0.652752743521757
-0.724989403144719
-0.796546475760733
-0.867123202968628
-0.936418419297119
-1.00413186715429
-1.06996551665152
-1.13362488446467
-1.19482034588269
-1.25326843420764
-1.30869312170957
-1.360827076405
-1.40941288901897
-1.45420426460605
-1.49496717344721
-1.53148095600363
-1.56353937689707
-1.59095162309713
-1.61354324172809
-1.63115701316133
-1.64365375533167
-1.65091305550746
-1.65283392605203
-1.64933538103832
-1.64035693091679
-1.62585899278769
-1.60582321419169
-1.58025270870488
-1.54917220200457
-1.51262808745955
-1.47068839068963
-1.42344264293433
-1.37100166346653
-1.31349725168222
-1.25108178989112
-1.18392775822228
-1.11222716344261
-1.03619088386277
-0.956047932872438
-0.872044644003772
-0.784443780766796
-0.693523574831257
-0.599576696445416
-0.502909161281638
-0.403839178179749
-0.302695942521689
-0.199818380212537
-0.0955538474639186
0.00974320822646157
0.115712620330083
0.221989903058088
0.328207672800992
0.433997085290783
0.538989282463555
0.642816842951598
0.745115230111132
0.845524231495522
0.943689383714112
1.03926337667258
1.13190743127405
1.22129264476743
1.30710129806351
1.38902811949721
1.4667814996964
1.54008465242291
1.60867671647957
1.67231379402503
1.73076992090842
1.78383796492329
1.83133044818697
1.87308029017373
1.908941468268
1.93878959305509
1.96252239593022
1.98006012698064
1.9913458614781
1.9963457137092
1.99504895726623
1.98746805132033
1.97363857280027
1.95361905480104
1.92749073194715
1.89535719383146
1.85734394804279
1.81359789468033
1.76428671462967
1.70959817424209
1.64973934941373
1.58493577240364
1.51543050505657
1.44148314240823
1.36336875094418
1.28137674605922
1.19580971351897
1.10698217996018
1.01521933767839
0.920855729140904
0.824233896829183
0.725703004155359
0.625617433314384
0.524335366023569
0.42221735316625
0.319624879394473
0.216918928758431
0.114458557415404
0.0125994794310579
-0.0883073283808809
-0.187916996726864
-0.285892103473967
-0.381903977068818
-0.475633958308786
-0.566774615228835
-0.655030906080495
-0.740121285613617
-0.821778750126783
-0.899751817026435
-0.973805434927332
-1.04372182063691
-1.10930121969057
-1.17036258744447
-1.22674418808413
-1.2783041092696
-1.32492069051037
-1.36649286374321
-1.40294040497168
-1.43420409621702
-1.46024579742275
-1.4810484283495
-1.49661586088942
-1.50697272262068
-1.51216411280796
-1.5122552324362
-1.50733093023654
-1.49749516702752
-1.48287040104647
-1.46359689728669
-1.43983196418147
-1.41174912128725
-1.37953720191208
-1.34339939491161
-1.30355223013165
-1.26022451221305
-1.21365620768962
-1.16409729050293
-1.11180655122772
-1.05705037544724
-1.00010149684022
-0.941237730636777
-0.880740693172799
-0.818894513317131
-0.75598454156639
-0.692296062595547
-0.62811301702107
-0.563716738075413
-0.499384708809157
-0.435389345328894
-0.371996811447
-0.309465869962994
-0.248046775617194
-0.18798021455579
-0.129496294923494
-0.0728135929570188
-0.0181382586898117
0.0343368149015165
0.0844327557761442
0.131985406512915
0.176845944905237
0.218881428912148
0.257975263760978
0.29402758935613
0.326955586515937
0.356693700932969
0.383193784130647
0.406425151069746
0.426374554439825
0.443046076051356
0.456460936122865
0.466657221631567
0.473689535264603
0.477628566868902
0.478560589649894
0.476586883710448
0.471823089850816
0.464398496865609
0.454455265874731
0.442147595508826
0.427640832036725
0.411110528769192
0.392741459301729
0.372726589365264
0.351266012238009
0.328565852834532
0.304837145725937
0.280294692459689
0.255155903637524
0.229639631275136
0.203964997006304
0.178350221709209
0.153011462120866
0.128161659969358
0.104009409091559
0.0807578459173733
0.0586035685898427
0.0377355898554977
0.0183343287003599
0.000570645525163282
-0.0153950745495568
-0.0294137858825068
-0.0413485898931025
-0.0510754821669208
-0.0584840355070511
-0.063478015651025
-0.065975926684822
-0.0659114835113918
-0.0632340090690995
-0.0579087543441908
-0.0499171395788139
-0.0392569154414818
-0.0259422432974648
-0.0100036940917331
0.00851183426564928
0.0295412807436641
0.0530056656189573
0.0788104144694822
0.106845760343867
0.136987222353174
0.169096158575745
0.203020390818862
0.238594898445289
0.275642578148976
0.313975066254987
0.353393619824225
0.393690052566156
0.434647721302701
0.476042558486385
0.517644146054866
0.559216825705242
0.600520840494105
0.64131350251555
0.681350381278326
0.720386507297561
0.758177585334628
0.794481211662703
0.829058089704136
0.861673238380873
0.892097187539008
0.920107154854785
0.945488198699894
0.968034341540847
0.987549658567807
1.00384932639304
1.01676062682846
1.02612390094236
1.03179344880933
1.03363837060143
1.03154334492306
1.02540934056533
1.01515425814665
1.00071349841334
0.982040454296477
0.959106924157442
0.931903444002152
0.900439536802908
0.864743877434409
0.824864372105429
0.780868151548045
0.732841477611377
0.680889563293536
0.625136306632747
0.56572393926536
0.502812590841673
