-1.13672449171578
-1.30052228195202
-1.44938388627124
-1.57797043836694
-1.68148627667397
-1.75583860089025
-1.79777463467095
-1.80499178848355
-1.7762171985977
-1.7112540189301
-1.61099292920563
-1.47738846005032
-1.3134008859663
-1.12290556298752
-0.910572652314482
-0.681721139520789
-0.442151899308961
-0.197965240751155
0.0446311249446448
0.279517439453637
0.500854212491228
0.703265234725836
0.882005331266097
1.03310739867992
1.15350394719825
1.24111920477968
1.29492880371554
1.31498513186808
1.30240755469534
1.25933786411527
1.18886244833944
1.0949037657965
0.982084710503928
0.855570342851648
0.720892199698949
0.583760966731619
0.449873675547924
0.324721765518594
0.213406320288877
0.120466551856739
0.0497271692388505
0.00416964811073917
-0.0141683671850108
-0.00426222150992051
0.033864309042531
0.0991384600761857
0.189472830957419
0.301833524441799
0.432339843251126
0.576392277002318
0.728824583891447
0.884074979963412
1.03637082058569
1.17992071447817
1.30910776489111
1.41867759332861
1.50391496987943
1.56080324522716
1.58616134062487
1.57775378516669
1.5343701705686
1.45587139354491
1.34320114199371
1.19836221802281
1.0243584411299
0.825104000932903
0.605303193851732
0.370304447198851
0.125933375507455
-0.121689699937427
-0.366341828967901
-0.60189285432742
-0.822497814476828
-1.02278006328309
-1.19799914623413
-1.34419797163599
-1.45832449276813
-1.53832395101055
-1.58319869320362
-1.59303363741216
-1.56898658510088
-1.51324372768739
-1.42894183386505
-1.32005969370476
-1.19128240067323
-1.04784294043465
-0.895346296567998
-0.739581853864888
-0.586330260997127
-0.44117109358617
-0.309297630208253
-0.195344818572592
-0.103236074731892
-0.0360539389615929
0.00406117183273846
0.0159807979717815
-0.000375428788371934
-0.0440385304486296
-0.113023842337416
-0.204398476139615
-0.314380365989339
-0.438465640524378
-0.571580133823663
-0.708250055370275
-0.842786209575735
-0.969475709595753
-1.08277488277242
-1.17749702416478
-1.24898882162455
-1.29328964527635
-1.30726845397945
-1.28873380305857
-1.23651331733409
-1.15049999245336
-1.03166377300977
-0.882027992391205
-0.704611409506301
-0.503337703829789
-0.282915355701597
-0.048691808614433
0.193513347430002
0.437590745112321
0.677333225399453
0.906631187924318
1.11966494358624
1.31108780411914
1.47619394571392
1.61106558126092
1.71269465210984
1.77907508328554
1.80926260856963
1.80340023224921
1.76270851792088
1.68944104473385
1.58680651020338
1.45886004894184
1.31036734264174
1.14664598546796
0.973389311574808
0.796478463449097
0.621788862471135
0.454997423958518
0.301396832100183
0.165722956491355
0.0520010591076906
-0.0365841773021304
-0.097790551026792
-0.130388846727113
-0.134199648219877
-0.110095268378257
-0.0599667504752514
0.0133429586266482
0.106137453085652
0.213993682673004
0.331912958538601
0.454491177321819
0.576102659743674
0.691091552438868
0.793964492724626
0.879578193420955
0.943315770133908
0.981246001180709
0.990260268532917
0.968182658503413
0.913849579487839
0.827156252119793
0.709068512025723
0.561599501442172
0.387751976077779
0.191428080096786
-0.0226904919244262
-0.249288056675522
-0.482581494713966
-0.716502372806016
-0.944888703746551
-1.16168009446249
-1.36110992079525
-1.53788826316339
-1.68736963819465
-1.80570005754253
-1.88993862022379
-1.93814967682989
-1.94946256563568
-1.92409698046841
-1.86335315350744
-1.76956718618212
-1.64603300036951
-1.49689347287042
-1.32700432295124
-1.14177521261497
-0.946993263077
-0.748634764319483
-0.552671238814087
-0.364876202965567
-0.190638944571192
-0.034791402453761
0.0985461969806136
0.206095908043586
0.285524582170471
0.335514996463771
0.355803288352878
0.347181495713373
0.311465146363503
0.251426987146119
0.170699053262203
0.0736463167729334
-0.0347839147787206
-0.14923188338878
-0.264108950527064
-0.373788804284575
-0.472800005281574
-0.556013528573679
-0.618819122373432
-0.657284670521914
-0.668293302307483
-0.649653722206335
-0.600180109537318
-0.51973893514294
-0.409261126372448
-0.2707191473404
-0.107069711467504
0.0778360299891483
0.27937191324683
0.492281919687799
0.710846340164463
0.929063530495096
1.14084133030779
1.34019189900094
1.52142360866566
1.67932372809762
1.80932593143512
1.90765715970125
1.97145903740597
1.99887987732192
1.98913426737932
1.942528292876
1.86044957018629
1.74532241811139
1.60052963229166
1.43030341939936
1.23958905541634
1.0338857231898
0.819069729481885
0.601205876497884
0.3863531485786
0.180371058753055
-0.0112670238479198
-0.183647475333906
-0.3325712867468
-0.454685156942287
-0.547584543859347
-0.609885329281623
-0.641261781513604
-0.642449605409844
-0.615214013711869
-0.562283900176332
-0.487254305966268
-0.394460409835091
-0.288827205728912
-0.175699828004296
-0.0606601184165981
0.0506645203839372
0.152793687663526
0.240581620490484
0.309393721321589
0.355266160378237
0.375043291029073
0.366488344003488
0.328363742514299
0.260478376565712
0.163700258232406
0.039934115025728
-0.107935371575986
-0.27613284843316
-0.460111192917668
-0.654696161919563
-0.85425206934131
-1.05286308286329
-1.24452421697374
-1.42333577938349
-1.58369491247455
-1.72047796415699
-1.82920772040169
-1.9062000250344
-1.94868498497287
-1.95489878894583
-1.92414312768527
-1.85681026220162
-1.75437290937745
-1.61933926399185
-1.45517461576797
-1.26619211181044
-1.05741622312228
-0.834423365749583
-0.603164873295373
-0.369778093645058
-0.14039176989285
0.0790679490176069
0.283064544594542
0.466625117826029
0.625495665297456
0.756272590747139
0.856506179688277
0.9247726837736
0.960712690291821
0.965034556869579
0.939482835926907
0.886772760215429
0.81049297229749
0.714979720698794
0.605166679630245
0.486415347034668
0.364331611141895
0.244574527904258
0.132663605827765
0.0337909424927016
-0.0473556030877721
-0.106752380942205
-0.141177795724167
-0.148323485932097
-0.126875170400948
-0.0765604909952297
0.00183773669000298
0.106503317828031
0.234642821353047
0.38257424756808
0.54584532898431
0.719377600141344
0.8976315258019
1.07478728479871
1.24493529161411
1.40227021637686
1.54128214690461
1.6569386275473
1.74485160592411
1.80142381049966
1.82396975321637
1.81080738011582
1.7613173519109
1.67596799441564
1.55630508096072
1.40490675867682
1.2253050701691
1.02187661431852
0.799705898966939
0.56442583103558
0.322040536956043
0.0787362836930087
-0.159313340798479
-0.386141641829909
-0.596176101766619
-0.784412635825337
-0.946571149560601
-1.07922734046128
-1.17991646429428
-1.24720570503445
-1.2807328153356
-1.2812097988573
-1.2503915501979
-1.19101051521824
-1.10667954660852
-1.00176617023661
-0.881242413040379
-0.750515142364394
-0.615242503527963
-0.481142496192511
-0.35379998591823
-0.238478496791396
-0.139942972551476
-0.0622993324493881
-0.00885609596220094
0.0179873744325575
0.016822337208066
-0.0127208383298331
-0.0699587547501175
-0.153176105640487
-0.259681145134521
-0.385893694312366
-0.527462802888015
-0.679410210889536
-0.836294907602277
-0.992393391645179
-1.14188971940542
-1.27906910609901
-1.39850872504207
-1.4952594402062
-1.56501250187094
-1.60424572553439
-1.61034434414931
-1.58169255128554
-1.51773271088728
-1.41899026652668
-1.28706350483498
-1.12457847738895
-0.935110525098261
-0.723074941758404
-0.493590323123809
-0.252319041554673
-0.00529003473232758
0.241290324385579
0.481233119237769
0.708561197351476
0.917696567625722
1.10363478698547
1.26210066201496
1.38968020268242
1.48392454242167
1.54342245619135
1.56783913564691
1.55791998458851
1.5154593422355
1.44323518915216
1.34491200324206
1.22491497470771
1.08827972513778
0.940482476278736
0.787256252368375
0.634399155257268
0.487581009016919
0.352154721909156
0.232978556801417
0.134255141505008
0.0593924998727777
0.0108916608665954
-0.00973547009906617
-0.00201528681314689
0.0334729040921581
0.0951173061352746
0.180328417306149
0.285626372628517
0.406757973189991
0.538839555280747
0.676521004726524
0.814165526777499
0.94603926378414
1.06650452833314
1.17021029916835
1.25227371503498
1.30844659469026
1.33526150013155
1.33015252859851
1.29154684522468
1.2189239252883
1.11284053150231
0.974920573094931
0.80781014284352
0.615099168096783
0.401212204823784
0.171271914068528
-0.0690603452219297
-0.313761623488025
-0.55663642451576
-0.791511531261115
-1.01243026879834
-1.21383987734393
-1.39076589305857
-1.53896785878214
-1.65507129711278
-1.73667165432193
-1.78240684009012
-1.7919960149449
-1.76624338095839
-1.7070068755793
-1.61713281596372
-1.50035865425904
-1.36118704654057
-1.20473537537566
-1.03656566761037
-0.862500488694458
-0.688430851741411
-0.52012243860904
-0.363026483108276
-0.222101511284386
-0.101651775657505
-0.00518767109806528
0.0646873023575513
0.106359336304042
0.119254169711932
0.103852384137042
0.0616696530728174
-0.00479738988952849
-0.0921578712892351
-0.196243124272696
-0.312249023678191
-0.434899522377712
-0.558626005442108
-0.677756559046289
-0.786708924838508
-0.880180788454364
-0.953331136962052
-1.00194671146923
-1.0225880683593
-1.01271042970706
-0.970755328503094
-0.896210010375941
-0.789632609230249
-0.652642235044396
-0.487874261284091
-0.29890223935286
-0.0901289608798585
0.133349800370268
0.365904439703693
0.601548387920197
0.83412693383957
1.0575118510727
1.26579548576409
1.45347797822745
1.61564151467495
1.74810592829846
1.84756057794926
1.91166820764701
1.93913740575335
1.92976130889601
1.88442129902301
1.80505558618084
1.69459371728141
1.55685916467453
1.39644319131516
1.2185541275635
1.02884699746062
0.833239073404721
0.637717396525709
0.448144560719959
0.270069112735846
0.108546767121685
-0.0320217216971753
-0.148030735769172
-0.23678344510475
-0.296575231861921
-0.326744176809591
-0.327686978340268
-0.300839808263575
-0.248624758695254
-0.174363662888706
-0.0821621428708065
0.0232322868092474
0.136593379015574
0.25239519997491
0.36500116237341
0.468856818885665
0.558680065657924
0.62964248964897
0.677535883493037
0.698918437204686
0.6912357816874
0.652912882838111
0.583413740075515
0.483266898081721
0.354055900882433
0.198374966404136
0.0197512997052518
-0.177463443162245
-0.38822901706805
-0.606975355528714
-0.827779072525885
-1.04455194420331
-1.25123522206614
-1.44199343639808
-1.61140136328416
-1.75461805040582
-1.8675422184106
-1.94694396234703
-1.99056845150941
-1.99720824071892
-1.96674183163422
-1.90013722555814
-1.79942035327824
-1.66760941529117
-1.50861727973204
-1.32712512898978
-1.12843148516735
-0.918281548494506
-0.702682425201011
-0.487710281182191
-0.279315719986846
-0.0831337396517141
0.0956955291250652
0.252689456051123
0.384163614599809
0.487345974684216
0.56046087354374
0.602780045032065
0.614639067725799
0.597418726060377
0.553491928905514
0.486137958942894
0.399426896925147
0.298078042308125
0.187297003844783
0.0725968325983783
-0.0403909074117086
-0.14610890620028
-0.239264362221296
-0.31501045661304
-0.369113067784848
-0.398097230914663
-0.399368511130126
-0.371305281727707
-0.313318852800871
-0.225879449849824
-0.110507161799659
0.0302718733196743
0.193002636612334
0.373409247897692
0.566530321750197
0.766877247820266
0.968610230373567
1.16572633817547
1.35225342024206
1.52244354854571
1.67095966187803
1.79304930531948
1.88469977993828
1.94276962369414
1.96509211720396
1.95054742174624
1.89910098172126
1.8118069261949
1.69077634803917
1.5391114870927
1.36080795811242
1.16062820859183
0.943950331586321
0.71659716373772
0.484651242368714
0.254261656754229
0.031449092370574
-0.178084575550451
-0.369135933356304
-0.537163073020151
-0.678426721873952
-0.790104869816001
-0.870377174710144
-0.918476417276905
-0.934705356567119
-0.920418470741335
-0.877969218222421
-0.810624583670202
-0.722449744655693
-0.61816667330067
-0.502991340451128
-0.382454890230047
-0.262214677129468
-0.147861388988616
-0.0447286064193765
0.042288931678679
0.108902373269508
0.151575608245125
0.167647095427125
0.155422644877458
0.114236091905074
0.0444758526145266
-0.0524235297618386
-0.174024589844399
-0.316963498196425
-0.477057479738305
-0.649439586693146
-0.828716422026638
-1.00914365528912
-1.18481358761112
-1.34984862551767
-1.49859432722983
-1.62580569664142
-1.72682061883073
-1.79771474963981
-1.835432776826
-1.83789174176097
-1.80405302336422
-1.73396061003162
-1.62874438722377
-1.49058831203763
-1.32266449405063
-1.12903531641242
-0.914526776067414
-0.684577162907673
-0.445066003772885
-0.202128842138455
0.0380361130520382
0.269363170792101
0.486109816008197
0.683036633532302
0.855570641647314
0.999946722650909
1.11332255555804
1.19386332405798
1.24079346272767
1.2544137838634
1.23608346077531
1.18816749387583
1.11395141570521
1.01752606317697
0.903646224683365
0.777567824205124
0.644869006242026
0.511261011244578
0.382395064067165
0.263671626886361
0.160058288818181
0.0759222797277133
0.0148831147879471
-0.0203097850295872
-0.0278704714908569
-0.00703777365986791
0.0418974917714381
0.117600305671832
0.217733979936332
0.339036051520116
0.477425054290223
0.628134672201069
0.785870878066809
0.944986906942341
1.09967032658079
1.24413606883093
1.37281908823557
1.48056032397627
1.56277985836637
1.61563158222358
1.63613428100651
1.62227482581556
1.57308006502547
1.48865503558197
1.37018621435668
1.21990967334857
1.04104515050706
0.837698162942331
0.614733334768202
0.37762305356214
0.132276376582408
-0.115146245972597
-0.358426399404713
-0.591482986788003
-0.808563006687929
-1.00442161550316
-1.17448561440481
-1.31499504340379
-1.42311828161669
-1.49703691986343
-1.53599766091801
-1.54032958165793
-1.51142622468373
-1.45169313759821
-1.36446260836546
-1.25387841800456
-1.12475441218189
-0.982411548951836
-0.832498782941096
-0.680803673660302
-0.533058940095803
-0.394751314337684
-0.270938969470944
-0.166083513844007
-0.0839020644142862
-0.0272442518664522
0.00200180876891498
0.0029714993678599
-0.0241483987210471
-0.0781267927800027
-0.156730121042007
-0.25679757210358
-0.374347208765521
-0.504709509118827
-0.642683937432448
-0.782713400892251
-0.919070860271653
-1.04605196244997
-1.1581673634509
-1.25032841888225
-1.31802013406242
-1.35745568166884
-1.36570739684034
-1.34080992859439
-1.28183213700665
-1.18891534802739
-1.06327667859739
-0.907177287827755
-0.72385655799134
-0.517434324342557
-0.292784318816836
-0.0553829352005796
0.188861768455934
0.433795267059007
0.673209936879052
0.901040298647949
1.11155377684917
1.29953076278783
1.46042811841808
1.59052079915706
1.68701698931384
1.74814300987757
1.77319524688617
1.76255742706644
1.71768270058659
1.64104114148845
1.53603440699137
1.40688037036253
1.25847152328084
1.09621180045753
0.92583718366376
0.753225971196153
0.584204934872253
0.424357718897612
0.2788417590604
0.152219719186337
0.0483109638580543
-0.0299320722706757
-0.0805185760675413
-0.102482016121596
-0.0959087306830718
-0.0619315206981917
-0.00268847367234037
0.0787516149898985
0.178494760443048
0.291954768602072
0.414009298707081
0.539173871082519
0.661788093492462
0.776207977736977
0.876998017214247
0.959116702676616
1.01808936712932
1.0501626647631
1.05243558942404
1.02296270574132
0.960826175516507
0.866174183545434
0.74022446723945
0.585232797206575
0.404427403917361
0.201911461119334
-0.0174632167586414
-0.248247162632509
-0.484564020438077
-0.720295526112768
-0.949274680868219
-1.16548082223772
-1.36323023488935
-1.53735608779385
-1.68337183229727
-1.79761273558235
-1.87735093823568
-1.92088028978598
-1.92756820381553
-1.89787285223501
-1.83332515125398
-1.73647614238215
-1.61081150277981
-1.46063599341161
-1.29093163557545
-1.10719426432684
-0.91525381300898
-0.721084213430306
-0.530609133846678
-0.349509910759383
-0.183041956257281
-0.0358656426596914
0.0881028102691487
0.18581557764272
0.255188550158454
0.295164631368382
0.305742960527202
0.287973127936123
0.243914598057792
0.176562696870322
0.0897436165729404
-0.012018093069092
-0.123655175035463
-0.239731326211624
-0.3546271476782
-0.462732259031102
-0.558637249016099
-0.637319139536743
-0.694314252111978
-0.725872778176595
-0.729089953730512
-0.70200950513445
-0.643695941217756
-0.554273287563836
-0.4349289584356
-0.28788260428537
-0.116320920738782
0.0756994792471468
0.283377981226142
0.501320580134776
0.723710282991018
0.944491750433036
1.1575641560696
1.35697597164636
1.53711532102302
1.69288968904439
1.81988911789258
1.91452756209478
1.97415778639599
1.99715605485249
1.98297384646365
1.93215491012869
1.84631710441016
1.72809961842549
1.58107730148987
1.4096449038594
1.21887501388608
1.01435433591433
0.802003660198864
0.587887407865632
0.378018973064662
0.178168219881232
-0.00632258114631079
-0.170708370515705
-0.310990939947562
-0.424043720086023
-0.507707656204139
-0.560855060910523
-0.583419383116795
-0.57638995014307
-0.541771888203362
-0.482512568008367
-0.402397019460908
-0.305915776460264
-0.198109516363742
-0.0843956190825066
0.0296176367908061
0.138323118417795
0.236306796977708
0.318533296061772
0.380518916807703
0.418486437069441
0.42949657952992
0.411551808626931
0.363669023421066
0.285918733368657
0.179429402969718
0.046356793439578
-0.11018072250792
-0.286198780582208
-0.476972439666613
-0.677186306552502
-0.881104474523982
-1.08275472863025
-1.27612100104491
-1.4553377874472
-1.61488016880423
-1.74974322447518
-1.85560496757321
-1.92896747072082
-1.96727156213527
-1.96898133508248
-1.93363569988582
-1.86186528458185
-1.7553741227225
-1.61688671765583
-1.45006220419437
-1.25937840385422
-1.04998955361216
-0.827562348174005
-0.598095643917949
-0.367729705787839
-0.142551219012937
0.0715995755257768
0.269313334650914
0.445781644319025
0.596947092180025
0.719628499218834
0.811617243072923
0.871741553320217
0.899896708747779
0.897040183963277
0.8651519410997
0.807161204178848
0.72684215154246
0.628681979678232
0.517725696421039
0.399402763274684
0.279341300525722
0.163175975462371
0.0563559000515066
-0.0360411368774078
-0.109481986494443
-0.160133298493766
-0.184993410017277
-0.181996617363733
-0.150086389030104
-0.0892550976205988
-0.000548946592662136
0.113962090291854
0.251248350986892
0.407416506422482
0.577834390487554
0.757280562393622
0.940113712703168
1.12045637199749
1.29238691028877
1.45013354128437
1.5882639774687
1.70186452192649
1.78670272631441
1.83936828016027
1.85738750719289
1.83930770642211
1.78474856097771
1.69441891401748
1.57009834309114
1.4145841151305
