1.29468747903942
1.43045167129143
1.54500369161733
1.63373519048132
1.69277336419758
1.71911208640735
1.71071512548017
1.66658804624921
1.58681641809906
1.4725690530162
1.32606614071793
1.15051329595188
0.950003647917079
0.729391146992308
0.494139205343605
0.250149594693924
0.00357717015993719
-0.23936354754717
-0.472593633270491
-0.690360503740768
-0.887417939120383
-1.05918952119011
-1.20191017272224
-1.31274119961371
-1.38985510481863
-1.43248743261308
-1.44095398084226
-1.416632852201
-1.36191196616976
-1.28010378328979
-1.17533006600941
-1.05238048024732
-0.916549697011555
-0.773458355883679
-0.628863778927525
-0.488466657367616
-0.357720063280276
-0.241647060305736
-0.144672903593233
-0.0704773391376908
-0.0218718520877524
-0.00070589414546196
-0.00780516868581926
-0.0429439998724189
-0.104852693309244
-0.191259647298567
-0.29896683319477
-0.423956168019277
-0.561523288316123
-0.706434334406846
-0.853100598227713
-0.995765300570895
-1.1286963640508
-1.24637884957097
-1.34370073298852
-1.41612591477815
-1.45984877171904
-1.47192516234092
-1.45037556734075
-1.39425695722379
-1.30370100220392
-1.17991734042631
-1.02516176379792
-0.842670328692149
-0.636561513939882
-0.41170959431308
-0.17359333990138
0.0718750404783123
0.318535146866428
0.560171797024233
0.790710299428965
1.00440723189121
1.19603051400385
1.36102291162844
1.49564365343927
1.59708355543731
1.66354991587268
1.69431843180261
1.68975046718288
1.65127513562494
1.58133681163956
1.48330981465439
1.36138308332025
1.22041863847011
1.06578848945002
0.90319534236708
0.738482997054043
0.577442654942507
0.425621491594201
0.288139771062709
0.169522497066154
0.0735511173970683
0.00314013876269803
-0.039757309061258
-0.0542118714569251
-0.0403462929640622
0.000671251184273469
0.0666685858279717
0.154544357976157
0.260373783414472
0.379541836019567
0.506899497105055
0.636937924878138
0.763974815276327
0.882346824372005
0.986601722322561
1.07168395606953
1.13310751242271
1.16711038778735
1.17078557203149
1.14218422216046
1.0803876114128
0.98554546131927
0.858879364708365
0.702651150560553
0.520097189579497
0.315330754766417
0.0932155976233064
-0.140785156396987
-0.380779880815125
-0.620633529006194
-0.854160896527236
-1.07532176950531
-1.27841160084934
-1.45824150128734
-1.61030168080611
-1.73090301657449
-1.81729213816712
-1.86773628647367
-1.88157519073906
-1.85923828638044
-1.80222672926594
-1.71306081291866
-1.59519452594816
-1.45290006088622
-1.29112606735272
-1.11533429996036
-0.931320016510115
-0.745022011750355
-0.562328508934257
-0.388885264586576
-0.229912166933055
-0.0900343278181954
0.0268668091575147
0.11777747947651
0.180646679914783
0.214449224219816
0.219214725437393
0.196021576108194
0.146956145921547
0.0750385574889608
-0.0158825026953074
-0.121262465221188
-0.236016675816252
-0.354694177098051
-0.47166375034964
-0.58130609095049
-0.678205789193135
-0.75733679372061
-0.814235247554931
-0.845153999688478
-0.847193694954452
-0.818406111739688
-0.757866325939175
-0.665711300612174
-0.543143600644315
-0.392400074326539
-0.216686491707792
-0.0200802452651837
0.192595734679471
0.415923753574335
0.644061909273858
0.870928876432027
1.0903968959351
1.29648667632074
1.48355784977414
1.64648876902842
1.78083977862919
1.88299463318929
1.95027544881267
1.98102743844504
1.9746706692084
1.93171715747268
1.85375275022499
1.74338439212765
1.60415450882868
1.44042531156971
1.25723681074503
1.06014318463425
0.855032855950435
0.647938159991812
0.444840826673903
0.251479633474257
0.0731665129423215
-0.0853828806760324
-0.22019861682342
-0.32818107380796
-0.407196607681692
-0.456141197588321
-0.474970010854716
-0.464691948842843
-0.427329382943124
-0.365844431460334
-0.284034225133456
-0.186398625708058
-0.0779847650437207
0.0357864678908917
0.149306272995661
0.256969994528634
0.353369059037225
0.433476472429405
0.492819763909762
0.527635675875722
0.535001497111923
0.512938702139525
0.460485467299283
0.377735654340899
0.26584295154028
0.126990004665809
-0.0356764819519999
-0.218142578026984
-0.415652749935763
-0.622860185073679
-0.83399691884159
-1.04305821466542
-1.24399517861252
-1.4309093183489
-1.59824269028946
-1.74095742099947
-1.85469873456043
-1.93593615540855
-1.98207826848649
-1.99155728210016
-1.96388062537183
-1.89964788933104
-1.80053255321948
-1.66922908842582
-1.50936716393053
-1.32539575218541
-1.12244091777891
-0.906141930850017
-0.682471054867503
-0.457542890921791
-0.23741950065241
-0.0279176662297601
0.165575426029625
0.338272069448362
0.486133953495914
0.605997233762577
0.69566869122734
0.753989864693124
0.780867090215765
0.77726649882257
0.745174172200101
0.687522797715929
0.608087261731622
0.511352637716539
0.402358929856144
0.286527694053241
0.169476251514974
0.0568256160733452
-0.0459915382902243
-0.133916545279026
-0.202437934353737
-0.247746433667567
-0.26686667923324
-0.257761285890265
-0.219403842259286
-0.151818411209447
-0.056084216033831
0.0656946654624654
0.210453628816595
0.374263806292409
0.552457131356215
0.739776124351754
0.930543507576128
1.11884610619992
1.2987270212199
1.46437978729204
1.61033816083133
1.73165532439978
1.82406663754454
1.88413060062987
1.90934340927815
1.89822333951655
1.85036218938244
1.76644207930222
1.64821704577765
1.49846001371943
1.3208768644816
1.11999039221696
0.900997925376532
0.669607250792112
0.431856186631278
0.193921684392796
-0.0380753184613312
-0.258262935837541
-0.461202971235353
-0.642061143946737
-0.796757363238727
-0.922091164736606
-1.01583823728669
-1.07681491582829
-1.10490856521954
-1.10107289717095
-1.06728841085396
-1.00648928975918
-0.922459185579393
-0.819699338320836
-0.703273387152128
-0.578633989035745
-0.45143695698415
-0.327349037364912
-0.211855652703928
-0.110074936128248
-0.0265841759664496
0.0347356191075737
0.0708319192692153
0.0795852848567253
0.0598829431211988
0.01165890223934
-0.0641007274698469
-0.165387393435805
-0.289233782169013
-0.431809445770099
-0.588545248708084
-0.754282563629141
-0.923442331942084
-1.09020845186364
-1.24871948489596
-1.39326239680986
-1.51846198013367
-1.61945974417365
-1.69207640117325
-1.73295261214811
-1.73966336570051
-1.71080222448722
-1.64603265878744
-1.54610476254902
-1.41283677915503
-1.24906201488644
-1.05854284998155
-0.845854633245655
-0.616243231110033
-0.375460863626246
-0.129585569899359
0.115169819338287
0.352652981455272
0.576965314105135
0.782646768859186
0.964846289988953
1.11947231367989
1.24331843596481
1.33416017071325
1.39081966547427
1.41319629184999
1.40226214402539
1.3600226275209
1.28944346255751
1.19434652522419
1.07927796893203
0.94935297505238
0.810082245488697
0.667185946212737
0.526401219986295
0.393289595194567
0.27305061911111
0.170347837959901
0.0891528395917979
0.0326124807752816
0.00294365947192332
0.00135908798067896
0.0280265051236542
0.0820626680514644
0.161562322725946
0.263661204088348
0.384630999952177
0.520003163364053
0.664717510929128
0.813290730433452
0.95999926668887
1.09907058132012
1.22487650571539
1.33212233563727
1.41602545336646
1.4724776042356
1.49818548784644
1.49078503268955
1.44892558310705
1.37232121139095
1.26176744307769
1.1191228149741
0.94725583607997
0.749959053680387
0.531833003391772
0.298143807609771
0.0546590493431823
-0.19253274041712
-0.437213107144048
-0.673228990114644
-0.894685972962247
-1.09613317511358
-1.27273376505291
-1.42041554659032
-1.53599672111535
-1.61728274084595
-1.6631311137472
-1.67348206912757
-1.64935410959593
-1.59280462351322
-1.50685687469489
-1.39539578549808
-1.26303594956541
-1.11496621799264
-0.956775967828543
-0.79426875955251
-0.63326950094301
-0.479431445103821
-0.338049353476927
-0.213884950351767
-0.111010390380883
-0.0326748682089273
0.0188012610746753
0.0421013854223872
0.0369541149691375
0.0041399856539005
-0.0545368225191932
-0.136310814260611
-0.23754949911974
-0.353876597269716
-0.4803200770673
-0.611480155151617
-0.741711734057713
-0.865315277581727
-0.976729846000908
-1.07072194084115
-1.14256394457441
-1.18819627998377
-1.20436794584426
-1.18875079262181
-1.14002376093569
-1.05792428843484
-0.943265165317436
-0.797916249785311
-0.624751605231451
-0.427563753230171
-0.210947813354732
0.0198407127842786
0.259049892409865
0.500611714184822
0.738332971577291
0.966090460326935
1.17802413111423
1.36872190440202
1.53339012623977
1.6680041126993
1.7694338811963
1.83554097794508
1.86524325564067
1.85854550322756
1.81653494599008
1.74134178263397
1.63606606891898
1.50467335732759
1.35186252320198
1.18291011632562
1.00349634331893
0.819518385375736
0.636897168173361
0.461383912753702
0.298372800864244
0.152725885523706
0.028615974087887
-0.0706073799386552
-0.142524399300812
-0.185720645057203
-0.199829159996775
-0.185537831762211
-0.144561755215248
-0.0795815218876657
0.00585051781738277
0.107432923294645
0.220262717707261
0.339002965119558
0.458064851451664
0.571798273613269
0.674684661376842
0.761525682424594
0.827621614984008
0.868933510166274
0.882223796487361
0.86517068471108
0.81645258900281
0.735799762323778
0.624011417872435
0.482937739019498
0.315427330557784
0.125241796517951
-0.0830597928018342
-0.304262794870532
-0.532660635881644
-0.762234871040558
-0.986845797478648
-1.200427405982
-1.39718031399223
-1.57175638669653
-1.7194290233764
-1.8362435536823
-1.91914283784263
-1.96606397474363
-1.97600296581555
-1.94904522982345
-1.88636097970321
-1.79016562096452
-1.66364647430373
-1.51085822550216
-1.33659052740372
-1.1462120883149
-0.945496348777961
-0.740434449200838
-0.5370416046329
-0.341163216508427
-0.158287057460484
0.00663233586128775
0.149331329054747
0.266371772090663
0.355248112124251
0.414463553380971
0.443572796048327
0.443189982363813
0.414961619150944
0.361505394542664
0.286316924925643
0.193647519608327
0.08835700091931
-0.0242535647430808
-0.138623710752801
-0.249123996947126
-0.350248745643701
-0.436804737605176
-0.504089650827394
-0.548054361062045
-0.565443751791253
-0.553911385633455
-0.512104245807155
-0.439714737255748
-0.337498210210461
-0.207255399188865
-0.0517803206739477
0.125224694684297
0.31926408165386
0.525190490309205
0.737367999360497
0.949851771444518
1.15657828845659
1.35155995644544
1.52907772434254
1.68386542362233
1.81127980484186
1.90745071309132
1.96940649244969
1.99517051836502
1.98382569999168
1.93554484103764
1.8515858633428
1.73425204569539
1.5868185737028
1.41342779743167
1.21895661597669
1.00886031863235
0.788997981118469
0.565445117180313
0.344299701145663
0.131487892084735
-0.0674242019506933
-0.247406580783788
-0.404123491823405
-0.53406850277988
-0.634672114457599
-0.704378421351703
-0.742688342662021
-0.750168042211647
-0.728422296723791
-0.680033720599008
-0.608469874121119
-0.517961334261602
-0.4133547584852
-0.299945791029711
-0.183297321215759
-0.0690490828181575
0.0372751332995892
0.130456303497134
0.205758813353759
0.259093032456522
0.28715646434128
0.287548816814967
0.258857193342972
0.200708586206571
0.113787924619819
-0.000178939188460459
-0.138476772784245
-0.297485369301551
-0.472794071928921
-0.659342684322436
-0.851584167793111
-1.04366381030507
-1.22960901051843
-1.40352347006969
-1.55977944047902
-1.69320173232657
-1.79923746165286
-1.87410597316842
-1.91492402659975
-1.91980214018133
-1.88790892748594
-1.81950130962296
-1.71591960008387
-1.57954760766263
-1.41373904633327
-1.22271264228913
-1.01141935147802
-0.785386012407503
-0.550540528901188
-0.313024280655888
-0.0789978761324006
0.145553421127832
0.355008252320273
0.544285567050264
0.709003127760694
0.845612958927518
0.951509340856687
1.02510584768326
1.06587894341946
1.07437674540301
1.05219270538064
1.00190510736059
0.926984400653455
0.831671439539072
0.72083065326106
0.599782990377628
0.474124143021624
0.349534037687016
0.231583864008462
0.125546992314522
0.0362200019205269
-0.0322402905905853
-0.0764584395681638
-0.0939559529345799
-0.0832370415101529
-0.0438417063540653
0.0236355927276416
0.117562314918334
0.235318739725927
0.373381736270331
0.527438666048585
0.69252769538983
0.863199926425628
1.03369803836009
1.19814558762105
1.35074076391224
1.48594825078917
1.59868289902146
1.68447918673742
1.73964090348159
1.76136614069593
1.74784347763184
1.69831619291237
1.61311237707513
1.49363993621765
1.34234662483745
1.1626463895209
0.958814406842356
0.735854222615847
0.499341311970865
0.255248150730503
0.00975649300699505
-0.230937031992126
-0.460815672924831
-0.674231317175358
-0.866081114440505
-1.03196621565394
-1.16832746571233
-1.27255364319586
-1.34305873916394
-1.37932578071767
-1.3819158001571
-1.35244169136309
-1.29350784413761
-1.20861756701721
-1.10205136285941
-0.978720074787061
-0.843997741644046
-0.703539665068979
-0.563091672924972
-0.428296850335134
-0.304506090589434
-0.196598691064644
-0.108818888207329
-0.0446337014224306
-0.00661675556635022
0.00363810139825504
-0.0144294527841261
-0.0603268665636219
-0.132524405292058
-0.228505368814635
-0.344849190771838
-0.477344695065876
-0.621129794818268
-0.770853050699118
-0.920851787196973
-1.06534092075694
-1.19860630059085
-1.31519621293384
-1.41010475750745
-1.47894106906334
-1.51807881848196
-1.52478107187835
-1.49729639144094
-1.43492300193269
-1.33803889113328
-1.20809682679921
-1.0475844204789
-0.859950512156947
-0.649500251766469
-0.421262278012892
-0.180832308147188
0.0658017755885171
0.312447651433648
0.552902984634655
0.781150224670753
0.991545430496561
1.17899497634883
1.33911438706529
1.46836413645129
1.56415799586656
1.62494041820787
1.65023045542985
1.64063080250587
1.59780170143398
1.52440058818897
1.42398948577669
1.3009132010788
1.16015233745841
1.00715595788299
0.847659397674097
0.687493210165166
0.532389516690316
0.387792115014736
0.258676574850297
0.149386219599877
0.0634893707420319
0.00366253243467385
-0.028396658119566
-0.0320238663268972
-0.00760810424729252
0.0434232658095208
0.118654066974681
0.214761748089122
0.327630013890656
0.452487939477322
0.584070993861449
0.716798677808844
0.844962935039658
0.962921141145417
1.06528732287614
1.14711531674999
1.20406783839623
1.23256589407511
1.22991360836206
1.19439434600341
1.12533494511713
1.02313592247259
0.889266625363619
0.726225452115993
0.537466406963202
0.327294357428813
0.100732387365284
-0.136634447150041
-0.378833878710433
-0.61969401898324
-0.853037670507973
-1.07287703083006
-1.27360244609192
-1.45015906496535
-1.59820563881272
-1.71425029727988
-1.7957588810492
-1.84123231058422
-1.85025048199814
-1.82348127553735
-1.76265440275132
-1.67050096787946
-1.55066073968489
-1.40756018521346
-1.2462652722014
-1.07231387082446
-0.891533251198354
-0.709848658714955
-0.533089239034462
-0.366797668872299
-0.216049724872548
-0.0852896949117146
0.0218129851198394
0.102481183571599
0.154917779805196
0.178360767466169
0.173103966272263
0.140482682853618
0.0828248112134419
0.00336899725081163
-0.0938474276424938
-0.204127047029818
-0.322272926365035
-0.442765857897217
-0.559952447400194
-0.668237850231263
-0.762276810824553
-0.83715671430593
-0.888566619695447
-0.912946702603458
-0.907613176415662
-0.870854563706781
-0.801996127735443
-0.701430316628176
-0.570612186110612
-0.412019913926702
-0.229081662827937
-0.0260711517530818
0.192024679562493
0.419661612403742
0.65091262295119
0.879655205664743
1.09976544141035
1.30531248314876
1.49074711668002
1.65107824621323
1.78203154811705
1.88018511822212
1.94307768943828
1.96928589261909
1.95846804521321
1.91137304616455
1.82981409594706
1.71660811020444
1.57548281657228
1.41095458018388
1.22818095953113
1.03279281946178
0.830711495136536
0.627956987904491
0.430453465343687
0.243838423623706
0.0732817480784531
-0.0766794185589568
-0.20228461070557
-0.300668084037139
-0.369947125870494
-0.409277764244567
-0.418876077638617
-0.400004435550596
-0.354923150253443
-0.286809154279059
-0.199644399396723
-0.0980776656373633
0.0127356592503851
0.127310547201313
0.240020212222797
0.345288717904044
0.437781965059658
0.51259076737214
0.565399981982252
0.592638118812249
0.591602492031294
0.560555778535209
0.498790785366259
0.406661269947232
0.285577769723944
0.137968544852212
-0.0327931186397404
-0.222492894701399
-0.426207315373857
-0.638459288645805
-0.853392168216232
-1.06495669787744
-1.26710472960883
-1.45398339056119
-1.62012335725425
-1.76061508606851
-1.87126724125039
-1.94874214233111
-1.99066380308212
-1.99569502932946
-1.96358105382208
-1.89515827979737
-1.79232784511164
-1.6579948684722
-1.49597536077988
-1.31087384114804
-1.10793565421497
-0.892878811577205
-0.671710848494117
-0.450536675569724
-0.235363697917838
-0.0319105617790347
0.154574232171274
0.319477934543609
0.458967976241813
0.570110520141844
0.650959283770605
0.700611756262687
0.719231001893962
0.708032370566072
0.669235585795753
0.605983815375598
0.522232411755167
0.422611002908954
0.312263487464542
0.19667121156758
0.0814651556580337
-0.027766681010363
-0.125670353436161
-0.207309207963814
-0.268333247237111
-0.305129042077011
-0.31494524751136
-0.295989580372491
-0.247494051879016
-0.169746289772953
-0.0640858967843948
0.0671340609863967
0.220619198313773
0.39223724681759
0.577149414883464
0.769965387087731
0.964916902253217
1.15604423851155
1.33738950868552
1.50319044386567
1.6480683246308
1.76720390856677
1.85649559338775
1.91269463427309
1.93351298304367
1.91770021099016
1.86508698726098
1.77659367764862
1.65420376859568
1.50090297095184
1.32058597980801
1.11793392388202
0.89826649582177
0.667373582061879
0.431331880435137
0.196312483679915
-0.0316142987401392
-0.246670519105404
-0.443552328021939
-0.617595950449759
-0.764922499716388
-0.882556922005164
-0.968517211776492
-1.02187101278954
-1.04275778793683
-1.03237586898406
-0.992934847585693
-0.927574903948026
-0.840255752067311
-0.735618875124494
-0.61882759880049
-0.495390275354774
-0.370972403547337
-0.251203870792747
-0.141487662490279
-0.046816334086176
0.0283977142819479
0.0804725743525149
0.106582828031362
0.104857056849554
0.0744436470009074
0.0155427147526779
-0.0705969112677921
-0.181715567789739
-0.314614267531736
-0.465257511825837
-0.62890404675961
-0.800261286767532
-0.973658352023247
-1.14323205389683
-1.30311973620375
-1.44765265296385
-1.57154354335789
-1.67006225217827
-1.73919363319143
-1.77577255072421
-1.77759154254231
-1.74347760022522
-1.67333553251819
-1.56815646951345
-1.42999120521292
-1.26188922573684
-1.06780539252019
