0.930378437047434
0.835585408925098
0.709642751070561
0.554814692338839
0.374336548489354
0.172316918269246
-0.0463888685718136
-0.276329942269383
-0.511630806215679
-0.74617640861652
-0.973805344120013
-1.18850488937916
-1.38460151504512
-1.55694066330055
-1.70104992993789
-1.81328033171478
-1.8909210555428
-1.93228395255252
-1.9367550288576
-1.90481126353975
-1.83800221767727
-1.73889704903517
-1.61099867764712
-1.45862792092992
-1.28678139803683
-1.10096785975668
-0.907028304358575
-0.710945768318738
-0.518651016547597
-0.335830488579237
-0.16774278088435
-0.019049663531745
0.106332848903741
0.205358511331671
0.275945904343453
0.317041440405829
0.328648279498233
0.311820232027769
0.268620875332575
0.202049251031228
0.115934606518686
0.0148036591451702
-0.0962752372122769
-0.211865885884806
-0.32635027496005
-0.434120710657418
-0.529771727903269
-0.608285456264048
-0.665204333387255
-0.696785472291093
-0.700131589670188
-0.673294170169337
-0.615345451173911
-0.526416834283295
-0.407702429811903
-0.26142758336674
-0.0907833813535727
0.100170752429897
0.306633210677439
0.523211005519894
0.744090310329852
0.963221182077516
1.17451043974244
1.37201640529126
1.55013915074779
1.70380003998095
1.82860470227423
1.9209841151171
1.97830918828499
1.99897510675715
1.98245267802568
1.92930500752796
1.84116895898808
1.72070200728378
1.57149622238502
1.39796219691032
1.20518671175536
0.998768791916963
0.78463950998729
0.568871424736819
0.357483879395471
0.156250517645883
-0.0294846993980302
-0.194976972383481
-0.336230113162737
-0.450121096360771
-0.534495662046678
-0.588231868144501
-0.611269542314265
-0.604604701138161
-0.570249152935905
-0.511156641788632
-0.431117986991121
-0.33462868825838
-0.226733369303874
-0.112852191329644
0.00140504133299652
0.110430958066362
0.208812553574204
0.291516651583171
0.354062790248667
0.392677831436999
0.40442719538273
0.387318388680605
0.340373402059581
0.263667575144123
0.158333624999102
0.0265306776613172
-0.128620710338208
-0.303135437859951
-0.492289502999065
-0.690770311627593
-0.892846747529053
-1.092553451663
-1.28388329050952
-1.46098172294822
-1.61833671059187
-1.75095796004567
-1.8545396325081
-1.92560119511739
-1.9616018018367
-1.96102445610915
-1.9234271947009
-1.84945960976623
-1.74084415893227
-1.60032286402445
-1.43157113025743
-1.2390814922633
-1.02802107603758
-0.804067424578898
-0.573228041567992
-0.341649538743215
-0.115422611292
0.0996107994934591
0.298041870263384
0.475064779282612
0.626626578202156
0.749552176973612
0.84164038302765
0.901727884692706
0.929719119382992
0.926581084926363
0.894303300920427
0.835824268583335
0.754926874815422
0.656106203174088
0.544414117879991
0.425285747232545
0.30435358501908
0.187255333263051
0.0794418137193739
-0.0140087277898435
-0.0885638106847134
-0.140391700008819
-0.166493073147606
-0.16480503329968
-0.134274037512231
-0.0748953270075932
0.0122824534475438
0.125187618247273
0.260789809019378
0.415196275444726
0.583776928752945
0.76131408315538
0.942171989536765
1.12048061508558
1.29032765352001
1.44595247853243
1.58193568695214
1.69337802008833
1.77606279712663
1.8265965320102
1.84252311734622
1.8224078222296
1.76588833720277
1.67369117658128
1.54761288080629
1.39046661225956
1.20599586941385
0.998758119246149
0.773982131312278
0.537403656566521
0.295084801763559
0.053222982926223
-0.182044318534349
-0.404832637034669
-0.609695153075198
-0.791792861745495
-0.94704474288717
-1.07225305168834
-1.16519966354608
-1.22471035509993
-1.25068495336011
-1.24409240243938
-1.2069309459487
-1.14215476501844
-1.05356950976562
-0.94570017988896
-0.823635714608664
-0.692855413755149
-0.559042905514677
-0.427893782721653
-0.304923235343921
-0.195280005208658
-0.103572780120309
-0.0337147351803695
0.011208667255337
0.029044271411428
0.0186447744789617
-0.0200911965857254
-0.0862138014998383
-0.177751678093381
-0.291775642632361
-0.424494316643045
-0.571378549770039
-0.727310562634548
-0.886752921590482
-1.04393180531008
-1.19302855263255
-1.32837320749701
-1.4446337090273
-1.53699451517028
-1.60131879212458
-1.63428883788398
-1.63352011900876
-1.5976451619627
-1.5263645257808
-1.4204631591999
-1.28179157744684
-1.113212444568
-0.918514278821269
-0.70229507418094
-0.469819615209028
-0.226855123194463
0.0205094196278261
0.266054387006587
0.503624844458712
0.727323743709947
0.931696685824945
1.11190223912338
1.26386227083736
1.38438740563004
1.47127353814638
1.52336627404443
1.54059122343991
1.5239491880205
1.47547643166077
1.39817136658327
1.2958900855632
1.17321418939578
1.03529526447927
0.887681128261154
0.736129555472891
0.5864156060558
0.444138883105336
0.31453704924842
0.202311722627091
0.111472465886734
0.0452039866260744
0.00576090515230099
-0.00560645991405773
0.0113071440360942
0.0556559235785068
0.12557203608812
0.218228608005074
0.329934702456774
0.456259115400016
0.592178932944778
0.732247969283391
0.870779551320164
1.00203764408334
1.12043003577215
1.22069723186952
1.29809084641795
1.34853562077948
1.36876973477977
1.35645878457115
1.31027966261195
1.22997155965572
1.11635238433664
0.971300027601512
0.797699049816918
0.599354500192103
0.38087565414105
0.147533439122639
-0.0949038189081935
-0.340350986251303
-0.582597171965975
-0.815501017745822
-1.03318386740235
-1.23021452494253
-1.40177958484954
-1.54383378968536
-1.65322552309256
-1.72779335930016
-1.76643053671322
-1.7691152720981
-1.73690594891767
-1.67190136194734
-1.57716734280617
-1.45663219005718
-1.31495434708341
-1.15736667765064
-0.989502453236997
-0.817208762828913
-0.646353465421601
-0.482632014518807
-0.331380485665575
-0.19740093242178
-0.0848047899406358
0.00312054823157315
0.0640176159181022
0.0965337627269227
0.100362602793327
0.0762506790513184
0.025969139748012
-0.0477486279806156
-0.141301345569955
-0.250343060150264
-0.369931172484867
-0.494694402432144
-0.619015163912819
-0.737220347802024
-0.843774234286075
-0.933467185100529
-1.00159390303598
-1.04411538667884
-1.05779924139894
-1.04033371564887
-0.990411691517479
-0.907781842022577
-0.793265242626151
-0.648736855704614
-0.47707245715761
-0.282062706314422
-0.0682971367231636
0.158978168970139
0.394024594310062
0.630791357547077
0.863106359874794
1.08487129552984
1.29025466503495
1.47387640011747
1.6309780820034
1.75757320493178
1.85057258846521
1.90788085415402
1.9284608277584
1.91236377658464
1.86072450822265
1.77572150551923
1.66050341537914
1.51908430853848
1.3562111478024
1.17720780997454
0.987800772112556
0.793932170763528
0.601566353895205
0.416496255885678
0.244155929284821
0.0894453630108935
-0.0434266881081515
-0.151076729731725
-0.231053037851348
-0.281911182944524
-0.303256116182344
-0.295749462536965
-0.261081807015514
-0.201910908517087
-0.121767893355428
-0.0249345307030323
0.0837043593074531
0.198828498412346
0.314864221410465
0.426175028018005
0.5272543391269
0.612914108362564
0.678463075087865
0.719868783920978
0.733898027327169
0.718231074502047
0.671545908444487
0.593569675696065
0.485095627521393
0.347964962132583
0.185014127883881
-1.0720498098693e-05
-0.202569343709709
-0.417469362417777
-0.639029905799056
-0.861261632957182
-1.07805725822008
-1.28338636552966
-1.47148815477235
-1.63705582863166
-1.77540660023056
-1.88263177058177
-1.95572197533785
-1.99266351123455
-1.99250259740602
-1.95537547448418
-1.88250336077742
-1.77615243330091
-1.63956014440333
-1.47683028477862
-1.29280022475103
-1.0928846744478
-0.882901070074342
-0.668882292887133
-0.456882839999617
-0.252784778356904
-0.0621098181328994
0.110156360706589
0.259721798235008
0.38312282122427
0.477831106154325
0.542329760526506
0.576155960648348
0.57990878076465
0.555221989686363
0.504702739532151
0.431838189229469
0.340873156402354
0.236662840777733
0.124505479172221
0.0099604497178151
-0.101342180287379
-0.203894388275237
-0.292498862842081
-0.362447387037386
-0.409683060076721
-0.430941008985845
-0.423862946943673
-0.387081792575753
-0.320273546069305
-0.224174691582935
-0.100564525841594
0.0477870369871989
0.217204501722418
0.403221910154066
0.600724293766727
0.804110849926215
1.00747451672002
1.2047920824134
1.39011861822806
1.55777987925165
1.70255638246875
1.81985314107225
1.90584950153521
1.95762417910016
1.97325139712602
1.95186497961365
1.89368829330708
1.80002905175744
1.6732391421028
1.51664077846023
1.3344213863187
1.13150064413146
0.913374017980412
0.685937892938273
0.455302005454692
0.227595295073551
0.00877150750180511
-0.195579112495825
-0.380405900911139
-0.54135589143279
-0.674908823516777
-0.778484653568174
-0.850520082752357
-0.890511630522199
-0.899023879281518
-0.877662656797153
-0.82901407164465
-0.756551435504839
-0.66451315788717
-0.557755649394946
-0.441586087836613
-0.321580560532978
-0.203393574488562
-0.0925652080259855
0.00566774620723454
0.0865504287520978
0.145972468858359
0.180609093890583
0.188036142373329
0.166815186730866
0.116545952452881
0.0378842933423469
-0.0674748874712466
-0.196849230958983
-0.346653357746532
-0.512513395653683
-0.6894078612514
-0.871830292005446
-1.05396831082932
-1.22989326426088
-1.39375422672091
-1.53997001784175
-1.6634129424447
-1.75957823135795
-1.8247336271153
-1.85604420641492
-1.85166833983984
-1.81082163227611
-1.73380673383925
-1.62200802667557
-1.47785134121672
-1.3047299987391
-1.10689957798
-0.889344826043253
-0.657623044410767
-0.417689049747368
-0.175707411170907
0.0621419189496635
0.28985824840999
0.501808722580209
0.692904695121216
0.858760151804893
0.995827035554887
1.10150307770858
1.17420864115812
1.21343009596276
1.21972834399435
1.19471225029191
1.14097788768668
1.06201562029279
0.962088103994744
0.846083233631215
0.719346886018595
0.587500968441299
0.456252762135984
0.331201833900648
0.217650866986925
0.120426632336135
0.0437169872636353
-0.00907073816868254
-0.0354253093669517
-0.0338173074259078
-0.00375217853420218
0.0542111379804713
0.138476623844939
0.246462109102955
0.374683050521603
0.518866420863967
0.674090980127473
0.834949333342942
0.995726463533561
1.15058888640459
1.2937782230389
1.41980283978967
1.52362126552156
1.60081136336599
1.64771969849256
1.66158618985755
1.64063994131194
1.58416308939819
1.49252055079958
1.36715466748879
1.21054489564353
1.02613382776418
0.818221938702555
0.591834469431809
0.352564773849927
0.106399223870786
-0.140470628698772
-0.381842518220706
-0.611698227291566
-0.824392303426022
-1.01482858704097
-1.17861880652098
-1.31221808320601
-1.41303294493727
-1.47949834657749
-1.5111212102201
-1.50848909340435
-1.47324373468196
-1.40802037497021
-1.31635487265004
-1.20256168366496
-1.07158673045969
-0.928840004274518
-0.780013407213875
-0.630889821964273
-0.487149682290845
-0.354181397157392
-0.23690185289299
-0.139592885483176
-0.0657590896910039
-0.0180116305288309
0.0020181314192369
-0.0062676317983551
-0.0424138947282564
-0.104928496788278
-0.191332381185739
-0.298242703043224
-0.421486076380684
-0.5562382401446
-0.697185555890901
-0.838703032442314
-0.975043029354991
-1.10052843915213
-1.20974399954864
-1.29771944617922
-1.36009848172169
-1.39328800009344
-1.39458264944147
-1.36226062383216
-1.29564751447254
-1.19514609615685
-1.06223103921161
-0.899408685014309
-0.710143166595474
-0.498751257459058
-0.2702693554926
-0.0302969211646949
0.215178539759436
0.459969254261379
0.697881607996421
0.922910888111687
1.12943000102686
1.31236601985405
1.46735881384357
1.59089659803753
1.68042399601109
1.7344191074728
1.75243708614402
1.73511882855617
1.68416451532759
1.60227289575367
1.49304832653238
1.36087862948118
1.21078778666887
1.04826831326825
0.879098811723192
0.709152693806447
0.544204344012125
0.389739079097665
0.250773131806625
0.131689556033037
0.036095426770352
-0.0332949917045077
-0.074747288897436
-0.0875613199328573
-0.0720912147679408
-0.0297303424508002
0.0371382618761057
0.125224366185754
0.230443186430286
0.348054496168987
0.47282362136899
0.599199022176555
0.721500618476144
0.834112662563295
0.93167481183856
1.00926511201588
1.06256886505134
1.08802781720369
1.08296474623993
1.04567933171866
0.975512132167972
0.872874537039892
0.7392436753818
0.57712241072891
0.389965695211037
0.182075657829418
-0.0415311737947598
-0.275280205718159
-0.513213579433449
-0.749177752762528
-0.977017750028641
-1.19077175207071
-1.38485968423321
-1.55425965559362
-1.69466649899719
-1.80262724598035
-1.87564912424477
-1.91227656332273
-1.91213470704861
-1.87593802625641
-1.80546376591169
-1.70349111030808
-1.57370807037769
-1.42058915189947
-1.24924781790571
-1.06526858163525
-0.874524231017855
-0.682984170141639
-0.496520151599031
-0.32071575659023
-0.160685854480541
-0.0209119442696944
0.09490124207023
0.183943193072024
0.244385298638744
0.275435906099026
0.277360969807223
0.25146964145036
0.200065298308399
0.126363640400409
0.0343805676019526
-0.0712064609459874
-0.185219012967574
-0.302154922586476
-0.416376344627016
-0.522302429912814
-0.614600275665992
-0.688367860971026
-0.739302939292012
-0.763852319640435
-0.759336610131341
-0.724046301309343
-0.657306005452783
-0.559504711326114
-0.43209102737876
-0.277533533711986
-0.0992475066761038
0.0985096177378391
0.310770650588646
0.532014621592826
0.756341237299617
0.97765814048497
1.18987486448912
1.38709715516255
1.56381531913704
1.71508045076869
1.83666278497803
1.9251870064108
1.97824009777564
1.9944482072473
1.97352002708794
1.91625526999441
1.82451797029476
1.70117548664847
1.55000520371596
1.37557198565569
1.18308038973125
0.978206472482648
0.766914686858343
0.555265854615339
0.349222488271889
0.154457821454113
-0.0238252171449553
-0.181059178719937
-0.313456031869684
-0.418125173749753
-0.493161676812273
-0.537701909542134
-0.551944739646049
-0.537137656740377
-0.495528301744177
-0.430283024243751
-0.345375169906436
-0.245446792184714
-0.135648353568188
-0.021461702981968
0.0914878360294994
0.197624074908709
0.291610922203986
0.36853540705258
0.424076733206175
0.454655790782484
0.457560193603434
0.431040712346273
0.374375911505312
0.28790284062373
0.173012743259571
0.0321118942417123
-0.131451180625023
-0.313489745590001
-0.509110774318957
-0.712870450261376
-0.918948176408753
-1.12133341454772
-1.31401925176302
-1.49119636937474
-1.6474410739985
-1.77789124251601
-1.87840442615413
-1.94569294072194
-1.97743152129936
-1.97233401571759
-1.93019660268474
-1.85190611427296
-1.73941318288325
-1.59567108240321
-1.42454225443022
-1.23067556644389
-1.01935830509786
-0.796347733057418
-0.567687705015034
-0.339516325831166
-0.117870925220104
0.0915032905071225
0.28333467122878
0.452990728197454
0.596622519270298
0.711283118069604
0.79501632085365
0.846912720587675
0.867131347271854
0.856886201973839
0.818398162269698
0.754813871245635
0.670094303697958
0.568876696270524
0.456314400463187
0.337899940166364
0.219277104959187
0.106048268853676
0.00358327973863082
-0.0831637876161104
-0.149823980772471
-0.192763343239366
-0.209208373898814
-0.19734293475082
-0.156373406215519
-0.0865599309087343
0.0107873006928723
0.133346622400311
0.277857078287765
0.440221875473626
0.615639730440731
0.79875981979519
0.983855270942727
1.16500951856155
1.33630942894576
1.49203887017588
1.62686638899127
1.7360208457661
1.8154492508957
1.8619516263605
1.87328846624966
1.84825726504469
1.7867355931824
1.68968929274489
1.55914550626624
1.39813140126896
1.21058057460856
1.00121017729045
0.775372757536817
0.538887646180641
0.297857376900771
0.0584751224953267
-0.173170578672796
-0.391287444325602
-0.590561176884114
-0.766321382763304
-0.914686284517232
-1.03268152307535
-1.11832919623959
-1.17070425458926
-1.18995644503801
-1.17729712048801
-1.13495138438497
-1.06607717381815
-0.974653966968635
-0.86534479474863
-0.743336109841313
-0.614160790447104
-0.483510107158266
-0.357040841474143
-0.240183901749688
-0.137960731693522
-0.0548135495666214
0.00554499859737789
0.0402578262211414
0.0474208881881267
0.0261489476650599
-0.023392541295564
-0.099990492385825
-0.201422097219378
-0.32452635356001
-0.465306874660203
-0.619062615831044
-0.780542237584399
-0.944117048096232
-1.10396685678463
-1.25427264549551
-1.38940973808366
-1.5041351304693
-1.59376283216364
-1.6543214606152
-1.68268890875666
-1.67669965487634
-1.63522117788753
-1.55819695095311
-1.44665457917802
-1.30267878692697
-1.1293501099371
-0.930651269131366
-0.711344260167147
-0.476822150661642
-0.232940404351362
0.0141667789186108
0.2582791284515
0.493285699898924
0.713376642016004
0.913225089703384
1.08815326349407
1.23427737278034
1.34862661398994
1.42923240288625
1.47518495441411
1.48665539213815
1.46488269732823
1.4121259581994
1.33158351503661
1.22728167975623
1.10393670341699
0.966794539717324
0.821453677966507
0.673676871645357
0.529197950386174
0.393530062164283
0.271781643508179
0.168486160214225
0.0874512077695563
0.0316319242958778
0.00303287018160603
0.00264159383624951
0.0303960628029892
0.0851870278809457
0.164895241353638
0.266462306455898
0.385992831314036
0.518884532928479
0.65998201899966
0.803749197597768
0.944454652324851
1.07636389378316
1.19393217083053
1.29199150473134
1.36592579657269
1.41182824708852
1.42663590559279
1.40823691216056
1.35554689004028
1.26855195429671
1.14831689483356
0.996958231462459
0.817582988257591
0.614195156416589
0.3915728724964
0.155120297571273
-0.089300988824433
-0.335555595283791
-0.577426949596986
-0.808812682445842
-1.02391640129859
-1.217429609724
-1.38469784934711
-1.52186565748944
-1.62599562628611
-1.69515769606583
-1.72848578928462
-1.72619995944284
-1.68959335721252
-1.62098446652844
-1.52363619898112
-1.40164451830774
-1.25980026263455
-1.10342870777607
-0.938212141671992
-0.770001274151101
-0.60462166951662
-0.447681550057892
-0.304387271263559
-0.179372515799316
-0.0765468015412529
0.00103173607187834
0.0512551245760218
0.0730326689076249
0.0663242102307779
0.0321384508611332
-0.0275035865685189
-0.109638753397661
-0.210463305993708
-0.32546242845064
-0.44956348301707
-0.577307945290712
-0.703036367435237
-0.82108028426771
-0.925954748071814
-1.0125451559206
-1.07628221886924
-1.11329930953507
-1.12056700064219
-1.09600035321038
-1.03853540478298
-0.948172316212299
-0.825983727043077
-0.674088008706573
-0.49558825425332
-0.29447896556525
-0.0755234571431886
0.155894044990897
0.393936801430801
0.63249897471008
0.86539808926404
1.08657026623635
1.29026187128227
