-1.15437411522324
-1.31582820285354
-1.46171008045643
-1.58673964592122
-1.6861996785564
-1.75609309569354
-1.79327714546433
-1.79557012627303
-1.76182712099989
-1.69198224657854
-1.587056014137
-1.44912753554084
-1.2812724615799
-1.0874686575619
-0.872472677027588
-0.641671049139843
-0.400911218759022
-0.156317643336184
0.085900964242613
0.319646968723081
0.539125359775549
0.739025276472082
0.914685600654235
1.06223923298243
1.17873136377869
1.26220790246052
1.31177120652178
1.32760132164503
1.3109420735661
1.26405250278307
1.19012526743004
1.09317472048125
0.977898359516739
0.849516218082766
0.713593488704397
0.575852215246355
0.441978248643154
0.317429813367739
0.207253977365504
0.115917057345323
0.0471545328424622
0.00384540137471412
-0.0120848956916352
0.000270215033792098
0.0407670384522167
0.108215157751629
0.200415817463871
0.314233888421465
0.445701057929139
0.590146863342915
0.742353272893546
0.896727743957433
1.04748908141484
1.18885999715072
1.31526004996579
1.42149263044826
1.50291984820201
1.5556195729292
1.57651946332572
1.56350356950124
1.51548799106792
1.4324630848047
1.31550080976747
1.16672693805959
0.989259008861173
0.787112024101791
0.565074939649749
0.328561961516737
0.0834434810476959
-0.164137850617881
-0.407959922184497
-0.641916558868327
-0.8602091539931
-1.05752829657932
-1.22921948332149
-1.37142752412174
-1.48121494751337
-1.55665056303355
-1.59686531403397
-1.60207362457604
-1.57355957290082
-1.51362837452796
-1.4255247926479
-1.31332117497422
-1.18177880920691
-1.0361871612086
-0.88218628236692
-0.725578221757202
-0.572133636655714
-0.427399949971385
-0.296517350196672
-0.184048670270635
-0.0938287247994184
-0.0288380453665061
0.00889484785005701
0.0183594369936556
-0.000404699282486765
-0.0463107350082651
-0.117262289259052
-0.210224717922367
-0.321327658326119
-0.445995454310125
-0.579101173958059
-0.715139157341481
-0.848410422648413
-0.973214835930177
-1.08404372626773
-1.1757666117602
-1.24380589291729
-1.28429376254082
-1.29420616216159
-1.27146936553353
-1.21503566500814
-1.12492564750029
-1.00223564010909
-0.849110045471518
-0.668679436267685
-0.464966399327182
-0.242762175792108
-0.00747810019142525
0.235023333249998
0.478612281240245
0.71708425548336
0.944355444796795
1.15465429339107
1.34270309510572
1.50388368930069
1.63438186355683
1.73130576433608
1.79277446650385
1.81797382829841
1.80717782800026
1.76173470718126
1.68401839604676
1.57734683134695
1.4458698594659
1.29443041116686
1.12840350754139
0.953518380393039
0.775669540895056
0.600722989872287
0.434323919707491
0.281712206542366
0.147551733825549
0.035779132801555
-0.0505231128354747
-0.109225051264802
-0.139215925116817
-0.140436942822034
-0.113879101477063
-0.0615461507566061
0.0136160688289135
0.107821576741808
0.216574129038313
0.334820741140244
0.457123800963307
0.577846106179745
0.69134273466689
0.79215343208599
0.875189182424818
0.935906816822695
0.970465906875152
0.975862768090894
0.950037148270808
0.891948069766333
0.80161630456987
0.680132053915792
0.529627543740106
0.353215396634991
0.154894762199954
-0.0605717557891482
-0.287806379803256
-0.520984824517871
-0.754019857553405
-0.980753775228729
-1.1951535202401
-1.39150208016926
-1.56457992591648
-1.70983057361612
-1.82350487170645
-1.90277930963073
-1.94584449339763
-1.95196090813667
-1.92148015693024
-1.85583099358296
-1.75747061765563
-1.62980283537193
-1.47706577272972
-1.30419282186728
-1.11665137588094
-0.920264632246835
-0.721022297034582
-0.52488638314542
-0.337598454049342
-0.164494614761922
-0.0103342957330722
0.120851578688203
0.225888082616451
0.302555286476087
0.3496555402413
0.367046862593606
0.355641368407737
0.31736881371149
0.255106481285761
0.172577733901901
0.0742225896781186
-0.0349554084822631
-0.14956097998346
-0.263991888870609
-0.372630633778109
-0.470036731062393
-0.551133256848208
-0.611381501489473
-0.646937979185665
-0.654788613451337
-0.632855666883723
-0.580073876719866
-0.496433266771307
-0.382987198420156
-0.24182536268519
-0.0760125646034021
0.110504727321733
0.313021036814008
0.526219752919664
0.744341405284106
0.961366856488729
1.17120943594999
1.36790974509926
1.54582677403475
1.69981908850675
1.82541016908715
1.91893250111672
1.97764570760357
1.99982486496105
1.98481611556889
1.93305775972712
1.84606613766304
1.72638676291093
1.577512303941
1.4037700941875
1.21018284614963
1.00230712042048
0.786054826685956
0.56750358715517
0.35270215542191
0.147477243549686
-0.0427519380032508
-0.213145377560046
-0.359594599038451
-0.478850676736034
-0.568623764597542
-0.627650910876036
-0.655729969119747
-0.653718527988474
-0.623497929116053
-0.567903586530096
-0.490623925535457
-0.396071287291788
-0.28922906388655
-0.175480107438418
-0.0604220701554033
0.0503242397694241
0.151307173033153
0.237430889897834
0.304130197751271
0.347527814236329
0.364568871071008
0.353128220081337
0.31208699487915
0.241375889822615
0.141983709372442
0.0159308799496244
-0.133791234399517
-0.30331324946145
-0.48800989078723
-0.682647356695899
-0.881551106432027
-1.07878859442458
-1.26836097982883
-1.44439754425385
-1.6013464594979
-1.73415566422687
-1.83843793001207
-1.91061471247503
-1.94803407560281
-1.94905882393417
-1.91312195055886
-1.84074757685552
-1.73353668765257
-1.59411811610627
-1.4260663683798
-1.23378896198691
-1.02238694795225
-0.797493163114951
-0.565093486279758
-0.331336926685435
-0.102340737253887
0.116003093607682
0.318213664531988
0.499393244002612
0.655380010619659
0.782876482548059
0.879549464997714
0.944098278157557
0.97628906745206
0.976954109263146
0.947956171966846
0.89211913671491
0.813127187361839
0.715395908108531
0.603919547100398
0.48409948426262
0.361559556533042
0.241954323230791
0.130776584509541
0.0331704891544505
-0.0462436163675966
-0.103526831660395
-0.135556647944242
-0.140134749453351
-0.116064115535049
-0.063192875634385
0.0175765397751129
0.124313270569981
0.254118089730298
0.403215704485341
0.567076284717937
0.740562247907923
0.918095500309457
1.09383966165303
1.26189130747295
1.4164739653472
1.55212850866537
1.66389370705561
1.74747101253282
1.79936817430968
1.81701696622037
1.79886115622473
1.74441181980531
1.65426816640902
1.53010317546991
1.37461448906931
1.19144214427129
0.985055812419881
0.760615209698695
0.523808220386937
0.280672002779936
0.0374029038212766
-0.199838626084936
-0.425121763817607
-0.63293138072579
-0.818340388769169
-0.977162757966638
-1.10608223084321
-1.20275255564679
-1.26586599286145
-1.29518788842412
-1.29155621803468
-1.25684615365114
-1.19390084812923
-1.10643073950768
-0.998884706452843
-0.876297327130811
-0.744117275120698
-0.60802250233681
-0.473728290109022
-0.34679448146671
-0.232438232693375
-0.135358439556502
-0.0595776092599324
-0.00830637571123083
0.0161648880651368
0.0125437962391297
-0.0194195424271109
-0.0789227034238081
-0.164136140501229
-0.272262574548667
-0.399628634683818
-0.541805750135145
-0.693756331041795
-0.850000445602279
-1.00479752729169
-1.15233715121205
-1.2869326192527
-1.40321099943414
-1.49629337868586
-1.56195940664932
-1.59679072048366
-1.59828853031325
-1.56496148931393
-1.49638094384518
-1.39320172569179
-1.25714777545386
-1.0909630365182
-0.898329195184847
-0.683752927208884
-0.452426308728107
-0.210064927613142
0.0372710390583305
0.283366958328164
0.522048895583075
0.747377435506955
0.953833859255262
1.13649261752035
1.29117448764415
1.41457543505024
1.50436699430919
1.55926491708646
1.57906387253142
1.56463709634951
1.51790103148597
1.44174614849085
1.33993623973266
1.21697951246408
1.0779757275646
0.928444413409348
0.774139802118222
0.620858568199725
0.474246683156124
0.339611726321427
0.221746811196088
0.124771903761887
0.0519977372517885
0.00581678535950902
-0.0123751327721932
-0.00222404813145949
0.0355716398891752
0.0992856622308977
0.186222586349784
0.292808797544777
0.414712763734594
0.546990630617232
0.684252362306003
0.820842967477349
0.951032854907354
1.0692110612742
1.17007499812916
1.24881047714168
1.30125608943683
1.32404652570237
1.31473011202213
1.27185667955838
1.19503285665027
1.08494293783892
0.943334610869064
0.772969972959273
0.577543403910826
0.361568948727619
0.130240860809845
-0.110728164233997
-0.355285803326394
-0.597230149724347
-0.830404798172371
-1.04889261795001
-1.24720190254045
-1.42043883336939
-1.56446064218744
-1.67600448755465
-1.7527878548773
-1.79357722054682
-1.79822275845107
-1.7676579774917
-1.70386432538974
-1.60980193945064
-1.48930883158631
-1.34697182652224
-1.18797349497467
-1.01792010745387
-0.842656253571217
-0.668072206030931
-0.499910343660719
-0.343576976185168
-0.203965734057076
-0.08529830541803
0.00901226833932578
0.076471268193553
0.11558136171632
0.125888478227618
0.107993006504734
0.0635259646344678
-0.00490905902894112
-0.0938262717138952
-0.198977366719362
-0.315496594055919
-0.43806643373258
-0.561098417742304
-0.678923149104329
-0.785983263675999
-0.877022982771709
-0.947268015123625
-0.992589881777684
-1.00964924682093
-0.996013523710912
-0.950244868928673
-0.871955644133957
-0.761829493215064
-0.621607306711923
-0.454038496168492
-0.262799137374735
-0.0523796269692571
0.172054504061812
0.404824096557551
0.63991493368795
0.871167560509659
1.0924721676529
1.29796218700094
1.48220028790559
1.64035070973841
1.76833231231832
1.86294735539021
1.92198181124611
1.94427394481696
1.92974893266656
1.87941840233083
1.79534492002279
1.68057260032624
1.53902611861969
1.37538143935861
1.19491249719945
1.00331885302571
0.806539967535278
0.610562170854349
0.42122464339611
0.244030753137444
0.0839709166750041
-0.0546372283231373
-0.168286120884659
-0.254388566398642
-0.311357426509139
-0.338652121755292
-0.336790448307309
-0.307325347951444
-0.252787419983065
-0.176595087219768
-0.082935389142732
0.0233806615337829
0.137083388332253
0.252624978141219
0.364369278367165
0.466784612159474
0.554633260360258
0.623151367605502
0.668213343388208
0.686475336629189
0.675493047755313
0.633809983011518
0.561013224194684
0.457754851475603
0.325738282605568
0.167669941716805
-0.0128221925411482
-0.211300523862881
-0.422656624732563
-0.641272356218317
-0.861198071838257
-1.07634209497388
-1.28066528824137
-1.46837436451101
-1.6341076284226
-1.77310708300679
-1.8813712803511
-1.95578392360004
-1.99421401938625
-1.99558430912856
-1.95990574408082
-1.8882768786366
-1.78284820286133
-1.64675258099814
-1.4840040702623
-1.29936842734118
-1.09820953482621
-0.886316766045141
-0.669718928696056
-0.454490864952987
-0.246559024003973
-0.0515123545025473
0.125575311859074
0.280305592732146
0.409093378424296
0.509277660024457
0.579201761925909
0.618260381824285
0.626911929671454
0.6066557947331
0.559975319562023
0.490248383705074
0.401628561492538
0.298900782546463
0.187316259105659
0.0724121235346813
-0.0401782797826666
-0.144918197973645
-0.236557017309244
-0.310310310660771
-0.362024452210171
-0.38832037300641
-0.386711714996584
-0.355693480663795
-0.294798242876017
-0.204618043300714
-0.0867912329236898
0.0560453420278106
0.220337268782017
0.401723985007489
0.595177057304159
0.795160812648878
0.995810080042519
1.19111923702629
1.3751363832128
1.54215629272384
1.68690583502572
1.80471579788661
1.89167348905775
1.94475112031092
1.96190576812074
1.94214763368158
1.88557436069877
1.79337027858248
1.66777058498492
1.5119916275251
1.33012955252232
1.12703062233302
0.908137428608965
0.679316016159591
0.446669555330236
0.216344639498962
-0.0056634759125927
-0.213700343467845
-0.402630328105445
-0.567997348068175
-0.706163121143956
-0.814418422765233
-0.891063747297639
-0.935456766663158
-0.94802506844052
-0.930243793132537
-0.884578940127822
-0.814398236355403
-0.723852523906225
-0.617731588187603
-0.501299184869653
-0.380112704580238
-0.259833416712115
-0.146033541374898
-0.044006501381375
0.0414133991611461
0.106015933124035
0.146359113566516
0.159887812583184
0.145022924788587
0.10121813093796
0.0289823802250031
-0.0701326654420966
-0.193579832251811
-0.337896750607733
-0.498816669958366
-0.671406154559717
-0.850225159643198
-1.02950425206537
-1.20333317557084
-1.36585458678294
-1.51145661621153
-1.63495794456913
-1.73177932734944
-1.79809594200963
-1.83096555776308
-1.82842831745469
-1.78957484840991
-1.7145804541587
-1.6047042476493
-1.46225323268342
-1.29051248629575
-1.09364370314626
-0.876555397399997
-0.644748984169305
-0.404145751045832
-0.160900354740964
0.0787930820646361
0.308895957295494
0.523714908558897
0.718080087091541
0.887506184389396
1.02833097464594
1.13782687278103
1.21428189172029
1.25704738473227
1.26655104623057
1.24427478187866
1.19269820885004
1.11520967203042
1.01598772496769
0.899856990663599
0.772123155220902
0.638392529471533
0.504382117682239
0.375726441764444
0.257787473982836
0.155473927543143
0.0730758460463161
0.014119929732557
-0.0187496448119299
-0.023860991928358
-0.000571917137991318
0.0507069412637002
0.128523996541183
0.230433241513507
0.353073900892355
0.492280601335615
0.64322045063706
0.800552533705915
0.958604596362973
1.1115611226275
1.2536566356199
1.37936787876605
1.48359856835402
1.56185064954558
1.61037642779932
1.62630657192387
1.60774977321224
1.5538607715066
1.46487449327383
1.34210515497378
1.18791033088621
1.00562113060783
0.79944074011147
0.574314615267774
0.335776544178404
0.0897755841835382
-0.15751049486395
-0.399869188012855
-0.631248337550392
-0.845945968453259
-1.03878869696373
-1.20529290635
-1.34180344794407
-1.4456053610944
-1.5150049886408
-1.5493778659984
-1.54918184913255
-1.51593508401398
-1.45215957032293
-1.36129219755646
-1.24756619543707
-1.11586690778946
-0.971566638176075
-0.82034399908717
-0.667993701989409
-0.52023303650444
-0.382511393237782
-0.259829082840178
-0.156571397106749
-0.0763633563606738
-0.0219499074651704
0.00489449916231877
0.00342398980704706
-0.0260548970206368
-0.0821943977911026
-0.162651362403062
-0.264166235095941
-0.382672581205388
-0.513433560381165
-0.651200862063234
-0.790390881113688
-0.92527234470519
-1.0501592244431
-1.15960259261035
-1.24857511411149
-1.31264210509657
-1.34811352753062
-1.35217191179661
-1.32297198638606
-1.25970871907539
-1.16265150740789
-1.03314336396082
-0.873565087501471
-0.687265557211324
-0.478460396148371
-0.252102285711363
-0.0137271411457296
0.230718851305685
0.475065708049467
0.713113562213075
0.938827703597903
1.14652839244382
1.33106926528256
1.48799852380684
1.61369766042787
1.70549320861791
1.76173788818284
1.78185851640635
1.76636914277853
1.71684900218604
1.63588603176022
1.52698782239226
1.39446294036512
1.24327652277159
1.07888489068489
0.907054608912948
0.733671928181545
0.564548858157632
0.405232227620638
0.260821987789561
0.135804709614974
0.0339077257550345
-0.0420213106406826
-0.0901055130770346
-0.10949752130439
-0.100404020987192
-0.0640752347775689
-0.00275974558171632
0.0803738496224663
0.181345868642686
0.295501465226816
0.417669066220651
0.542336109230232
0.663836297013112
0.776542206093627
0.875056910324936
0.954398311101523
1.01017010365153
1.03871374552724
1.03723641476646
1.00391073087442
0.937942936041999
0.839607266608867
0.710245351878635
0.552230622744011
0.368898858669301
0.164447110872254
-0.0561957242854644
-0.287522478586879
-0.52362043720707
-0.75835759301557
-0.985576362849283
-1.19928845304365
-1.39386452248674
-1.56421246032572
-1.70593846668502
-1.81548568619788
-1.89024587743118
-1.92864048238816
-1.9301684603575
-1.89541933669778
-1.8260510541335
-1.72473336456728
-1.59505862561509
-1.44142293117454
-1.26888147446767
-1.0829828834319
-0.889587954518582
-0.694678719436166
-0.504164093502584
-0.323688463773015
-0.158449476407014
-0.0130309790801789
0.108743424418782
0.203931427588327
0.270563736588681
0.307703464512348
0.315471282022801
0.295035525247563
0.248567611287237
0.179164249586531
0.0907390264314309
-0.0121130556827744
-0.124273615030249
-0.240276294657249
-0.354493754304239
-0.461330090780827
-0.555412348849572
-0.631774813926848
-0.686030013937357
-0.714520792734059
-0.714448437368391
-0.683972625869011
-0.622279885366732
-0.529618282158062
-0.40729717183347
-0.257651982669583
-0.0839751515897444
0.109584558402572
0.318151093665782
0.536274302647467
0.75810229764242
0.977567367900958
1.18857938084234
1.38522036102396
1.56193389597457
1.71370318535685
1.8362119197067
1.92598273510621
1.98048872224663
1.99823434846438
1.97880315066909
1.92287064291368
1.83218201912821
1.7094953820363
1.55849235582404
1.3836590058546
1.1901409587236
0.983577458475794
0.76991978226665
0.555239948654035
0.345535967351186
0.146539990338627
-0.0364643729100166
-0.198809615493337
-0.336591305116183
-0.446789680861795
-0.52736192022918
-0.577302084109472
-0.596666807389779
-0.586565926034726
-0.549118381014618
-0.487374877672215
-0.405209868765507
-0.307186434801412
-0.19839852345564
-0.0842957517657565
0.0295034539115075
0.137404223181886
0.23402677494167
0.314390809075974
0.374086681174698
0.409427718370533
0.41757865279474
0.396655932214343
0.345796589512558
0.26519338359461
0.156095030278892
0.0207714865384543
-0.137554602407111
-0.314808073729744
-0.506189778594282
-0.706329287163237
-0.909456785700862
-1.10958855377797
-1.30071996260301
-1.47701968689365
-1.63301878060967
-1.76378843268192
-1.8651005871719
-1.93356617103329
-1.96674640353083
-1.96323354047729
-1.9226984049985
-1.84590314183334
-1.73467876869126
-1.59186824871078
-1.42123693492063
-1.22735330390526
-1.015443866707
-0.791226988572767
-0.560731037855797
-0.330102795666058
-0.105412374991749
0.107538989392347
0.30340201453088
0.477447341403611
0.625712936458548
0.745126128357095
0.833596317475477
0.890075357078267
0.91458366458056
0.9082012442449
0.873023952237202
0.812086473542934
0.729254570528872
0.629090169221508
0.516693738701333
0.39752916226227
0.277236871813313
0.161441400650171
0.055559691634908
-0.0353835279609703
-0.106927226321479
-0.155326754878841
-0.177682714171819
-0.172041749687397
-0.137465950631695
-0.074068554683551
0.0169852327766011
0.133512351908684
0.272379834884594
0.429604376081085
0.600480278511267
0.779731597334122
0.961683506423575
1.14044728198354
1.31011284877105
1.46494258433523
1.59956003299605
1.70912734551808
1.7895056272116
1.83739293451566
1.85043538974337
1.82730776171334
1.76776085770824
1.67263415692436
1.54383325179133
1.38427281404585
