-1.39212956517437
-1.425778169703
-1.42732896510215
-1.39508301039546
-1.32839069461935
-1.22768058988836
-1.09445321537843
-0.931239881806863
-0.741527928786378
-0.529654767405581
-0.300674161517883
-0.0601990900658465
0.185773700436321
0.431051744504247
0.669441385775145
0.894942450480423
1.10193672695593
1.28536411406781
1.44088070448847
1.56499365945201
1.65516849061036
1.70990526704801
1.72878128184462
1.71245880952197
1.6626577273559
1.58209392249282
1.474385525463
1.34393006240152
1.19575656863608
1.0353575241649
0.86850613015056
0.701064923338719
0.538792006635201
0.387151249739359
0.251132681267691
0.135088957558857
0.0425932643525085
-0.0236766968843216
-0.0620248429670331
-0.0717901493493714
-0.053365655990206
-0.00818242802233615
0.0613409894102528
0.151881950432004
0.259327172591409
0.378912549246817
0.505384708600298
0.633179003665761
0.756608077527288
0.870054800205629
0.968163228711184
1.04602130516768
1.09932927717525
1.12454829103128
1.11902425677101
1.08108289299815
1.01009280265725
0.906494477367773
0.771794243424184
0.60852331053721
0.42016322725125
0.211040147294499
-0.0138086671361506
-0.248791769447359
-0.487938776499495
-0.725088235770101
-0.954081993149248
-1.16895972870684
-1.3641473210446
-1.534632901595
-1.67612486188715
-1.78518666621814
-1.8593440800504
-1.89716132598907
-1.89828369485963
-1.8634452359515
-1.79444129201372
-1.69406679370915
-1.56602234732938
-1.41479120200255
-1.24549113393416
-1.06370610426115
-0.875303207058919
-0.68624090331649
-0.502374819601867
-0.329267467422129
-0.172008108422388
-0.0350486558600639
0.0779390247910542
0.164179756419475
0.221881828062804
0.250291086151499
0.249710588079848
0.221485196855764
0.167951645708754
0.092355734234154
-0.00126060418352786
-0.108198635612005
-0.22326396533468
-0.340944174504349
-0.455597102602774
-0.561643574942716
-0.653758228001626
-0.727052146959138
-0.777241297410972
-0.800795198088227
-0.795060928299981
-0.758358371555042
-0.690043538950682
-0.590537861587559
-0.461322456232915
-0.30489751619092
-0.124708122258601
0.0749611306868626
0.289119273559615
0.512225540912409
0.738364289322026
0.961432556727661
1.17533414752515
1.37417391276103
1.55244588652964
1.70520913893117
1.8282456061825
1.91819474658626
1.97266062780608
1.99028795149331
1.97080453627757
1.91502887624087
1.82484253335409
1.70312827159774
1.55367595998697
1.38105932482239
1.19048758371372
0.987636814097867
0.77846657024773
0.569027743494459
0.365267944832837
0.172840767940296
-0.00307483865783686
-0.157939194755489
-0.287995137647655
-0.39038522996146
-0.46323911347496
-0.505728175717138
-0.518085768263527
-0.501592345309065
-0.458526041309798
-0.392080339561732
-0.306251562414783
-0.205699903065093
-0.0955885861282207
0.0185935389376517
0.131220124496033
0.236719973085793
0.329767860896104
0.405467249643419
0.459518866037802
0.488369591281273
0.489336748470958
0.460703682243805
0.401783466082727
0.312948617580727
0.195625816405479
0.0522557672178701
-0.113780507213412
-0.298266556432544
-0.496283166986098
-0.702364480656815
-0.910672475457557
-1.11518411516933
-1.30988505617349
-1.48896358336179
-1.64699843712235
-1.77913439112801
-1.88123983942776
-1.95004123811563
-1.98323000241531
-1.97953835964117
-1.93878167272352
-1.8618658446134
-1.75075955503831
-1.60843223040231
-1.43875976748285
-1.24640108530577
-1.03664953268064
-0.815264000146342
-0.58828524762428
-0.361843441214447
-0.141963178517786
0.0656276377312289
0.255678845708198
0.423583089955051
0.565519530842831
0.678571523403154
0.760814444614141
0.811370826939364
0.830431027562892
0.819238792238925
0.780042222985804
0.716011792326839
0.63112812628917
0.530043268562752
0.417920006663067
0.300254559193923
0.182688467846012
0.0708158907631928
-0.0300073561987234
-0.114846721911314
-0.179357781917905
-0.219935477350649
-0.233838812266373
-0.219286896049111
-0.175523157572939
-0.102845601916802
-0.00260209436881564
0.122849196237311
0.27021291973163
0.435360855831056
0.613464014186378
0.799148210691687
0.986668036300313
1.17009352984172
1.34350344784488
1.50117880586261
1.63779035442484
1.7485738489101
1.82948736990117
1.87734553598132
1.88992620527257
1.86604616062154
1.80560328678304
1.70958384305654
1.58003457574052
1.42000056412924
1.23343081395361
1.02505466648447
0.800233045452992
0.564789386265308
0.324825755772317
0.0865301543708797
-0.144018720372173
-0.361042887470385
-0.559246438812246
-0.733980933483557
-0.88138944913615
-0.998524609026653
-1.08343675611028
-1.13522942356075
-1.15408032226878
-1.14122719516457
-1.0989190386307
-1.03033432514466
-0.939468941480863
-0.830997547937741
-0.710112933677264
-0.582348662896948
-0.453390852633372
-0.328885277642195
-0.2142461494041
-0.114472859909916
-0.0339807183348662
0.0235487513709399
0.0552930264976998
0.0593851936786693
0.0349787665968468
-0.0177214258442879
-0.0974633065511273
-0.201986451008586
-0.32809455712211
-0.471759117642692
-0.628250904332085
-0.792294959704727
-0.95824401981681
-1.12026468546747
-1.27253023919402
-1.40941378534767
-1.52567537754737
-1.61663699236416
-1.6783396038235
-1.70767719728126
-1.70250331431143
-1.66170661778973
-1.58525297897779
-1.47419268295537
-1.33063248937289
-1.1576734348559
-0.959316383852046
-0.740338389581286
-0.506143881489463
-0.262595518951443
-0.0158302159636466
0.227933673569508
0.46259173148879
0.682345050107157
0.881881768935105
1.05654266522241
1.20246541235777
1.31670281861858
1.39731121056812
1.44340610265958
1.4551833653241
1.43390523292824
1.38185164351092
1.30223853647431
1.19910581526557
1.07717867415247
0.94170685898297
0.798287152813598
0.652674924889212
0.510590937731525
0.377529760384997
0.258576081166214
0.158234952366133
0.0802815408191274
0.0276353171048361
0.00226281339711898
0.00511214192008336
0.0360814233462305
0.0940221614340652
0.176777453215137
0.281253780679167
0.403524027627011
0.538958340276023
0.682378535893878
0.828230990159439
0.970772326449166
1.10426180872971
1.22315411801859
1.32228617772393
1.39705188608221
1.44355900807006
1.45876306167135
1.44057378516605
1.38793066855754
1.30084504401831
1.18040732418081
1.02875911740885
0.849031098514816
0.645248634101774
0.422208217108192
0.185328720652672
-0.0595176943724574
-0.306189517325305
-0.548468684620708
-0.780255958187198
-0.995762523562325
-1.18969156892772
-1.35740393386026
-1.49506243748549
-1.59975019301277
-1.66955906647124
-1.70364541399499
-1.70225130224578
-1.66669054546998
-1.59930004329544
-1.50335803801006
-1.38297199157372
-1.2429397755879
-1.08858873937103
-0.925597943616277
-0.759809396194449
-0.597034484535513
-0.442861953968049
-0.302473728351621
-0.180474610052288
-0.0807414392870092
-0.00629665307853833
0.0407896175177239
0.0594657103663716
0.0497306957791676
0.0126316936514624
-0.0497736558724368
-0.134488324726069
-0.237678285990113
-0.354802787598416
-0.480768223240665
-0.610100538195769
-0.737130498897521
-0.856185731946758
-0.961783214905366
-1.04881588486116
-1.11272722198084
-1.1496680578143
-1.15663043912659
-1.1315541284926
-1.07340221821685
-0.982203345021719
-0.859059086275662
-0.706116258504698
-0.526504988212562
-0.324244545988497
-0.104119990795285
0.128466372379031
0.367663892973288
0.607357337504971
0.84135953097816
1.06360660187326
1.26834946917507
1.45033533172658
1.6049732462379
1.72847839986486
1.81799037938732
1.87166158887399
1.88871294349214
1.86945503685951
1.81527410801491
1.72858328474941
1.61274071501511
1.47193728025323
1.31105757832708
1.1355187367708
0.951092340689024
0.763715310179458
0.579295921578555
0.403521323390892
0.241672846338194
0.0984551492503263
-0.0221552130316243
-0.117036852030723
-0.184022091025835
-0.221963782407934
-0.230768227249756
-0.211393139616837
-0.16581074496716
-0.096937245779944
-0.00853099085122744
0.0949372886448608
0.208437896837502
0.326554188985741
0.443667519458512
0.554149031189381
0.652551970862609
0.73379819601949
0.793352729798095
0.827380609933312
0.832880858145735
0.807793145160833
0.751073620790806
0.662737388495931
0.543866196541512
0.396581057493634
0.223980657025714
0.0300475341987272
-0.180474928193007
-0.402230707553205
-0.629419717682824
-0.855981266668339
-1.07578641699375
-1.2828329752279
-1.47143675076585
-1.63641284342768
-1.77324104430637
-1.87820995248872
-1.948535105184
-1.98244726763712
-1.97924800418526
-1.93933072101879
-1.8641664996224
-1.756255190555
-1.61904337250296
-1.45681186424023
-1.27453647180356
-1.07772652727601
-0.872246500451226
-0.664126516595763
-0.459367974472089
-0.263750616917796
-0.082647356431642
0.0791470979652157
0.217568220444231
0.329409299685602
0.412420566173211
0.465376595188167
0.488109805913242
0.481508989010482
0.447482941820067
0.388890434383909
0.309438833349536
0.213554738301363
0.106230902541716
-0.00714551224802799
-0.120977686159687
-0.229650808412791
-0.327724347534041
-0.410118590180434
-0.472289302234241
-0.510384755069943
-0.5213799378751
-0.503183524670995
-0.454714057729635
-0.375942818172652
-0.267901946610007
-0.132657515964422
0.0267515921893001
0.206407035002228
0.401633549720991
0.607146701467902
0.817221022476702
1.02587305804038
1.22705334417035
1.41484104730477
1.58363490699789
1.72833424131066
1.84450409772381
1.92851914923935
1.9776816290054
1.99030944458861
1.9657915871711
1.90460901957345
1.80832035511381
1.67951278997127
1.52171988725552
1.33930889421543
1.1373412694817
0.921410972340988
0.697465792131228
0.47161754916093
0.249947360975169
0.0383123274608964
-0.157840060020795
-0.333643734973305
-0.484966499793019
-0.608538135625969
-0.702050014478289
-0.764222984509122
-0.794841339543951
-0.794751795492169
-0.765827543125545
-0.710898591011953
-0.633650716822222
-0.53849637356513
-0.43042181587526
-0.314815490199141
-0.197283346091504
-0.0834571537595118
0.0211978585336423
0.111569712055155
0.183074581124041
0.23181413114539
0.254710106204948
0.249611727693024
0.21537235734955
0.151892886326856
0.0601304033292092
-0.0579281661466239
-0.199326608286977
-0.360232194262148
-0.536057657950037
-0.721608399008343
-0.911250103795823
-1.09909130560562
-1.27917491401222
-1.44567244695917
-1.5930746082398
-1.71637197023635
-1.81121984335901
-1.87408192904103
-1.90234804553353
-1.89442206243742
-1.84977715319043
-1.76897654273144
-1.65365905532394
-1.50648991811089
-1.33107841172266
-1.13186504298112
-0.913981910952048
-0.683090813679041
-0.44520437019982
-0.206495987089297
0.0268951373628464
0.249057617061243
0.454493782613806
0.63829183217273
0.796278625685705
0.925148154324602
1.02256151410105
1.08721514635929
1.11887514737869
1.11837656067195
1.08758771233479
1.02934079443004
0.947331006389138
0.84598759359724
0.730321041994167
0.605751467551894
0.477923854341087
0.352516224440455
0.235047053111202
0.130688265923373
0.0440899701235596
-0.0207773134762399
-0.0607577267844269
-0.0736180126868746
-0.0581247598874297
-0.0140884062906784
0.0576274562367622
0.155131794219048
0.275566031367275
0.415196181139193
0.569534202284729
0.733484607076417
0.901511522411825
1.06782073165125
1.2265507319495
1.37196654411471
1.49864991944154
1.60167970356568
1.67679643739281
1.72054578910146
1.73039610228133
1.70482619082551
1.64338048356261
1.54668968895795
1.41645627758295
1.25540523053715
1.06720163793398
0.856337815737567
0.62799360616025
0.387874403857419
0.14203217856927
-0.103324679193597
-0.342026497543424
-0.56813609315916
-0.776134862552796
-0.961095137197725
-1.11883319504501
-1.24603795442324
-1.34037117252156
-1.4005359035215
-1.42631101041847
-1.4185506356362
-1.37914868229945
-1.31096950294239
-1.21774709799586
-1.10395615641786
-0.974659191577173
-0.835334806822762
-0.691692741489739
-0.549481779228768
-0.414296832388612
-0.291391541144776
-0.185502543345712
-0.100691186631502
-0.0402078808706997
-0.00638354515087813
-0.00055171381768393
-0.0230038595362607
-0.0729794010222773
-0.148690724677481
-0.247382400160584
-0.365422647577185
-0.498424055250036
-0.641389586618354
-0.788879084176542
-0.935190804713669
-1.07455202552741
-1.20131246196831
-1.31013414243634
-1.39617150089423
-1.4552357653631
-1.48393823330185
-1.4798077144725
-1.44137826627575
-1.36824431795984
-1.26108134675348
-1.12163139592146
-0.952653875089753
-0.757843219262867
-0.541716067559853
-0.309471620306574
-0.0668297110733579
0.180148140214703
0.425248869731328
0.662303017720396
0.885378527817456
1.08896688737018
1.2681555487262
1.41878102008592
1.53755764676453
1.62217789887038
1.67138091344769
1.68498707753153
1.66389754931812
1.61005876139421
1.52639309514465
1.41669802157058
1.28551703458378
1.13798662464409
0.979664323195678
0.816343466113607
0.653860757072835
0.497902945235359
0.353818958282657
0.226443650737631
0.119938944663685
0.0376575677484077
-0.0179661487764903
-0.0454948386308814
-0.044533467382378
-0.0157400195418363
0.039198834150907
0.117626279976943
0.216006183025776
0.330043196137292
0.454828203274294
0.585004312800034
0.714947941122167
0.838959031057654
0.951454148327669
1.04715610367169
1.12127386032449
1.16966680335875
1.18898795829325
1.17680143467234
1.13167021350342
1.05321136788126
0.942116872055226
0.800139280699439
0.630042710335612
0.435520691066905
0.221083541795896
-0.00808107961109483
-0.24626992088629
-0.48744291366368
-0.725413166016738
-0.95404198164011
-1.16743255248893
-1.36011601401637
-1.5272238010138
-1.6646406893163
-1.76913353964598
-1.83845155396893
-1.87139478593779
-1.86784868479175
-1.82878356251009
-1.75621902070514
-1.65315451915084
-1.52346837447103
-1.37178850912396
-1.20333919364177
-1.02376880890253
-0.838964274368455
-0.65485822245097
-0.477235234250092
-0.311543480174609
-0.162717929466985
-0.0350209113195138
0.0680947604205451
0.144095628301807
0.191446815124716
0.209658052635804
0.199295026432791
0.161955686462317
0.100212321891054
0.0175213222673811
-0.081896393025822
-0.193200332725976
-0.311096001750846
-0.430015625656588
-0.54430808012798
-0.648431771534002
-0.737144116949245
-0.805681382581947
-0.849922954644386
-0.866534626035431
-0.853086169099591
-0.808139306686403
-0.731303163185867
-0.623255342409074
-0.485727905232748
-0.321458669950783
-0.134109394611111
0.071846513958725
0.291263120767671
0.518483389465673
0.747517660098104
0.972233362758717
1.18654978258694
1.38463152447456
1.56107436666247
1.71107743979627
1.83059611387247
1.9164706052542
1.96652610894932
1.97964119166415
1.9557822183139
1.89600269472765
1.80240755588907
1.67808357466094
1.52699817304478
1.35386995037905
1.16401516668109
0.963175204345711
0.757330651928798
0.552508089455779
0.354585891343417
0.16910539286994
0.00109358820466532
-0.145096851847087
-0.265925023567112
-0.358772216863321
-0.422021732715017
-0.455105503884825
-0.458516020155908
-0.433783197212033
-0.383416977823314
-0.31081757757894
-0.22015634821563
-0.116231194880555
-0.00430131788634491
0.110093272660021
0.221321521746025
0.323854121975548
0.412452982478403
0.482351131773907
0.529417125573911
0.550298538273539
0.542539802351987
0.504670500640987
0.436261184876862
0.337944858412794
0.211403386565097
0.0593192479330589
-0.114705823499242
-0.306262669823331
-0.510273378916611
-0.721152276371482
-0.932983990681698
-1.13971278159563
-1.33533695060407
-1.51410198393336
-1.67068611769357
-1.80037226070958
-1.89920065499955
-1.96409728231208
-1.99297381702237
-1.98479585509352
-1.9396171853036
-1.85857897858915
-1.74387391782966
-1.59867643615899
-1.42704133942569
-1.23377412147278
-1.02427720564648
-0.804377132098322
-0.580138332276982
-0.357669569163223
-0.142929359970669
0.0584632705683993
0.241406534614557
0.401476330022702
0.535064168247032
0.639488095082405
0.713073003785885
0.755197743704592
0.766307516020475
0.747891185953188
0.702424290476279
0.633279644640543
0.544608511148236
0.441196262113102
0.328297297393469
0.211454663136352
0.0963103149741139
-0.0115877237274674
-0.106974957079957
-0.185050520933142
-0.241641863523808
-0.273348576043311
-0.27766063071675
-0.25304712350466
-0.199012586014375
-0.116118994948952
-0.00597273258275832
0.128823098523333
0.284749466730129
0.457482682323329
0.642032521811431
0.832902697336641
1.02426842891275
1.21016531472739
1.38468332233193
1.54215955339433
1.67736347239496
1.78566853397703
1.86320458663118
1.90698605750256
1.91501171382893
1.88633272496808
1.82108678475149
1.72049716310084
1.58683670214582
1.42335791795509
1.23419147691877
1.02421634952461
0.798905869906435
0.564154716805506
0.326092454698449
0.0908897124093831
-0.135436683816639
-0.347213272889634
-0.539288042118774
-0.707191233135418
-0.847273639234087
-0.956817900767025
-1.03411919012588
-1.07853268075787
-1.09048628274743
-1.07145826510973
-1.02392053483403
-0.95124946722083
-0.857607244353019
-0.747797623836043
-0.62710089662653
-0.501093473443382
-0.375458041630598
-0.255790541970852
-0.147410317761422
-0.0551796830993635
0.0166611527627439
0.0646383727719079
0.0861633015880106
0.0796217060258936
0.0444307017124167
-0.0189386157093127
-0.108973571745213
-0.223166953891281
-0.358097162647465
-0.509538856434478
-0.672600473022899
-0.841884127405373
-1.01166265072755
-1.17606797103304
-1.32928466265068
-1.4657423193152
-1.58030044220202
-1.66841977679995
-1.72631447400454
-1.75108007654193
-1.74079312134421
-1.69457907594771
-1.61264636200801
-1.49628532773395
-1.34783217713269
-1.17059900990502
-0.968772234109404
-0.747282648037626
-0.511651414243841
-0.26781693700758
-0.0219482788742647
0.219748808137268
0.451226919947794
0.666786755332056
0.861255410647883
1.03014741228569
1.169803250191
1.27750091259886
1.35153680611013
1.39127344749055
1.39715240125765
1.37067207462045
1.31433113140153
1.2315394115391
1.12649930579922
1.00406150161645
0.86955985388343
0.728630816592054
0.587023375158174
0.450405728544125
0.324175074803811
0.213276750004784
0.122038662029835
0.0540264576420026
0.0119241798968692
-0.00255566417139541
0.0112703287485406
0.0530331471111581
0.121323077527154
0.213736059970954
0.32695316619924
0.456850595117853
0.598636576926034
0.747010694153064
0.896340391137459
1.04084887821394
1.17480826139459
1.29273155496395
1.38955726884127
1.46082050367899
1.5028049265764
1.51267062459428
1.48855362151998
1.42963376974691
1.33616876336291
1.20949312672368
1.05198217863433
0.866982118250767
0.658708487417071
0.432116299072361
0.19274604869962
-0.0534493848184764
