0.492534457031299
0.68893359333768
0.889232837811921
1.08748311718204
1.27768217917203
1.45396898974671
1.6108140494704
1.74319940329374
1.84678245317846
1.91803821096386
1.9543753324896
1.95422213018513
1.91707974208638
1.84354070843631
1.73527233753125
1.59496539327456
1.42624977031604
1.23357990157815
1.02209363207502
0.797449159831901
0.565645361030301
0.33283135878546
0.105111545457584
-0.111647584365322
-0.312002493911567
-0.491103527905118
-0.644846134724231
-0.769997468235468
-0.864294257794239
-0.926508776697525
-0.956480784820508
-0.955114436024781
-0.924340288677251
-0.867043700675136
-0.786961991296868
-0.688553774935835
-0.576844782829012
-0.457255258429856
-0.335414614893593
-0.216969459503834
-0.107391306139585
-0.0117903059827109
0.0652588716953768
0.119873276150648
0.148994883867451
0.150496389859978
0.123256091803396
0.0671993913395975
-0.0166944677999203
-0.12642066461252
-0.259011159806799
-0.410629121323204
-0.576692336259682
-0.752021577382337
-0.93100907271434
-1.10780156586465
-1.27649197443579
-1.43131336977799
-1.56682892285063
-1.67811159059233
-1.76090765075488
-1.81177871970833
-1.82821759004303
-1.80873407988689
-1.7529080657287
-1.66140794311046
-1.53597388970472
-1.37936645602369
-1.19528214263755
-0.988238702191117
-0.763433894357307
-0.526582289743158
-0.283735436251528
-0.0410912450085372
0.195201195104987
0.419235016551114
0.625530887431613
0.809208208010208
0.966136619364754
1.09306289921231
1.18770912621881
1.24883893509754
1.27628972969845
1.27096983587412
1.23482072367464
1.1707455717871
1.08250654865059
0.974594208274877
0.852073310949998
0.720410149886708
0.585287069133469
0.452410276089454
0.327317269892776
0.21519021777774
0.1206814148183
0.0477565647562005
-0.000438966113715189
-0.0216865245700772
-0.0147696768084151
0.0204836400042344
0.0831937117220851
0.171456637178595
0.282406015950587
0.412306716583436
0.55667765480215
0.710439558660614
0.868082876774004
1.02385032363096
1.17192807418825
1.30663933430212
1.42263393341158
1.51506771389646
1.57976582350262
1.6133645422979
1.61342697660673
1.57852880632138
1.50831125094375
1.40349949162132
1.26588591620532
1.09827870498565
0.904417408568112
0.688858249228356
0.456832867641694
0.214085105712869
-0.0333088651369907
-0.279131215959064
-0.517217724931741
-0.741651276867674
-0.946947297610389
-1.12822508737104
-1.28135947858378
-1.4031078877881
-1.49120863629003
-1.54444735454337
-1.56268932953716
-1.54687676877972
-1.4989911022419
-1.42198158727872
-1.31966258364076
-1.19658289012557
-1.05787144766314
-0.909064485775231
-0.755919795117227
-0.604224228372458
-0.459600751390328
-0.327321378959284
-0.212132134582574
-0.118095777477764
-0.0484574557332677
-0.00553769127395987
0.00934379530599128
-0.00408907551598392
-0.0450606392021388
-0.111770382123903
-0.201453947039767
-0.310476242069702
-0.43445359236294
-0.568400920158478
-0.706899116971191
-0.844277108131895
-0.974802626605861
-1.09287542574974
-1.19321657885869
-1.27104763969082
-1.32225376850652
-1.34352545171311
-1.33247414282232
-1.28771800520141
-1.20893491510692
-1.09688095470727
-0.953373754148346
-0.781241192212337
-0.584237099088254
-0.36692668507691
-0.13454541031547
0.107164119636967
0.352131927744847
0.594151258162083
0.827073782057781
1.04500305936475
1.24247995557998
1.41465397531384
1.55743493445701
1.66762003554635
1.74299221511799
1.78238657120689
1.78572272292776
1.75400206807632
1.6892700524453
1.59454470847576
1.47371382350503
1.33140412312565
1.17282676946661
1.00360424761554
0.829584320598581
0.656647154448447
0.490511936139217
0.336549321313267
0.199605855320156
0.0838461164729731
-0.00738225245944701
-0.0716562105657635
-0.107554165542907
-0.114699495263711
-0.0937693322989711
-0.0464683394686969
0.0245316467296557
0.11568410799249
0.222689420067614
0.34064150682593
0.464194743613663
0.587745616056022
0.705623155635086
0.81228188445207
0.902490918074107
0.97151299999949
1.01526756997726
1.03047249042508
1.01475975341309
0.966761342255588
0.886162398791119
0.77371991793725
0.631246320021519
0.461558401741678
0.268393300722088
0.0562941893650262
-0.169530594351051
-0.403370400788161
-0.63919180804311
-0.870829000082775
-1.0921787807199
-1.29739386737111
-1.48106816340725
-1.63840796901316
-1.76538354927145
-1.85885611965905
-1.91667611229166
-1.93774952477782
-1.92207019672193
-1.87071697258871
-1.78581585734798
-1.6704684154792
-1.52864876706934
-1.36507256076712
-1.1850422186688
-0.994273522840064
-0.79870922176644
-0.604325757650683
-0.416939438309032
-0.242018393173281
-0.0845064610754931
0.0513352356282261
0.162063857565297
0.245163133332759
0.299120836434973
0.323472938679026
0.318813017853143
0.286766637303655
0.229931563950079
0.15178581170045
0.0565665524482591
-0.0508761077165993
-0.165245665066251
-0.280980579231471
-0.392444483888902
-0.494118981805801
-0.580792673676142
-0.64774019309465
-0.69088534705024
-0.70694298176864
-0.693534890550589
-0.649275930616025
-0.573827492025008
-0.467916531534686
-0.333319512729893
-0.17281174397154
0.00991626003178048
0.21037268606004
0.423404900004207
0.643361923028275
0.864273612978097
1.08004070893295
1.28462953919883
1.47226503838159
1.63761577252516
1.775964930918
1.88336170056686
1.95674807953916
1.99405698742906
1.99427846884872
1.95749182838809
1.88486264879127
1.77860479171414
1.6419086247827
1.47883782229763
1.29419811369391
1.09338227015026
0.882196395551745
0.666673197944762
0.452878341720184
0.246716205139032
0.0537413851369143
-0.121017898948584
-0.273218742749243
-0.399339655559821
-0.496789390307213
-0.563984969442512
-0.600396381753852
-0.606556518008525
-0.584036053003889
-0.535384130708238
-0.46403683006626
-0.374196445015302
-0.2706855687213
-0.158780797669716
-0.0440315389949558
0.0679301075677206
0.17158212945518
0.261701692155215
0.333544311756078
0.383007205095425
0.4067714323222
0.402418142094745
0.368515078794088
0.304670486217933
0.211552611299139
0.0908741394436134
-0.0546579568441744
-0.221425539956364
-0.40501270209333
-0.600345742016418
-0.801855159979473
-1.00365438396016
-1.19972939016057
-1.38413302168874
-1.55117765313627
-1.69561990055956
-1.81283133446695
-1.89894960936895
-1.95100506234315
-1.96701863398437
-1.94606790183676
-1.88831905826887
-1.79502377764593
-1.66848106513763
-1.51196532400601
-1.32962298227239
-1.12634104711792
-0.907591872589044
-0.679259203126816
-0.447451166682712
-0.218306316711757
0.00220095177937452
0.208449268097958
0.395347278401868
0.558492999905961
0.69431035066522
0.800158417449816
0.874409918015928
0.916496323766296
0.926918201316852
0.907220471055706
0.859933430075426
0.78848150823694
0.697062782857987
0.590503235001743
0.474090557215164
0.353392991752821
0.234069167906323
0.121675201011411
0.0214754043999004
-0.0617371538970687
-0.123804341588402
-0.161345508931363
-0.171874195150264
-0.153885145669293
-0.106908765493067
-0.0315312024557257
0.0706206182953483
0.196928537251423
0.343865674989025
0.507109230081097
0.681679878323466
0.862103217546857
1.04258797786412
1.21721516567639
1.38013194920513
1.52574393554814
1.64889953945614
1.74506040055637
1.81045226022427
1.84219134684706
1.83838211796638
1.79818314354945
1.721838955783
1.61067680322283
1.46706839444271
1.29435786094174
1.09675827351295
0.879220074384247
0.647275705553473
0.406865491790325
0.164150449294763
-0.074681882068699
-0.303612257677373
-0.516978852555028
-0.70965453294202
-0.877206505537574
-1.0160331525541
-1.12347360822774
-1.19788652532529
-1.23869548922918
-1.24639962932429
-1.22254911688483
-1.16968638815004
-1.09125505313894
-0.99147950824935
-0.875219229184823
-0.747802548866215
-0.614845395600009
-0.482060957931013
-0.35506653822852
-0.239193947462084
-0.139309675867517
-0.0596507521459514
-0.00368168803682678
0.0260227875392528
0.0278653473661622
0.00128115364621562
-0.0532414019329485
-0.134174994983482
-0.239002241372962
-0.3642975508369
-0.505839283133264
-0.658748533720683
-0.817650001331504
-0.976849664146891
-1.13052343834243
-1.27291063067654
-1.39850583741353
-1.50224299043432
-1.57966550631492
-1.62707694710336
-1.64166723767744
-1.62161028309228
-1.56612976408551
-1.4755309292937
-1.35119731468065
-1.19555246777817
-1.01198789903018
-0.804759587330238
-0.578856395572832
-0.339844671013703
-0.0936940843620114
0.153409624705769
0.395258899612828
0.625819291707906
0.839418711180983
1.03092484324243
1.19590495618811
1.33076290433628
1.43284887522789
1.50053832248555
1.53327753411732
1.53159437780878
1.49707390411776
1.43229963816221
1.34076251272454
1.22674045393584
1.09515259019837
0.95139288433962
0.801148661010574
0.650209994046721
0.504276215772004
0.36876590232088
0.248636572971833
0.148220021040825
0.071078679580196
0.0198877338203917
-0.0036531533686478
0.0011243909728923
0.033836016204524
0.0930582481930018
0.176376673309508
0.280467121316869
0.40120717899561
0.533814370631646
0.673006465807451
0.813178647993746
0.948591723045931
1.0735651830378
1.1826687798305
1.27090630966425
1.33388556334385
1.36796884798092
1.37039912097937
1.3393975742266
1.27422944017498
1.1752358310932
1.04383053419334
0.882461832199726
0.694540563666815
0.484336742483353
0.256848085332572
0.0176447156988489
-0.227304906799183
-0.471821167965294
-0.709707498010647
-0.934945264228731
-1.14188301028739
-1.32541387944372
-1.48113544503951
-1.60548674672509
-1.69585807615541
-1.75066994700234
-1.76941869185217
-1.75268721991177
-1.70212060869461
-1.62036735269615
-1.5109882148478
-1.37833568549619
-1.2274080141185
-1.06368260950813
-0.892934277559364
-0.721044259998707
-0.55380633628155
-0.396736344616718
-0.254891363638266
-0.132704477374998
-0.0338405333251878
0.0389223865645313
0.0837819067831053
0.0999678072205757
0.0877641429457916
0.048496324159402
-0.0155164044702218
-0.101041510491214
-0.20404408803662
-0.319824484954262
-0.443178110988775
-0.568572167043258
-0.690333479668801
-0.802841259645128
-0.900718440798377
-0.979015300384741
-1.03337931398059
-1.06020564762309
-1.05676332321447
-1.02129288920296
-0.953072361215354
-0.852449236100275
-0.720837493726479
-0.560679647487068
-0.375375049236046
-0.169176759836654
0.0529396735755092
0.285431271847647
0.522361466568842
0.757587072076384
0.984952296401238
1.19848346910773
1.39257813915205
1.56218237878345
1.70295051415311
1.81138207709223
1.88493151668628
1.92208709944431
1.92241643389495
1.88657714636336
1.81629237377646
1.71429188931242
1.58422079990095
1.4305188142212
1.25827404123848
1.07305611099674
0.880734084111411
0.687285112102483
0.498600111145943
0.320292807174595
0.157518397415488
0.0148077561166238
-0.104077399205969
-0.196263653418843
-0.259855467246771
-0.293992265135301
-0.298871190024062
-0.275734803923162
-0.226824163063475
-0.155298832112245
-0.0651264863047677
0.0390542521781957
0.15209321933494
0.268505102108012
0.382657007534097
0.488961030101679
0.582065474713241
0.657038436105733
0.709537685501415
0.735961263459209
0.733573809696515
0.700604455360252
0.636313034818672
0.541022412008591
0.416115826712402
0.263999312487543
0.0880303827820189
-0.107584712454119
-0.317921826829494
-0.537493599899107
-0.760422945216993
-0.980629689896629
-1.19202427908148
-1.38870222551009
-1.5651329580137
-1.71633690417733
-1.83804502559968
-1.92683559666001
-1.98024376070311
-1.99684028676313
-1.97627695625202
-1.91929709949149
-1.82771094086753
-1.70433656144454
-1.55290841143813
-1.37795636522585
-1.18465927385925
-0.978677802824825
-0.765972018822309
-0.552609686456924
-0.344571537706969
-0.147559873949821
0.0331832509556034
0.19304233386972
0.328173789235135
0.435625644504838
0.513427671527424
0.560649031131012
0.577421573591005
0.564928063801353
0.525355749909345
0.461816830251255
0.378238458431285
0.279225924778183
0.169903531493361
0.055738409777419
-0.0576469138524323
-0.164667026270116
-0.259964869543508
-0.338595415622528
-0.39619572192152
-0.429135762392702
-0.434645059013912
-0.410910932033545
-0.357145117839614
-0.273616540467979
-0.16164913256551
-0.0235847477241736
0.137287649039439
0.31683421976985
0.51020659699659
0.711996085686644
0.916406693905966
1.11744134359894
1.30909517903595
1.48554965575283
1.64136106490838
1.77163732784212
1.87219727734424
1.93970721326188
1.97179026186742
1.9671049566217
1.9253904635007
1.8474769639961
1.7352608475642
1.59164551540288
1.42044972132582
1.22628643638122
1.01441618699337
0.790579650256536
0.560814967284167
0.331265734037326
0.10798593250995
-0.103251836398172
-0.297138566750064
-0.468995570987952
-0.614920284387135
-0.731906408369939
-0.817934491993989
-0.872030020021052
-0.894287140918329
-0.885857294066133
-0.848903145464115
-0.786519377679307
-0.702622965440934
-0.601816567603715
-0.489229546445258
-0.370341857605639
-0.2507966144378
-0.136207500759105
-0.0319673738604924
0.0569356403587408
0.126088504787516
0.171804470673056
0.191250137870945
0.182544186424595
0.14482451959379
0.078281594802586
-0.0158431717422661
-0.13529389513705
-0.276870430016128
-0.43653001390197
-0.609517030854291
-0.79051665732103
-0.973827367558818
-1.15354665590874
-1.32376389790152
-1.47875403589322
-1.61316574544692
-1.72219791695408
-1.80175866720457
-1.84860166532399
-1.86043529805493
-1.83600108652152
-1.77511877133945
-1.67869657232213
-1.54870626741918
-1.38812388563399
-1.20083793284344
-0.991528130878691
-0.765518614165153
-0.528610363101863
-0.286898331850119
-0.0465792280821788
0.186243792847713
0.405753156891791
0.606599369301874
0.784068040408713
0.934226005323604
1.05404178885385
1.1414765074378
1.19554226825026
1.21632619008935
1.20497929637182
1.16367068066636
1.09550848202052
1.0044302936564
0.895066628848132
0.772581949197583
0.642498494229944
0.510508713214317
0.382282471977358
0.26327537704659
0.158544521189112
0.0725777095608673
0.009141782278689
-0.0288449781969995
-0.0394121573719497
-0.0216049676651402
0.0244817774805316
0.097704599007449
0.195907176177008
0.315989892999099
0.454010834250749
0.605314925717378
0.76468698907162
0.926523696109105
1.085018785628
1.23435546943624
1.36889971610963
1.48338807001019
1.57310383973358
1.63403586881279
1.66301466977287
1.6578214419037
1.61726637919545
1.54123367875223
1.43069174879489
1.2876682534338
1.11519078147104
0.917195050920757
0.69840362289637
0.46417906323038
0.220356326076319
-0.0269401865784874
-0.271488934340964
-0.507166655288818
-0.728140527358691
-0.929050818093469
-1.10517807810399
-1.25258943963462
-1.36825926560767
-1.45016023406102
-1.49732191049214
-1.50985492459432
-1.48893999337503
-1.43678218282557
-1.35653193750131
-1.25217549433562
-1.12839829815492
-0.990425918906145
-0.843847705655945
-0.694428975906468
-0.547917912250123
-0.409853509633778
-0.285380879919567
-0.179079977225975
-0.0948133656807552
-0.0355980252009095
-0.00350540124463594
0.000407022969872384
-0.0238696118712887
-0.075295780943293
-0.151818706271258
-0.250441223560367
-0.367322122171569
-0.497904662369415
-0.637069048775599
-0.779303852064308
-0.918890748114727
-1.05009650550094
-1.16736591271396
-1.26550930372734
-1.33987851552147
-1.38652548824608
-1.40233828548715
-1.38515005005669
-1.33381729568177
-1.24826493795423
-1.12949655607436
-0.979569514645751
-0.801535724798658
-0.599349948575234
-0.377748612972218
-0.142103065510552
0.101747959930357
0.347681217420987
0.58948121129639
0.821035586568006
1.03652728460153
1.23061720653273
1.39861143697547
1.53660758528334
1.64161548443705
1.71164832618346
1.74578127789258
1.74417569006801
1.70806812872082
1.63972461705165
1.54236160841776
1.42003630014395
1.27750989975978
1.12008833890156
0.953445666477226
0.783435917646624
0.615899630230804
0.456471353053441
0.310394455789567
0.182349308300988
0.0763004571012417
-0.00463219805360693
-0.0582740129409808
-0.083464705001783
-0.0800937029603114
-0.0491005939914245
0.00755933210801241
0.0869832969320345
0.185420753062127
0.298401322714857
0.420886742701972
0.547441814829641
0.672418736618094
0.79014874732068
0.895134783076638
0.982238800547009
1.04685760169914
1.08508136784445
1.09382967631277
1.07096050975119
1.01534865184796
0.92693086535937
0.806716335844266
0.656762001870759
0.480113542405196
0.280713916963083
0.0632824170555934
-0.166831846311434
-0.403817256481254
-0.641582361698886
-0.873947953869388
-1.0948422978128
-1.29849314889951
-1.47961030076122
-1.63355271341476
-1.75647477550118
-1.84544693595807
-1.89854677798895
-1.91491757425157
-1.89479242512488
-1.83948320693075
-1.75133470724484
-1.63364546227215
-1.49055789942835
-1.32692139113484
-1.14813271056606
-0.959959117720206
-0.768349870570462
-0.579242332655807
-0.398369022965788
-0.231071920655855
-0.0821300971064667
0.0443936910247473
0.145282437424051
0.218266127427857
0.262091487605314
0.276557979697436
0.262518882536585
0.22184745088508
0.157369285701376
0.0727631586391538
-0.0275664316946858
-0.138640766948421
-0.255077485522321
-0.371274608478264
-0.48160195348996
-0.580593632631312
-0.663135293593498
-0.724639935523607
-0.761206504476557
-0.769756037221596
-0.748140857388384
-0.695223210590804
-0.610920726326177
-0.496217181320378
-0.353138175980239
-0.184692485482379
0.00521902788935869
0.211923991097301
0.430124668355382
0.654064924911669
0.877712567519116
1.09495111729487
1.29977476001447
1.48648011297244
1.64984854984072
1.78531313213
1.88910469785668
1.95837233840637
1.99127433109255
1.98703656014848
1.94597652126246
1.86949212948567
1.76001570058646
1.62093461403322
1.45648125449799
1.27159583244002
1.07176657009307
0.862852478043088
0.650894515358596
0.44192130433837
0.241755746998745
0.0558288586786404
-0.110993104353868
-0.254562583836707
-0.371580707556544
-0.459699095303664
-0.517590176240523
-0.544983744049245
-0.542668583418841
-0.512459146694096
-0.457128405319128
-0.380309109540808
-0.286366725368884
-0.18024824610449
-0.0673118664391475
0.0468568657041351
0.156636361310172
0.256561463585323
0.341510741695217
0.406882434060688
0.448753242491722
0.464014740660117
0.450482894287669
0.406977071923388
0.333365925425585
0.230578605489934
0.100580914192837
-0.0536828536797451
-0.228380503438406
-0.418912026394313
-0.620055270071907
-0.826132444097225
-1.03119202870555
-1.22920014623549
-1.41423514384588
-1.58067902823922
-1.72339949393096
-1.83791659227584
-1.92054858905543
-1.96853223755465
-1.98011352948422
-1.95460595048805
