-0.288786913662506
-0.48317219966649
-0.686396029900979
-0.892673604912203
-1.09600667328035
-1.29037661205775
-1.46993869332768
-1.62921118720683
-1.76325311836198
-1.86782486230638
-1.93952632730457
-1.9759081993297
-1.97555260723538
-1.93812056432478
-1.86436462811524
-1.75610635676433
-1.61617929112653
-1.44833931808095
-1.25714533672052
-1.04781411932182
-0.826054101954184
-0.597883527539374
-0.369438874617564
-0.146779821303903
0.0643028944163089
0.258470453455353
0.431003810448656
0.57795095838613
0.696248812434533
0.783815754724503
0.839611843749099
0.863664751872498
0.857060617563429
0.821900148562269
0.761221450611459
0.678892146340442
0.579474354701039
0.468066990056328
0.350130582530558
0.231300393213372
0.117193980547893
0.0132195551867517
-0.0756085661496483
-0.144841330852694
-0.190747500427014
-0.210442353833917
-0.201988300187497
-0.164464078425693
-0.0980002521208495
-0.00377981330853872
0.115996146121209
0.258176590806742
0.418760311379929
0.593024054748116
0.775674831799456
0.961021424960615
1.14315948682932
1.31616417355139
1.47428400738129
1.61212962013008
1.72485119437601
1.80829878699163
1.85916027769748
1.87507241571651
1.85470131626661
1.79778975682524
1.70516970814844
1.57873967140148
1.42140754325262
1.23700085772501
1.03014732009604
0.806129519259078
0.570718548921448
0.329991957174624
0.0901419557718556
-0.14271986186811
-0.36275493174483
-0.564580992309333
-0.743440252455783
-0.895346982892991
-1.01720973376607
-1.10692421279354
-1.16343381929559
-1.18675588883723
-1.17797282610168
-1.13918845326891
-1.07345103995213
-0.984645571346748
-0.877358817957217
-0.756721660120257
-0.628233864399095
-0.497577082425762
-0.370422227139728
-0.252237564029309
-0.148103829951505
-0.0625424602132418
0.000637426555338605
0.0384682524879548
0.0489251615040748
0.0309958258059476
-0.0152834238570752
-0.0888263406622414
-0.187530428982889
-0.308344442310793
-0.447367507283722
-0.599976631039117
-0.760978417069769
-0.924780019435238
-1.08557373264101
-1.2375291654639
-1.37498669619312
-1.49264586239729
-1.58574250188172
-1.65020882762123
-1.68281117616129
-1.68126089805207
-1.64429473644734
-1.57172203733218
-1.46443721928533
-1.32439706672565
-1.15456356104001
-0.958814091170498
-0.74182195224371
-0.508911012714467
-0.2658892754465
-0.0188667484954007
0.22593644551081
0.462385473382543
0.684623346107354
0.887254355217084
1.06551242039834
1.21540887204371
1.33385486570956
1.41875445585248
1.46906531656601
1.48482515588282
1.46714299287002
1.41815561646473
1.34095068412144
1.23945900957372
1.1183195966148
0.982721866784589
0.838230274038984
0.690597074475856
0.545569405175133
0.408697010547618
0.285146931248654
0.179531240473869
0.0957534828640253
0.0368788563846706
0.0050323975609643
0.0013285108941451
0.025834154290481
0.0775668876070386
0.154527847152607
0.253768562662922
0.371489422450366
0.503166553500506
0.643702950287215
0.787598889571658
0.929136034534555
1.06256918103687
1.18231934637754
1.28316185489408
1.36040323665025
1.41004111997923
1.42890185387321
1.41475132395226
1.36637530218209
1.28362666694381
1.16743791386159
1.01979851347612
0.843697822224722
0.643035380579949
0.422501499690057
0.187432010497027
-0.0563581047699912
-0.302756787320117
-0.545546756891797
-0.778600900818485
-0.996074834547557
-1.19259036317472
-1.36340387083879
-1.50455415757177
-1.61298491528202
-1.68663786395715
-1.72451352875092
-1.72669769694277
-1.69435271617649
-1.6296739451426
-1.53581280732007
-1.4167689902278
-1.27725534110425
-1.12253990201782
-0.958270273901854
-0.790286075470989
-0.624425650538175
-0.466333363233407
-0.321273798944702
-0.193958960180147
-0.0883941184855388
-0.00774737007517723
0.0457528359533235
0.0708888465289277
0.0674913086288084
0.0364418106874395
-0.0203594122079392
-0.100059636460531
-0.198951487299237
-0.312599231497397
-0.435989367672286
-0.563700558635403
-0.69008731493632
-0.809471386633061
-0.916334566242666
-1.00550655810574
-1.07234172960871
-1.1128789226045
-1.12397905707915
-1.10343598549693
-1.05005693153604
-0.963709842437904
-0.845336067334472
-0.696927909219429
-0.521471748508945
-0.322858563725465
-0.105764742803428
0.124492948117342
0.362123524657497
0.601043666499764
0.835069399838172
1.05811133582344
1.26436710323897
1.44850470423576
1.60583081779281
1.73243856697262
1.8253299369195
1.88250885894025
1.9030419347878
1.8870848330486
1.83587351167873
1.75168057050079
1.63773817721872
1.49813010291231
1.33765641227237
1.16167524698523
0.975926888433014
0.78634586376393
0.598867248490013
0.419233506356903
0.252808187167001
0.10440257619379
-0.0218790377538521
-0.122770420690256
-0.195946500934729
-0.240095166061136
-0.254955417258364
-0.241320652933492
-0.201006997405995
-0.136787737210087
-0.0522960392806758
0.0481008342714975
0.159451665070975
0.276390822370376
0.393321626453678
0.504607492384246
0.604764559174022
0.688649460009016
0.7516360476642
0.789775250490529
0.799932786528515
0.779900188314583
0.728475465054137
0.645510723411394
0.531925150637192
0.389682898668753
0.221736558018983
0.0319380380547348
-0.175080261294697
-0.394050127253263
-0.619233354331726
-0.844603306030639
-1.06403630016903
-1.27150657649051
-1.46127848608217
-1.62808963122359
-1.76731897865408
-1.87513445927423
-1.94861523694342
-1.98584465637726
-1.98597083810082
-1.94923294561377
-1.87695227175717
-1.77148844101002
-1.63616216444223
-1.47514707698606
-1.29333419677588
-1.0961734404774
-0.88949737750847
-0.679332985325312
-0.471707558550576
-0.272455113869835
-0.0870296141382306
0.079668890367644
0.223449530748604
0.340962236353612
0.42980141424738
0.488578322543935
0.516959795827906
0.515672084405478
0.486469713067583
0.432070411937651
0.356058284248714
0.262758417117154
0.15708707744838
0.0443824353623695
-0.0697786042462364
-0.179771426103756
-0.280116291546907
-0.365666143568257
-0.431783442156117
-0.47450020175992
-0.490655953343457
-0.478009077122636
-0.43531782501889
-0.362388345502213
-0.260088105301715
-0.130324236992491
0.0240125084367644
0.199136396942864
0.390485058690161
0.592863696331831
0.800610454574659
1.00777755625435
1.2083222916993
1.39630162328724
1.56606404645125
1.71243243593098
1.83087189893344
1.9176371454866
1.96989455464345
1.98581494144913
1.96463398666636
1.90667834783309
1.81335659170822
1.68711523782731
1.53136134310069
1.35035415080822
1.14906933817973
0.933040291901797
0.70818159105472
0.48060045759819
0.256402326585767
0.0414968789644392
-0.158589137129572
-0.338886194670759
-0.495137707450787
-0.623932112550316
-0.72280702234651
-0.790322068697212
-0.826098088274914
-0.830821401198657
-0.806213078997277
-0.7549642450668
-0.680639563587389
-0.587552114894284
-0.480613792425153
-0.365166157901602
-0.246797331095157
-0.131150947429478
-0.0237334758181426
0.070273757951839
0.146191652037146
0.200003681243244
0.22849423840231
0.229360403475119
0.20129345120097
0.144027400842988
0.058352992729331
-0.0539033895418448
-0.189935182337109
-0.346043693548697
-0.517755875921523
-0.699967979944278
-0.887110394228762
-1.07332828503907
-1.25267212679457
-1.41929188899415
-1.56762852279281
-1.69259647641967
-1.78975125995396
-1.85543656714371
-1.88690612901506
-1.88241629914406
-1.84128632663408
-1.76392432875675
-1.65181809630059
-1.50749101422408
-1.33442452058904
-1.1369496206184
-0.920110984263362
-0.689508051758527
-0.451118322951012
-0.211108588112127
0.0243597485730818
0.249324909473252
0.458212220003779
0.646008715742146
0.808419197091803
0.941998656715939
1.04425677929913
1.11373112821043
1.1500266593665
1.15382030543484
1.12683051735623
1.0717527975404
0.992163372425331
0.89239419492733
0.777383405495277
0.652506183296617
0.523391560214735
0.395731228836363
0.275086636439935
0.166700711628327
0.0753204168972738
0.00503596412414042
-0.0408580176215396
-0.0599747934634246
-0.0509176154526959
-0.0133288906327287
0.0520952010551087
0.143625130681061
0.258552827716822
0.393279084092391
0.543430698111342
0.704003524957406
0.869526749592938
1.03424300032476
1.19229840004808
1.33793632426049
1.46568851111213
1.57055725309448
1.64818268971528
1.69498970618259
1.70830960883151
1.68647257197854
1.6288678061078
1.53596945250307
1.40932733009173
1.25152280966655
1.06609123116271
0.857413373946521
0.630579502285637
0.391230405174676
0.145380602113044
-0.100770530365604
-0.341033561724712
-0.569423396687596
-0.780346921343785
-0.968777797780424
-1.13041271987317
-1.26180404992344
-1.36046452909871
-1.42494066879597
-1.45485245516911
-1.45089810156671
-1.41482372741514
-1.34935898969574
-1.25812080702538
-1.14548835998129
-1.01645349054215
-0.876451427592332
-0.731177408030512
-0.586395223096764
-0.447743982029098
-0.320549441487939
-0.20964609751296
-0.119215882077284
-0.052648760204539
-0.0124298040115948
-5.64505100468793e-05
-0.0159886590323789
-0.0596336042085435
-0.129365406885368
-0.222579255389742
-0.335778140760068
-0.464689358988929
-0.604406956005065
-0.749555439094308
-0.894469379630324
-1.03338300925678
-1.16062358215911
-1.27080215059125
-1.35899548349722
-1.42091314619056
-1.45304424320024
-1.45277899071071
-1.4185011077678
-1.34964796965226
-1.24673652129535
-1.11135406879545
-0.946114216312253
-0.754579356230243
-0.541152215147134
-0.310939971105037
-0.0695953553762004
0.17686009436573
0.422224878189527
0.660312327790208
0.885145007431766
1.0911423917257
1.27329570963343
1.42732426365964
1.54980813900897
1.63829298967597
1.69136350174103
1.70868315864846
1.69099903539947
1.64011149231268
1.55880978683813
1.4507757362731
1.32045860863102
1.17292535916331
1.01369113534286
0.848535617122461
0.683311220900168
0.523749459749052
0.375271810459135
0.242811287908738
0.130650574152921
0.0422820049659248
-0.0197060017502093
-0.0537123597395415
-0.0591738445419205
-0.0365810936010187
0.0125404368145355
0.0856839209920059
0.179447253459611
0.289648941771233
0.411469986978078
0.53961708321078
0.668501767628262
0.792429627755933
0.905793342115878
1.0032632028942
1.07996885037068
1.13166623530505
1.15488430805768
1.14704659612171
1.10656365325082
1.03289331658356
0.926566761874931
0.789179466642757
0.623347340050661
0.432629419053266
0.221419625361994
-0.00518890870886551
-0.241562538682175
-0.48170366919975
-0.719439430970174
-0.948616328542636
-1.16329451749404
-1.35793538058243
-1.52757629056484
-1.66798686556841
-1.77580162744683
-1.84862474466031
-1.88510345363818
-1.88496777644594
-1.84903525435889
-1.77918056056798
-1.67827100326567
-1.55007004519084
-1.39911201085272
-1.23055209388424
-1.04999658348081
-0.863318874258959
-0.67646728699414
-0.495270993412445
-0.325250397825302
-0.171438179968311
-0.0382168518072612
0.0708218621686459
0.152991228731164
0.20659356877177
0.230971443592005
0.226524307858226
0.194690105502765
0.137892434958075
0.0594550395953024
-0.036513548894809
-0.145261407305691
-0.261555996700334
-0.379862954436828
-0.494535013927533
-0.600004830858234
-0.690975365727905
-0.762601551828689
-0.810657262578419
-0.831682073119949
-0.823102972559995
-0.783327003476154
-0.711801757508137
-0.609041708785687
-0.476619486144233
-0.31712233388518
-0.134075151624364
0.0681674008254025
0.284556233450998
0.509506191169137
0.737072298633777
0.961138142260976
1.17561024794298
1.37461211487
1.5526715753297
1.70489536701339
1.82712522113466
1.91607037292039
1.96941217101907
1.98587737387883
1.96527774433559
1.90851465502027
1.81754856068425
1.69533434171408
1.54572463836805
1.37334434110478
1.1834403445454
0.981711480272303
0.774124190377328
0.566719968262168
0.365420860457758
0.175839384426599
0.00309907044726643
-0.148328514427064
-0.274764944216312
-0.373439713431261
-0.442574884263792
-0.481436856362783
-0.490353592404652
-0.470696765525059
-0.424829444887157
-0.356021065547932
-0.26833250133602
-0.166475039541764
-0.0556479117398314
0.0586402620051056
0.17076023098303
0.27515485473652
0.36652947742448
0.440033663590536
0.491428306380717
0.517232598665429
0.514846017534596
0.482641291633995
0.420025271969089
0.327465678966123
0.20648281728505
0.0596064984825387
-0.109700447497942
-0.297149595247972
-0.497761789672712
-0.706025062508488
-0.916070450633164
-1.12185997892285
-1.3173806699137
-1.49683824296254
-1.65484417351139
-1.78658999819931
-1.88800316689465
-1.95587934464992
-1.98798683540809
-1.98313970984356
-1.94123724219446
-1.8632683618583
-1.75128096883788
-1.60831711040311
-1.43831613198407
-1.24598896180098
-1.03666763180768
-0.816134946299344
-0.590439857535772
-0.365704573745245
-0.147929693648104
0.0571962756190129
0.244476805636813
0.409370776002157
0.548134123436493
0.657935103059688
0.73693941966091
0.784362474685202
0.800487052596402
0.786645902964578
0.745169824961042
0.679302991248365
0.593088321506969
0.491226696892823
0.378914663441018
0.261665976761219
0.145122869244563
0.0348632571002944
-0.0637897631428239
-0.145949854829334
-0.207334825643658
-0.244413941754577
-0.25453031561747
-0.235994329166631
-0.188145004270411
-0.111377283726873
-0.00713430430528617
0.122135108241274
0.273052351274648
0.441415897375258
0.622335603871075
0.810390095718672
0.999802079686257
1.18462585816083
1.35894090894524
1.51704519630028
1.65364188481973
1.76401334130598
1.84417672365649
1.89101605633431
1.90238645962261
1.877187109422
1.81540052606498
1.71809689104223
1.58740323363083
1.42643847775893
1.23921645543611
1.03052004018197
0.805750497814992
0.570756961813206
0.33165158971088
0.0946164243995462
-0.134291745548683
-0.349332168162408
-0.545260338425316
-0.717491769391518
-0.862243995973387
-0.976652196876285
-1.05885468468509
-1.10804550128846
-1.12449243332766
-1.1095198948861
-1.06545727510468
-0.995554479136721
-0.903867464816135
-0.795117559431049
-0.67452919891567
-0.547651437499756
-0.420169106281123
-0.297709836943459
-0.185653300874783
-0.0889489398664425
-0.0119481848218608
0.0417433173514739
0.0693886056517391
0.069213389204141
0.0404680164520567
-0.0165446173535375
-0.100476153259894
-0.208974622942186
-0.338759713748774
-0.485728987329097
-0.64509157852329
-0.811524998734891
-0.979349908844483
-1.14271713573024
-1.29580080300357
-1.43299124387279
-1.54908136876095
-1.63944037228353
-1.70016907650651
-1.72823180655995
-1.72156046106653
-1.67912734836747
-1.60098438044449
-1.48826731632085
-1.34316488956184
-1.16885380286712
-0.969401689049443
-0.749641185376686
-0.515019213008466
-0.271426364151357
-0.0250119500359086
0.218009268417947
0.451552373674761
0.669853249080019
0.867648983822912
1.04034185421531
1.18414154805969
1.29618101130242
1.37460215976092
1.41860868519228
1.42848426203083
1.40557559349271
1.35224088634215
1.27176547476152
1.16824738842157
1.04645664282102
0.911672889070015
0.769506767397888
0.62571084062372
0.485986323223814
0.355791957354674
0.240161314809957
0.143534525781593
0.0696099605798465
0.0212207346988205
0.000240092281378446
0.00751877485314167
0.0428564322232771
0.105008015088086
0.191724940727312
0.299829681865528
0.425321331671974
0.563508680933172
0.709166439969863
0.856709477482158
1.00037935610959
1.13443703949586
1.25335544132557
1.35200548985612
1.4258295918072
1.47099679021787
1.48453450858911
1.46443253873515
1.40971583721593
1.32048371530582
1.19791410676825
1.04423274025322
0.862648191503504
0.657254907138728
0.432907340020173
0.195069281756699
-0.050356710172098
-0.297214241514205
-0.539286347291076
-0.770490802372675
-0.985071116933748
-1.17777699803247
-1.34402840294504
-1.48005784651358
-1.58302633604457
-1.65110916994279
-1.68354882203308
-1.68067321012952
-1.64387877960744
-1.57557898344199
-1.47911987172139
-1.35866557897057
-1.21905748152341
-1.06565165744497
-0.904139989962219
-0.740360788823134
-0.580105145004673
-0.428925371576318
-0.291951812804511
-0.173724027084517
-0.0780418760748992
-0.00784139799376471
0.0349004711386618
0.0492292117871042
0.0352420035039481
-0.00591797438197572
-0.0721020261546371
-0.160229867804975
-0.266394562845844
-0.385995011133986
-0.513891631480284
-0.644580117179754
-0.772377549752793
-0.891614749616354
-0.996828536419117
-1.08294757313759
-1.14546567669551
-1.18059688701644
-1.18540718265026
-1.15791849491009
-1.0971815788043
-1.00331531827192
-0.877511141949485
-0.722002367934783
-0.539999444358383
-0.335593169422155
-0.113629023335769
0.120443309068712
0.360740333333095
0.601129513382693
0.835422396492337
1.057569804567
1.26185273237685
1.4430627327955
1.59666591206021
1.71894519338279
1.80711621736021
1.859413109318
1.87514132875311
1.85469589217383
1.79954439262797
1.71217539000225
1.5960138780863
1.45530661036284
1.29498105128399
1.12048258117847
0.937595292707594
0.752252251712826
0.570341437868154
0.397513719555331
0.238999148282515
0.0994375830349491
-0.017270816799583
-0.108090344390038
-0.170945671823256
-0.204785823758199
-0.209614120952023
-0.186483132880839
-0.137454826700711
-0.0655272415865831
0.025469884353565
0.131007088838662
0.246010410516465
0.365034750131962
0.482449658173427
0.592631431227603
0.690155191604186
0.769980624428909
0.827625253375711
0.859319543730445
0.862138716213509
0.83410691745485
0.774270298247128
0.682736569051512
0.560679700346261
0.410309577324408
0.234807566764345
0.0382300710059474
-0.17461680672553
-0.398327414262655
-0.627066634370174
-0.854754361117258
-1.07525835649891
-1.28258919901611
-1.47109096570295
-1.63562142699466
-1.77171587535854
-1.87572924257802
-1.94495186951518
-1.97769515286584
-1.97334427769042
-1.93237632012277
-1.8563431364161
-1.74781960532199
-1.61031892303683
-1.4481777265193
-1.2664148066356
-1.07056803505565
-0.866514839870008
-0.660282101245569
-0.457851682535036
-0.264967952840573
-0.0869535895142286
0.0714603243244867
0.206284362494204
0.314396085747621
0.393636558101461
0.442874914069081
0.462038889462182
0.452110344766585
0.415085958106849
0.353904406892794
0.272342455976509
0.174883389552944
0.0665621307185862
-0.0472078431359759
-0.16082008411655
-0.268667142012051
-0.365332592711239
-0.445776800589742
-0.505510293865608
-0.540749037813116
-0.548546483950552
-0.526898034451768
-0.474814465142136
-0.392361867913946
-0.280666770907799
-0.141886236407233
0.0208561153105237
0.203566090545855
0.401503799688171
0.609333364234549
0.821292574893243
1.03137696702229
1.23353230545842
1.42184919326762
1.59075344719531
1.73518601896894
1.85076658165621
1.93393543287706
1.98206907437866
1.99356568714088
