-0.0134409847227323,-0.0134409847227323
-0.0150024123998753,-0.0116498866292295
-0.0163427735072348,-0.0096890223670002
-0.0174245581273858,-0.00757355069494437
-0.0182287664847822,-0.00533860473392536
-0.0187656088385821,-0.00302402681222716
-0.0189910969946364,-0.00065830407159686
-0.0189200474612735,0.00171637777516077
-0.0185535893907561,0.00406299666956656
-0.0178982498953217,0.00634551644834085
-0.0169617539823685,0.00852738633467072
-0.0157615971464545,0.0105753657410762
-0.0143163717866039,0.0124578392990634
-0.0126489013356073,0.0141465082720012
-0.0107842287811694,0.0156145401251098
-0.00875176872196783,0.0168396486829388
-0.00658273505128226,0.0178030084001767
-0.00430949063137471,0.018486379154442
-0.00196893240913277,0.0188826913958432
0.000402971816682873,0.0189841204118066
0.00276945172567434,0.018789103427796
0.00509421409964527,0.0183021410152104
0.00734080245144904,0.0175291925020175
0.00947141639330384,0.0164774235110485
0.0114497842770574,0.0151617218919349
0.0132469022184566,0.013608616443662
0.0148367959375519,0.011845139340242
0.0161950732326217,0.0098984877095974
0.0173001814224695,0.00779818498115678
0.0181371457459504,0.00557760468862851
0.0186911897994185,0.00327033934966175
0.0189537539255462,0.000912087493222094
0.0189187839577241,-0.001460616447643
0.0185898039403235,-0.00381066340731335
0.0179702599464057,-0.00610131344355665
0.0170698017014702,-0.00829696823437517
0.0159062682717201,-0.0103659928754278
0.014493090038845,-0.0122741755297719
0.0128534333222504,-0.013992500635566
0.0110108873813651,-0.0154924615746514
0.00898750922337759,-0.0167380486624133
0.00682592248748795,-0.0177221928500928
0.00455955975738359,-0.0184297807210478
0.00222313276105555,-0.0188480545825354
-0.000146626122900358,-0.0189774131987299
-0.00251375865340522,-0.0188100143147935
-0.00484127708907498,-0.0183484407907997
-0.00709407937346969,-0.0176023727652431
-0.00923467205903952,-0.0165776305377226
-0.0112310114789073,-0.0152948558728959
-0.0130523027633142,-0.0137738581832566
-0.0146712965096989,-0.0120386667857911
-0.0160621775983222,-0.0101153417979107
-0.0172036055067951,-0.00803390265518033
-0.0180780171872464,-0.00582626039996564
-0.0186672901500709,-0.00352515705166208
-0.0189658806273367,-0.00116829231737567
-0.0189682323086089,0.00120778026197228
-0.0186666979822247,0.00356483307411844
-0.0180697580131102,0.00586451207643529
-0.0171915222605188,0.00807126293803757
-0.0160456845543094,0.0101508390854966
-0.0146508054059584,0.0120718684893624
-0.0130266977539425,0.0138030162887249
-0.011200651340475,0.0153188814184331
-0.00920075780354382,0.0165962002143015
-0.00705708272423056,0.0176139670298879
-0.00480388685967964,0.0183585596296328
-0.00247546024734497,0.0188168664140355
-0.000107801557044288,0.0189817921275263
0.00226234745019945,0.0188487205510988
0.00459776374931289,0.0184219475151954
0.00686190228472058,0.017707179640648
0.00901964534391578,0.016715528727193
0.0110404337031478,0.0154667595435513
0.0128840323097723,0.0139680994318551
0.0145197657208452,0.0122457154362868
0.0159284447260294,0.0103341154341962
0.0170893188089866,0.00826323377781263
0.0179835847227584,0.00606467217584083
0.0185974866243551,0.0037723898290183
0.0189180995200794,0.00142144885266944
0.0189475702980725,-0.000950778829987801
0.0186806983406846,-0.00330795804689047
0.0181216503292276,-0.00561330271390516
0.0172829738076875,-0.00783275711460346
0.0161711081056129,-0.00992920201485469
0.0148072251751737,-0.011871188812282
0.0132123225083795,-0.0136287915345689
0.0114114725818914,-0.0151757093209592
0.00943184018360291,-0.016487274251868
0.00730404136261499,-0.0175431248127178
0.00505775247855713,-0.0183166425978896
0.00273168736975192,-0.0188005661975736
0.000364030461807178,-0.0189906750825438
-0.00200826355903032,-0.0188840019307042
-0.00434860482676458,-0.0184830123499018
-0.00661986688203819,-0.017791670494909
-0.00878690485558103,-0.0168232664269149
-0.0108161434631289,-0.0155928508995519
-0.0126772731684883,-0.0141205034475275
-0.0143400240352582,-0.0124272954977697
-0.0157796522617361,-0.0105408837886809
-0.0169740538348052,-0.00849022805629704
-0.0179027267363437,-0.00630591329883346
-0.0185534742245243,-0.00402307190875445
-0.0189149233806347,-0.00167666509159347
-0.0189814669638435,0.000697049112807176
-0.0187502817502653,0.00306120386222708
-0.018226405251214,0.00537858884187399
-0.0174151173921823,0.00761190056777259
-0.0163248916199144,0.00972309038191499
-0.0149773599734185,0.011679272737329
-0.0133980335239911,0.0134523645819255
-0.0116113098790903,0.0150151247010794
-0.00964450962112046,0.0163434327603206
-0.00752854405977902,0.0174178134843369
-0.00529566987555171,0.0182206989770419
-0.00298034192941106,0.0187397171654155
-0.000618035402520581,0.0189625368685613
0.00175349288017207,0.0188919604390856
0.00409755069624637,0.0185259058019448
0.00637762259451189,0.017870116652148
0.00856064646281439,0.0169396221116803
0.0106103752355936,0.0157424576034402
0.0124957204007097,0.0142995602960076
0.0141876574291237,0.0126330729016414
0.0156607679095657,0.0107690046387086
0.0168756725130002,0.008727253655887
0.0178254232635577,0.0065504932899024
0.0184961225107929,0.00427307665133573
0.018882585520215,0.00193098975288064
0.0189739278482643,-0.000440616311380019
0.0187687214323836,-0.00280475430060216
0.0182716229388739,-0.00512518044136256
0.0174873720764307,-0.00736490226773011
0.0164306282531314,-0.00948935150525495
0.015117760120558,-0.0114656637468203
0.0135702824313095,-0.0132645997684258
0.0118104660071548,-0.0148569482765787
0.00986637197793222,-0.0162186592398412
0.00776778350738342,-0.0173288096454475
0.00554574547716629,-0.0181672734991915
0.00323626002868466,-0.0187232640317065
0.000874912941006658,-0.0189861298273484
-0.00150057452372362,-0.018940209632121
-0.00385161707643347,-0.0186001878823818
-0.00614133835221045,-0.0179700311237932
-0.00833407097195976,-0.0170595795305392
-0.0103966420562793,-0.0158840747337868
-0.0122948403751088,-0.0144587745752967
-0.0140010278950541,-0.0128092241588187
-0.0154889980419131,-0.0109608290717301
-0.0167353605295093,-0.00894161352208339
-0.0177218991921522,-0.0067834484483805
-0.018432411395033,-0.00451928184894483
-0.0188559256651427,-0.00218401552901495
-0.0189808695978929,0.000186476798002922
-0.0188107280178191,0.00255410406696365
-0.0183463648513412,0.00488197498839565
-0.0175950728183341,0.00713389735920594
-0.0165742660510045,0.00927785727787281
-0.0152935295465679,0.0112785121863169
-0.0137660845085214,0.0130980417500215
-0.0120189259616312,0.014707246726957
-0.0100858803749025,0.0160864997363843
-0.00799719275596267,0.0172146455747798
-0.00578509185707988,0.018074366318604
-0.0034831771321513,0.0186502169849381
-0.00112818714258734,0.0189385516357908
0.00124416064329297,0.0189308491418369
0.00359690319687703,0.0186272348182215
0.0058943081548815,0.0180347997012478
0.00809962767901276,0.017159052974807
0.0101788519951452,0.0160156918837123
0.0120998631562934,0.0146223674993394
0.0138344839359572,0.0130019412007865
0.0153545574646656,0.0111778405056416
0.0166367755913404,0.00917857485297009
0.0176531955502639,0.0070314022337457
0.018387080729953,0.00477189861845346
0.0188337305888935,0.00243932488828696
0.0189862420271467,6.99698089886729e-05
0.0188424356205334,-0.00229952637806123
0.0184052598490193,-0.00463251020914475
0.0176809371722919,-0.00689241489675067
0.0166807495375468,-0.00904410666965858
0.0154218720271261,-0.0110555339009492
0.0139208773715023,-0.0128934794142394
0.0122034079403533,-0.0145307704361033
0.0102958387931454,-0.0159422598096565
0.00822682548568721,-0.0171052000066674
0.00602918751841145,-0.0180026277651975
0.00373659154583924,-0.0186198313237679
0.00138434130968525,-0.0189472565798246
-0.000991313140535638,-0.0189742687910305
-0.00335200964459062,-0.0187050950125748
-0.00566079979043657,-0.0181433214263192
-0.00787971552821223,-0.0172929899646651
-0.00997174031071067,-0.0161673034953792
-0.0119069670900666,-0.0147910388403691
-0.0136555876202177,-0.0131855175366569
-0.0151910358579138,-0.0113756205135992
-0.0164896957037723,-0.00938929448503949
-0.017531394557736,-0.00725734769865307
-0.0183001166504862,-0.00501261764113566
-0.01878031922775,-0.00268903192244752
-0.0189699123635781,-0.000324093361774712
-0.0188629224361254,0.00204595223556825
-0.0184610416899125,0.00438421897037724
-0.0177740239000449,0.00665565913523881
-0.0168081254751509,0.00882387000413613
-0.015579788184754,0.0108553694918009
-0.0141079131611713,0.0127188192945549
-0.0124166138218099,0.0143870806551211
-0.0105209239288209,0.015818953578457
-0.00846107694322844,0.0170008328191964
-0.0062708585136753,0.0179167874138263
-0.00398501712748531,0.0185562691490447
-0.00163777817488173,0.0189059318427139
0.000734373116840109,0.0189603641878094
0.00309476727378987,0.0187190015450177
0.00540668842985234,0.0181856223912935
0.00763394699822667,0.0173684286147001
0.00974198268399515,0.0162801127047268
0.0116998699423511,0.014939665866387
0.0134753849552499,0.013364936563729
0.0150418555318074,0.0115817388126512
0.0163752184369313,0.00961738241486318
0.0174532847892591,0.00750109269207672
0.0182603509371612,0.00526663091149708
0.0187692964526387,0.00294610620952776
0.0189826243097939,0.000580688842741897
0.0189041690836144,-0.00179273701034257
0.0185303274008413,-0.00413741422262292
0.0178669133595571,-0.0064167012661169
0.0169257103285293,-0.00859601073590636
0.0157167157519711,-0.0106386949031498
0.0142636885648089,-0.0125149509819276
0.0125890548888051,-0.0141959023138068
0.01071861430609,-0.0156558778613629
0.00868132304333111,-0.0168724076801683
0.00650860511790808,-0.0178264021672276
0.00423387042243971,-0.0185031671798072
0.00189137526709272,-0.0188869381803497
-0.000480609415050456,-0.0189772143878122
-0.00284535962404363,-0.0187707276819048
-0.00516611782565126,-0.0182707503704482
-0.0074087047648603,-0.0174899129744246
-0.00953715342190422,-0.0164351823706529
-0.0115128888826515,-0.0151160921686296
-0.0133040973976501,-0.0135560851015925
-0.014886178757439,-0.0117852330164153
-0.0162357555614015,-0.00983236880720474
-0.0173321276666807,-0.00772759738536717
-0.0181569394482778,-0.00550275831710864
-0.018701050080523,-0.00319342248697054
-0.0189531053054327,-0.000834488532875341
-0.0189092017411122,0.00153740785399682
-0.0185706277092868,0.00388566865026068
-0.0179419877778043,0.00617361011557191
-0.0170332020558361,0.00836546984842035
-0.0158583440931386,0.0104272988488252
-0.0144380929916228,0.012329286023781
-0.0127915489027106,0.0140402023760283
-0.0109447816779464,0.0155339257447691
-0.00891903598537369,0.0167746038602273
-0.00675351599564985,0.0177503330501408
-0.00448421302420538,0.0184488764390152
-0.00214631188031364,0.0188594761070782
0.000224070948918143,0.0189748067225045
0.00259034131548892,0.0187970647513375
0.00491565656341262,0.0183256039310676
0.00716375483024608,0.0175677725486845
0.00930115765375245,0.0165377606985856
0.0112921771198931,0.0152469968554418
0.0131073439937078,0.0137190026456845
0.0147187396804576,0.011977279223657
0.0161015197846659,0.010048460907799
0.0172343701923847,0.00796250865300271
0.0180993853418622,0.00575150746508887
0.018683213262143,0.00344940488898269
0.0189697628835789,0.00109079879548659
0.0189601726696134,-0.00128527717742401
0.0186521888501625,-0.00364132945921535
0.0180496047710152,-0.00593972930647331
0.0171603963076148,-0.00814253312876952
0.0160046627739593,-0.0102169193336211
0.0146003626232883,-0.0121308292455405
0.0129696542164106,-0.0138553864080759
0.0111369985419773,-0.0153631523231541
0.0091316660810627,-0.0166315106515302
0.00698450572769108,-0.0176409874770012
0.00472775037122232,-0.0183734648717072
0.00239778546415375,-0.0188212495561644
3.01549638184122e-05,-0.0189750930158993
-0.00233840026738429,-0.0188326162807982
-0.00467147114353747,-0.018397202443004
-0.0069324991116018,-0.0176742620543341
-0.00908618497733281,-0.0166751863439584
-0.0110992283684627,-0.0154154014162819
-0.0129423184185577,-0.0139165028297763
-0.0145705165301564,-0.0121866875782637
-0.0159707547041892,-0.0102689759994891
-0.0171213010512437,-0.00819265736897942
-0.0180066212296261,-0.00599060706511704
-0.0186109239585045,-0.00369596576080748
-0.0189248854608043,-0.00134427558101581
-0.0189421502978816,0.00102806964746651
-0.0186656884085518,0.00338418676067354
-0.0180975380404203,0.00568727193160015
-0.0172465527342638,0.0079014843175699
-0.0161291433706349,0.00999444949920399
-0.0147581529234672,0.0119314315542204
-0.0131570042733891,0.0136833350961851
-0.011350245614152,0.0152232272004242
-0.00936526757498569,0.0165270195463026
-0.0072330350948455,0.0175745751133857
-0.0049813205406046,0.0183314318167979
-0.00265368428637319,0.0188013564747025
-0.000286384256947869,0.018984155544372
0.00208491323726049,0.0188701226451278
0.00442310983654109,0.0184609820302505
0.00669249310088221,0.0177646206392958
0.00885518461460103,0.0167864097720256
0.0108790014463341,0.0155472149531375
0.0127327046988922,0.0140662217123574
0.0143884538776824,0.0123667962356295
0.0158199211454855,0.0104744963898062
0.017005332071937,0.00841909404978795
0.017926464438476,0.00623215076242548
0.0185653711345233,0.00394628501104528
0.018915864763187,0.00159868154189483
0.0189708984122095,-0.000774512842794223
0.018729634641201,-0.00313649835041225
0.0181977961574534,-0.00545119312757822
0.0173815622397941,-0.00768225425713567
0.0162829191032366,-0.00978855280970204
0.0149294284397942,-0.011740279501688
0.013342372257148,-0.0135064762944243
0.0115490050154364,-0.0150615217120036
0.0095769720065094,-0.0163815591214764
0.00745612664318313,-0.0174454470426953
0.00522022940163745,-0.0182389912541445
0.00290311726450243,-0.0187480056407211
0.000540651258258929,-0.0189646215006952
-0.00183054512406106,-0.0188837695368392
-0.00417341532478779,-0.0185091890732242
-0.00645130446112141,-0.0178453260950039
-0.0086288341053733,-0.0169025106005026
-0.0106747109903531,-0.0156991672114522
-0.0125551450595268,-0.01424955222081
-0.0142414729846261,-0.0125771455122931
-0.0156985103470729,-0.0107011230013328
-0.0169044277913322,-0.00865487240126232
-0.0178463680230844,-0.00647544051917941
-0.0185098585494227,-0.00419653602476935
-0.0188824910705783,-0.00185308452725901
-0.0189656604874592,0.00051807001695449
-0.0187522353347504,0.00288084766300749
-0.0182455170665273,0.0051983272361043
-0.0174561577435971,0.00743573506977881
-0.016390179008444,0.00955552532410228
-0.01506908997257,0.0115261473521557
-0.0135132779660086,0.0133172163771765
-0.01174720637546,0.0149018710655177
-0.00979753601533801,0.0162549253331178
-0.00769460331106865,0.0173555369861496
-0.00547065134408653,0.0181867637383153
-0.00315869037455512,0.018730781555854
-0.00079667789258587,0.0189829902626287
0.00157867602685983,0.0189383693340638
0.00392864250239125,0.018588734071213
0.00621561377764169,0.0179469813088597
0.00840420152775289,0.0170259237463186
0.0104604635718879,0.0158399141472728
0.0123534071829037,0.0144080980979828
0.0140522491578643,0.0127510126982872
0.0155319884650949,0.0108962302744195
0.0167699154822883,0.0088722787237657
0.0177454352749792,0.00670954929649644
0.0184457608690355,0.00444267286521311
0.0188583850356499,0.00210616151962661
0.0189769169567848,-0.000263844353522025
0.0187979160929363,-0.00263056312395857
0.0183258671796045,-0.00495688726029843
0.0175673447216201,-0.00720640858267171
0.0165341260950253,-0.00934425408834893
0.0152464165612642,-0.0113401683724931
0.0137089593164386,-0.0131509399930507
0.0119556032918358,-0.0147524231828838
0.0100174796812071,-0.0161232629298412
0.00792500269321273,-0.0172434440750871
0.0057100193328433,-0.0180946273035214
0.00340675039509302,-0.0186637130905093
0.00105050855627863,-0.0189386174153529
-0.00132138620360982,-0.0189216535437573
-0.00367244500214843,-0.0186087699188125
-0.00596599077018514,-0.0180048551732388
-0.00816825088661343,-0.0171231853932028
-0.0102424299993925,-0.0159711432290242
-0.0121574008823751,-0.0145701605841214
-0.0138836672597676,-0.0129417876772721
-0.0153952865217325,-0.0111114778789382
-0.0166682313919416,-0.00910698578603618
-0.0176826635068824,-0.00695924654328186
-0.0184051114592431,-0.00469645587251702
-0.0188437735545483,-0.00236228887182929
-0.0189879263982904,7.82068772392172e-06
-0.0188353116207952,0.00237687008326692
-0.0183892501329107,0.00470836582530757
-0.0176539523761679,0.00696512339447322
-0.0166437768506136,0.00911234487215857
-0.0153744110938223,0.0111167827372255
-0.0138664871353521,0.0129485215949836
-0.01214175800046,0.0145778429449203
-0.0102281706964381,0.0159804142725675
-0.00815509489097338,0.0171346973728511
-0.0059534074797819,0.0180205372901674
-0.00365860337988666,0.0186265613346292
-0.00130587069440538,0.0189420867084496
0.0010684214852515,0.0189622168778583
0.00342741857807123,0.0186853429708108
0.0057340420733398,0.0181167196241272
0.00794848593636448,0.0172566224133504
0.0100372748265974,0.01612576557526
0.0119663778374909,0.014741044150972
0.0137080417686287,0.0131281609542977
0.0152355152729533,0.0113120156041422
0.0165251020467335,0.00932031158181814
0.0175580524679029,0.00718442321474508
0.0183173264347365,0.00493686998261659
0.0187912169816824,0.00261233985240498
0.0189682931860504,0.000246539093170858
0.0188515204254517,-0.00212283722820239
0.0184399189234701,-0.0044590240852803
0.0177399407912832,-0.00672564670056662
0.016767306643052,-0.0088899588193262
0.0155309792914612,-0.010916074179711
0.0140521313013778,-0.0127732038201298
0.0123534368391749,-0.0144327679681565
0.0104567686557026,-0.015862937339074
0.00839180655841995,-0.017036281994917
0.00619797255452115,-0.0179436569735594
0.00390875894403793,-0.0185699248349
0.00156037690746833,-0.0189107844320579
-0.000811834268183498,-0.0189560552906005
-0.00317087240620996,-0.018705025027034
-0.00548067413182875,-0.0181633202950357
-0.00770424111890227,-0.0173359296253403
-0.00980735464417263,-0.0162384093116325
-0.0117574990498184,-0.0148877445954905
-0.0135258327406995,-0.0133059640606657
-0.0150836964625403,-0.0115159888392966
-0.0164074712884628,-0.00954618452865402
-0.0174768115383296,-0.00742672049831053
-0.0182718777749843,-0.00518890711550901
-0.0187827042279798,-0.00286910371449746
-0.0189925891446132,-0.000502935566400417
-0.018900772043243,0.00187042420822796
-0.0185149836023362,0.00421359593213597
-0.0178404459382575,0.0064898309242863
-0.0168876876021999,0.00866369782188718
-0.0156726557735493,0.0107024023219669
-0.0142113784185836,0.012572212853339
-0.0125296163366825,0.0142458271142819
-0.0106532546500618,0.0156975427302717
-0.00861066237181793,0.0169043525606532
-0.00643416118973381,0.0178487628265381
-0.00415697448369387,0.0185151612122383
-0.00181421085456755,0.0188932502789794
0.000558047310542951,0.0189724235466555
0.00292178924671131,0.0187563658776263
0.00524012653989861,0.0182469473019379
0.00747703521621629,0.0174521547949551
0.00960084404024066,0.0163900528855206
0.0115752323662955,0.0150693508798739
0.0133589381032322,0.0135009954688096
0.0149335509241139,0.0117238611229662
0.016274949282979,0.00976540616810889
0.0173623977076687,0.00765611350265816
0.0181791953503408,0.00542852278276497
0.0187101782806167,0.00311645666830805
0.018952594322384,0.000756879316046672
0.0188987200822794,-0.00161432278775928
0.0185494030217231,-0.00396020216587197
0.0179128110909007,-0.00624529594093308
0.0169946928921558,-0.00843289612117719
0.0158114969105585,-0.0104893378721868
0.0143814726798838,-0.0123828715744815
0.0127279498933499,-0.0140857097642903
0.0108749863767694,-0.0155702514812148
0.00885141709797739,-0.016813648809537
0.00668176071162818,-0.0177800869943224
0.00440936760450389,-0.0184699492326455
0.00206941615356132,-0.0188712803265998
-0.000301682256764984,-0.0189778723844009
-0.00266726793717256,-0.0187883576149809
-0.00499064720944209,-0.0183059364479739
-0.00723542742949046,-0.0175379552975997
-0.00936673442268859,-0.0164963675532817
-0.0113529017818091,-0.0151989965633687
-0.0131611961667053,-0.0136631589221938
-0.0147647976236791,-0.0119147471630002
-0.0161390775827309,-0.00998059606110671
-0.0172616329703651,-0.0078896745020105
-0.0181162294897459,-0.00567524364717279
-0.0186888043763201,-0.00337125188094252
-0.0189704872933292,-0.00101318531012434
-0.0189517134740872,0.00136252313597222
-0.0186340606391882,0.00371705553749993
-0.0180214001964884,0.00601221510191983
-0.0171277038561179,0.00821294418941285
-0.0159623807941293,0.0102820501421608
-0.0145496162025318,0.0121896972829699
-0.0129112739259679,0.0139065157243751
-0.0110726753378328,0.0154063680014699
-0.00906228871309058,0.0166662820781026
-0.00691118654954961,0.0176665556377598
-0.00465249637289539,0.0183918012877296
-0.00232036767480441,0.0188266998162427
4.74771126016519e-05,0.0189700775297169
0.0024146508274084,0.0188168318436483
0.00474431241661866,0.0183693833626563
0.00700177894099363,0.0176386604268753
0.00915072603574444,0.0166311389288027
0.0111580075604039,0.0153638901968043
0.0129926726815904,0.0138563970732891
0.0146238006420912,0.0121297291738815
0.0160155821014559,0.0102052501676271
0.0171571672614489,0.00812374035048754
0.0180302843451754,0.0059169086091933
0.018625205301986,0.00361981079692712
0.0189292116438568,0.0012668964415418
0.0189375957585575,-0.00110525253870185
0.0186507164696805,-0.00346000059940665
0.0180726019954988,-0.00576063319085461
0.0172124574065501,-0.00797117112680824
0.0160836309031296,-0.0100573359890939
0.0147056947386812,-0.0119885821414736
0.0130972263985524,-0.0137331752828024
0.0112843333051976,-0.0152648234139106
0.0092947668971654,-0.0165599969317461
0.00715804044246204,-0.0175968153205118
0.00490687104733154,-0.0183548341337428
0.0025771717755893,-0.0188163264327846
0.000208872412136045,-0.0189838035569927
-0.0021617495590697,-0.0188588994633703
-0.00449785483792717,-0.0184393598247673
-0.0067629608898478,-0.0177317188349108
-0.00892282850956336,-0.0167485883794504
-0.0109412324721939,-0.0155008225344006
-0.0127886617989207,-0.0140123145456318
-0.0144366940359712,-0.0123060166907075
-0.0158600547352631,-0.0104081255674256
-0.0170369285618162,-0.00834811320133356
-0.0179487467934798,-0.00615768959715223
-0.0185814558696622,-0.00387053506309073
-0.0189194733769031,-0.00152113484989914
-0.0189632503030778,0.000852034255390313
-0.0187104435749166,0.00321214361967206
-0.0181650597998983,0.00552250992045116
-0.0173409908924571,0.00774942204203161
-0.0162453928190456,0.00985702158150531
-0.0148820888538416,0.0118020002080912
-0.0132882163303993,0.0135620180791244
-0.0114877617419778,0.0151091463872839
-0.00950979828778629,0.0164203963413874
-0.00738480960859044,0.0174756512662473
-0.00514490892129062,0.0182569312519591
-0.00282596125649614,0.0187559457711013
-0.000463070961888219,0.0189620111429704
0.0019070547673201,0.0188719364226329
0.00424791497336307,0.0184880476909452
0.00652286718320501,0.0178151854084129
0.0086963882415709,0.0168641641964355
0.0107348330431038,0.0156496983797791
0.0126087539823824,0.0141929711247633
0.014287420012549,0.012513806477497
0.0157440294960164,0.0106378763627978
0.0169396949415145,0.00858577338257589
0.0178730851260607,0.00640254133611341
0.0185273911039797,0.00412086104732429
0.0188925298988479,0.00177611649619694
0.0189619430281927,-0.000595443634783681
0.0187380284689542,-0.0029571974705994
0.0182213575101113,-0.00527229199217481
0.0174199835465212,-0.007504648336266
0.0163488179579357,-0.00962112941879576
0.0150201394085345,-0.0115864694381669
0.0134576852210792,-0.0133715179853108
0.0116854678872056,-0.0149488273983026
0.00973047901975382,-0.0162939171661652
0.00762319249824963,-0.0173861472993631
0.00539599622697054,-0.0182081842354418
0.00308308895399859,-0.018747330165857
0.000719313201571506,-0.0189876514841528
-0.00165577762339671,-0.0189273827725343
-0.00400428079628398,-0.018570654077483
-0.00628987111657549,-0.017924015888219
-0.00847427168908436,-0.0169923695210054
-0.0105251730912273,-0.0157968439054157
-0.0124108973470281,-0.0143560006440544
-0.0141029949612694,-0.0126925179772516
-0.0155746382989931,-0.0108314654641531
-0.0168036403772386,-0.00880238577235185
-0.0177711261905213,-0.00663649009698069
-0.0184593396946051,-0.00436628448350834
-0.0188614820650743,-0.00202842875406343
-0.0189690013581096,0.000341355865203674
-0.0187802401441125,0.00270628246009125
-0.0182997335777863,0.00503011403901199
-0.0175331019775326,0.00727636986889049
-0.0164925375136488,0.00941001367044515
-0.0151940926074987,0.0113980716850566
-0.0136559416233893,0.0132078550292814
-0.0118954076896227,0.0148017084953523
-0.00995144912498447,0.0161641000287831
-0.00785371184318352,0.01727375860783
-0.00563545473105317,0.0181159449401018
-0.00333005152701694,0.0186753942464331
-0.000973223289445885,0.0189434697371242
0.00139853346853893,0.0189147517865642
0.00374836509865322,0.0185924030063063
0.0060395207815989,0.0179795482221551
0.00823636658180491,0.0170857314533097
0.0103068494091448,0.0159279615395006
0.0122166564435458,0.0145199371483973
0.013937051007174,0.0128853915680754
0.0154415895058028,0.011049370402759
0.0167065146394207,0.00903958572843121
0.0177064909492608,0.00688520342894903
0.0184193011258266,0.00461996423803945
0.01884374690315,0.00228435559756889
0.0189805085183843,-8.53317433374606e-05
0.0188204751476047,-0.00245329334796579
0.01836608377211,-0.0047824769452895
0.0176260784717457,-0.00703740798447071
0.016606039511577,-0.00918009623396342
0.0153278615448008,-0.011178904410008
0.0138113215763887,-0.0130029946644385
0.0120802482376812,-0.0146249257548506
0.0101608130488249,-0.0160190089343414
0.00808309112662255,-0.017163944771346
0.00587899058322211,-0.0180421273886701
0.00358141238048479,-0.0186359763694176
0.00122778596471752,-0.0189402606719966
-0.0011456052621956,-0.0189486344466157
-0.00350194218331025,-0.018660991281101
-0.00580540472169327,-0.0180843158406308
-0.00801975779563918,-0.0172249568473946
-0.0101030992611901,-0.0160843658591595
-0.0120274495834561,-0.0146931773295457
-0.0137619537369827,-0.0130723437215381
-0.0152813802009662,-0.011249387314937
-0.0165624203034915,-0.00925240477911538
-0.0175843949744844,-0.00711160022247635
-0.0183339582739131,-0.00486110008004382
-0.0187974622556625,-0.00253495414304658
-0.01896773845549,-0.00016918207511155
-0.0188408377480139,0.00219953380531367
-0.0184206685669444,0.00453422655142781
-0.0177126371776839,0.00679835059611286
-0.0167277497089666,0.00895675922217986
-0.0154848865175657,0.0109784454183937
-0.0139991777395874,0.0128300463420578
-0.0122945239267668,0.014483312798798
-0.0103888284912938,0.0159005548137811
-0.00832007522973064,0.0170661890975231
-0.00612327717688413,0.0179653439578572
-0.00383242070825624,0.0185841983775972
-0.00148267226896775,0.0189110646077834
0.000889143091199927,0.0189477478565871
0.00324677149413024,0.018688127744145
0.0055533781992611,0.0181362313283204
0.00777445426717273,0.0173034793203759
0.00987264069273806,0.0161966336591674
0.0118167963593372,0.0148377030707865
0.0135769589339198,0.0132476445716034
0.0151266397339247,0.0114513297398362
0.0164413119638025,0.00947602594043081
0.0175006372787471,0.00735238030062697
0.0182883015587346,0.00511295817228874
0.0187867844477866,0.00279104102924869
0.0189924543816685,0.000424823439055198
0.0188991795271139,-0.00194866974710729
0.0185041140779619,-0.00429088199151068
0.0178177619237388,-0.00656430699856278
0.0168542007957602,-0.00873392476868443
0.0156284371122365,-0.0107661090253571
0.0141601818501198,-0.0126302451781461
0.012470689893675,-0.0142961161591694
0.010587825224362,-0.0157391327118995
0.00854054422978311,-0.0169371478980545
0.00635956300896777,-0.0178699866813299
0.00407986549664658,-0.018525721058131
0.00173617272314792,-0.0188924444295475
-0.000635245231384894,-0.0189644750460329
-0.00299760055526551,-0.0187395761254423
-0.00531390426268881,-0.0182224137473025
-0.00754790567647276,-0.0174204161086923
-0.00966498952955161,-0.016346020967745
-0.0116351945200492,-0.0150198398924481
-0.0134130973768856,-0.0134451474786386
-0.0149797173603294,-0.0116613932753274
-0.0163121681383865,-0.00969739793195803
-0.0173911906705712,-0.0075840441418224
-0.0181989112333477,-0.00535341984490062
-0.0187228931938413,-0.00303999832694385
-0.0189519867866425,-0.000679329721020814
-0.018888619416153,0.00169134069408114
-0.0185298750436468,0.00403540222152598
-0.0178813590898952,0.00631630173225985
-0.0169570025011335,0.00850053545426043
-0.0157651757655963,0.0105516600310371
-0.0143275814618864,0.0124388759990695
-0.0126663156554962,0.0141331267448853
-0.0108071958971499,0.0156088176704353
-0.00877856188615004,0.0168425777831359
-0.00661001378737905,0.0178106706039372
-0.00433375677117515,0.0184871226719427
-0.00199228600942791,0.0188803481463013
0.000379455248558799,0.0189784705115231
0.00274442775069798,0.0187799419857999
0.005066254686669,0.0182889419806056
0.0073076848189318,0.0175099156881625
0.00943429767238475,0.0164582996955729
0.0114131844781282,0.0151504132200786
0.0132148168902397,0.0136074158760627
0.0148100425514739,0.0118517408530605
0.0161749572110651,0.0099116388247386
0.0172885973793669,0.00781688205780471
0.0181311634262872,0.00559864107591044
0.0186921345360359,0.00329275731725206
0.0189615149972279,0.000934629602209291
0.0189351240307918,-0.00143927402101098
0.0186126114224412,-0.00379214886676539
0.0179976693788048,-0.00608646115078358
0.0170923914948321,-0.00828219998651792
0.0159212445661085,-0.0103478479585397
0.0144997362880303,-0.0122491599475362
0.012853790816263,-0.0139587302856259
0.0110088045063958,-0.0154503067851856
0.00899285885675769,-0.0167006212874944
0.00683778175770238,-0.0176916738142928
0.00457634909859511,-0.0184069551938776
0.00224347297558726,-0.0188354304865684
-0.000124924811070882,-0.0189666558038711
-0.002491236075477,-0.0188037553070469
-0.00481865799098881,-0.0183467941898472
-0.0070709697135436,-0.0176029267706133
-0.00921572756666084,-0.0165884943278449
-0.0112174081791717,-0.015313390997753
-0.0130455455933131,-0.0137990826850677
-0.0146720151381088,-0.0120687690582327
-0.0160582441213073,-0.0101402683096638
-0.0171911522417028,-0.00805380135133466
-0.0180557475995392,-0.00584357345437993
-0.0186372780158106,-0.00354331568051189
-0.0189323622998388,-0.0011894362089407
-0.0189314909227625,0.00118255648779427
-0.0186346687761723,0.00353565609941697
-0.0180484926848283,0.00583400429013481
-0.017178180336733,0.00804058420071454
-0.0160402094393497,0.0101215551971815
-0.0146521775111172,0.0120447612919099
-0.013036595491162,0.0137817439979061
-0.0112170402370426,0.0153044136360099
-0.00922220077189441,0.0165896062218092
-0.00708262622682549,0.0176175633393569
-0.00482989914718047,0.0183687451630805
-0.00250071876523644,0.0188340439495303
-0.000130997070976113,0.0189929505211446
0.00223947131650302,0.0188552035642161
0.0045739882608432,0.0184237179678534
0.00683596290180007,0.0177049731246067
0.00899021049957392,0.0167101825170537
0.0110042983230375,0.0154559491584968
0.0128449853387232,0.0139590814900546
0.014485330538567,0.0122455942687676
0.0159001457327106,0.0103418480586968
0.0170668126158052,0.00827655512038202
0.0179685914025879,0.00608247967770148
0.0185904610974003,0.00379311009459224
0.0189228061688977,0.00144375324871379
0.0189561023179508,-0.000929317719435585
0.0186942209547025,-0.00328820942546325
0.0181399641082181,-0.00559606942843967
0.0173020059480847,-0.00781705491906811
0.0161989706672094,-0.00991981446052242
0.0148338592350406,-0.0118631171082356
0.0132318791589411,-0.0136155052903715
0.0114252303526402,-0.0151549192483315
0.00944190362010326,-0.0164579029207141
0.00731262578414235,-0.0175041520976289
0.00507024240173154,-0.0182775914571917
0.00274881009620574,-0.0187633803826188
0.000385484229395279,-0.0189597069016612
-0.00198370491947423,-0.0188595971614289
-0.00432183629813262,-0.0184646222249104
-0.00659374570636207,-0.0177840208032135
-0.0087627465405511,-0.0168237536709725
-0.0107955479214559,-0.0156010619469177
-0.0126607800037009,-0.0141347898248944
-0.0143310242084261,-0.0124486985175272
-0.0157792568432578,-0.0105674869708394
-0.0169802776756233,-0.00851890686680422
-0.0179014328343391,-0.0063302726370481
-0.0185469502078852,-0.0040456586139909
-0.0189027212526677,-0.00169904953908779
-0.0189632377567904,0.000673027187504813
-0.018727981831133,0.00303391357472036
-0.018200382192885,0.00534687816071779
-0.0173889190550786,0.00757572963607491
-0.0163062143143888,0.00968586400848019
-0.0149706808860254,0.0116459750546153
-0.0134003970659033,0.01342382605088
-0.0116215512780217,0.0149929830551355
-0.00966143468081289,0.016329347179078
-0.00754933158828099,0.0174108682183735
-0.00531893649156728,0.0182220808523396
-0.00300446428073887,0.0187495694162165
-0.000641574753774494,0.0189851563333169
0.00173297623188932,0.0189186978496247
0.00407961929106548,0.018551091824425
0.00636147988616332,0.0178936870351396
0.00854353140063531,0.0169574463630957
0.0105890044924762,0.0157526786954238
0.0124683716970411,0.0143037075334401
0.0141527112254383,0.0126329376920468
0.0156163085148554,0.0107661180423117
0.016836866366175,0.00873224167718687
0.0177951642974819,0.00656264859762085
0.018476452868634,0.00429075175929914
0.0188656927190806,0.00195093876200995
0.0189626843311056,-0.000418890840706447
0.01876313102345,-0.00278224065424036
0.0182701829432661,-0.00510232613046205
0.017495926990106,-0.00734486342599481
0.0164470233317775,-0.00947358010166548
0.0151412345325326,-0.0114556977614254
0.0135986216362998,-0.0132606655836326
0.0118371730830904,-0.0148534655277343
0.00988668920556992,-0.0162072916063323
0.00778403946988531,-0.0173080115191935
0.00556123031145953,-0.0181378093526419
0.00325359568750934,-0.0186878302548788
0.000895782961038161,-0.0189459280141814
-0.00147553579766732,-0.0189081034909615
-0.00382378612884754,-0.018575677779765
-0.00611225461896175,-0.0179528966271225
-0.00830519869956808,-0.0170499901370338
-0.0103686330192989,-0.0158809597172211
-0.0122723588498209,-0.0144658911324479
-0.0139851473561036,-0.0128241156586783
-0.0154811280795017,-0.0109820869638385
-0.0167373177317046,-0.00896799524582171
-0.0177321567087255,-0.00681164816433978
-0.0184417765492128,-0.00454523319172215
-0.0188578729446048,-0.00220767428057032
-0.018979326890386,0.000162815176591147
-0.0188079414850472,0.00252990805508894
-0.0183427736640897,0.00485671191885891
-0.0175910742771217,0.00710691229103382
-0.0165661819847726,0.00924658134249101
-0.0152798408788611,0.0112399174148411
-0.0137561633399267,0.0130577423941093
-0.0120186273105669,0.0146720990364745
-0.0100938156799379,0.0160581044189113
-0.00801172091832065,0.0171946368410906
-0.00580433877427105,0.0180636596072466
-0.00350561535068266,0.0186517708099573
-0.00115028704454777,0.0189436434835188
0.00122301689343684,0.0189407524583571
0.00357740355628559,0.018641593859303
0.00587627701894544,0.018050909279487
0.00808643447538436,0.0171838211805358
0.0101702627082777,0.0160447438378862
0.0120877055078185,0.0146440751385407
0.0138158165402991,0.0130165863550676
0.0153272837109931,0.0111868757942547
0.0165995259504877,0.00918427391199294
0.01761302139453,0.00703964322001659
0.0183502335312105,0.00478539156060989
0.0188037882800814,0.00245764109932524
0.018963598705564,9.16677495583105e-05
0.0188271913737919,-0.00227575674277466
0.018397965510028,-0.00460826270658328
0.0176809555870977,-0.00686924352379968
0.0166879104472054,-0.00902344257747788
0.0154341831184876,-0.0110375310694169
0.0139413840315477,-0.0128823832580632
0.0122300930066365,-0.0145277868124697
0.0103248026732784,-0.0159449291386095
0.00825030713380148,-0.0171000497062554
0.006049887129298,-0.0179906040912576
0.003756440778932,-0.0186002329047143
0.00140554971072192,-0.0189195361610602
-0.000966422355887261,-0.0189428427082333
-0.00332285869429263,-0.0186727135883607
-0.00562692226690567,-0.0181109046486096
-0.00784272679788768,-0.0172661713572746
-0.00993742905032689,-0.0161540295978117
-0.011876188386017,-0.014787651404653
-0.0136302250426075,-0.0131910873030867
-0.0151725751569062,-0.011388861420293
-0.0164791189097765,-0.00940831503077164
-0.0175299401130159,-0.00728044017902751
-0.0183082870397229,-0.00503792257949202
-0.0188021290809087,-0.00271520717563185
-0.0189934266365574,-0.000347365721273166
-0.01888673036679,0.00202553131137094
-0.018484641666065,0.00436615436822399
-0.0177939631167464,0.00663832856171313
-0.0168198105645322,0.00880359001278557
-0.0155845438267565,0.0108302413267005
-0.0141073318543611,0.0126869959684076
-0.0124113465956527,0.0143458147852939
-0.0105222878586865,0.0157805243107887
-0.00846998631357838,0.0169693878621108
-0.00628601639821515,0.0178941427092306
-0.00400318598541792,0.0185374843930092
-0.00165838081797995,0.018893591830888
0.000712544644602431,0.0189545102722137
0.00307276526085729,0.0187193090915383
0.00538625849648891,0.0181937011057058
0.00761660663249798,0.0173834627647437
0.00972906745521168,0.0163016545299106
0.0116910081441331,0.0149649536268055
0.0134701779028704,0.0133921911817812
0.0150289392363965,0.0116011099005254
0.0163527317086929,0.00963120975080795
0.0174208108499489,0.00751251879032996
0.018219306634619,0.0052786551618148
0.0187334114644852,0.00296319127879927
0.018955184655995,0.000602025993593306
0.0188802720800286,-0.00176826799673829
0.0185119780608574,-0.00411089911632822
0.0178544926529868,-0.00638919397464221
0.0169180479714422,-0.0085677362246671
0.0157201166873613,-0.0106147336301796
0.014275307720349,-0.0124963032630345
0.0126077769726134,-0.0141841324123752
0.01074306864168,-0.0156522823022806
0.00870921346573842,-0.0168773275802505
0.00653582814795769,-0.0178341691897344
0.00425757520727874,-0.0185025112855659
0.00191458608700642,-0.0188812134309742
-0.000456867026200067,-0.01897154732709
-0.00282078832618609,-0.0187652329461484
-0.00514018656436872,-0.0182654307368752
-0.00737978486062162,-0.0174816026048449
-0.00950164428811424,-0.0164199296048846
-0.0114746375893955,-0.0151030810293064
-0.0132683409669238,-0.013551422172961
-0.0148557002450416,-0.0117892208062744
-0.0162117076287662,-0.00984327411256065
-0.0173155443354458,-0.00774395640907757
-0.0181502311160617,-0.00552351650953219
-0.0186986009195568,-0.00321515162919536
-0.0189564310544646,-0.000856498830047065
-0.0189180265754464,0.00151605238354665
-0.0185840150280793,0.00386567637069761
-0.0179626416259702,0.00615685762422386
-0.0170603932892922,0.00835345188996755
-0.0158808868120945,0.0104144312914738
-0.0144522923877978,0.0123106566732521
-0.0127980598142044,0.0140127360431721
-0.0109459997408724,0.01549584755295
-0.00892465795407251,0.0167372412338352
-0.00676460068789276,0.0177167402576542
-0.00450029600375182,0.0184218948087678
-0.00216598254196766,0.0188395562457847
0.000202169428553914,0.0189632627329764
0.00256745210582648,0.0187902423307976
0.00489299649955061,0.0183245462198102
0.00714239019668983,0.0175725389001497
0.00928073113358193,0.0165458991247826
0.0112772676021748,0.0152638910344747
0.013099077413031,0.0137425384834912
0.0147183668507792,0.0120062204876397
0.0160976942710352,0.010073487806715
0.0172225024880339,0.00798278264264093
0.0180783897091622,0.00576925488468581
0.0186521948417258,0.00346716496170741
0.0189331855643642,0.00111191901745677
0.0189232275509093,-0.00125973987030941
0.018617385780536,-0.00361137596978984
0.0180204143553804,-0.00590625959105903
0.0171443587217711,-0.00811009961325522
0.0159970331913399,-0.0101858817293243
0.0146007481877754,-0.0121028230483369
0.0129770227536026,-0.0138313949177832
0.0111511186277139,-0.0153454716749984
0.00915090727625935,-0.016621209110577
0.00700734397266868,-0.0176387819927352
0.00475330650187326,-0.01838251185399
0.00242175262564097,-0.0188260496971517
5.29796890313359e-05,-0.0189781010154459
-0.00231795301443489,-0.0188546737318164
