-0.247640384704105,-0.247640384704105
-0.259626710618016,-0.234854909571123
-0.271009119066581,-0.221538859066512
-0.281768005219865,-0.207716022254812
-0.291884291783256,-0.19341055653629
-0.301188121773024,-0.178558848802436
-0.309666770991262,-0.163226377023967
-0.31743150914979,-0.1475250201074
-0.32446878106915,-0.131482474509393
-0.330742995632712,-0.115118865857911
-0.335972027663811,-0.098392684069649
-0.34040927017079,-0.0814469721926766
-0.344104798967313,-0.0643250954814016
-0.347038546230681,-0.0470473221626034
-0.348807493784269,-0.0296121337794036
-0.349807391173611,-0.0121248681828998
-0.350042330322201,0.00539050226424006
-0.349459652801953,0.0229061344556099
-0.347743919047005,0.0403467536533749
-0.34524244440545,0.057684147894683
-0.341959861212869,0.0748901837626929
-0.337901554484969,0.091936924987988
-0.332803546535415,0.108704449074166
-0.326885355335488,0.125193263966272
-0.320220171226363,0.141391721345498
-0.312819472749763,0.157271710488735
-0.304582721168417,0.172740695320022
-0.295474890233697,0.187709177784577
-0.285695703466647,0.202241681651913
-0.27526215154882,0.216313205074624
-0.264191762745532,0.229899113564455
-0.252265959310973,0.242740780678896
-0.239765900140264,0.255013204295173
-0.226728164760569,0.266710882964472
-0.213171550104543,0.277812992614212
-0.198963893874305,0.288073164084439
-0.184265378679842,0.297604276296316
-0.16915050716075,0.306454751233301
-0.15366284865053,0.314648958466115
-0.137695877679901,0.321872695851369
-0.121396421603514,0.328289338246703
-0.104833927736836,0.333987825350749
-0.0880300616177753,0.338960290006889
-0.0709323810019181,0.342807354051993
-0.0536868055553599,0.345874909058428
-0.0363230727188832,0.348181724204935
-0.0188633851241071,0.349692248045846
-0.00134320601034043,0.350053245460725
0.0161683550785261,0.34965503757434
0.0336446015021858,0.348458256576149
0.0510565517927366,0.34647082963187
0.0683024453785077,0.343354961886259
0.0853802744252854,0.339456255744127
0.102264194658307,0.33479170146443
0.11892116447302,0.329353607846737
0.135234741249669,0.322950156490491
0.151188146519497,0.315710039694605
0.166790596901803,0.307749177190338
0.182014935818037,0.299081186075408
0.196786758307327,0.289650806517973
0.210965770540468,0.27935513250399
0.224655012797441,0.268426423788071
0.237831209565921,0.256883743891622
0.25047119097609,0.244746340552006
0.262324003430011,0.23183718470034
0.273545508392685,0.218385668342264
0.284149137535381,0.204443899215564
0.29411774762766,0.19003390096253
0.303204379706763,0.175048502278784
0.311501655757217,0.159619925441527
0.319121974816107,0.143849268132122
0.326051377178486,0.127754560060816
0.331928091337114,0.11124443371039
0.337019220322548,0.0944844330389342
0.341377781633498,0.0775193048208026
0.344965500474356,0.0603653262301254
0.347407660127927,0.0430118410570625
0.349082199413164,0.025576272604309
0.34998731570916,0.00808298916438025
0.350058666128344,-0.00944181148885226
0.349028536352043,-0.0269348701885844
0.34720677809539,-0.0443565037089253
0.344597689128111,-0.0616779819433462
0.341205057032919,-0.0788706472545527
0.33672260538701,-0.0958128454345592
0.331456915359099,-0.11252049756628
0.325430980432491,-0.128967755413038
0.318656914887409,-0.1451263456696
0.310986023042004,-0.160883549615342
0.302472335242003,-0.176196228821217
0.29326827651573,-0.191099328176892
0.283392998971715,-0.205569046026045
0.272823956983457,-0.219548723801278
0.261409309771447,-0.232844732311916
0.249404192311403,-0.245600890015252
0.236827176134029,-0.257792998315362
0.223713521572442,-0.269416579025171
0.209893700350805,-0.280193634124585
0.195578426115882,-0.290290023378746
0.180825123389697,-0.299731663345483
0.165656144413579,-0.308501801594521
0.149978174583393,-0.316333081125676
0.13393792981775,-0.323372493498712
0.117608508859406,-0.329708217722216
0.10101050876056,-0.335331658800312
0.0840681334739673,-0.339812313605456
0.0669567952631146,-0.343554512663011
0.0496953334982511,-0.34653499803559
0.0323039357370246,-0.34869541855144
0.0148119233360428,-0.349738965364576
-0.00270149657990146,-0.350009266494548
-0.0202119385537998,-0.349510676638258
-0.0376851021289222,-0.348159694757532
-0.055037729313041,-0.345716421507788
-0.0722547026696032,-0.342490007430521
-0.0893076290494013,-0.338486260119209
-0.106168295679388,-0.333711622994956
-0.122700475255837,-0.327895630810598
-0.138925055581243,-0.321288135727778
-0.154828153422981,-0.313945987314679
-0.170382062252674,-0.305881844957361
-0.185482889148749,-0.296988151133883
-0.200053086689558,-0.287256522832635
-0.214160264229536,-0.276873436273628
-0.227780214706256,-0.265856618448439
-0.240876347883238,-0.254210924771831
-0.253202461455809,-0.241753881375845
-0.264937151564568,-0.22874821322856
-0.276078041996051,-0.215231459900698
-0.286604971877034,-0.201222331810643
-0.29622993381709,-0.186576963580532
-0.305137144971458,-0.171493105672559
-0.313349891628508,-0.15602237900682
-0.320899400901186,-0.140208559669658
-0.327395041885953,-0.123931871676588
-0.33313171558391,-0.107382116487477
-0.338146509715727,-0.0905992322011087
-0.342361447720428,-0.0735888323624731
-0.345485620105622,-0.0563467435261605
-0.347842423249324,-0.0389903950270124
-0.349429475640185,-0.0215449582809186
-0.350147102819111,-0.00403473493694939
-0.349785674996782,0.0134835184430943
-0.348659258569378,0.0309630554635495
-0.346733913488012,0.0483748102358282
-0.343983027260139,0.0656828061054036
-0.3401443936522,0.0827811676132836
-0.335535463963632,0.0996807378130239
-0.330166298615228,0.116354282609706
-0.324033926252933,0.132769269913048
-0.316922495575535,0.148786875467957
-0.309020047082409,0.164422106570949
-0.300411590045578,0.179676809607696
-0.291111660608564,0.19452418800104
-0.281044312015179,0.208869430248271
-0.270163113857748,0.222603069141104
-0.258670541649103,0.235822053160334
-0.246586405956887,0.248504036850242
-0.233930887104704,0.26062702035152
-0.220509745812876,0.271896740439706
-0.206602009465517,0.282546349620886
-0.192231203952291,0.29256135471457
-0.177419454774816,0.301925751430666
-0.162039502653549,0.310327190627925
-0.146280874538305,0.317976181185744
-0.130210295463064,0.324942948193379
-0.113833644049884,0.331182201054707
-0.0970785913810867,0.336315174591679
-0.0801260360629359,0.340717780010045
-0.062997207788139,0.344388373152344
-0.0456932893721458,0.347164239730545
-0.0282580104136196,0.348899074649905
-0.010769040641031,0.349859077929514
0.0067482156346843,0.350043064879132
0.0242578553609405,0.349310449142973
0.0416915088758436,0.347560606487791
0.0590223841146788,0.345019533627352
0.0762215135871108,0.341693496485971
0.0932510969270346,0.337555564533207
0.109983612727405,0.332348220918169
0.126456867508694,0.326391691966833
0.142639235030695,0.319685937134918
0.158502803905281,0.312243956265328
0.173900933287917,0.30387563460239
0.18884477339897,0.294732155852956
0.203350974670246,0.284914705934115
0.217398262888292,0.274445691932163
0.230889386591235,0.263259796803732
0.243697359292187,0.251302603962727
0.255943128545055,0.238778142412341
0.267603420333301,0.225705750930203
0.278663082873605,0.212111015418913
0.28881323685481,0.197825250328906
0.298309093559615,0.183106118311208
0.307136481062586,0.167976597506479
0.315281128588374,0.152459642252405
0.322372317636839,0.136433414020376
0.328751446604143,0.120121029123176
0.334423362887885,0.10354790112235
0.339249842510339,0.0867009066859278
0.343037577203311,0.0695945816533478
0.346093511806577,0.052348328867735
0.348372946165865,0.0349778571445875
0.349696869302817,0.0175028542264066
0.350033468602313,-1.37138419090688e-05
0.349591935774914,-0.0175233173850861
0.348375480943925,-0.0350005837463628
0.346207468151932,-0.0523912702062098
0.343056362767355,-0.0696266670394886
0.339125935799413,-0.0866960340196766
0.3344229962521,-0.103570751782619
0.328918218394486,-0.120208886648255
0.322382413633101,-0.136468596934145
0.315111718286533,-0.152405710722218
0.307119383962208,-0.16799266651783
0.2984190422297,-0.183202149290937
0.288839371943756,-0.197877359146873
0.278515030304462,-0.212031409868391
0.267559492132724,-0.225698408339974
0.255990758355644,-0.238854735203818
0.24375017332649,-0.251396565593779
0.230797951367198,-0.26319720473141
0.217321613634536,-0.274386587349949
0.203360430287221,-0.284967076007069
0.188900408172152,-0.2948684642685
0.173847219525591,-0.303838473996043
0.158414445749624,-0.312123208840576
0.142623283926437,-0.319704184597003
0.12648135713717,-0.326527831699159
0.109943003595082,-0.332315231335264
0.0931787327880051,-0.337386127930496
0.0762079811778543,-0.341734829649142
0.0590085729577979,-0.345095882372956
0.0416614350949888,-0.347538165907119
0.0242251189426443,-0.3492015652109
0.00672652818113669,-0.350087667314366
-0.0107978140745555,-0.349943391668717
-0.0282840264402123,-0.348881978058129
-0.0457036653746472,-0.347050131374814
-0.063025506436551,-0.344419253787205
-0.0801805191490902,-0.340836056772369
-0.0971059190977583,-0.336308780903605
-0.113803465087899,-0.331017312946338
-0.130245472191093,-0.324971668822459
-0.146380723891624,-0.31813126293124
-0.16205988924377,-0.310305111555845
-0.177358352704948,-0.301772559623773
-0.192249740961513,-0.29254886814689
-0.206707784735198,-0.282649539230428
-0.220555350547484,-0.271907986357332
-0.233831979509448,-0.260477978695588
-0.246572462169314,-0.248457723509778
-0.258755255088188,-0.235867480237952
-0.270255040822704,-0.222643076844314
-0.280965726050883,-0.208776767913987
-0.291045008886539,-0.194451877182303
-0.300476648213674,-0.179689234850525
-0.309137625984819,-0.164454035984971
-0.316874748520028,-0.148733522127115
-0.323888029306525,-0.132683895046774
-0.330220509625006,-0.116349834142871
-0.335622421569551,-0.0996783243310858
-0.340090501291691,-0.082739704295639
-0.343830507900109,-0.0656292102991372
-0.3468387363616,-0.0483660114620894
-0.348711186725007,-0.0309411658742456
-0.349763018126498,-0.0134557255466137
-0.350034176249873,0.004058103248559
-0.349523815746171,0.0215739085311457
-0.347902878368836,0.0390237570387646
-0.345462762284799,0.0563704715759336
-0.342231720308185,0.0735861537910228
-0.338218747328388,0.0906417848213413
-0.333232757362215,0.107442641741371
-0.32736221617456,0.123949401884686
-0.320749034138387,0.140169059910978
-0.313397618372153,0.156070888362732
-0.305258247249538,0.171591374893061
-0.296196795996147,0.186589486951139
-0.286461621780816,0.201151876722039
-0.276068759449357,0.215252442552091
-0.265043553194009,0.228872918999001
-0.253196337694261,0.241787121432176
-0.240738249769348,0.25410298295597
-0.227734708319938,0.265838164725235
-0.214206345756957,0.276971339090647
-0.200068699308664,0.2873278719468
-0.185395546667698,0.296899724577139
-0.170314098054542,0.305806748725075
-0.154846859332851,0.314035579127659
-0.138934021094256,0.321377629259175
-0.122643637464755,0.327822509888967
-0.106097848599057,0.333566869531741
-0.0893137910489726,0.338600342096271
-0.0722355967752251,0.342530892092591
-0.0550013222193998,0.345657211274028
-0.0376491277708157,0.34805047121078
-0.0201938821349075,0.349614384433417
-0.00267542224314088,0.350052380470601
0.0148372912821097,0.349707235520215
0.0323175976093673,0.348579970708741
0.049736851811032,0.34665788903433
0.0669946271154811,0.343610071098746
0.0840881663968735,0.339780225718911
0.100988453922249,0.335175545460866
0.117666617173372,0.329803564145617
0.134002397342199,0.32345753784035
0.149984366504793,0.316281061931999
0.165618020637236,0.308381456982266
0.180876286992101,0.29977304774866
0.195681245238173,0.290395250128307
0.209900382542454,0.280155496714299
0.223629314280721,0.269276726924643
0.236851496496752,0.257786668419638
0.249543269792006,0.245702660956664
0.261439325735356,0.232833641929271
0.272714260541279,0.219426913373407
0.283363000304043,0.205519762708133
0.293393460168619,0.191152524415541
0.302525413777415,0.176194755076976
0.31089656376226,0.160806824874337
0.318574786159207,0.145064026648799
0.325547167626267,0.128988964482193
0.331502265751059,0.112506848727328
0.336651273179687,0.0957645593753116
0.341076329964961,0.0788170698223437
0.34471164193555,0.0616735880900867
0.347218342345791,0.0443310826385365
0.34898999904182,0.0269057238883505
0.349970418355996,0.00941523233170805
0.350079459831039,-0.00810952388565397
0.349114744507212,-0.0256052303496627
0.347368379926936,-0.0430336869784435
0.344846624508016,-0.0603687554276677
0.341503196140733,-0.077572160787353
0.337074148366236,-0.094527691829244
0.331878442225465,-0.111256522534611
0.325925454305581,-0.127730280189319
0.319225237083843,-0.143920863268694
0.311578157060157,-0.159689776608008
0.303133691314202,-0.175039582960355
0.293997228929624,-0.189984013010366
0.284184666451137,-0.204497086304715
0.273641534688374,-0.218496117375938
0.262282913414276,-0.231838535931529
0.250334882912122,-0.244647426385359
0.237817250306861,-0.256901370207969
0.224750486305485,-0.26857951445835
0.210953668132103,-0.279385812051352
0.196677230951522,-0.289536251205698
0.181968009201737,-0.299046701722464
0.166844577486968,-0.30789949147898
0.15117642979095,-0.315750001761075
0.135170159839387,-0.322865295865036
0.118862913500177,-0.329258605999707
0.102282283005584,-0.334933671668041
0.0853580709106828,-0.339479537221787
0.0682625488655927,-0.343289470936669
0.0510164121618863,-0.346359349420125
0.0336257309283322,-0.348522767057017
0.0161427719924422,-0.34966855440874
-0.00136918996784928,-0.350026148568379
-0.0188824160963561,-0.349598037705579
-0.0363568109039042,-0.348267813859193
-0.0537177643313776,-0.34590128829508
-0.070950851892585,-0.342765983697666
-0.0880236574631995,-0.338842585608978
-0.104901987686431,-0.334125052987129
-0.121444076039366,-0.328339894290666
-0.137698081407929,-0.321808507987777
-0.15363674910383,-0.314543247820489
-0.169230698473959,-0.306552661957386
-0.184335961212446,-0.297666446206931
-0.198951883434356,-0.288006980908501
-0.213107659838667,-0.277690830590818
-0.226777863326617,-0.26673494589978
-0.239882552547018,-0.255098750804175
-0.25226423753666,-0.242700110738329
-0.264066726979797,-0.229757228994418
-0.275270740370038,-0.216291765586199
-0.285857088338503,-0.202325487033453
-0.295496518281737,-0.187689585449397
-0.304474187325018,-0.172649027120585
-0.312777627645788,-0.157225779549031
-0.320372998985505,-0.141432398652999
-0.3269142773916,-0.125174890698406
-0.332719395417545,-0.108649179936852
-0.337809033968847,-0.0918881069615394
-0.342059327681385,-0.0748864574774212
-0.345248770794279,-0.0576580356285471
-0.347689131714186,-0.0403143736593012
-0.349381130942663,-0.0228769947499585
-0.35009525555907,-0.00536638043715703
-0.34982776585333,0.0121517643995048
-0.348773972719375,0.0296355312552098
-0.34693562816029,0.0470574586959413
-0.344188502701027,0.0643657924409971
-0.340440325300392,0.0814817351502841
-0.335914781382843,0.0984033729974833
-0.330621052525315,0.115101816962699
-0.324567682379071,0.131548162461646
-0.317463416910479,0.147568732298507
-0.309637167700644,0.163240893100738
-0.301102383806878,0.178537316336459
-0.291874071314684,0.193431401925828
-0.281812651903385,0.207780499755681
-0.270999472870634,0.221565379092898
-0.259566894453518,0.234835827621675
-0.247545290563789,0.247578721513891
-0.234892115202364,0.259704236657521
-0.221532728837952,0.271042628610274
-0.207678224867883,0.281760290107877
-0.193349121193693,0.29183583149127
-0.178565834794652,0.301247645060645
-0.1632048426406,0.309680827258205
-0.147493616732486,0.317423784231456
-0.131454649276872,0.324465948327405
-0.115086392860614,0.330727023437265
-0.0983559444880659,0.335936010008382
-0.0814228365194513,0.340412850162656
-0.0643083477511559,0.344151587256085
-0.0470102982988371,0.346961058331206
-0.0295844469986877,0.348768769435143
-0.0121014295924999,0.349828428334512
0.00541660828022237,0.350090072490369
0.022927441940811,0.349383107432806
0.0403666908105137,0.347703310688788
0.0577082817313795,0.345241407054441
0.0749253059546015,0.342003419775623
0.0919580862617641,0.337877955668946
0.108713968055219,0.332752354479791
0.125212676270581,0.326868627475006
0.141425954301921,0.320237221919165
0.157325769450007,0.312869127225693
0.172732276103714,0.304515990129354
0.18771734782216,0.29544230854535
0.202270027734906,0.285693810410056
0.216364986121275,0.275287269514175
0.229870753358771,0.264119296602198
0.242728683313144,0.252217720838605
0.255032079727145,0.239750490085682
0.266760181735828,0.226737414662414
0.277830977836608,0.213152017866586
0.28805095509352,0.198918429754707
0.297604178107592,0.184236984579048
0.306507049438836,0.169151036821011
0.314669830288554,0.153643189297557
0.321842145705797,0.137656017490239
0.328300354261606,0.12137493184147
0.334034131884238,0.104822389176513
0.33891296381629,0.0879902338680069
0.342772551062879,0.070900002291576
0.34588384627114,0.0536639109965813
0.348242925281253,0.0363041670152882
0.349604031138205,0.0188323451114033
0.350030014736751,0.00131878519323365
0.349662822444698,-0.0161930142460266
0.348506965149242,-0.0336746575350239
0.346392525804802,-0.0510715898070008
0.343308520100327,-0.0683181677098072
0.339456716855756,-0.0854052416198955
0.33482327382545,-0.102299924173727
0.329362122309311,-0.118952501606518
0.322892070284535,-0.135237482934882
0.315687203326479,-0.15120388151517
0.307760501858763,-0.16682447208153
0.299124348612863,-0.182071584966272
0.28957987032731,-0.196769733952648
0.279317882005568,-0.210968098243466
0.268419026859214,-0.2246802284348
0.256901142111876,-0.237881430385165
0.244694676473701,-0.250456583867282
0.231790575463073,-0.262308566607023
0.218367725031047,-0.273561547758813
0.204448140530327,-0.284197339975876
0.190019363374765,-0.294144017039588
0.174996507205647,-0.303164458944103
0.159598676180278,-0.311512805809249
0.143846815346689,-0.319177037267483
0.127719669372725,-0.326035115216602
0.111209466422899,-0.331900802355682
0.0944626255871274,-0.337030852105349
0.0775048931355838,-0.341428335852867
0.0603256378196934,-0.344891719775913
0.0429830492031927,-0.347373106020704
0.0255532606694641,-0.349095157814522
0.00805905702707122,-0.350057873514473
-0.00946598153836669,-0.349990442602984
-0.0269568470236907,-0.348994560834822
-0.0443813836854966,-0.347211236985007
-0.0617115723263828,-0.344643315365982
-0.0788832472642659,-0.341142067059584
-0.0958261857003024,-0.336679219714552
-0.112542629705402,-0.331446785281954
-0.129003907485394,-0.3254551663596
-0.145173379559241,-0.318696780437583
-0.160879585755639,-0.310923596416673
-0.176207796078332,-0.302444026433094
-0.191131593935143,-0.293273087693089
-0.205624936205527,-0.283426428054187
-0.219524254411106,-0.272752322014144
-0.232841617286437,-0.26136913155511
-0.245619313374594,-0.249388531932193
-0.257847828208143,-0.236843400285838
-0.269407761626954,-0.223671565638108
-0.280174869448637,-0.209848884829589
-0.29030336233131,-0.195558457617718
-0.299773025957315,-0.180821318553935
-0.308517167618082,-0.165633643397115
-0.316301472509328,-0.149935831201915
-0.323386791338433,-0.133917930237817
-0.329763725408665,-0.117601838811229
-0.335268763268026,-0.100964141552809
-0.339789707296036,-0.0840372309799677
-0.343565137817251,-0.0669341088981433
-0.346589803377052,-0.049677586197531
-0.348621887612226,-0.0322710615140914
-0.349706333192916,-0.0147863294578867
-0.350033408136966,0.00272592493999443
-0.349558986504727,0.0202402905694903
-0.348088562510573,0.0377035912728783
-0.345679580566918,0.0550566102012386
-0.342490230334385,0.0722793190189843
-0.338527283972446,0.0893443643643313
-0.333674684574561,0.106184394757177
-0.327847190000972,0.122708932299461
-0.3212722273134,0.138944480821158
-0.31396146343039,0.154863084938143
-0.305927086908894,0.170437025954547
-0.296924329461299,0.185473133368821
-0.287225431674109,0.200061130748192
-0.27687108853255,0.214189143027213
-0.265879028359854,0.227832665717832
-0.254142400785278,0.240847262814302
-0.241708096630494,0.253190257859229
-0.228733791280288,0.26495746776463
-0.215239554338609,0.276129084635657
-0.201185894234917,0.286598965683086
-0.186535659070393,0.296210630706814
-0.171466600297463,0.305139155737731
-0.156022882558928,0.31340705100876
-0.140167692706767,0.320872630910215
-0.123896659226068,0.327371002235967
-0.107362443186974,0.333149048690177
-0.0905872623519904,0.338199338310338
-0.0735514829568867,0.342311174125491
-0.0563180645778948,0.345462538333513
-0.0389673803018652,0.347854781726735
-0.0215229431786895,0.349484565869822
-0.00400820910161402,0.350077835497618
0.0135073175693915,0.349770121044516
0.0309883150150803,0.348667065039958
0.0484060387572509,0.346774437109203
0.0656959772175772,0.34391400296207
0.0827971847959381,0.340106617215012
0.0997059703804073,0.335535161226818
0.116389487487856,0.330190860228997
0.132794922919802,0.32402697617876
0.148791636721065,0.316874049691779
0.164438710069355,0.308999738778786
0.17970910922376,0.300417829688749
0.194577160858741,0.291144315074819
0.208857088156729,0.280984831163039
0.222608138969468,0.270130927190967
0.235846978268082,0.258661884714827
0.248549646023739,0.246596322328511
0.260591635436545,0.233863644225266
0.271887147029698,0.220470203548622
0.28256439777418,0.206585225372653
0.292606413536812,0.192231052255265
0.301917042942193,0.177383951480366
0.310295755849309,0.161994980011049
0.317992784695482,0.146261900406747
0.324996920818051,0.130204816689179
0.331128233108173,0.11378767603641
0.336300928277748,0.0970491299292333
0.34073843243423,0.0801057642507586
0.34442659015983,0.0629783074301188
0.347119943275953,0.0456616037789191
0.348879560855853,0.0282319240221771
0.349871451484377,0.0107451345414138
0.350095772688291,-0.00677484785962574
0.349268201175949,-0.0242804596836687
0.347538617351947,-0.041713703485445
0.345022373771126,-0.059047662672974
0.341723529384648,-0.0762539308545525
0.337493254837099,-0.0932606890483534
0.332317850276357,-0.109999634013022
0.326382666833998,-0.126479651476146
0.319699160990936,-0.142672368403234
0.312261951921806,-0.158541041491053
0.30383087355511,-0.173904121368162
0.294708716495188,-0.188858824490162
0.284914051336517,-0.203380818773341
0.274463164281546,-0.217444696422413
0.263208384723665,-0.230878097416516
0.251271723079982,-0.243701551542728
0.238761164026488,-0.255960707510545
0.225711899215194,-0.267649937985896
0.212055660338835,-0.278633319775133
0.197791136972592,-0.288806959122887
0.183087471767608,-0.29832520898246
0.167966053411133,-0.307168961366492
0.152410133007715,-0.315239675077512
0.136400700347625,-0.322358182966072
0.120102095030935,-0.328770511920845
0.103535473438773,-0.334468447602927
0.0866663110484006,-0.339216834603874
0.0695695904111427,-0.343038361163416
0.0523244481366309,-0.346101547305392
0.034955336741694,-0.348403067270614
0.0174758881819949,-0.349662418616151
-3.8161128152415e-05,-0.350017985337072
-0.0175489233258298,-0.34960915919399
-0.035028374087922,-0.34839739193715
-0.0524116771846231,-0.346172624978518
-0.0696477742607591,-0.343036463809704
-0.0867207005335945,-0.339123542259829
-0.10360280090922,-0.334441523437723
-0.120220470738069,-0.328874962729557
-0.136483872436642,-0.32235457136994
-0.152426855553207,-0.31509902174556
-0.168021874984814,-0.307121185305701
-0.183241635787726,-0.298434435595913
-0.197881410454792,-0.288800645413687
-0.212045831523618,-0.278493216132491
-0.225723620121529,-0.267551089771598
-0.238891175046524,-0.255992883890597
-0.251391635625583,-0.243710157629057
-0.263197320886435,-0.230765042880822
-0.274407392007398,-0.21730663186741
-0.285003008254417,-0.203355140332793
-0.294852146120386,-0.188859748225337
-0.303838636051083,-0.173818881470545
-0.312127222145476,-0.158388970927655
-0.319747042123979,-0.142614622103053
-0.326498958386594,-0.126442701660815
-0.332313393803926,-0.109916566600793
-0.337403278270054,-0.0931579586490703
-0.341763032951225,-0.076188315839937
-0.345095476951241,-0.0589830792639737
-0.347533833836825,-0.0416357222693007
-0.349203988200577,-0.0242003633704298
-0.35010329444971,-0.00670166891025351
-0.349921293401745,0.0108221804947102
-0.348882185891645,0.0283089613685017
-0.347047255237974,0.0457285227742631
-0.344423586218459,0.0630519054191222
-0.34081451816882,0.080201206056911
-0.336292790326407,0.0971270842092558
-0.331012427407271,0.113828067766227
-0.324969446435126,0.130271703762103
-0.318105109972981,0.146396586663926
-0.310284663348451,0.16207728193005
-0.301757657726982,0.177378290462154
-0.292538654644435,0.192272829907679
-0.282647050019184,0.206737516253903
-0.271881859618316,0.220566500906946
-0.260458213522315,0.233847558863462
-0.248442121859038,0.246591913247644
-0.23585298357242,0.258776480186707
-0.222608966537741,0.270253623579004
-0.208752968116575,0.280975454018132
-0.194433140059445,0.291061664728256
-0.17967199082073,0.300496484395167
-0.164427414583482,0.309140859725524
-0.148702370740897,0.316867274830749
-0.132664055214305,0.323905277456758
-0.116331291679541,0.330243972387044
-0.0996516574926903,0.335620079493101
-0.0827159193638156,0.340097549850254
-0.0656057028073123,0.343841563088388
-0.048338329553103,0.34681985033128
-0.0309165795381996,0.348718642952496
-0.0134304581018409,0.349759390758534
0.00408290022498603,0.350025792916854
0.0215985093880475,0.349517894989986
0.0390498215289717,0.347910807881546
0.0563951091378895,0.345456796774135
0.0736089760430721,0.342218512562993
0.090662728281874,0.338201170799127
0.107467256715367,0.333227977135379
0.123973838896508,0.327355737543603
0.140190346866244,0.320734719613076
0.156088794245076,0.313377467274245
0.171617150257756,0.305253663164854
0.186612264614087,0.296186104954198
0.201170176193873,0.286443901323825
0.215268951900239,0.276048967759141
0.228883771649686,0.265018030546481
0.241809670158623,0.253183922585391
0.254121177712097,0.240720976458045
0.265845913539986,0.227708343953014
0.27698256101411,0.214183232121761
0.287346990495434,0.200051556590332
0.296915986341462,0.18537617010859
0.305815151294114,0.170290081701889
0.314027097122393,0.154815147484729
0.321381976381771,0.13890834987153
0.327832450644709,0.122620522185724
0.333572390449958,0.106073281945042
0.33859457416076,0.0892867461071556
0.342544559165326,0.0722130644375414
0.345671926469345,0.0549779600459836
0.348028290480866,0.037621349919182
0.349613765474018,0.0201694535350725
0.350063299125605,0.00265044905620572
0.349700592277862,-0.0148622199965447
0.348567600168317,-0.0323417093568356
0.346631198121591,-0.0497577312640528
0.343620821292492,-0.0670223238484266
0.339773684198926,-0.0841126148486121
0.335154758278643,-0.10100838750739
0.329772301186621,-0.117681662380113
0.323467140195537,-0.134033347903712
0.316275772288132,-0.150009925428903
0.308362551863947,-0.165636578821587
0.29974139593842,-0.180886197345854
0.290403292305103,-0.19571611769738
0.280147778263096,-0.209926129708302
0.269259809717679,-0.223648314809805
0.257758257586815,-0.236859552149471
0.245662431913869,-0.249537111240688
0.232828385580532,-0.261470792058274
0.219404520321548,-0.272726942138578
0.205494151599222,-0.283370878195516
0.191117010187171,-0.293384202583524
0.17618477706026,-0.302557440354159
0.16078769026951,-0.310914589992224
0.145030896867324,-0.318562738596629
0.128958721186077,-0.325538520463052
0.112486398779187,-0.331520089392854
0.0957401129099508,-0.336657438311169
0.0787898065658119,-0.341069097946079
0.0616530232464782,-0.344735515868006
0.0443092758305612,-0.347246239851486
0.0268795184248994,-0.348983154668668
0.00938952191377289,-0.349944410606491
-0.00813449315848791,-0.350107666631052
-0.0256308126100347,-0.34912057875351
-0.0430591964330779,-0.34736762557297
-0.0603895104671308,-0.344819021406177
-0.0775926994432661,-0.341483714760132
-0.0945560689113834,-0.337082836792451
-0.111280264742247,-0.331869799775798
-0.127749117256319,-0.32590436524236
-0.143930866438723,-0.319187132552443
-0.159722454951905,-0.311587409106225
-0.175065175096254,-0.30312753555325
-0.190000666235571,-0.293976478151778
-0.204502486999337,-0.284149559386458
-0.218531580510822,-0.273646435148553
-0.231866674282472,-0.262276672828496
-0.244664692046569,-0.250316269516094
-0.256904326184643,-0.237785857612476
-0.268563912579301,-0.224705864826777
-0.279409898321219,-0.21094027610001
-0.289553531070733,-0.196658203888798
-0.299047420847382,-0.181938901273174
-0.307876821431302,-0.166804741935481
-0.315784786892684,-0.151165550025154
-0.32286415446654,-0.135142046995624
-0.329253893891424,-0.118834367071402
-0.334941486559131,-0.102258881412696
-0.339489356658203,-0.085334742585312
-0.343288799745725,-0.0682368951756684
-0.346357206099932,-0.0509907505884483
-0.348554471124514,-0.0336040380316999
-0.349675397240553,-0.0161176978424065
-0.350016910108868,0.00139440163027485
-0.349578834329804,0.018906215953373
-0.348276543267647,0.03638257337333
-0.345909770510656,0.0537445527109374
-0.342755439934195,0.0709746118266947
-0.338820239891641,0.088043737992994
-0.334110312519002,0.104922961565284
-0.3283390918008,0.12147039497279
-0.321799532785116,0.137721742932894
-0.314522544536253,0.15365477657078
-0.306521700575144,0.169241938481848
-0.297666527085118,0.184365132846828
-0.287996544864155,0.198975199160653
-0.277668627179461,0.213122434867574
-0.266707762488751,0.226787728098647
-0.255095347303703,0.239913276947305
-0.242688914566921,0.252288707873746
-0.229737141043599,0.264082033707655
-0.216259549041325,0.275270182153558
-0.202294845973675,0.285856809802559
-0.187674305131154,0.295519280281845
-0.172627711921401,0.304487783233033
-0.157196756653704,0.312775598763314
-0.1414041963557,0.320368943804774
-0.125149880775104,0.326919875005328
-0.108623017385991,0.332720530869904
-0.0918625909259715,0.337810450651809
-0.0748601631248405,0.342056140886639
-0.0576318585726374,0.34524279443386
-0.0402906281491542,0.347701707702905
-0.0228513999956655,0.349374259254134
-0.00534124507019325,0.35009379554799
0.0121765102391686,0.349821164630436
0.0296599348968111,0.348768044559035
0.047083173946245,0.34693862762133
0.0643904322420521,0.344183752180541
0.0815053922048149,0.340431291474311
0.0984264063398836,0.335904598287783
0.115124884286324,0.330611608267673
0.131569458166267,0.324553521145108
0.147590096485405,0.317449856899163
0.163262007930229,0.309623442348101
0.178558108196219,0.301088430090799
0.193451626234218,0.291859465582601
0.207798664809079,0.28179526003216
0.221580901831705,0.270978860965544
0.234854532502179,0.259550190102648
0.24759677565653,0.247527894782093
0.259719049565442,0.234871932520939
0.271058095575471,0.221513197080066
0.281767760421751,0.207652686182935
0.291854284932238,0.193331133770985
0.301254614148494,0.178540711579545
0.309692492411772,0.163182862018531
0.317434729024287,0.147471194494737
0.324464236629954,0.13142716021509
0.330719650266717,0.115056844170964
0.335929533174232,0.0983279723861611
0.340417145377067,0.0813984860168213
0.344177526495777,0.064287672011293
0.346929140197348,0.0469804950221252
0.348773054388092,0.0295600198749846
0.349831379512292,0.0120765852668904
0.350107602448932,-0.00544218409985981
0.349355345418168,-0.022950820573164
0.347687269575592,-0.0403896077102732
0.34524798510256,-0.0577344907731178
0.342013255176741,-0.0749533453751479
0.33784687161376,-0.0919759561225181
0.332731408928001,-0.108733194366651
0.326859087875988,-0.125235359851578
0.320240806902253,-0.141454825346732
0.3128585337404,-0.157349270971125
0.304487925203672,-0.17274516342486
0.295424935394635,-0.187735544346374
0.285685772947406,-0.202294636543759
0.275286744294401,-0.216396658978763
0.264081686063332,-0.229871680338182
0.25219375094922,-0.242740054706672
0.239735893371481,-0.255052650345301
0.226728949603525,-0.266788859347237
0.213117921517291,-0.277828029560028
0.198885465429273,-0.288047152897929
0.184218744527085,-0.297621720932771
0.169138596434754,-0.306536547333921
0.153609411931053,-0.314658195486103
0.137630269084984,-0.321844799280268
0.121349431186292,-0.328302583498032
0.104805304383334,-0.334064332159489
0.0879552774125831,-0.33888008569381
0.070872182068601,-0.342758859929441
0.0536417313938723,-0.345899785997604
0.036284116026189,-0.348299959548688
0.0188058179150196,-0.349578683858485
0.00129408664997102,-0.35001832110229
-0.016218174275925,-0.349673700820642
-0.033703939354463,-0.348545008466362
-0.0510901862639791,-0.346345486253867
-0.0683405261177414,-0.343295028279809
-0.0854311776027638,-0.339458607928417
-0.102333178938486,-0.33484559183645
-0.118961224457298,-0.329311041421828
-0.135251225819505,-0.322861088890131
-0.151226631195896,-0.315677988541941
-0.166857813882812,-0.30776948817618
-0.182103852857872,-0.299127324302293
-0.196773228301102,-0.289540642016291
-0.210982670598142,-0.279296642275651
-0.22470637273224,-0.268411909180278
-0.237928515924339,-0.256914171313913
-0.250445587798567,-0.244648384892847
-0.262314107362062,-0.231762752601939
-0.273583577468634,-0.218353999195642
-0.284233157864408,-0.204443008985387
-0.294111872241797,-0.189967689995491
-0.303160790704527,-0.174965951522913
-0.311533332135218,-0.159581694407945
-0.319217294155185,-0.143837351239574
-0.32601089679876,-0.127682970489616
-0.331886682998137,-0.111178691034304
-0.337046886988967,-0.0944416017878874
-0.34148262324693,-0.0774908164845935
-0.344842961874591,-0.060291469150346
-0.347358943869879,-0.0429570395300326
-0.34913288835438,-0.0255312949423748
-0.350109603367604,-0.00803414537733893
-0.34994640636965,0.00949003611503377
-0.348978722457176,0.0269799876661969
-0.347227861897074,0.0444081033511008
-0.344696710292368,0.0617473731221122
-0.341091856339701,0.0788977388573007
-0.336654266282086,0.0958446052229409
-0.331448677537056,0.11256903385969
-0.325483890146343,0.129042337218055
-0.318629691009176,0.145171315070322
-0.310885101490735,0.160887560711434
-0.302431454023544,0.176228712823838
-0.29328386353123,0.191168238443416
-0.283447180559611,0.20567214680639
-0.272704287111527,0.219517734966343
-0.26134055909969,0.232848852278645
-0.249386100813367,0.245651441029393
-0.236859062030237,0.257902859399646
-0.223619793573392,0.269385149768279
-0.209818436318154,0.280174897769462
-0.195540474909694,0.290320195514357
-0.180827583776458,0.299833038438276
-0.165583001373369,0.308477293669091
-0.149906110405522,0.316295543864579
-0.133901633602794,0.323411033834732
-0.117592090825823,0.32981205099057
-0.100923895841986,0.335224053616322
-0.0840087455180109,0.339776086875701
-0.0669144730974842,0.343591965542072
-0.0496621059011242,0.346666459739662
-0.032240581901161,0.348564239375102
-0.0147622752010222,0.349708734744693
0.00275086699954274,0.350059582319953
0.0202703230503917,0.3496231825954
0.0377228093511879,0.348032807529059
0.0550778255144493,0.345659631727228
0.0723091984668633,0.342513287117803
0.0893838357214314,0.338575429194642
0.106190944609315,0.333610696088792
0.122722850416158,0.327814869888723
0.138970410389658,0.321271315154135
0.154905872438604,0.313991436692695
0.170436910205264,0.305872499960812
0.185473713545214,0.29687840193798
0.200078858678294,0.287208592776419
0.214227162637242,0.276880073632302
0.227893748558404,0.265910281434852
0.240826094107279,0.254083093927697
0.253195814880889,0.24167980753936
0.264990093687205,0.228729733268015
0.276189226108791,0.215254022326822
0.286566482082609,0.201131903369271
0.296195480024959,0.186497235621566
0.305170140235499,0.171456111157787
0.313474743983573,0.156027801102109
0.32082839756576,0.140120630957971
0.327365119199179,0.12386859210123
0.333173313749878,0.107344648171369
0.338267033096607,0.0905783221113482
0.342258713427804,0.0735142552150345
0.345450372419096,0.0562917582876896
0.347891983648834,0.0389470441277185
0.349522692531997,0.0214984858256787
0.350035539128339,0.00398279326298263
0.349759095998449,-0.0135311556269428
0.348695187155016,-0.0310154654650282
0.346843760060488,-0.0484421930319612
0.34384896944887,-0.0657092015915936
0.34008884195872,-0.0828177645674112
0.335548313948296,-0.0997354047484618
0.330238027919517,-0.116433327731331
0.323953002292307,-0.132792454845508
0.316834647118651,-0.148800055762256
0.308994425863755,-0.164463256297374
0.300444015262647,-0.179754025082975
0.291119047835734,-0.194592238023757
0.280933192929595,-0.208849613573047
0.270109365386766,-0.222621559735108
0.258664933127677,-0.235882862848464
0.246630207248789,-0.248621172905868
0.233804077564546,-0.260563340100454
0.220440146241378,-0.27188841786283
0.206578421736078,-0.282596163586277
0.192240651112728,-0.292667514370964
0.177321496171372,-0.301862099844792
0.161963411150409,-0.310287554449961
0.146250972056602,-0.318027090660052
0.130206068176146,-0.3250695254021
0.113745783912825,-0.33108397997984
0.0970214087900241,-0.336292246876967
0.0800878930705181,-0.340769776907316
0.0629646608380238,-0.344499530407312
0.0456289960104692,-0.347063639163847
0.0282072782598734,-0.348870108407077
0.0107219593515156,-0.349922539370556
-0.00680195113859787,-0.350119152652081
-0.0243018903737843,-0.349214837218966
-0.0417361534092874,-0.347523822120207
-0.059076986404445,-0.345049256948417
-0.0762966890574014,-0.341794619814289
-0.0932697244943492,-0.337430511990455
-0.110016042235813,-0.33229002112717
-0.126508574942348,-0.326390196332862
-0.142718781683152,-0.319740996516346
-0.158529292557605,-0.312181161344209
-0.173989502489126,-0.303932720900032
