-0.136812706475758,-0.136812706475758
-0.143413173861376,-0.129729437928952
-0.149709075671619,-0.122381842494389
-0.155694916640256,-0.114776710085699
-0.161233659299859,-0.106835789375738
-0.166329818151914,-0.0986088054767332
-0.171078383931154,-0.0901778714149093
-0.17544560637023,-0.0815369104015905
-0.179222074770707,-0.0726231416483524
-0.182622261597572,-0.0635644549523999
-0.18564322496539,-0.0543690454299211
-0.188097915787972,-0.0450036414022673
-0.190051696029145,-0.0355264655739313
-0.191662568564732,-0.0259845165154463
-0.192700118880697,-0.0163587422505768
-0.193228355934079,-0.00669762204394929
-0.193400882150905,0.00297811433480743
-0.192972788259801,0.0126500719143512
-0.192064008278266,0.0222829154458721
-0.190777510641054,0.0318745989920426
-0.188924375604261,0.0413772463220769
-0.186568686782391,0.0507624406184185
-0.183849581668266,0.0600491401125779
-0.180621827898643,0.0691768018864314
-0.176879406326157,0.0781011504610683
-0.172785281925105,0.0868684224041502
-0.168263992910142,0.0954295720965272
-0.163209931229585,0.103683944799094
-0.157833966454684,0.111728293482812
-0.152118700722911,0.119542981015291
-0.145868318892657,0.126935636259083
-0.139336353204632,0.134073074335802
-0.132525265568589,0.140952474809511
-0.125245164100999,0.147334685302051
-0.117708794833782,0.153402040841319
-0.109936404239492,0.159170331251764
-0.101797509183765,0.164413644451615
-0.093433569534062,0.169276931303975
-0.084889876202533,0.173825283283929
-0.0760579200993806,0.177790974751587
-0.0670609171542324,0.181348791107705
-0.0579328930830095,0.184567395674424
-0.0486040750738403,0.187156770892234
-0.0391787482270369,0.189337756984628
-0.0296758669996272,0.191185685931932
-0.0200600420861455,0.192309704595141
-0.0104165026758135,0.19307827488829
-0.000742601059405911,0.193457438990186
0.00893253825806252,0.193151700740332
0.0185838339612077,0.192474188625117
0.0282061845731736,0.191404602676428
0.0377258026866078,0.18964583439616
0.047165146296653,0.187524174007128
0.0565223938058028,0.185040020659068
0.065673467543939,0.181878684001163
0.0746847265387029,0.178355958060052
0.0835531283704085,0.174477268980255
0.0921478452086995,0.170020400853849
0.100521263583501,0.165172310981501
0.108697797293034,0.159995034197186
0.116553885102853,0.154336596281154
0.124096642456169,0.148275088031053
0.131394173492144,0.141920298296842
0.13834320762585,0.135179113869242
0.144881484963819,0.128044297846695
0.151129784869514,0.12065666942372
0.15701857091922,0.11297183471988
0.162402450923012,0.10492918706939
0.167474195960564,0.0966897373170812
0.17215737131705,0.0882163263506616
0.176272477456229,0.0794559882770655
0.18004359713157,0.0705464155821326
0.183403467266408,0.061466637840228
0.186160240685801,0.0521900012240643
0.188591404157423,0.0428251136756449
0.190507064621929,0.0333352746303442
0.1918715334087,0.0237562429963447
0.192904010212125,0.0141344946336569
0.193343037388527,0.0044628211986291
0.193276905094517,-0.00521281806261548
0.192845522939561,-0.014880370199744
0.191837263854947,-0.0245091651706083
0.190322257327407,-0.0340656615798208
0.188449143131045,-0.0435597633898913
0.186024524203653,-0.0529329726867699
0.183090703605371,-0.0621543698041184
0.179795670928491,-0.0712523644508948
0.176031910159559,-0.0801723717399068
0.171735176087999,-0.0888442067196274
0.167101272601382,-0.0973380066940909
0.162079549541881,-0.105615586962977
0.156518356344371,-0.113538325361316
0.150650055953131,-0.121230750324897
0.144477315851848,-0.128689136247181
0.137780522072924,-0.135680997338128
0.130811925669204,-0.142392770004001
0.123587252763151,-0.148835168656184
0.11593673569276,-0.154768403263909
0.108037804743512,-0.16035551200517
0.0999258778121527,-0.165635155767558
0.0914848046189231,-0.17037647735536
0.0828305629648124,-0.174702458275121
0.0740248939727514,-0.178719622459185
0.0649640690073573,-0.182130216712327
0.055766854211288,-0.185131358601776
0.0464623133645666,-0.187800807388887
0.036987458462325,-0.189789711796158
0.0274476764064866,-0.191398533977675
0.0178479497007044,-0.192652017844171
0.00818120926432057,-0.19318669003665
-0.00149188780635595,-0.193353353927379
-0.0111712663156441,-0.193156362863374
-0.0208084674421254,-0.192234321451077
-0.0303993255527738,-0.190962276467515
-0.0399384498154285,-0.189309223183603
-0.0493337230793258,-0.186971914877925
-0.0586208718197603,-0.184259570685412
-0.067798905732947,-0.181184312333353
-0.076751169881426,-0.177497939132414
-0.0855228659250529,-0.173414602218051
-0.0941273542488137,-0.168983913139967
-0.102448923468309,-0.164035549107477
-0.110499882127087,-0.158667792490626
-0.118331645546589,-0.152984302155572
-0.125847430866928,-0.146881347317066
-0.132990302522763,-0.140351866093748
-0.139872043489302,-0.133550088074313
-0.146415664467039,-0.126414611115723
-0.152491340486405,-0.118880777081549
-0.158266236810413,-0.111117949395413
-0.163694215548351,-0.103101138543477
-0.168554583390869,-0.0947300837600229
-0.173100510627801,-0.0861897849678425
-0.177268020110613,-0.077451166451156
-0.180826897144153,-0.0684501806327873
-0.184049179289081,-0.0593277815135532
-0.186852357969362,-0.0500610786414916
-0.189026249914305,-0.0406297462590711
-0.190858775503547,-0.0311298667029457
-0.192220862209917,-0.0215447092038014
-0.192974628923155,-0.0118968540389065
-0.193380253325302,-0.00222995037037163
-0.193265035868852,0.00745070896787902
-0.192591938487622,0.0171039844615514
-0.191542733160949,0.0267231246661296
-0.189991417819167,0.036279636855888
-0.187867723830373,0.045721298982081
-0.185380595561187,0.0550717362928459
-0.182439793846359,0.0642958004627784
-0.178920835405492,0.0733120949282857
-0.175047500009452,0.0821784543101964
-0.170794896928333,0.0908761544882458
-0.165948002637711,0.0992558543672462
-0.160775174569274,0.107432059471666
-0.155278839668996,0.115400807291333
-0.149241261512599,0.122969361036853
-0.142889339963262,0.130267721715388
-0.13625268235739,0.137312886391333
-0.129176259804869,0.143920168764734
-0.12179264263002,0.15017334945234
-0.114166371908653,0.156130737138455
-0.106197561408887,0.161629064632725
-0.0979547473499753,0.166696550787317
-0.0895256178289448,0.171449942508275
-0.0808259755440801,0.175698004941829
-0.0719170568107761,0.179473454515032
-0.0628702802775898,0.18290762213563
-0.053630295643229,0.185797816111102
-0.0442594988091559,0.188204523193522
-0.0348071803950831,0.190284130996626
-0.0252316031727534,0.191710511603373
-0.0156098569361469,0.192715390487797
-0.00595214580775379,0.193385138117521
0.00372931997991072,0.193329117649137
0.0133944609892562,0.192894489339607
0.0230416086922618,0.192090893547504
0.0326074892848998,0.190599521098338
0.0420975928585361,0.188718002281882
0.051514039251297,0.186475020307313
0.0607553611399183,0.183588254898942
0.069854002233108,0.180297267500819
0.0788179232174538,0.176647804564957
0.0875412882444022,0.172448403731247
0.096036661423076,0.167816458633401
0.104342912804818,0.162851605313777
0.112363394556176,0.157428756305635
0.120059801623049,0.151562430541219
0.127517134765361,0.145396951110977
0.134664035700422,0.138865959880844
0.141383564894798,0.131900210345054
0.147818143930331,0.124674771969528
0.153935031188354,0.117170259297383
0.159522611653946,0.109266143666554
0.164800483221245,0.101157594379767
0.169739569445765,0.0928307806292604
0.174075267047004,0.0841756773471746
0.178067506751075,0.0753632380764348
0.181707163933993,0.0663919642583315
0.184693296603613,0.0571845616220085
0.187350932891731,0.047882262068541
0.189567747792981,0.0384582296054094
0.191164387872459,0.0289133296732584
0.1924257103122,0.019320453044707
0.193177251989176,0.00966808414618429
0.193345569079482,-7.66017860507218e-06
0.193151120744065,-0.00968142512878654
0.192449597868893,-0.0193373622422996
0.19116893383099,-0.028929312020386
0.189532636304779,-0.0384658535015605
0.187403060023746,-0.0479104251233433
0.184699185479979,-0.0572031756254287
0.181632636170642,-0.0663798578811271
0.178148437919014,-0.075412685081598
0.174068909966191,-0.0841905094745088
0.169649894675032,-0.092797615061352
0.164887150425226,-0.10122682938976
0.159525404710181,-0.109288138579739
0.153851598910919,-0.117125083829084
0.147868574408828,-0.12473399679564
0.141392551732635,-0.131930777595622
0.134593728264383,-0.138815029636747
0.127532176856418,-0.14543319987943
0.12007174442227,-0.151603705689132
0.112313128099183,-0.15738520947431
0.104334968526184,-0.162861932105595
0.0960487529873573,-0.167868927730366
0.087502429203146,-0.172406621010482
0.0787975710959699,-0.176633247584374
0.0698520316081243,-0.180335646632421
0.0607286006342398,-0.183556903000231
0.05149217873005,-0.186444526811977
0.0420884588539312,-0.188746360505282
0.0325883575561349,-0.190578263531537
0.0230243239964354,-0.192060874371198
0.0133804000321436,-0.192912583007451
0.00371381693269935,-0.193310894881007
-0.00596488918849683,-0.193354631467295
-0.0156265600843571,-0.192737568383353
-0.0252457871843874,-0.191700571015009
-0.0348205650055373,-0.19028395431538
-0.0442852797081972,-0.188246190386742
-0.0536369256261487,-0.185763779572371
-0.0628867414280556,-0.182917928488859
-0.0719504401609977,-0.179514861001143
-0.0808217483450763,-0.175650949206992
-0.0895326921396543,-0.171436558862031
-0.0980053277062005,-0.166751627988767
-0.106188418625307,-0.16158547394855
-0.114158529903459,-0.15609935051448
-0.121861990174418,-0.150235128787823
-0.129166675500065,-0.143884799650232
-0.136214330208686,-0.137255951907099
-0.142979946383708,-0.130330642617377
-0.149241740783418,-0.122948163946139
-0.155206022062692,-0.115330238504556
-0.160870345455948,-0.107479538951469
-0.16595310237826,-0.0992395073008699
-0.170704424908881,-0.0908119204619652
-0.175141086687251,-0.0822073864806639
-0.17892968976322,-0.0732981102625459
-0.182368929302707,-0.0642555507274768
-0.185470644186656,-0.0550847146869712
-0.187871998624771,-0.0457057877018456
-0.189930361297505,-0.036253004501088
-0.191603801568596,-0.0267173361853897
-0.192587932119483,-0.0170879960265863
-0.193228283288762,-0.00743480561579936
-0.193420514475385,0.00224456912449342
-0.192984433638576,0.0119129961333625
-0.192174612508005,0.021554386170244
-0.190922596470967,0.031154648593032
-0.189033778002495,0.040647639903138
-0.186781650620194,0.0500568420712744
-0.18412656070378,0.0593671176460695
-0.180834942988043,0.0684705338714097
-0.177186495734616,0.0774315105320434
-0.173183229130746,0.0862458691766917
-0.168567652821938,0.0947563397107268
-0.163602845022207,0.103060624011696
-0.158310611929944,0.111164461917096
-0.152507549790255,0.118914251324972
-0.146341371924169,0.126370794657552
-0.139884739371339,0.133579467006715
-0.133015227426256,0.140401575914227
-0.125790495200989,0.146838880475269
-0.118316374928725,0.152984335598383
-0.110522292530686,0.158727627282786
-0.10240712101878,0.163999217213236
-0.0940986453756661,0.168958143337447
-0.085537495763833,0.173478779279863
-0.0767230363274592,0.177473093825411
-0.0677631345151756,0.18112437847783
-0.0586198591538458,0.184307158442991
-0.0493090515597556,0.18694045468843
-0.0399123657299384,0.189250624564002
-0.0303862127547412,0.190976206158706
-0.0207915736685811,0.192216851720942
-0.0111556106695655,0.193127109742727
-0.00147706577641533,0.193369452576583
0.00819609032180008,0.193177178040644
0.01785881014534,0.19261814275954
0.0274654473296265,0.191417401102117
0.0370003204766812,0.189776586870158
0.0464698246433629,0.187775788228371
0.0557932704519284,0.185166567600992
0.064973423609907,0.182109191402351
0.0740270390046817,0.178691130275988
0.0828713931321775,0.174753024086854
0.0914832271249595,0.170340107576856
0.0999138467306011,0.165590914061781
0.108091577548338,0.160408298189015
0.115936785140902,0.154741076832279
0.123549300054308,0.148769014470055
0.130887443982145,0.142453710565068
0.137784137702877,0.135661707347481
0.144401242228794,0.128603319771289
0.15074019526228,0.121285450437377
0.156528464351676,0.113525236100912
0.162009823557486,0.105552947332412
0.167183063977233,0.0973703832541507
0.171753748848876,0.0888357875706461
0.175965708122483,0.080126142609369
0.179871724258044,0.0712679960260044
0.183095562214676,0.0621391367776504
0.185979848514962,0.0529049116626569
0.188493745311727,0.0435557514257065
0.19032358428562,0.0340505138346365
0.191814426588475,0.0244914682029096
0.192875335830421,0.0148682400979113
0.193278742719853,0.00519758230840705
0.193322100369627,-0.00447714555680138
0.192925285344611,-0.0141503428265637
0.191880634840548,-0.0237724777763629
0.190483179853119,-0.0333461656280556
0.188647704318608,-0.0428522289299117
0.186176643460806,-0.0522111667329822
0.183341646444548,-0.0614615692951106
0.180137177751282,-0.070597331141292
0.176278666225613,-0.079476423499674
0.172078619507554,-0.0881923904521138
0.167532481315729,-0.0967384040601137
0.162418693051497,-0.104959277820988
0.156944278386422,-0.112937105379055
0.15115588505337,-0.120693278155075
0.144903744328916,-0.128085341288033
0.138280300649328,-0.135139399676159
0.131387438129404,-0.141931295192295
0.124121491559558,-0.148329631164681
0.116509240176831,-0.154304095783318
0.108670668241287,-0.159976938389677
0.100545046411921,-0.165240506228781
0.0921129397359864,-0.169989869076342
0.0835147774403081,-0.17442685527239
0.0746917231172416,-0.178412309565779
0.0656481422535995,-0.181855377662627
0.0564852468575969,-0.184963407631924
0.0471614076721744,-0.187569964752286
0.0377061817723139,-0.189627209132514
0.0281828050090966,-0.191340558641901
0.018571334894136,-0.19250212128858
0.00891640578371974,-0.193134478767355
-0.000756346513312685,-0.193416149846229
-0.0104325929199662,-0.193103450524256
-0.0200750856198405,-0.192304954529225
-0.0296807239684191,-0.191128404509473
-0.03920407519591,-0.189385359597498
-0.0486155210519567,-0.18713728840336
-0.0579328285968788,-0.18452538069693
-0.0670966457121308,-0.181402071358299
-0.0760634698562131,-0.177762960170776
-0.084877334686562,-0.173770320701526
-0.0934892342262101,-0.169346678506116
-0.101801254833333,-0.164388282526997
-0.10990706691199,-0.159105609845997
-0.117786048710057,-0.15347948023716
-0.125250405111245,-0.147315157961858
-0.132462620252458,-0.140865984019972
-0.139419778796908,-0.134134441846139
-0.145884907614491,-0.12692800418648
-0.152038426365842,-0.119461937487016
-0.157895317204701,-0.111756223139226
-0.163232410802717,-0.103678625725353
-0.168190942222338,-0.0953708659127015
-0.172835685946339,-0.0868794042622679
-0.176905074614973,-0.0780948464937973
-0.180564555988598,-0.0691387499321348
-0.183885102060696,-0.0600476227120786
-0.18658481650116,-0.0507502481979533
-0.18887234257854,-0.0413503299041394
-0.190829348814553,-0.0318694947103314
-0.192064165707721,-0.0222673792081096
-0.192943657763944,-0.0126334608789952
-0.193432806902983,-0.00296460548122389
-0.193238853679725,0.00671321661412527
-0.192673595533163,0.0163716337702509
-0.191711521835583,0.0260052238740958
-0.190063559672095,0.0355443580672815
-0.188052555659071,0.0450077803021737
-0.18567513379366,0.0543927491321906
-0.182617765775561,0.0635788298322293
-0.179201111649231,0.0726307021502198
-0.17542690605719,0.0815442285809059
-0.171064028145572,0.0901869246331609
-0.166314805331988,0.0986166003184549
-0.161234152810173,0.106853646099379
-0.155661596664202,0.114770765237764
-0.149689373470113,0.1223841276635
-0.14342064559124,0.129755782943681
-0.136755940279808,0.136778066987724
-0.129698562544049,0.14339947763059
-0.122384740432758,0.14973400575167
-0.114765343029221,0.15570706583703
-0.106786563019323,0.161184713183043
-0.0986067528422968,0.166352038652709
-0.0901863183640104,0.17112962186378
-0.0814746738502523,0.175346385204643
-0.072609445361739,0.179220479276252
-0.06356857968623,0.182683441013761
-0.0543244971407035,0.185547197618921
-0.0449879788904869,0.188084765088864
-0.0355212833516905,0.190111282833104
-0.0259583619122118,0.19158454323192
-0.0163489928950973,0.192724495729947
-0.0066833246519797,0.193278446982911
0.00299240232848476,0.193321579353908
0.0126640419702122,0.193000322292791
0.0223038655123031,0.192104746844547
0.0318769118180095,0.190698668509343
0.0413917792503254,0.188934783301811
0.050792228642424,0.186618442342868
0.060046560609529,0.183790563027601
0.0691817460487862,0.180600402184061
0.0781441958019025,0.176939122674145
0.086864744780103,0.172742418065805
0.0954113769101557,0.16820688785116
0.103745624673459,0.163279975874287
0.111731824295814,0.157810531574125
0.119491213226768,0.152031219503816
0.127020008855856,0.14594467934444
0.134088055973522,0.139328487796845
0.14087954543427,0.132437685106484
0.147404067198948,0.125287241174352
0.153425329890037,0.117705931969818
0.159102386554858,0.109871485978185
0.164473865178549,0.101820269675593
0.169313593177676,0.0934353394145414
0.173737879428502,0.0848309790881794
0.177853554033901,0.0760711957240888
0.181372099884295,0.0670518392972338
0.184476237794043,0.0578888880911607
0.187248442221203,0.0486148767825404
0.189352985964027,0.0391651265938865
0.191066663710927,0.029643686297492
0.192427467576269,0.0200590602252724
0.19307917149844,0.0103996096851247
0.193354120991422,0.00072910877119242
0.193272139661208,-0.00895178023330049
0.192459149718282,-0.0185988909477668
0.191296010844824,-0.0282034413748977
0.189751740086824,-0.0377605390596119
0.187524788102758,-0.0471824755258017
0.184918375667401,-0.0564998038896988
0.181948340714065,-0.0657122451532879
0.178366227912414,-0.0747066253847555
0.174383646459052,-0.0835244234387814
0.170051741049889,-0.0921789159789296
0.165200194645121,-0.100557186316405
0.159924933247813,-0.108668961060746
0.15433147021245,-0.116565121354106
0.14831610867869,-0.124151069418031
0.14186894384531,-0.131368246971047
0.135146159144845,-0.138327017320453
0.128087619488624,-0.144953417358909
0.120623584922655,-0.151114626002652
0.112926930085905,-0.15697723782441
0.104974691830261,-0.162499218771725
0.0966594550618206,-0.16745459233979
0.0881709534371161,-0.172096291947304
0.0794829797167434,-0.176368168393687
0.0705224559446222,-0.180028166120607
0.0614366270019062,-0.183351750111431
0.0522049484181326,-0.186267901950349
0.042797876825255,-0.188545514002566
0.0333192793883372,-0.190483947309705
0.0237513465251591,-0.191961483134781
0.0141124548242251,-0.192823017579499
0.00445097675495391,-0.193338122315596
-0.00523026030458637,-0.193336802540489
-0.0148905096481758,-0.192773519620048
-0.0245208815676569,-0.191834437949454
-0.0340946146720826,-0.190393899993791
-0.0435598557756313,-0.1883783411905
-0.0529381865175401,-0.185999006734872
-0.0621951611881736,-0.183163852711517
-0.0712512987737743,-0.179749133811612
-0.0801616688378391,-0.175978378540901
-0.0889070799959861,-0.171825008284613
-0.0973419965930669,-0.167075174027024
-0.105577301273743,-0.161997155575453
-0.113609029935727,-0.156593325548479
-0.121245600977481,-0.150642168423345
-0.128616699398468,-0.144374954905074
-0.135737703164975,-0.137819834400991
-0.142425402666796,-0.130819495027796
-0.148763075974047,-0.12350839952793
-0.154807554809626,-0.115951083936706
-0.160397410539028,-0.108046322531027
-0.16555896910495,-0.0998621538908093
-0.170407759797923,-0.0914877032183423
-0.174757522493236,-0.0828385652822249
-0.178633962299924,-0.0739731343999551
-0.182169421663086,-0.064965697422552
-0.185168282717549,-0.0557605207055651
-0.187681067228502,-0.0464177078831046
-0.189869467430789,-0.0369901285266328
-0.19140533170856,-0.0274316122036982
-0.192521214389629,-0.0178222586486292
-0.19330414763488,-0.0081730136364276
-0.193356016685431,0.00150837178896142
-0.193034258744731,0.01117779933066
-0.192344199395825,0.0208338687105253
-0.190957759664222,0.0304154148691621
-0.189188028134639,0.0399268468697123
-0.18705668526747,0.0493693933580861
-0.184269985547189,0.0586412764160608
-0.181086659874598,0.067777956277993
-0.177543387134737,0.0767845567102095
-0.173438085275279,0.0855524882098939
-0.168907018801308,0.0941018126307849
-0.164040901018006,0.102466422085857
-0.158704448387844,0.110544528846203
-0.152929799014388,0.118309581514709
-0.146852823053462,0.12583927163719
-0.140399261602008,0.13305603717094
-0.133513645269321,0.139857153893538
-0.126364743452039,0.146376635167088
-0.118927069313863,0.152574473006209
-0.111089782250967,0.158254797388696
-0.103043785743034,0.163627471250967
-0.0947718358213909,0.168657722598145
-0.086168512773035,0.173094598503638
-0.0774034340612181,0.177189635015456
-0.0684734703527872,0.180929268356356
-0.0593017589285019,0.184022661842905
-0.0500307443626958,0.186787279553489
-0.0406328331554403,0.189111973642141
-0.0311069949756058,0.190818353019316
-0.021529138412932,0.192188144033643
-0.011886268934232,0.193051911915408
-0.00221315834186103,0.193330591916542
0.00746208497444076,0.193247494339131
0.0171253052030807,0.192656395692258
0.0267312088192532,0.191486232412049
0.0362860436441561,0.189960830544644
0.0457538913934842,0.187937729888602
0.0550771652447945,0.185341771972549
0.0642888188011895,0.182382155733465
0.0733599113087373,0.178999120593023
0.0821843385831548,0.175022004550681
0.0908423728526689,0.17070381185678
0.0993239060742265,0.166035077016395
0.107446940066377,0.160767834944256
0.115349365147269,0.155185779838424
0.12302744870325,0.149291701473418
0.130295869631951,0.142896337044991
0.137258834864814,0.136178346538486
0.14395846144485,0.129194013724803
0.150212360379905,0.121803472298081
0.156083403023481,0.114112548221121
0.161651832029141,0.106198172158889
0.166752582529973,0.0979694490866287
0.171388830203186,0.0894763047908452
0.175714684786325,0.080820424369202
0.179520382808501,0.0719184394397543
0.18284569751582,0.0628324580040416
0.185837440221035,0.0536294217837007
0.188250355425012,0.0442536830844674
0.190188644766381,0.0347747433409785
0.191780010777138,0.0252284378757991
0.192744551336396,0.015595250987077
0.193252929807252,0.00593393879565428
0.193408158248188,-0.00374349193807878
0.19290182414827,-0.0134114915262386
0.191975923158116,-0.0230419175840182
0.190670307694836,-0.0326324182970653
0.188739661300051,-0.0421194587663452
0.186365735717821,-0.0514990825295956
0.183627714768452,-0.0607813741067644
0.180326223377899,-0.0698824552690819
0.17656599394863,-0.0787980138883276
0.172453309468987,-0.0875574230738847
0.167863130237798,-0.0960816517542762
0.162792699518805,-0.104324160143392
0.157399787956423,-0.112357584918628
0.151621772735309,-0.120125790995365
0.145357264588224,-0.127503899059124
0.138810840664418,-0.134628096435582
0.131961825174252,-0.141470800695282
0.124652824948432,-0.147817876334439
0.117104581608663,-0.15386996760286
0.109319820845819,-0.159624563941829
0.101138187132573,-0.164800625594208
0.0927659659181881,-0.169648692215209
0.0842127387725939,-0.174183237703092
0.0753480130898237,-0.178074713003632
0.0663453658091399,-0.181616920719483
0.0572103925787608,-0.184822025776709
0.0478602106764077,-0.187332564533086
0.0384317208449968,-0.189498868472598
0.0289160543424421,-0.191281951379617
0.0192987503786202,-0.192376238224862
0.00965375556165209,-0.193128608248673
-2.27474161369069e-05,-0.193429347916294
-0.00969534223243504,-0.193105856710336
-0.0193454898494846,-0.192408922031458
-0.0289588625151605,-0.191262774469697
-0.0384729856473223,-0.189485199954823
-0.0479079917204725,-0.187344038621474
-0.0572464539320133,-0.184790246232517
-0.0663876664369328,-0.181606334636465
-0.0753909842768862,-0.178063898683332
-0.0842522433288822,-0.174164939457724
-0.0928118740731817,-0.169641395843391
-0.101174095242595,-0.164775108772184
-0.10934014626001,-0.159579027508733
-0.117151884905723,-0.153859794141505
-0.124680605747473,-0.147782275223718
-0.13196497171958,-0.141410978120761
-0.138860992211615,-0.134615803643439
-0.145382857566697,-0.127467648917989
-0.151615950666224,-0.120066382448283
-0.157443919520999,-0.112335529970393
-0.162810519702082,-0.104283168149153
-0.16786622412953,-0.0960332029057106
-0.172481418370725,-0.0875227615968044
-0.176578408914543,-0.078755778764599
-0.180333635010913,-0.0698389567025063
-0.183619403734131,-0.0607322796320001
-0.18636043479385,-0.0514527231023886
-0.188777671543359,-0.0420830957337563
-0.190613767256316,-0.0325777140761988
-0.191963656788272,-0.0229978567482615
-0.192981885052997,-0.0133729586924418
-0.193338548636067,-0.00369805555838482
-0.193255958586745,0.00597657093766987
-0.192807388750309,0.0156448572303969
-0.191718489089131,0.0252647084277692
-0.190186744002261,0.0348176016620962
-0.188295181582398,0.0443094150098742
-0.185793189425362,0.0536621027647308
-0.18284154378228,0.0628766798097468
-0.179528059014645,0.0719689969868219
-0.17569118725638,0.0808576272766665
-0.171377826235774,0.0895196106134363
-0.166726425004029,0.0980044925462228
-0.161637192501897,0.106240548300476
-0.15606096223795,0.11415052918357
-0.150177068123311,0.12183129060604
-0.14394596638612,0.12924094023013
-0.137233984653341,0.136215362747814
-0.130252359503527,0.142913283990847
-0.123007778833056,0.149335725653939
-0.115314765347197,0.155212881011313
-0.107405776351847,0.160785045635113
-0.099282721579846,0.166050911249901
-0.0908022230876737,0.170721008585542
-0.0821411647633681,0.175031859476964
-0.0733276438043065,0.179036825094002
-0.0642380222219906,0.182369427969694
-0.0550367557560899,0.185356949933162
-0.0457187514172368,0.187983649166605
-0.0362343350223023,0.189919822949188
-0.0266924197684847,0.191515643259617
-0.0170830106180655,0.192694318579969
-0.00741721297859831,0.193204889237642
0.00225623256188598,0.193356583364903
0.0119333941560175,0.193076046831002
0.0215667188602458,0.19213922923229
0.0311554765755043,0.190850422091055
0.0406824702199074,0.189127447268158
0.0500688152119667,0.186762499590604
0.0593507354425299,0.184032894812491
0.0685233168868481,0.180935711469034
0.0774456957684391,0.17717837281654
0.0862090107369175,0.173078267111189
0.0948062049134548,0.168630037707495
0.10308599245292,0.163612387504423
0.111125716829836,0.158229426017283
0.118947297912192,0.152529988923694
0.126411660214986,0.146364499782069
0.133540900601929,0.139822127077354
0.140410578159782,0.133006995543331
0.146893747515342,0.125816769181717
0.152954350704481,0.118272926856583
0.1587154146117,0.110499160300493
0.164074927946374,0.102436613818157
0.168919597454778,0.094058831868332
0.173452466650953,0.0855110321998725
0.177544117800346,0.0767368223454834
0.181088224174345,0.0677322059693871
0.184297353042087,0.0586044936629183
0.187018561264048,0.0493135631844097
0.189179282123918,0.039881265730393
0.190998404466949,0.0303778714731807
0.192276852508862,0.0207813570081983
0.193016645511133,0.0111340387075605
0.193407390038346,0.00146536305342787
0.193209769194829,-0.00821381001591468
0.192520467640432,-0.0178646677742613
0.19145335715663,-0.0274828841664249
0.189822005821264,-0.0370258990203937
0.187681190119819,-0.0464622511367873
0.185176140173563,-0.0558087061731845
0.182159119513408,-0.0650079561872948
0.17862310338608,-0.0740158370751666
0.174731859498803,-0.0828748165829985
0.170407788650628,-0.0915370286914129
0.165545089608024,-0.0999052922847383
0.160355851330254,-0.108071113918024
0.154820789370966,-0.116014215341126
0.148742777624827,-0.123548903106506
0.142376746163969,-0.130834492756623
0.135725209926605,-0.137867987058098
0.128594345473436,-0.144416234998068
0.121199133812624,-0.150654606625691
0.1135607435046,-0.156598764613592
0.105546308965981,-0.162030080077599
0.0972954389564642,-0.167082629299396
0.0888570188182505,-0.171822552565911
0.0801216683000471,-0.17599630995936
0.0712073488002329,-0.179756379513206
0.0621540583751081,-0.183177761931414
0.0528898164619695,-0.18598869902587
0.0435163185420187,-0.188381763615508
0.034058711345983,-0.19044693005693
0.0244717495394166,-0.191793569605719
0.0148486672412177,-0.19278322601458
0.0051861796865649,-0.193383435559796
-0.00449308423206969,-0.193300707229537
-0.0141572871485192,-0.192847266205706
-0.0238010085470182,-0.191993875294379
-0.0333583414683626,-0.190456424728676
-0.0428444529705218,-0.18855588869208
-0.0522551237124041,-0.186282776936713
-0.0614759757973055,-0.183333003308423
-0.0705670749977286,-0.180022485393429
-0.0795243084137881,-0.176352925549256
-0.0882143566888518,-0.172085370646348
-0.0966989416763976,-0.167435300921926
-0.104995133937618,-0.162451654393017
-0.11297283847627,-0.156966355099453
-0.120655523722062,-0.151083903209747
-0.128100025806569,-0.144901812872346
-0.135195289099313,-0.138314997687812
-0.141898656035536,-0.131335734011466
-0.148318239908482,-0.124096471890618
-0.154375477755102,-0.116543941875596
-0.159945822691049,-0.108629860687753
-0.165207694668621,-0.100510595777528
-0.170079758756429,-0.0921445811344512
-0.174397272143354,-0.0834826072857114
-0.178373453528746,-0.0746627587061565
-0.181939746914779,-0.0656622492892184
-0.184909723934444,-0.0564518013946413
-0.187553002171059,-0.0471447761301559
-0.18969077524339,-0.0377026725629983
-0.191272285859776,-0.0281570167656221
-0.192519234854887,-0.0185612022882421
-0.193188670245223,-0.00890294934043465
-0.19334072867636,0.000771653968725436
-0.193129337435444,0.0104461012717772
-0.192347141903495,0.0200956812404614
-0.191049879620886,0.0296840099950291
-0.189395213740928,0.0392183277789674
-0.187187960810098,0.0486448844636706
-0.184466158403479,0.0579308793788417
-0.181381086861124,0.067101966831762
-0.177823203637615,0.0761058540630244
-0.173726876320627,0.0848738851961639
-0.169290152246915,0.0934721157592546
-0.164459057970585,0.101862156486954
-0.159081913439988,0.109910660858575
-0.153392209601438,0.117735876840439
-0.14739255746289,0.125333969831317
-0.140858106493484,0.132477522253622
-0.134045888781189,0.139347709478487
-0.126970515574638,0.145953377777695
-0.119459635193764,0.15206211714322
-0.111690605881909,0.157828258249771
-0.103701075694693,0.163290759523631
-0.0953735840300099,0.168228479472084
-0.0868201531617566,0.172750377964397
-0.0781073196655208,0.176963945474231
-0.0691308071996491,0.180590159566928
-0.0600032352153188,0.183796818443425
-0.0507608695113554,0.186671378256291
-0.0413376769035035,0.188891420360944
-0.031835700494447,0.190709662599531
-0.0222673611070051,0.192177522044606
-0.0126166265681254,0.19294627373057
-0.00294992444423675,0.193329394457301
0.00673091830403704,0.193356971044894
0.0163868972104636,0.192658608142185
0.0260039023826758,0.191604499364878
0.0355777344921723,0.190169210880845
0.0450250356608331,0.188052909461858
0.0543713368032682,0.185552768814059
0.0636169900271234,0.182688369984695
0.0726522499025744,0.179210941224867
0.0815150043734109,0.175329665428421
0.0902183916834991,0.171097151004913
0.0986521854449898,0.166342981000479
0.106823736929569,0.161160945557631
0.114783299383232,0.155658291657434
0.122438301012507,0.149731216009336
0.129728874938379,0.143367265749868
0.13676383120028,0.136724408882922
0.14347197137162,0.129743637781998
0.149717973409878,0.122350436318886
0.155667630803552,0.114721010109224
0.16128265915842,0.106834313828856
0.166332488586274,0.0985760412144428
0.171069511941798,0.0901404835631653
0.175444884725734,0.0815042719030382
0.179205691247497,0.0725854191941308
0.182630354836631,0.0635373448258306
0.185658711977505,0.0543419591287095
0.188039938089955,0.0449603351030021
0.190084211298838,0.0355042253249311
0.191676570190264,0.0259548396301383
0.192645955120814,0.0163261452243545
0.193270705064191,0.0066713360623134
0.193382798248856,-0.00300914407006976
0.192929640038402,-0.0126751140418523
0.192101052038536,-0.0223154899892747
0.190770950492472,-0.0319050860562143
0.188864040468265,-0.0413926986917753
0.186593081909855,-0.0507977550636937
0.183863380666117,-0.0600862646410086
0.180553618321243,-0.0691811117712217
0.176886203706339,-0.0781344190336491
0.172832031048017,-0.0869261459487204
0.16818014732958,-0.0954152639741454
0.163197870685001,-0.103708723535571
0.157887513793607,-0.111802560609016
0.15202299752888,-0.119505746164043
0.145841573329662,-0.126948797597184
0.139369087884467,-0.134144944069402
0.132445235900775,-0.140911663099609
0.12520786215119,-0.147333231187608
0.117720710194754,-0.15346430292438
0.109880593791369,-0.159144312188863
0.101756369940437,-0.16439957906165
0.0934378693149251,-0.169343514592991
0.0848400399156155,-0.173793633724633
0.076019434304633,-0.177770940248773
0.0670526182581651,-0.181407683474261
0.0578832394102837,-0.184513942085445
0.04856976188108,-0.187132945795417
0.0391682581609206,-0.189430374139425
0.0296278918383731,-0.191074573567868
0.0200322888234364,-0.192301852743708
0.010392796801366,-0.193197862700662
0.000712708333961152,-0.193357158341342
-0.00895970058267792,-0.193148829142705
-0.0186234498821336,-0.192572940390485
-0.0282193703534114,-0.191290548912806
-0.0377509104351132,-0.189633382551682
-0.0472184092635956,-0.187614497893029
-0.0565194650991948,-0.184927132022104
-0.065693073340005,-0.181852394230142
-0.0747413351745754,-0.178416283328099
-0.0835523494992902,-0.174404524113009
-0.0921546610312464,-0.169975437499191
-0.10057675890317,-0.165209180945706
-0.108710928370222,-0.159958758380342
-0.116543827420354,-0.154277024739472
-0.124145188727757,-0.148289804217305
-0.131430187839635,-0.14191351482397
-0.138312293388988,-0.135109394813182
-0.144916196327233,-0.128038394400804
-0.151193306378418,-0.120667624629515
-0.156966010702891,-0.112898635095209
-0.162433255507797,-0.104916627999948
-0.167552958301445,-0.0966998519982967
-0.17209090230761,-0.0881498270318971
-0.176288775420758,-0.0794335876532062
-0.180126660964597,-0.070545506350253
-0.183327538041806,-0.0614110340798908
-0.186199513147167,-0.0521727459337561
-0.188630361807258,-0.0428018235103402
-0.19044701121088,-0.0332965166020194
-0.191925903884159,-0.0237349986174277
-0.192900243520925,-0.0141027780073261
-0.193290019425826,-0.00443364425853056
-0.193319072804954,0.00524182889969094
-0.192836906182582,0.0149109913817927
-0.191778191417864,0.0245296101797653
-0.19036465302548,0.0341015985109005
-0.188446717485867,0.0435912058672464
-0.185959752411676,0.0529438874314446
-0.183108185398768,0.0621895145124912
-0.179825202575913,0.0712971876020341
-0.175951751521381,0.0801672633312129
-0.171735647004205,0.0888753887517694
-0.167160033078023,0.0974074078368052
-0.161988679647109,0.10559138809995
-0.156499762972718,0.113558651784151
-0.150696008039481,0.121305398217673
-0.144380792194747,0.128643434790643
-0.137745134472015,0.135684690951651
-0.130839492692436,0.142465513037027
-0.123518615774105,0.148800674645262
-0.11589695533989,0.1547610980835
-0.108047872358979,0.160421221036781
-0.0998767220673819,0.165613523435721
-0.0914383728833769,0.170348456802802
-0.0828330006477436,0.174773882331044
-0.0739749903782593,0.17868061483337
-0.0649280420910339,0.182110472647601
-0.0557598329081308,0.18520697256253
-0.0464128635317903,0.187728686847577
-0.0369565373096446,0.189774149057451
-0.0274292979758905,0.191475114360675
-0.0178079402455885,0.192550313464345
-0.0081532483643254,0.193169751782205
0.0015216884073824,0.193437530558652
0.0111946627638946,0.193039919464183
0.0208350722464965,0.1922262674683
0.030440221121767,0.191032802510662
0.0399479799587782,0.189207459055902
0.0493545278473692,0.186943309757915
0.0586683885529922,0.184314438774415
0.0678050120176893,0.181112930651528
0.0767639428280904,0.177457819301376
0.085571092831954,0.173448263783657
0.0941448540281038,0.168951495381764
0.102446110135248,0.163978342412998
0.110542338126699,0.158680182614643
0.118373037532745,0.152987316988233
0.12582412880645,0.146810298468703
0.133024610281869,0.140347933164964
0.139941975243377,0.133574468964724
0.146374166938453,0.126340693228995
0.152514072608252,0.118863810113419
0.158359139066715,0.111146603622696
0.163625878535737,0.103023156112941
0.168571052115854,0.0947080166227428
0.173204024164267,0.0862076795482851
0.177195640639414,0.0773876932370434
0.180841491115221,0.0684265992353204
0.184150857086978,0.0593289724573621
0.186767835305313,0.0500081322343315
0.189043108970144,0.0406054775958138
0.190933145300123,0.0311105854759683
0.19213877220882,0.0215068732264775
0.193004428124607,0.0118714621776865
0.19341113028581,0.00219894169559751
0.193201566698079,-0.00747643919660984
0.192618838609066,-0.0171341397184551
0.191576188015766,-0.0267591837322146
0.189911323818619,-0.0362932485686696
0.187882632358611,-0.0457530464456759
0.185427979577585,-0.0551179494752019
0.182353378468538,-0.064295964203364
0.178918533823476,-0.0733408056665099
0.175123744286937,-0.0822475225922243
0.170692180460267,-0.0908549443599261
0.165926121804593,-0.0992745155033547
0.160827868996742,-0.107502370323984
0.155191002891117,-0.115373631573892
0.149203939995019,-0.122974193175029
0.142919721312879,-0.130334107493435
0.136197766075595,-0.137301383855287
0.129128044181828,-0.14390774929892
0.121801425034892,-0.15022862479793
0.114133064987621,-0.156138424429448
0.106145423043569,-0.161600321982019
0.0979557526605261,-0.166753293649594
0.0894957040520172,-0.171460033315992
0.0807780589959355,-0.175660312609357
0.071906050083307,-0.179520347241165
0.062836118485969,-0.182905970669146
0.053589612880522,-0.185755855115931
0.0442485991746397,-0.188281490677079
0.0347646593412629,-0.19022486608306
0.0252011419317707,-0.191685493259104
0.0155885710066282,-0.192813250950774
0.00591850673094985,-0.193281026969915
-0.00375630558810766,-0.193309687739714
-0.0134290878122016,-0.192973190351562
-0.023060531565369,-0.191993133526831
-0.032630386073664,-0.190572208666831
-0.0421431362634465,-0.188789665994433
-0.0515186886108977,-0.186375925877904
-0.0607693260254877,-0.183544126733654
-0.0699169912041275,-0.180379444672337
-0.0788144950693204,-0.17656401860169
-0.0875436611596635,-0.172394096567233
-0.0961233136666907,-0.167909319700766
