-0.639309619201067,-0.639309619201067
-0.713885203623593,-0.554364942593275
-0.777420453369305,-0.460895805045716
-0.828959885972146,-0.360311453644274
-0.867642929673075,-0.254102211883501
-0.89233595930857,-0.143798814878459
-0.903243631095479,-0.0313069372850745
-0.900232675447404,0.0816763252144576
-0.883019728304646,0.19338546848927
-0.851839398611214,0.302024886762197
-0.807611035130052,0.406037026838439
-0.750631358165537,0.503651295809186
-0.681794350912097,0.593295517879549
-0.602488663821487,0.673823416373217
-0.51375567893679,0.743838855278418
-0.416816968000976,0.80196224110398
-0.313454311404509,0.847664272647254
-0.205236185218611,0.880250658739861
-0.0938055990788913,0.899225750113313
0.019142534395322,0.903634721204335
0.131764702159856,0.894152236253855
0.242385843562486,0.870941359813887
0.349111660595969,0.833719735008404
0.45040667604128,0.783586611585404
0.5448206174954,0.721441849442981
0.630463616506749,0.64767693448951
0.706308638650313,0.5638844271112
0.771262100742836,0.471390268316897
0.824172844111602,0.37150704795938
0.863903057596314,0.265689244175404
0.890250646257614,0.155785924330809
0.902823220320794,0.0434674352455965
0.90137383901019,-0.0695545118355512
0.885410385638156,-0.181452336949772
0.855879977129313,-0.290548158885813
0.813119150791382,-0.395178679107129
0.757236040542421,-0.493429538680182
0.689758324078914,-0.584096929572138
0.611644810109234,-0.665796940150685
0.523618344694346,-0.736704828074678
0.427556951989857,-0.796246217954111
0.324866364492756,-0.84344480683885
0.217113125910086,-0.877579462997201
0.105881915689401,-0.897673801289617
-0.00697576638695907,-0.903763181205649
-0.119727189218362,-0.895936971573934
-0.230620870899793,-0.874074073755221
-0.337832237535804,-0.838284687673043
-0.439862549478112,-0.789661763891852
-0.535009598616705,-0.728651581070566
-0.621639271823484,-0.656055029325017
-0.698703990029254,-0.57338306632673
-0.765009099247201,-0.481838251955086
-0.818931491065102,-0.382494212186738
-0.860174856295509,-0.277271739991338
-0.888106304894617,-0.167762131955979
-0.902309445362547,-0.0556294869202728
-0.902059291229677,0.0574001749203812
-0.887758441812475,0.169513918747814
-0.859837924230635,0.27903818757726
-0.818219524991084,0.384124979786281
-0.76379829619621,0.483183580071019
-0.697663992282028,0.57484266577632
-0.620421991607331,0.657358931802077
-0.533458199108463,0.729547917830661
-0.438265583227741,0.790469603371445
-0.336267758208872,0.839176766401718
-0.22888290758307,0.874462091239711
-0.117941935167262,0.896049361225701
-0.0051909505351901,0.903819988101202
0.107676115058164,0.897675238704914
0.218794595520147,0.876951914072948
0.326527938582675,0.842784526587188
0.429289338562799,0.795700130497014
0.525067358710131,0.735671694324782
0.612771500768827,0.664385524166144
0.691071606803059,0.582867271382742
0.758249312183114,0.491965724704351
0.813628765678437,0.393445297177676
0.85641358180657,0.288841524495981
0.885953015164524,0.179742353834146
0.901385984289893,0.0677697862512268
0.902650828224222,-0.0452463594021058
0.890054644704051,-0.157564389435192
0.863531428343438,-0.267436717944336
0.823225178427589,-0.373033745880007
0.770316843518019,-0.472908500097884
0.705350082713182,-0.565400074756446
0.629136581806307,-0.648866001388274
0.543271793993977,-0.722355523386655
0.448988262900552,-0.78470291935651
0.347478336483335,-0.834424568136339
0.240594007632195,-0.871154514425726
0.129997001343569,-0.894409501119394
0.017363749226343,-0.903858003529805
-0.0955543832579287,-0.898823133706252
-0.206960682994607,-0.879779341759535
-0.315207461021386,-0.847255227573509
-0.418430575078773,-0.801208856367379
-0.515098741544881,-0.742647237309246
-0.60387534625158,-0.672691631655643
-0.68305502326741,-0.592031551546417
-0.751481130817184,-0.502077011596172
-0.808318973154537,-0.404392013580293
-0.852627069607918,-0.300409665243142
-0.883433668125985,-0.191654291401246
-0.900257525026566,-0.0798870808641015
-0.903218301099066,0.0330927560091238
-0.892292929639271,0.145596739671204
-0.866906225085615,0.255742349988906
-0.828193887208142,0.361927398720129
-0.776787675037657,0.462595307829527
-0.712775151122663,0.555755566965548
-0.637826500017056,0.640350468572614
-0.553052274095335,0.715109130915004
-0.459432936682223,0.778444729267312
-0.358632670425058,0.829561275796074
-0.252297471427749,0.867830603606977
-0.14204541639441,0.892696055557038
-0.0295342590630315,0.903523053887357
0.0834369625290554,0.899939653201628
0.195112159739907,0.882549264241489
0.303787256127064,0.85147567549404
0.40756886079788,0.80669530165166
0.505092227421398,0.749570910915884
0.594807321374041,0.68081583582846
0.674936077759224,0.601097001370096
0.744679512161218,0.512165046605161
0.80292529506913,0.415302769675733
0.848500394219078,0.311864570708526
0.880607181467762,0.203493003151627
0.899079237018536,0.0919965656306543
0.903713683321878,-0.020932400024864
0.894021196034825,-0.13354450083828
0.870223627177772,-0.244035811784945
0.833097568762938,-0.35078909513092
0.78280481344079,-0.452010379039505
0.720158708844235,-0.546084812217671
0.646474638808896,-0.631788075245028
0.562612490519286,-0.707570109370481
0.469802651630306,-0.772075806137664
0.369771255198225,-0.824668129357518
0.264002909612807,-0.864503372624238
0.154074515195222,-0.890811767958226
0.04168811639207,-0.902859713361472
-0.0713153226229603,-0.900984976545271
-0.183250421012462,-0.885287179951519
-0.292234092536385,-0.855311857115705
-0.396674923080427,-0.812113064477002
-0.495059774108391,-0.756466689493674
-0.585459190949712,-0.688614051360614
-0.666776547636047,-0.610121386737555
-0.737856000423175,-0.522243597569268
-0.797260112858805,-0.426079973691945
-0.844032352119678,-0.323186931548399
-0.877740840553788,-0.215316597408344
-0.897891325833765,-0.104107098051451
-0.903962471709753,0.00875949901621831
-0.895602535044578,0.121478119095231
-0.873492488353724,0.232315638006472
-0.837839967052577,0.339575430696079
-0.788706251991178,0.441367485936646
-0.727504109787931,0.536384606131779
-0.655014086059861,0.623109569841063
-0.571979063988503,0.699797674968788
-0.480156823173231,0.765688663420661
-0.380915116601952,0.819776004236492
-0.275655825737333,0.860973975078235
-0.166019468652033,0.888464417498171
-0.0538354362937694,0.902175155835942
0.0591882117717989,0.902006275102668
0.171288660736892,0.887558772793043
0.280674037089589,0.859107886453026
0.385759838994444,0.817495416175389
0.484758808137328,0.762957448792089
0.576092847368682,0.696380410227204
0.658590565510655,0.619125664184156
0.730776300974795,0.532148723357438
0.791300482747201,0.436692287719223
0.839568774083439,0.334504326453663
0.874832272518246,0.227131438938413
0.896616775590228,0.116216128669469
0.903851332880991,0.00341216963612909
0.897149731894426,-0.109409934702672
0.876686585224193,-0.220570065533281
0.842186633384823,-0.328204605614362
0.794574133105262,-0.430709054848919
0.734787053733127,-0.526630981767986
0.66322011643518,-0.614117486969216
0.581324167073485,-0.692006569692445
0.490485268065397,-0.75925325446379
0.391967205569324,-0.814668229148224
0.287168809612149,-0.857018805262348
0.177950353434741,-0.886077616993271
0.0659801347547955,-0.901426584029523
-0.0470430067671849,-0.902861841176043
-0.159304513273064,-0.889678224867975
-0.26909401547311,-0.862843019046448
-0.374785686757955,-0.822768605287603
-0.474385928392612,-0.769322603491918
-0.566692055647607,-0.704104887262329
-0.650332466439473,-0.628072608630476
-0.723423525767627,-0.541849064290232
-0.785312200638567,-0.447283130801235
-0.835073270206178,-0.345811099831328
-0.871925565925731,-0.238954602002185
-0.894739421253741,-0.128247166179528
-0.903648632364934,-0.0155778285048892
-0.898637123028394,0.0973324479847537
-0.87955430022437,0.208737590261066
-0.846452516107747,0.316808695854978
-0.800388799603048,0.420019286695877
-0.741777966807662,0.516663203230142
-0.671362422278298,0.605074788900363
-0.59064216833377,0.684181911374395
-0.500759921099223,0.752719732903587
-0.402805533554321,0.80912330010212
-0.29864921070308,0.852989492246368
-0.189873011897068,0.883654305776935
-0.078132313273059,0.900687122353976
0.0348720649949183,0.903188572082858
0.147308985977542,0.891711183126631
0.257499511591624,0.866547117645717
0.36358161626215,0.827534868814819
0.463973251385112,0.7756158222977
0.557269146097384,0.711809949764941
0.641662072905169,0.636621185362664
0.716011247560819,0.551497731406714
0.779312086965117,0.457868276511731
0.830583429855775,0.357130239477145
0.868431476881652,0.250618863070592
0.892830735731792,0.140264613462596
0.903417117307508,0.0277426415826008
0.900064153275709,-0.0852405123308441
0.882126297904306,-0.196841001847753
0.850675233801052,-0.305398206499642
0.806145241065162,-0.409290072989057
0.748537334867174,-0.506541697859969
0.679469796008427,-0.596002990609085
0.59995480782158,-0.676338612217414
0.51072521081287,-0.745725831704699
0.413626518403993,-0.803560969622804
0.310123906587275,-0.84894632440138
0.201792496935273,-0.881186386527449
0.0902399252422907,-0.899401463318539
-0.0227083764158177,-0.903504546383653
-0.135304268311248,-0.89370072296203
-0.245806988819643,-0.869940230690143
-0.352374657936902,-0.832275782754836
-0.453535673463625,-0.781871087880249
-0.547622701196382,-0.719238344139476
-0.632966326601154,-0.645133367425686
-0.708565242569933,-0.561120368755175
-0.773270002872494,-0.46843904504073
-0.825487607647054,-0.368188725169397
-0.864876341792423,-0.262256633798432
-0.890873671576017,-0.152272570110855
-0.903098611596031,-0.039910112861017
-0.900945696283509,0.0730975643247833
-0.884667968914065,0.184942162617584
-0.854821110239691,0.29395548372204
-0.811425182347969,0.398319811434944
-0.755265551804952,0.496403850733785
-0.687525019124125,0.586879860636035
-0.608901036796126,0.668079509556263
-0.520676906353542,0.738724423720426
-0.424423141629356,0.79795199078148
-0.321583412217095,0.844843323880386
-0.213635784697756,0.878362597149425
-0.102326410762086,0.897979990069415
0.0105441670250945,0.903752120679294
0.123281588006721,0.895614248376547
0.234032473268886,0.873025266833092
0.341144410337194,0.836957368241488
0.443054137263064,0.78806389580537
0.537803984613768,0.726431219044648
0.624232671362942,0.653604327596019
0.701073241742548,0.570713644346496
0.766728385681209,0.478708782296619
0.820359620471245,0.379223763235342
0.86128714028848,0.273880725490891
0.888892260620648,0.164280443193085
0.902470010621895,0.0520690377349249
0.901731370954595,-0.0609539370743208
0.88714847619693,-0.173030185516531
0.858778982522024,-0.282441453978092
0.816609802784006,-0.387310325796708
0.761942477039993,-0.486231766274558
0.695429429120034,-0.577619160940677
0.61775005367666,-0.659725352623527
0.530597287833355,-0.731680906910213
0.435225809104651,-0.79234196960064
0.332917409248375,-0.840394817466752
0.225395504974833,-0.87522516771207
0.114404632825377,-0.896521144121907
0.00162500304367312,-0.903978833381108
-0.111190785598009,-0.897047189429825
-0.22224403867253,-0.876037926727906
-0.329897777250054,-0.841607809235046
-0.432325549450692,-0.793820952472996
-0.527945204094384,-0.733561572634448
-0.615469410080207,-0.662048756445618
-0.693282261117823,-0.580070064247378
-0.760110193133209,-0.488920124562398
-0.815209330242401,-0.390245718105172
-0.857680386909075,-0.285504191446298
-0.886672651743971,-0.17625200145761
-0.901521382098876,-0.0642030348390194
-0.902492881461657,0.0488112793082602
-0.889592219497405,0.16110379720402
-0.862330507230617,0.270798234083467
-0.821758240725251,0.376286441800729
-0.768591038686793,0.476033315501493
-0.702998164609063,0.568085239844421
-0.626573737581072,0.651348870019325
-0.540496633662498,0.724599848577449
-0.445824868937967,0.786349752701781
-0.344140097752552,0.835687415780227
-0.237148186873932,0.872079549450209
-0.126477691004315,0.89499921725037
-0.0138001057147943,0.903934229217667
0.0990920957604207,0.898357129148598
0.210442936237383,0.879001601158826
0.318575081154713,0.846083790840154
0.42155307321115,0.799481771817387
0.518054296932572,0.740648585065249
0.606592143336048,0.670381403332783
0.685305029618146,0.589261734308669
0.75346887066328,0.499114048358168
0.809989969868123,0.401239316633661
0.853857480261226,0.297064151644156
0.884043382314547,0.18813742445912
0.900538008539165,0.0763302488577575
0.903172751991979,-0.0366608572119287
0.891592711306598,-0.149094157307524
0.86584277950812,-0.259148279359042
0.826834564446228,-0.365226565979569
0.774842340315572,-0.465585459616385
0.710541370096114,-0.558538017232427
0.635352346357171,-0.642921516332002
0.550236671153896,-0.717294744470817
0.456297807728255,-0.780149868873091
0.355352049680863,-0.830964327397467
0.248898375667469,-0.868919384450341
0.138551657912391,-0.89342401530651
0.0259645684265737,-0.903471649434679
-0.0869882943335737,-0.899593273230818
-0.198624645137882,-0.881914498584003
-0.307087557051182,-0.850115353962819
-0.410746706407506,-0.805072366960028
-0.50812679732194,-0.74769177423987
-0.597374387500317,-0.678335183248471
-0.677287922352154,-0.5984131991313
-0.746793335795719,-0.509289299045614
-0.804612751519294,-0.412163274709659
-0.849559888721459,-0.308454924172153
-0.881349851248529,-0.200002319059294
-0.899528883159001,-0.0884558504871551
-0.903720896068828,0.0244975341186695
-0.893362205168499,0.137052737578965
-0.869293149260425,0.247480731592754
-0.831839678372528,0.354127310013858
-0.780910004620758,0.45503521096255
-0.718035251316821,0.548952767641828
-0.644102004426933,0.634454275928213
-0.559720184753416,0.709662528121238
-0.466745194472118,0.773916243690065
-0.366561931782216,0.826230548703748
-0.260642233522331,0.865703140579037
-0.150531337548126,0.891246490857785
-0.0381212479354942,0.902970585627187
0.0748800259777248,0.900807103637745
0.186720164221701,0.884468069316837
0.295587186036967,0.854090035587841
0.399921159192179,0.810630612946607
0.497981675179061,0.754423025731054
0.588127056348723,0.686243734055975
0.669245911467089,0.607544911568936
0.739966045996006,0.519370371469488
0.798797958071563,0.422858392426558
0.845260246871226,0.319836078322426
0.87863204869175,0.211861684410481
0.898465317353374,0.10058403001613
0.903785546699587,-0.012323897371761
0.895103169557114,-0.125011112340802
0.872693726976801,-0.2357939532387
0.836352923923034,-0.342819934664007
0.78694981280418,-0.444473461595034
0.725489578418664,-0.539330353674596
0.652436497446317,-0.62557854948168
0.569185003275026,-0.702017160639136
0.477178528031134,-0.767654268868612
0.377742652211091,-0.821409059214038
0.272214173247636,-0.861916764084816
0.162498682522875,-0.889045704184847
0.0502758918239467,-0.902416409201776
-0.062755934852791,-0.901921332809827
-0.174771105745388,-0.88678136474515
-0.284069976709327,-0.85801379193346
-0.389043734133296,-0.81609876228758
-0.487712546463956,-0.760955643409954
-0.578853362958965,-0.694119875017683
-0.661135233841032,-0.616623825517553
-0.732764845631755,-0.529185570522402
-0.792973658524888,-0.433540720223136
-0.840932497662986,-0.331207263349234
-0.875887671863931,-0.223720980892574
-0.896875205875315,-0.112655621760545
-0.903784862665218,0.000155958738254063
-0.896777033504716,0.11295860628315
-0.875821714626352,0.224027726899407
-0.840811980845062,0.331497698871819
-0.792930303389224,0.433876185316665
-0.732699398393519,0.529519932129182
-0.660729891048473,0.616673437182854
-0.578622430432251,0.694337726834303
-0.487590619209529,0.761342727233702
-0.388673846112145,0.816045897589352
-0.283756655723696,0.85806526390365
-0.17445541636401,0.886798549148832
-0.0624354111658888,0.901853802539609
0.050592198503962,0.90247223966008
0.16280897382054,0.889004154811815
0.272534931795056,0.861895251943283
0.377943402798415,0.821101594042398
0.477400803469935,0.767413413357831
0.569550166805268,0.701966928911788
0.652670119269013,0.625374927425495
0.725501190365309,0.538947503995249
0.787130936508044,0.444212459890055
0.836617670697817,0.342591309162175
0.872704027956039,0.235473002081423
0.895145312993612,0.124701369971306
0.903740261442056,0.0120104848629547
0.898445876580004,-0.100898150305142
0.878578042871585,-0.212171140946697
0.845214315901842,-0.320155586456804
0.798896529027399,-0.423262735543607
0.739614546268903,-0.519502635540788
0.668977147250671,-0.607728993227707
0.588055665443,-0.686642824656825
0.497680382192982,-0.754527023969737
0.399573708981447,-0.810637425461278
0.295289418255198,-0.854192818171583
0.186411964062942,-0.884524789061575
0.0745702525591784,-0.900862279246035
-0.038434136906168,-0.902974036053978
-0.150839382999734,-0.891191586359565
-0.260920867428177,-0.86554819267154
-0.366810883030015,-0.826016150279139
-0.467069429662822,-0.773841376176199
-0.560074347496665,-0.709611874740912
-0.644103306436326,-0.634017986762608
-0.718210021756887,-0.54868722906153
-0.781267323058652,-0.454881402333472
-0.83180108918891,-0.353773819812832
-0.869321655838902,-0.247163466924953
-0.893376296802462,-0.136738361283075
-0.903620204481224,-0.024180463058351
-0.899559520583794,0.0887737162396213
-0.881311551030379,0.200314695880627
-0.849549193927378,0.308783922176863
-0.804384993797697,0.412394775016756
-0.746505805243097,0.509474721296203
-0.677181300124769,0.598740704552679
-0.59719600173834,0.678599649853533
-0.507739845769419,0.747680118440535
-0.410455595974985,0.805196822691989
-0.306806544484659,0.850259913035412
-0.198323418077091,0.882003978324952
-0.086679859315821,0.899644095284272
0.0262754054961477,0.90341493744441
0.138848278773856,0.893285403079783
0.249201087792876,0.868837558196812
0.355658107214363,0.830879548939163
0.45668413763799,0.78019151835146
0.550380782113557,0.7169737306956
0.635506786647203,0.64262817065353
0.710863569624673,0.558390592527929
0.774982943552532,0.46530980346093
0.826850298184751,0.364890760273343
0.865907708563696,0.258840440111249
0.89156650637142,0.148771766373502
0.903289422611453,0.0363511745795863
0.900544065466766,-0.0766436910932305
0.883975639798966,-0.188442863801217
0.853773391277681,-0.297364656789826
0.809751165873257,-0.401471768486522
0.75333888990133,-0.499407433628466
0.685304087397063,-0.589670553391147
0.606180615619795,-0.670389927030879
0.517765162466504,-0.740787103346659
0.421334594434204,-0.799741183439637
0.318258794759566,-0.846125149868461
0.210130360048872,-0.879040034588506
0.098778720117954,-0.898365106845419
-0.0141125250147819,-0.903823971074447
-0.126795706523867,-0.895008084022666
-0.237460575695034,-0.872033987534666
-0.344485775411289,-0.835702950430797
-0.446094572526654,-0.786199713257049
-0.540633192895958,-0.724256206585104
-0.626873875549073,-0.651204104202842
-0.70330967205364,-0.567939388194538
-0.768515724158746,-0.475619217444431
-0.821855683208603,-0.375983941835554
-0.862470928014478,-0.270513329324258
-0.889657146222463,-0.160797229957366
-0.902518785990859,-0.0484995823662518
-0.901493096789042,0.0645143962240831
-0.886613150020956,0.176559247726763
-0.857499981603068,0.28577452318507
-0.815072402106403,0.390530379235878
-0.760153532900915,0.489320822057491
-0.693013727239833,0.580247788317374
-0.61513129926649,0.662149301332997
-0.527773504571805,0.733863603979264
-0.432087812023557,0.794030285345645
-0.329546314481401,0.841569196367885
-0.221929512549702,0.876072538764525
-0.110874318619158,0.897042097462344
0.00193933070742364,0.904061666203215
0.11471732234123,0.896500626218376
0.225710925389745,0.87519371352557
0.333263371542481,0.840425640104726
0.435408848941812,0.792024161189772
0.530862517068367,0.731507227924848
0.61818739479013,0.659736147825299
0.695465170734299,0.577246406956242
0.762034102137411,0.485915108264167
0.816819356185455,0.387061213764278
0.858952245273806,0.282170198799093
0.887212534971566,0.172723819586556
0.901728840137294,0.0606412717252905
0.902368285291649,-0.0523772653166173
0.88888981859521,-0.164599067476922
0.861201488529413,-0.274182907638189
0.820328720796176,-0.379555586254703
0.766641498118528,-0.479018521611523
0.700710640161589,-0.57082356298434
0.624044237390725,-0.653865195623798
0.537691258880329,-0.726801095510215
0.442655690535128,-0.787990642004586
0.340828963381651,-0.837016498149392
0.233723756901871,-0.873084171359697
0.122969743973096,-0.895658008340242
0.0102322213790844,-0.903812298825204
-0.102635060810655,-0.897934402616307
-0.213938829295083,-0.878283403140327
-0.321849104761589,-0.844661761214394
-0.424695745362457,-0.797791920493857
-0.521042801541785,-0.738697880320169
-0.609110640155304,-0.667851609673959
-0.687598069924963,-0.586527629200605
-0.755510800051695,-0.496187348720777
-0.811727331678654,-0.398121670501163
-0.854838133367398,-0.293630824948917
-0.88469935628877,-0.184629215034873
-0.900901158482283,-0.0727799141639072
-0.90320797328338,0.0402301370634755
-0.890854597231475,0.152586857409191
-0.864834754226927,0.26257123443625
-0.825563428737412,0.368562983297206
-0.772879826019821,0.468567091204191
-0.708352823344591,0.561356506117507
-0.632936586677127,0.645550046254361
-0.547294480517035,0.719317171473918
-0.453196246458475,0.781915054391957
-0.35210313040441,0.832441677464382
-0.245524466454723,0.870089585324777
-0.13499735972308,0.893764225454881
-0.0223957962915242,0.903496264358052
0.0905481297840637,0.899337037997121
0.202097041022894,0.881113209539807
0.310411602204297,0.848815846726518
0.413960713609334,0.803521333247254
0.511057127144786,0.745663343169097
0.599985051833707,0.675901532492811
0.679698879906865,0.595782039225942
0.748939493786499,0.506437808672857
0.806060653774067,0.408899264947234
0.850700064140552,0.305072748602552
0.882166490765088,0.196528834397209
0.900038784514283,0.0849225966938603
0.90345011794649,-0.0280568042009601
0.89278577321319,-0.140574208187495
0.868433033494517,-0.250944664454214
0.830269485631278,-0.357333318016121
0.779087199189313,-0.458102952730974
0.715969292434634,-0.551863050935177
0.641458675812488,-0.636854149059208
0.55687453455724,-0.711816051547296
0.463727093932499,-0.775820501672579
0.363370681640649,-0.827830147505216
0.257177377878917,-0.866558958031366
0.146998195747962,-0.89174838239753
0.034557416317456,-0.903137405219334
-0.0784452577459531,-0.900650067110069
-0.190185426422039,-0.883616785914847
-0.298960242535101,-0.852927233243285
-0.403176999119463,-0.809169816291511
-0.500892459738575,-0.752359011100717
-0.590840662675961,-0.683927069173659
-0.671739538413459,-0.604992244856697
-0.741887308027551,-0.516362866128631
-0.80039913147701,-0.419669461431525
-0.846542972673942,-0.31650688002691
-0.879591545715714,-0.20842408495385
-0.898745224943459,-0.0970289969706229
-0.903652014888773,0.0158898801013646
-0.894648816049219,0.128549903737032
-0.87182771167621,0.239252550151554
-0.834919905387852,0.346087741164127
-0.785234271978194,0.447601921163334
-0.723402262381505,0.54222058409364
-0.649900348765724,0.628088542419005
-0.566430748182697,0.704285489209352
-0.474227273402412,0.769661056915084
-0.37442738626669,0.822731546705751
-0.26878090881919,0.862890920521851
-0.158987190305816,0.889680165571425
-0.0467219419185091,0.902749523163027
0.0662986752621243,0.901489880196022
0.178260102873715,0.886031711631803
0.287486400703156,0.856982843837959
0.392194645279456,0.814425533572736
0.4906853074363,0.758981656309922
0.581657346697872,0.691912239110874
0.663488215569116,0.613944672709023
0.734776618338704,0.52623795700626
0.794714468151987,0.43042557802676
0.842382723119647,0.327945210875083
0.876725242768268,0.220257220917865
0.897196180688644,0.109100963723682
0.903791158035764,-0.00372438383764676
0.896499492960155,-0.116518020173886
0.874769997593351,-0.227439145821109
0.839498052048795,-0.33481552873283
0.791362550926554,-0.437083285750256
0.730473119273803,-0.532310651449994
0.658283082529371,-0.619270986935482
0.575976789913854,-0.696734177512687
0.484490548591572,-0.763110866326825
0.385403660459168,-0.817475989403472
0.280367184492392,-0.859182339894472
0.170975601509427,-0.887590229543432
0.0588776594984752,-0.902062099677234
-0.0541484804345336,-0.902174080967759
-0.166327309853834,-0.888408415677717
-0.275960342325485,-0.860905424000542
-0.381137524900731,-0.81950969950374
-0.480458480356434,-0.76557344584169
-0.57236543341124,-0.69978005994746
-0.655049059915499,-0.622714228367403
-0.727634687437455,-0.536087076859059
-0.78901880946804,-0.441182745887348
-0.837873535598663,-0.339254750787085
-0.873508224334614,-0.231996072816015
-0.895613886954521,-0.121163870672416
-0.903880211434575,-0.00844502545943755
-0.897893453274472,0.10442294902827
-0.877689006242185,0.215626780717267
-0.844028925955162,0.323521210829689
-0.797094447607193,0.426342013621063
-0.737520909446428,0.522391916576138
-0.666639982858664,0.610425566705635
-0.585304811528655,0.68890956089872
-0.494648986434006,0.756409818168713
-0.396367793266364,0.812204084828666
-0.291943384082532,0.855431343132608
-0.182948048235306,0.885374548766223
-0.0710062760586036,0.901036288391829
0.0419984208718215,0.902810108626895
0.154372983956929,0.890697474569224
0.264294393771529,0.864384557565194
0.370065427757321,0.824554056848416
0.470179628965739,0.772092581516586
0.562790702652561,0.707297606288082
0.64659154346764,0.63146104459473
0.720445775132917,0.545906332994608
0.783003287745051,0.451768239636132
0.833095697482104,0.3504486614407
0.87027548458968,0.243725031978109
0.893981987454606,0.13322179043209
0.903834821941907,0.0206203702551293
0.89908674159547,-0.0923109968622346
0.880541435112384,-0.203798929805933
0.848489169157498,-0.312192182174165
0.802649086907457,-0.415512999573937
0.744512593222966,-0.512434344159495
0.67494930536192,-0.601526294054055
0.594429494559493,-0.680854572011878
0.504781051022227,-0.749674491878153
0.407323047217026,-0.80690674797473
0.303503359220892,-0.851606141520811
0.194801919022336,-0.882595079510363
0.0831238870716157,-0.899943255986842
-0.0298441965346247,-0.903402160729594
-0.142363907957027,-0.892700188135093
-0.252606136639892,-0.867769348786586
-0.358969952959825,-0.829549706758565
-0.459730836339023,-0.77834204552043
-0.553159726728707,-0.714734642344281
-0.638090844131496,-0.640166816377554
-0.713129173169413,-0.555638454032629
-0.776694675247142,-0.462177370661344
-0.828260693095432,-0.361612710836564
-0.867006544933541,-0.255444570766544
-0.892340510369569,-0.1452865083504
-0.903247235946632,-0.0327809445678461
-0.900223046926935,0.0801977116401219
-0.883366887159057,0.191959970819832
-0.852412763265767,0.300665960199255
-0.808141543997061,0.404656459105602
-0.751486764467984,0.502459002853959
-0.682822201582679,0.592237847341492
-0.603504916378173,0.672751112679701
-0.514892866092738,0.742905454704247
-0.418222563388534,0.801479381514354
-0.314854315768881,0.84720250431449
-0.206644491349887,0.879803187475858
-0.0952382045404957,0.898812731040028
0.0176793005802988,0.903921508805084
0.130308332786819,0.894375154454086
0.240909788679123,0.87111965460843
0.347849835801032,0.834508838741956
0.449134076802336,0.784328832425202
0.543508611965088,0.722143346672821
0.629563618624434,0.6488569423186
0.705418243647546,0.565058786436029
0.770369329073134,0.472570052890664
0.82340128328932,0.372767403971724
0.863677043774454,0.267154804702739
0.89011584483767,0.157257251421573
0.902649836104923,0.0449341021224327
0.90129479584231,-0.0680770235769824
0.885917659278202,-0.180055210026581
0.856300865048921,-0.289135095316689
0.813577356925161,-0.393770065296907
0.758208501619685,-0.492307718204729
0.690669250067979,-0.582937616352568
0.61255011607917,-0.66461256092077
0.524968423035168,-0.736069842403679
0.428881086681084,-0.795597233777182
0.326205388201709,-0.84282138868661
0.218481710868468,-0.876991788001652
0.10735025480407,-0.897602677033886
-0.00550429151556063,-0.903884363961937
-0.118250934486951,-0.896007392860589
-0.229187340152334,-0.874389064187848
-0.336515614782357,-0.838955977334651
-0.4385173956155,-0.790272772877217
-0.533800783964121,-0.72948266127683
-0.620667050169162,-0.657169149971977
-0.697703635196147,-0.574467758106613
-0.764002056463689,-0.482938760808976
-0.818480917750089,-0.383902710331763
-0.859869404945712,-0.278719896416323
-0.887788884915403,-0.169201656058783
-0.902004626467655,-0.0570834467856512
-0.902325368333697,0.0559465009026652
-0.888083087973618,0.16807643971531
-0.860116758388086,0.277582166398484
-0.818972992710246,0.382857663986951
-0.764620392390045,0.48196062724707
-0.698458218478305,0.573591051892479
-0.621560789243039,0.656428788382828
-0.534707907809357,0.728762201485845
-0.439514060778734,0.789683322864725
-0.337541589428451,0.838405004472963
-0.230319754736328,0.874160845336102
-0.119422623500324,0.896022494199772
-0.00666369638668766,0.903753421766652
0.10618751609179,0.897593619482546
0.217416544079908,0.877501546608307
0.325143567533603,0.843288661019833
0.427872927458939,0.79616723783394
0.523985373812785,0.736686294922352
0.611664822766313,0.665358476832407
0.689944803087395,0.583839282596338
0.757609738774551,0.493299602926901
0.813091832734426,0.394821255344477
0.855888992641962,0.290219403755506
0.88543366185149,0.181137360587743
0.901331860833652,0.0692363174504427
0.90285043400594,-0.0437823051990474
0.89019894289797,-0.156094586934967
0.863902110969191,-0.266016266677263
0.8239428427931,-0.371742757605186
0.770989254461129,-0.471593681964555
0.706226121858873,-0.564222619120099
0.63029395795711,-0.647945466532891
0.54439769830668,-0.721401907514956
0.450134435581066,-0.783748089242681
0.348879741663217,-0.833975809503565
0.242061457468461,-0.870939474674722
0.13145273598951,-0.894181057134396
0.0188291638699561,-0.903591457815416
-0.0941105613841749,-0.899120308607243
-0.20554160798041,-0.880179957125312
-0.313761054802864,-0.847586245676577
-0.417192595685028,-0.802007517602041
-0.513918764057769,-0.743530918607432
-0.602651530705182,-0.673530532237603
-0.682148538663515,-0.593186726325971
-0.750781733793282,-0.503380364511134
-0.807584558210341,-0.405672212687462
-0.851905406717075,-0.3017147184683
-0.883043403750926,-0.19306968860827
-0.900339139543109,-0.0813709287889743
-0.903247185001017,0.0316194195577355
-0.89225709640196,0.144102522970802
-0.867563358047248,0.254404552480307
-0.828775114184923,0.360573413571334
-0.77730666870836,0.461194720561591
-0.713881066448808,0.554755024531024
-0.638874513937076,0.639314551968084
-0.554072627373449,0.714025025029855
-0.460729156723597,0.777756054379575
-0.360066507631941,0.829170469159062
-0.253724914188474,0.867462003671307
-0.143472972380388,0.892300961631098
-0.0309968760950263,0.903382737078344
0.0819864595171125,0.900234437943615
0.193658021749469,0.88279472921401
0.302351887809284,0.851818450247663
0.406328130521671,0.807502143951766
0.503823214220601,0.750323268641857
0.59359213144256,0.681654836155481
0.674107534953404,0.602328281651066
0.743834134325123,0.513371949004831
0.802065016862029,0.416513832428703
0.847903975740875,0.313207386168357
0.880486117533023,0.204973608811064
0.898980494256273,0.0934673649462114
0.903574186068089,-0.0194574589931163
0.894288241290642,-0.132101441118225
0.870699409712657,-0.242639750455269
0.833531427135951,-0.349375078234408
0.7835942183721,-0.450772279779503
0.721112694705098,-0.544960071383273
0.647393446408055,-0.630628216095279
0.563728887015228,-0.706617822000732
0.471156035386045,-0.771470152051152
0.371120215127391,-0.824075097199488
0.265363101097996,-0.863918593698598
0.155490150334508,-0.890391617639482
0.043165937334827,-0.902993571173479
-0.0698469310226823,-0.901104292890676
-0.181764427923533,-0.885358305037684
-0.290918796159122,-0.856005428146766
-0.395350145758926,-0.812757507165664
-0.493702073851217,-0.757075321112482
-0.584487641579398,-0.689739444913071
-0.665799817557029,-0.611224559444197
-0.736841082729469,-0.523327163079998
-0.796532450040801,-0.427353572749891
-0.84370051905876,-0.324634253759646
-0.877435264677574,-0.216759023122108
-0.897581870104007,-0.105553195120926
-0.90386457765966,0.00729207546446435
-0.895960105568802,0.12004181663351
-0.873801775059805,0.230873754884994
-0.838250707729202,0.338158922479259
-0.789566601636519,0.440162994190061
-0.728313623031914,0.535151437484933
-0.655895283662989,0.621923123189569
-0.573240221826512,0.699016904250878
-0.481410483768035,0.764914140543646
-0.382161987202766,0.818967987302587
-0.276995012530192,0.860348137567918
-0.167506290788854,0.888429471906377
-0.055310536284287,0.902157867249082
0.0577085530380486,0.901934988203302
0.16985033325319,0.887843873883122
0.279308599711079,0.859670431784485
0.384361276044935,0.817980830234525
0.483533256251252,0.763763125046224
0.575031804126622,0.69740812003483
0.657482319552706,0.620104847088463
0.729812068992437,0.53326027370733
0.790791467552026,0.438090645999454
0.839095524013132,0.335902206401578
0.874387405466732,0.228538094607806
0.896132460936194,0.117633805761343
0.904076003820195,0.00488118196927642
0.897361507291494,-0.107951421969173
0.876843706519787,-0.21909326557195
0.842879174388376,-0.32689933764727
0.79530734810538,-0.429430744230529
0.735463515819826,-0.525306959450936
0.664334239487422,-0.61314919977167
0.582501863884694,-0.691118305247867
0.491647619058494,-0.758339091815268
0.393192349776717,-0.813831671450487
0.288625206295015,-0.856747098451221
0.179415233937716,-0.885893053813547
0.0674445672071233,-0.901255013812499
-0.0455654046402187,-0.902708861947088
-0.157891951444178,-0.890130143269796
-0.267676593519079,-0.863246292598868
-0.373344504124336,-0.823146207073375
-0.473233601534694,-0.770255417658307
-0.565521886666451,-0.705000589131708
-0.649114465950941,-0.628937495067441
-0.722744173550638,-0.543175240499342
-0.78464809710845,-0.448600234110011
-0.834422757731937,-0.347136042451687
-0.871282699522846,-0.240301204134347
-0.894666112748249,-0.129718426444429
-0.903711150193596,-0.0170517153814788
-0.898683091280191,0.0958565647797021
-0.879849560975876,0.207300253210818
-0.847075131357591,0.315470032311167
-0.800967798293307,0.418660467929996
-0.742589279795894,0.515441099306539
-0.672430568008408,0.604055646623983
-0.591698670765088,0.683151902638858
-0.501856667690183,0.751719862131905
-0.404236821391623,0.808703432187848
-0.300070111761663,0.852591264695629
-0.191298103627934,0.88327252409774
-0.0795739715377521,0.900308489370939
0.0334133792409756,0.903456125703143
0.145861145493442,0.891985102684867
0.25603448104956,0.866779597545122
0.362308989088711,0.828287451553156
0.462726624028107,0.776401278433926
0.555987913477781,0.712558931425288
0.640731002541622,0.637764124754925
0.715165573260945,0.552705598617286
0.778473339832244,0.459083700594772
0.829734881190658,0.358362739131228
0.868149730117095,0.252063798661711
0.89274397947206,0.14174096474008
0.903298311693365,0.0292131348431877
0.89995707611894,-0.0837560863021124
0.882666918229299,-0.195455495635715
0.851139525389774,-0.303999474463214
0.806586447782012,-0.407867923457216
0.749537551193284,-0.505443271109494
0.680417819394807,-0.594874663399465
0.600875961499674,-0.675163546085761
0.512051262142537,-0.745065117764141
0.41497464024632,-0.80296111879705
0.311484447415477,-0.848375152516834
0.203176936746354,-0.880643922508524
0.0917022425609623,-0.899290104943016
-0.0212402790747091,-0.903679896699325
-0.133831428466004,-0.893812244020233
-0.244367618756399,-0.870239492703026
-0.351079698329678,-0.832992236695302
-0.452207594891659,-0.782516844713314
-0.54640149587849,-0.720054837475493
-0.632034495455497,-0.646284912444174
-0.707600715187464,-0.562236065802662
-0.772269356922941,-0.469550130795074
-0.824982537755615,-0.369568516856779
-0.864644120499447,-0.263723511937273
-0.890615326950834,-0.15372335301133
-0.90284310658813,-0.0413710649049317
-0.901163857970678,0.0716435394067313
-0.885043664075384,0.18351619093038
-0.855143319124231,0.292510148846052
-0.812143583642745,0.397038452350631
-0.756130227307686,0.495209630125133
-0.688356763853667,0.585654983296059
-0.610004840794238,0.667114087740737
-0.521960265803842,0.737990058702912
-0.425702360801252,0.797219097356351
-0.322883614010709,0.844124774645863
-0.215051156850135,0.877978587525785
-0.103810383184684,0.898013272138162
0.00907068998878925,0.903741587451978
0.121794327143018,0.895584050198573
0.232672187458269,0.873625310728474
0.339778510248194,0.837508949772133
0.441656803428548,0.788576492558893
0.536757782236994,0.727487289042194
0.623162438391715,0.65461675961268
0.699985500273041,0.571724250407787
0.7660288017747,0.480000428389003
0.819885268919617,0.380625808173398
0.860826123715557,0.27528017765653
0.888438014013529,0.165692846161513
0.902355660990812,0.0535311964279225
0.901981165062364,-0.0594958226973507
0.887345237746284,-0.171568055202578
0.859111199585003,-0.281006582946987
0.817369568425722,-0.386041946803057
0.762660017816612,-0.484942735174107
0.69627075080071,-0.576411016877596
0.618941230893997,-0.658845288503182
0.531758725251484,-0.730772983712107
0.436408555400187,-0.7914413214322
0.334286281629533,-0.839870477040867
0.226872518108923,-0.875063107117976
0.115867613011283,-0.896346588736719
0.00309563683235648,-0.903772156179707
-0.109756882862951,-0.89741849891881
