-0.0285740768706763,-0.0285740768706763
-0.0313485931811966,-0.0271879384871479
-0.0339890847520282,-0.0257406303191686
-0.0364905490133677,-0.0242340565750457
-0.0388481164203941,-0.0226701924435195
-0.0410570504581934,-0.0210510840560097
-0.0430603232594283,-0.0193630978171498
-0.0449009319934507,-0.0176262469351016
-0.0465760001681007,-0.0158433181380952
-0.0480817836016756,-0.0140168105674941
-0.0494140336328212,-0.0121491576558786
-0.0504458162601607,-0.0102203333919611
-0.0514517311916913,-0.00828722034010576
-0.0521021239918764,-0.0062951627637823
-0.0527032132745748,-0.00429694189318466
-0.052961217217499,-0.00225583288766307
-0.0531457591429967,-0.000208428263337238
-0.0530033693787279,0.00186699406817799
-0.052761818202862,0.00394704910690212
-0.0522084806146118,0.00604167044855627
-0.0515517411292114,0.0081370379232927
-0.0505796426434468,0.0102346809828051
-0.0495020386563462,0.012328840899584
-0.0481121754904718,0.0144126919388564
-0.0466156245212156,0.0164886193993266
-0.0448125180490664,0.0185417793399172
-0.0428971220823577,0.0205815807240586
-0.0406683478336983,0.0225841009583847
-0.0384112172347702,0.0245818351588644
-0.0357494620489301,0.0265112761216853
-0.0330877068630899,0.0284407170845062
-0.0300662737412329,0.0302892874727698
-0.0269897540399924,0.032125472104558
-0.0236510091185499,0.0338862492720102
-0.0201824536120564,0.0356096971274492
-0.0165435592220238,0.0372718827297488
-0.0127130239412115,0.0388651448278027
-0.00878004181422716,0.040412748050549
-0.00462075726514192,0.0418594920037461
-0.000416379066357989,0.0432813883326416
0.00403825977135292,0.044565385370282
0.00849289860906381,0.0458493824079225
0.0132045140736885,0.0469569234459009
0.0179177517663009,0.048063350562101
0.0228131769458751,0.0490107968035109
0.0277446614684905,0.0499267768559049
0.0327966637865848,0.0507039439599547
0.0379034613400663,0.0514179976611325
0.0430808914163054,0.0520174749393574
0.048318463379638,0.0525193931608793
0.0535891786388444,0.0529347458390739
0.0589111328105122,0.0532162698143662
0.0642419623938923,0.0534443916584511
0.0696000774855257,0.0535083403532734
0.0749559301348668,0.053514976794623
0.0803056526087744,0.053366323454884
0.085640473305262,0.0531545646235759
0.0909394591521074,0.0527910537067113
0.0962088332900324,0.0523590899466756
0.101414654169196,0.0517802112866367
0.106576054371175,0.0511306187140338
0.111651980682457,0.0503449590299785
0.116645893626296,0.0494600803917371
0.121559041351578,0.0484774927973861
0.126339886504636,0.0473663136589323
0.131054290077962,0.0461905565974125
0.135575295164623,0.0448592216678391
0.140055999220037,0.0434954668955365
0.144276053747762,0.0419546749803529
0.14843394481163,0.0403775231123568
0.152360253681495,0.0386659428947136
0.156152382531152,0.0368872296620139
0.159758237501181,0.0350153197883674
0.163143596286838,0.0330480233845033
0.166401320905437,0.0310255125089352
0.169342371566423,0.0288846362947751
0.172199806748072,0.0267139155935423
0.174687209282891,0.0244242931483401
0.177054338075195,0.0221017043604464
0.179123175125978,0.0196973555178032
0.180970101353078,0.0172417900359061
0.182601251444514,0.0147364237902769
0.183898988833059,0.0121676838308494
0.18507131536349,0.00957510629186829
0.185808033435773,0.00691674711772455
0.186455294159367,0.00424665433273287
0.186660135794784,0.00152640576985653
0.186724954173954,-0.00120460284485077
0.186431789685232,-0.00396312056280499
0.18589846566564,-0.00673129796289953
0.185089938223594,-0.00951054457842433
0.183982823054299,-0.0122906185442013
0.182644587659244,-0.0150713329159949
0.180957060061805,-0.0178395871932522
0.179090687613178,-0.0206014616437113
0.176827695042946,-0.0233335531447575
0.174438800518785,-0.026056190431757
0.171588352625606,-0.0287244945920294
0.168660721197259,-0.0313837128630437
0.165315754747441,-0.0339740610708528
0.161839132176394,-0.0365426829319045
0.15801243495536,-0.0390350006475132
0.154008304157727,-0.0414886439905677
0.149720155189333,-0.0438636923865676
0.145215191073107,-0.046178742596469
0.140492246934585,-0.04841896648142
0.135524031859871,-0.0505749958490055
0.130373996769591,-0.0526544495504803
0.124983348416844,-0.054632566109336
0.119442786242301,-0.0565335941727763
0.11366801754972,-0.0583141888573891
0.107773515727532,-0.0600192819882421
0.101656794374347,-0.0615842474875787
0.0954484658598064,-0.0630774229170466
0.0890362493580144,-0.0644108168116053
0.0825549270686285,-0.0656751102013021
0.0758966969166173,-0.0667625092519415
0.0691894484107324,-0.067784663263959
0.0623365403674034,-0.068612939648615
0.0554522295522833,-0.0693810582214486
0.0484583007689522,-0.0699391833214825
0.0414482009261469,-0.0704452392078632
0.0343707317674479,-0.0707343725537923
0.0272841307628773,-0.070941426038761
0.0201771407857576,-0.0709652171192275
0.0130790778675359,-0.0708744069395873
0.00599308780317795,-0.0706286113071094
-0.00105399307313595,-0.0702357738840986
-0.00806804416409998,-0.0697181135330621
-0.0150048664236102,-0.0690280424110502
-0.0219013032017328,-0.0682478120589791
-0.0286537684050923,-0.0672394284489397
-0.0353596796869634,-0.0661685935466527
-0.0418945464163504,-0.06488779163809
-0.0483295405582122,-0.0635076801420591
-0.0546185627511672,-0.0619824195677167
-0.0607219353484873,-0.0603031808072139
-0.0667280045115715,-0.0585432383626572
-0.072428482261861,-0.05656792374366
-0.0780216416085604,-0.0545263063545448
-0.0833554393087515,-0.0523272626930145
-0.0884646328070002,-0.0500099404090368
-0.0934080797445183,-0.0476053344735999
-0.0979790342512684,-0.0450298962281479
-0.102408924805983,-0.0423951545080439
-0.10647747138258,-0.0396160676811709
-0.110294959293139,-0.0367497705142498
-0.113881656511293,-0.0338033035006455
-0.117040741983351,-0.0307283178543796
-0.120032835074024,-0.0276068437066999
-0.122574625115616,-0.0243694258359803
-0.124858123002799,-0.0210759347927511
-0.126838203653361,-0.0177165742805466
-0.128377042809467,-0.014278219468391
-0.129740870560566,-0.0108098075505817
-0.130542893155005,-0.0072611466241769
-0.131122456409054,-0.00368857254700659
-0.13130410501479,-7.32248422589889e-05
-0.13110135853639,0.00356994008786765
-0.13064204485861,0.00723167182049671
-0.129638487617051,0.0109137304987626
-0.128478680874167,0.0145997654326463
-0.126722676356931,0.0182872416914945
-0.124750175867674,0.0219673965772431
-0.122324102616714,0.0256322127230364
-0.119595220051392,0.0292751803449067
-0.116483072595113,0.0328904943519717
-0.112993545599051,0.0364632076430157
-0.109207066988612,0.0400023993727074
-0.104974913851362,0.0434721208147383
-0.100531006464136,0.0469088346968255
-0.0955721442314315,0.0502411344074276
-0.090481451243458,0.0535467036207666
-0.0848577073310143,0.0567162226216255
-0.079137057168777,0.059861008308518
-0.0728822737498608,0.0628377583207124
-0.0665656022818936,0.0657950386594723
-0.0597220109648846,0.0685507530035395
-0.0528484355541637,0.0712949973419028
-0.0454680260621113,0.0738049552665329
-0.0380493905762037,0.0762937243160739
-0.0302098450074837,0.0785470901895652
-0.0223042994802315,0.0807555362035184
-0.0140586276888808,0.0827324907991697
-0.00572663586309026,0.0846369095014523
0.00287037387735702,0.0863186300627641
0.0115639304961179,0.0878974880268227
0.0204545135898687,0.0892664308149678
0.0294390559362552,0.0905023819474401
0.0385618013982695,0.0915427178461712
0.0477650694036667,0.0924189212211539
0.0570553749987232,0.0931177121765629
0.0664018221922213,0.093620667060913
0.0757930284553593,0.0939674910087409
0.0852050905787557,0.0940984035382345
0.0946292835633095,0.094103730673233
0.104028647099081,0.0938127126707556
0.113410626783089,0.0934323480247803
0.12272272755815,0.0927787473163119
0.131971753080586,0.0919777062859951
0.14114207314114,0.0909926888441985
0.150174699694977,0.0897779666791178
0.159132876077042,0.0884464582699914
0.167871996374875,0.086831667481741
0.17648111807805,0.0850800269941415
0.184931219894396,0.0831609860530202
0.193105148359872,0.0809986041708403
0.201147064854598,0.0787289639907349
0.208877868388479,0.076225419690926
0.216360300032836,0.0735605376536226
0.223669352127137,0.0707830315009766
0.230516479220375,0.0677438601041968
0.237159024220326,0.0646029262024088
0.243497697123692,0.0613111322147564
0.249399301601386,0.0578287755980287
0.255070011261374,0.0542524011203599
0.260285875555979,0.0505020311680523
0.265118112467596,0.0466232253351808
0.269697342182038,0.042660724395869
0.273655389957063,0.0385171755695992
0.277310670495181,0.0342975529360994
0.280591144950848,0.0299837558933859
0.283279870992316,0.0255437170286755
0.285688277774817,0.0210497586846469
0.287529306372047,0.0164551460402149
0.288910915318195,0.0117947767255739
0.290001046331872,0.0070927148894395
0.290313143057674,0.00230538644445293
0.29035673732401,-0.00250241736646941
0.28986435062523,-0.00735109382495425
0.288830363075164,-0.0122230807502187
0.287525364624389,-0.0171067319677065
0.28540488677479,-0.021998505032522
0.28300411431727,-0.0268835118622382
0.280040555033922,-0.0317548900726406
0.276600032763979,-0.0365975775879713
0.272772779776324,-0.0414170021386515
0.268287570172062,-0.0461718984839028
0.263608599759659,-0.0509077919999156
0.258101699096634,-0.0555296196510207
0.252412966969923,-0.0601188629872348
0.246074832637971,-0.0645908110082652
0.239439056269735,-0.0689949197336103
0.232291421221345,-0.0732823643856087
0.22474028813231,-0.077456586120801
0.216820152466799,-0.0815272644832654
0.208406129388261,-0.0854301640434773
0.19975643610119,-0.0892530039296194
0.190545164895036,-0.0928470856140715
0.181208706435155,-0.0963892572773873
0.171266784529529,-0.0996365080935948
0.161209723681343,-0.102816633728814
0.150707759225785,-0.105737383739216
0.140010032581095,-0.108520524865225
0.129009412186739,-0.111090750151017
0.117757460157558,-0.113444696375222
0.106323187653918,-0.115641749890113
0.0946116936306373,-0.11753894634271
0.0828131312827118,-0.119341965214574
0.0707404448381815,-0.12075679445834
0.0586244293108632,-0.122095010350279
0.0463203636626261,-0.123058996574812
0.0339759670315002,-0.123894662609923
0.02153978011394,-0.124438281536367
0.00906730851205454,-0.124717618380812
-0.00342519024213811,-0.124851086035359
-0.0159054124616598,-0.124575021117232
-0.0283590087111357,-0.124156477406816
-0.0407571148944512,-0.123453154347861
-0.0530586999589724,-0.122479043218657
-0.065290207885905,-0.121326385095384
-0.0773376177638859,-0.119817673313922
-0.0892408936909684,-0.118096094929445
-0.101021712368881,-0.116193663536479
-0.112481412693986,-0.113909652583093
-0.123774438763124,-0.11145950383583
-0.134845971807468,-0.108790295916008
-0.145526264484092,-0.105791882627861
-0.155975695654733,-0.102620791851376
-0.166127198041259,-0.0992329577333581
-0.175807124490406,-0.0955455068951372
-0.185208216730968,-0.091697026346561
-0.194231508421455,-0.0876374832408718
-0.202712052134537,-0.0833103406116709
-0.210860183469198,-0.0788330420419079
-0.218570164338097,-0.0741646487846505
-0.225662924373383,-0.0692581520059671
-0.232380114851623,-0.0642190633509364
-0.238602033621891,-0.0590114496715244
-0.244144977216766,-0.053601201856795
-0.249281767958663,-0.0480805425854905
-0.253857334116795,-0.0424140916753175
-0.257716347138799,-0.0365873527569462
-0.261136699434625,-0.0306722390425521
-0.26393105457494,-0.0246386226577567
-0.266000619374054,-0.0184919063700893
-0.267635210031879,-0.0122842555068447
-0.268519775805973,-0.00598375440628577
-0.268738363153306,0.000378323205037054
-0.268505239727462,0.00677790061993955
-0.267393026514142,0.0132312469137307
-0.265736579054061,0.0197006231340154
-0.263579060648857,0.0261847579448629
-0.260471253731833,0.0326662846456207
-0.256959587395006,0.0391367266397631
-0.252710070900917,0.0455811267046189
-0.247726849935183,0.0519744558255153
-0.242398191406656,0.0583437400849005
-0.236041468059592,0.0646036152004964
-0.229413297534012,0.0708269485988233
-0.221895657273377,0.0769203462667788
-0.213928667546707,0.0829291417773977
-0.205359858429368,0.0888246285547781
-0.196109486520212,0.0945607470340353
-0.186533445679427,0.10022071507784
-0.176051554461352,0.105623384607741
-0.16532247536337,0.110944915665613
-0.153881886382214,0.116024612235889
-0.142028538030416,0.120937800051179
-0.129737217901334,0.125674308327393
-0.116854061571714,0.130128377841621
-0.103747526270861,0.134473103139545
-0.0899589520563429,0.138432009219117
-0.075957247687251,0.142247254726835
-0.0615272291682984,0.145773794697665
-0.0467462076187113,0.149015249327383
-0.0317510177832464,0.152082756060626
-0.0163165491049413,0.154712262842179
-0.000754323145218645,0.157192028698358
0.0151207617105524,0.159276810609028
0.0311554119486854,0.161093918628502
0.0473406980627426,0.162658332169601
0.063706091717878,0.163784624047344
0.0801268174354841,0.164750122302669
0.0966579143425321,0.165253092670132
0.113211002118013,0.165464500105603
0.129779508319449,0.165444806300047
0.146307987648415,0.164922054980993
0.162778537695051,0.164150656218434
0.179185893660507,0.163108012135762
0.195411539480172,0.161592329206648
0.211501248245375,0.159812706044269
0.227449414769222,0.15776849051773
0.243062216011686,0.155235224188487
0.258457913673314,0.152443364134936
0.27363229482839,0.149393750743208
0.288363825325971,0.145901256145562
0.302758837373686,0.142120204440366
0.316837419946195,0.138081159227103
0.330437901001201,0.133685374708299
0.343529891889984,0.128956260762603
0.356226265366585,0.123986249648204
0.368447583622358,0.118740825117614
0.379957340268539,0.11312913072148
0.390989836799877,0.107295231078863
0.401536334938191,0.101242244978357
0.411273949718095,0.0948590572458621
0.420392527052041,0.0882511147347262
0.428964169186866,0.0814542320795761
0.436785697130173,0.0744160706112498
0.443775752321885,0.0671422222144873
0.450162137395286,0.0597117932389898
0.45589169986414,0.0521185286969387
0.460556395204913,0.0442971741369605
0.464592732934068,0.0363600512984771
0.467997495535123,0.0283098675917096
0.470273450411908,0.0200897555981174
0.471833873197821,0.0117835207517786
0.472729947427681,0.00340245050800773
0.472546864903863,-0.00507628327291657
0.471557105225898,-0.0136038745194003
0.469936614499483,-0.0221652168659681
0.467165805152877,-0.0307616538050028
0.463611081727277,-0.039358439714823
0.45941695159983,-0.0479517090592078
0.454000886157364,-0.0565074578104629
0.447933177300871,-0.0650218498425931
0.441137466003722,-0.0734900390100702
0.433178934647461,-0.0818442628173192
0.424706800201074,-0.090136819546257
0.415212820048606,-0.0982924244999432
0.404908174417329,-0.10630830635946
0.394100143541435,-0.114237426730082
0.382044450118045,-0.121899682142429
0.369548945500683,-0.129449571955369
0.356222672758562,-0.136784140636968
0.342092493750686,-0.143870286410754
0.327546560786801,-0.150825656269452
0.311935348346785,-0.157392566525965
0.295894221732146,-0.163775395235932
0.279253532081225,-0.169901501796489
0.261850964546095,-0.175645411522638
0.24409963681967,-0.181200759519751
0.22562967006357,-0.18633281576875
0.206719306980884,-0.191158210257312
0.187460604500501,-0.195741045109295
0.16754917534776,-0.199779744636158
0.147404762123681,-0.203589843085136
0.126848142797536,-0.20698107457654
0.105946263774834,-0.209932598562107
0.0848637691794973,-0.212643911142078
0.063424350953674,-0.214762953933921
0.0418328936648177,-0.216530342744264
0.0201125348218664,-0.217988928129685
-0.00177621192260525,-0.218830256602867
-0.0237063635721656,-0.219321199074644
-0.0456724410070322,-0.219491429905571
-0.0676192839094362,-0.219029457001824
-0.0894995826102273,-0.218187133499435
-0.111298848305284,-0.216976891459751
-0.132935608911018,-0.215252134368628
-0.154349446082346,-0.213039915477752
-0.17556550668612,-0.210463190602273
-0.196541332567031,-0.207485580831011
-0.21707453216788,-0.203912460518768
-0.237272989069561,-0.199961599950658
-0.257115306032898,-0.195635388904189
-0.276497211466292,-0.190867050587996
-0.295274687680398,-0.185594750644978
-0.313565344862361,-0.179957704110794
-0.33134681967625,-0.173961000690415
-0.34845454846939,-0.167527367905577
-0.364801734366612,-0.16065434664953
-0.380525456457844,-0.153450618144804
-0.395600924560142,-0.145920723388878
-0.409804108496157,-0.137987289540172
-0.423114370834778,-0.1296836176258
-0.435674697634033,-0.121092659856517
-0.447466054007691,-0.11222251321559
-0.458201047209798,-0.103002055067519
-0.46794370488723,-0.0934891986341598
-0.476841171155253,-0.0837467287162359
-0.484879441402489,-0.0737839411855153
-0.491647473113057,-0.0635319696427541
-0.497392817698635,-0.0530789607905138
-0.502243264062533,-0.0424649008416518
-0.506110844736047,-0.0316872336445473
-0.508545264946327,-0.0207129119773231
-0.510036026876735,-0.00963377955800129
-0.510572319834906,0.00154103485041445
-0.509812463771461,0.012820286797715
-0.507840590094612,0.0241627516501795
-0.504952337744068,0.0355388289260645
-0.500917005776117,0.0469418807491343
-0.49546602453114,0.0583375873722976
-0.489072304715503,0.069707128262013
-0.481693924327599,0.0810422246554059
-0.472788315774503,0.0922760265847192
-0.46309627549777,0.103438869478266
-0.452250075576462,0.114487011621696
-0.440075706529468,0.125357448731856
-0.427140166094493,0.136111584171605
-0.412945257119316,0.146651389220847
-0.397642409200022,0.156959314339404
-0.381625997725937,0.167109081699626
-0.364262182968929,0.176919945505173
-0.346031519909261,0.186472799712555
-0.327136401913948,0.195825840616464
-0.306872844179888,0.2047018014058
-0.28595263845897,0.213311074987894
-0.264369452439128,0.221651089594229
-0.241593342165884,0.229428442234157
-0.218278643394387,0.236913707553631
-0.194320005408345,0.244045998537078
-0.169417397888255,0.250574290851836
-0.144066485407608,0.256776035629494
-0.118126754687528,0.262534089280385
-0.0914928859204027,0.267668414071677
-0.0645083905480487,0.272445530417132
-0.0370314831540932,0.276684976891845
-0.00911015971702959,0.280319984038752
0.0190880965481658,0.283519023706909
0.0475820344479623,0.286196817352323
0.0763687855927919,0.28816089923331
0.105286650233514,0.289669977579105
0.134321992129595,0.290722284541452
0.163449179238348,0.290975194472584
0.192563805206803,0.290709513636544
0.221633067360252,0.28992910084226
0.250614914304323,0.288597915317649
0.279372873553842,0.286501580390114
0.307917843199448,0.283894170580838
0.336199812963965,0.280742697480413
0.364180676277858,0.277053609147739
0.39163488605742,0.272604519899058
0.418645831292182,0.267621487744984
0.445180702049296,0.262115790402499
0.471183946230783,0.256076543884849
0.496484496730576,0.249408362372047
0.521020607875098,0.242137928240115
0.544855920277336,0.234365539616926
0.567952379605189,0.226100169519518
0.590263067245913,0.21734601227949
0.611461439976847,0.207967980543559
0.631719531505855,0.198115209770453
0.65103866462586,0.187820615656028
0.669383166873219,0.177096533820986
0.686661973023358,0.165934987874164
0.702547051974718,0.154258340851353
0.717327189344838,0.142212499916096
0.73097397367132,0.129813108953844
0.743458021171583,0.117075720790235
0.75451540146912,0.103961167967044
0.764114960276962,0.0905067264846466
0.772467925489353,0.0767908850865516
0.779555270468881,0.062831202569284
0.785300690310045,0.0486368934073269
0.78922298494841,0.0341745033764731
0.791846089949732,0.0195550503461515
0.793159545288079,0.00479529188713175
0.793108559898688,-0.0100908455579734
0.791110917579708,-0.0251055181421979
0.787738053020825,-0.0401752782791021
0.783111251872931,-0.0552796928356767
0.776898077950406,-0.0704027611957119
0.768883292919619,-0.0854965250134769
0.759598610133334,-0.100542424263612
0.749042391864201,-0.115527806904776
0.736455461210144,-0.130362091022861
0.722621288277396,-0.145064216300002
0.707670385259444,-0.159642378036412
0.69073080751106,-0.173943048866488
0.672553235435249,-0.188027235650884
0.653309513983692,-0.201917593973111
0.632238275052434,-0.215420016095343
0.609929463267667,-0.228609994901727
0.586585769482284,-0.241524114061676
0.56171780024683,-0.253987260953142
0.535567321569355,-0.266009720998139
0.508481774058902,-0.277687345905095
0.480163071860824,-0.288875563225546
0.450561361534442,-0.299476878535786
0.420130208776467,-0.309660793345295
0.388784690365002,-0.319362753994068
0.356190536307275,-0.328304303934581
0.322907627523531,-0.336767697257831
0.288957361821761,-0.344754337732879
0.25394188832866,-0.351854654139282
0.21836921335126,-0.358402170312971
0.182286964464698,-0.364421756704553
0.145486614234239,-0.369573776624432
0.108246140222715,-0.374060939742102
0.0706291447482958,-0.377904273352914
0.0326806499611946,-0.381094489251288
-0.00562502647338824,-0.383301183980587
-0.0440814750417267,-0.384841421224884
-0.0826457202434079,-0.385719136949257
-0.121271372245696,-0.385864268876991
-0.159858157828199,-0.385056354767668
-0.198318632729939,-0.383492279373874
-0.236595633853407,-0.381200752987681
-0.274632507269665,-0.378184158822861
-0.31235257256939,-0.374409474462551
-0.349549973029988,-0.369672886072065
-0.386252140093243,-0.36419636063149
-0.422395265173107,-0.357984173113546
-0.457918515285345,-0.351044103019958
-0.492742852888393,-0.343367285412332
-0.526705422474436,-0.334882168339941
-0.55969156559643,-0.325588201703831
-0.591746798200466,-0.315597967104811
-0.62281184621431,-0.30492522389692
-0.652818102317359,-0.293578461507333
-0.681707218906757,-0.281573810587425
-0.709260865221282,-0.268849254459335
-0.73540127999016,-0.255434410269794
-0.760215855271643,-0.241425051286719
-0.783656676300554,-0.226843493063212
-0.805672380772558,-0.211710516574584
-0.826214130927834,-0.19604817364092
-0.845022735384976,-0.179816661520816
-0.862043416992188,-0.16305676025339
-0.877441949323905,-0.145861303727242
-0.891179960101445,-0.128255895224824
-0.903222491092279,-0.110267243110661
-0.913536019543148,-0.0919226086928952
-0.921614195210748,-0.0731767516501032
-0.927859097201733,-0.0541506366819042
-0.932303430089248,-0.0348823174357636
-0.934928202675275,-0.0154005790317562
-0.935714690318427,0.00426552535817397
-0.934060239205939,0.024117096251628
-0.930509738316648,0.0440641798235195
-0.925138909276068,0.0640739198036137
-0.917943822065836,0.0841195387311183
-0.908482622604917,0.104162086078118
-0.896780325347663,0.12414155740254
-0.883404430602287,0.144039748046717
-0.868343477663239,0.163839367949478
-0.850671734961829,0.183415645616837
-0.831221982245394,0.20278586457827
-0.810139676631128,0.22194455951467
-0.78710923689404,0.240815776661779
-0.761805102625133,0.259275363080242
-0.734949762377213,0.277410262015725
-0.706560123171866,0.295203395218212
-0.675982612834568,0.312439531490075
-0.643738253035036,0.329182805166574
-0.61006213388038,0.345468145947745
-0.574937295975792,0.361259833096345
-0.537751829637134,0.376246877176966
-0.499307030453091,0.390674490332033
-0.459636043463593,0.404526275932729
-0.418548805529748,0.417655589095751
-0.375952928179407,0.429902941426635
-0.332335224423224,0.441482126434324
-0.287734513452183,0.452378542138608
-0.241896776682054,0.462310148550349
-0.195084896496726,0.471352712889472
-0.147500457693761,0.479607498868794
-0.0992022128461166,0.487063749255832
-0.0500857008308367,0.493446623915095
-0.000363238628140573,0.498836104849927
0.0497880799248269,0.503387252155512
0.100342300307182,0.506994835681121
0.151208832323525,0.509662058013809
0.202327084392236,0.511094645616882
0.253521644678149,0.511565704147735
0.304711726347788,0.511082707404074
0.355807952334214,0.509589407367251
0.406717839607828,0.507093821565768
0.4573363629108,0.50356066446318
0.507476364214755,0.498827004677467
0.557106959941343,0.493099841868909
0.606121846121579,0.48635638112619
0.654426782124,0.4786047999246
0.70192677037492,0.469851813538388
0.748529121892312,0.460107316142053
0.794126312025852,0.449369290227661
0.838496083341565,0.437551248954924
0.881591053152339,0.424731369145799
0.923375048184471,0.410974406544649
0.963761924462201,0.396300782355493
1.00265901314554,0.380727685070818
1.03998220793751,0.364278588886316
1.07564843538051,0.346977828860103
1.10957664282936,0.328851264270829
1.14161683599738,0.309897881914002
1.17152829957385,0.290095048713095
1.19945344518276,0.269567942236298
1.22532490122183,0.248349941634645
1.24906924580025,0.226473316897656
1.27065152187517,0.203981816642338
1.2900076932362,0.180910230485153
1.30708432592085,0.157296863982635
1.32167955402372,0.13315259866318
1.33357980182015,0.108501924518096
1.34307047014247,0.0834558409689188
1.35011557258055,0.0580561529134549
1.35468466068603,0.032345821572164
1.35673731687163,0.00636755975228752
1.35635964293945,-0.0198272255534261
1.35276600254987,-0.0462308651936062
1.34664613580754,-0.0727369995614223
1.33800409666603,-0.0993016566354349
1.32680308106726,-0.125880371795149
1.31325543279179,-0.152436382266414
1.29633596484878,-0.178875567244666
1.27693684354071,-0.20516210897736
1.2551569642809,-0.231262806844944
1.23100911331445,-0.257141254554214
1.20387950885255,-0.282668588262686
1.17408483933376,-0.307802048975287
1.1420453252678,-0.332553816864164
1.10778914996235,-0.356889986715532
1.07089277944786,-0.380664265568021
1.03138636636054,-0.403790288501947
0.989797345301934,-0.42633652360138
0.946174217832226,-0.448269232580149
0.900468612202746,-0.469518765421862
0.852165067956787,-0.489797893379223
0.802060188803715,-0.509317874837148
0.750202430125674,-0.528042599342021
0.696654833181447,-0.545941345869545
0.641054232383823,-0.5627180970101
0.583794438680161,-0.57846229573169
0.525142126937506,-0.593252809089122
0.465175110653694,-0.607066407107068
0.403838444541167,-0.619753571691216
0.341082442218303,-0.631078111854449
0.277355659052557,-0.641320454295278
0.21275368422975,-0.650480409838627
0.147288677897892,-0.658416086568113
0.0810579450682499,-0.665048803250952
0.0141685729912015,-0.670238326202035
-0.053147497584399,-0.674168969056773
-0.120772680574581,-0.676847205901527
-0.188600407719169,-0.678192243353966
-0.256498753560735,-0.678209193104842
-0.324339966530731,-0.676887548646366
-0.391995608526206,-0.674219247706916
-0.459268862926465,-0.670014640376065
-0.526048158603464,-0.664437385589478
-0.592201070512849,-0.657493346630615
-0.657594195778904,-0.649185546923613
-0.722100808164784,-0.639527690544747
-0.785575036954294,-0.628509440441217
-0.847886982072993,-0.616147223548895
-0.908904737333347,-0.602454695549689
-0.968500142928863,-0.587449914779423
-1.02653404666573,-0.57114372004481
-1.08288394645417,-0.553562593622667
-1.13742467712723,-0.534731007995241
-1.18999717544323,-0.514654933634486
-1.24038460167919,-0.493318271736345
-1.28858471240795,-0.470826075144518
-1.33448488906918,-0.447213878509811
-1.37797635144948,-0.422519657946936
-1.41894785788487,-0.396781373836708
-1.45730969865757,-0.370046452725975
-1.49296286453315,-0.342358705077586
-1.52581560599591,-0.313765213976408
-1.55577161410969,-0.284312715174197
-1.58278094355448,-0.254060995482757
-1.60675289351078,-0.2230586236249
-1.6276161580735,-0.191360189094429
-1.64530424056499,-0.15902187309419
-1.65943367499917,-0.126051413634289
-1.67021968340327,-0.0925668904484172
-1.6776780233995,-0.0586396226490096
-1.68176926621247,-0.0243312394598952
-1.68241889377783,0.0102983412737623
-1.67971991452411,0.0451763196798396
-1.67361579952934,0.0802443222622616
-1.66409098573898,0.115439713806269
-1.65061535863855,0.150695056296419
-1.63343669320968,0.185918605196753
-1.6129542123815,0.221045664762487
-1.58916262828334,0.256018989903972
-1.5620770074303,0.290781131217237
-1.53137373744726,0.325236304015045
-1.49676280373058,0.3592544907881
-1.45897348412738,0.392837465392185
-1.41804503733782,0.425928647175195
-1.37402106935775,0.45847184021094
-1.32674186705384,0.490362926751159
-1.27578304325183,0.521396605415833
-1.22191926456787,0.551659124917126
-1.1652222649144,0.581095425273988
-1.10576623679353,0.609650952675184
-1.04362961991031,0.637272133570393
-0.978333938497725,0.663659046912606
-0.910447040011924,0.688904712877338
-0.840217443403743,0.713018474951489
-0.767746755308247,0.735952196298673
-0.69313894987485,0.75765825281096
-0.616367519329912,0.77799397101755
-0.537351293264166,0.796711793766067
-0.456639543630915,0.81404435485756
-0.374354538993504,0.829953913859862
-0.290634699947375,0.844421327294115
-0.205520828839803,0.857295774323645
-0.119171095570651,0.868527808716493
-0.0316801874132904,0.877921380957603
0.0566377120554693,0.885656441536185
0.145612912007291,0.891741740029787
0.235110291118774,0.896077813944535
0.324950474088371,0.898658763865627
0.414959647258918,0.899465650824322
0.504963978038504,0.898493787657797
0.594780785510361,0.895689964423545
0.684229045611683,0.89106621341586
0.773127211133549,0.884617086723553
0.861295135945178,0.876343539242529
0.948537512666413,0.866224775409465
1.0346786569125,0.854283139256717
1.11953674066989,0.84052785131874
1.20293162409935,0.824972192054776
1.2846720462946,0.807621344388828
1.36458207035275,0.788500232273434
1.44246384206206,0.76761715233459
1.51816852064393,0.745022952381392
1.5915320668714,0.72075297968225
1.66238274707043,0.694838472635518
1.73055801246987,0.667318493961146
1.79589951069827,0.638235507249352
1.85825000353281,0.607633875074876
1.91746337376852,0.575564914018546
1.97339502926434,0.542081198999645
2.02590638616646,0.507238692064451
2.07484979481411,0.471091455833275
2.12011569266337,0.433708597185512
2.16158135099634,0.395154462780012
2.19913323076798,0.355497084038637
2.23263684067558,0.31480067459111
2.26203240826443,0.273149269621878
2.28722004981341,0.230616459586825
2.308115885087,0.187280299724497
2.32460564593597,0.143215575571086
2.3366979969835,0.0985167386040615
2.34430920506444,0.0532631140591389
2.34738851134309,0.00753991037010724
2.34585973233606,-0.0385680137360179
2.33983154626054,-0.0849647621563241
2.3292096170524,-0.131569050841065
2.31389541862204,-0.178293026493859
2.29344945858182,-0.225034069279793
2.26823893801836,-0.271683890829092
2.2385566734304,-0.318156716505767
2.20440062201315,-0.364368866467122
2.16579837869183,-0.410236701222375
2.1227888420857,-0.455677200207223
2.07505496952502,-0.500553952640376
2.02239490409767,-0.544710059160499
1.96548667631596,-0.58813403090799
1.90440309689559,-0.630741999889532
1.8392371686412,-0.672454192942077
1.77002585183312,-0.713175296606624
1.69688351492331,-0.752826146534428
1.61971920818365,-0.791258613329924
1.53838260210498,-0.828268165653048
1.45351435969686,-0.863934538461655
1.36523383289444,-0.898177310730959
1.27368097320795,-0.930922770219638
1.17900070717078,-0.962098824580198
1.08134273009025,-0.991634597706591
0.980877931041517,-1.01947169067122
0.877379159376435,-1.04524631391316
0.771398572188194,-1.06910830162986
0.663195039166741,-1.09105546169927
0.55298822826735,-1.11107466939689
0.440862527731311,-1.12900262660892
0.327058620572765,-1.14482038508132
0.211786499603178,-1.15848009501404
0.0952655529618762,-1.16995045033062
-0.0223149310850257,-1.17911226987416
-0.140699683786679,-1.18597851836675
-0.259657728730867,-1.19051686057626
-0.378955407368915,-1.19270247249654
-0.498353364284899,-1.19246871925575
-0.617607523103539,-1.18983416111151
-0.736476756510658,-1.18478477759127
-0.854719985210098,-1.17731356581596
-0.972083253856128,-1.16739159187225
-1.08833027762565,-1.15504301770318
-1.20321860793314,-1.1402732175252
-1.31650913638926,-1.12309528957973
-1.42795051540787,-1.1035109989264
-1.53731307078002,-1.08155313852741
-1.64436104497016,-1.05724674184916
-1.74886458567788,-1.03062408249205
-1.85058674276357,-1.00171399474079
-1.94930686039337,-0.970560919960473
-2.04480343772851,-0.937209244721277
-2.13686015731418,-0.901708282646794
-2.22526470124452,-0.864111545880263
-2.30981098862671,-0.824477644848953
-2.39029900687111,-0.782869513347931
-2.46652721221985,-0.739351137683981
-2.53831830856688,-0.693998726071285
-2.60548882757232,-0.646886655950895
-2.66786715774447,-0.598095104177165
-2.72526509414443,-0.547700796539737
-2.77755230990667,-0.495800572362027
-2.8245773924551,-0.442484808190113
-2.86620367048236,-0.387849071102443
-2.90225299939066,-0.331981885341732
-2.93265754819663,-0.274998011922453
-2.95730682837808,-0.217002231617112
-2.97610511155107,-0.158102976945178
-2.98888106058061,-0.0984010859745895
-2.995652586679,-0.038024756721927
-2.99635410768777,0.0229106651903833
-2.99093587806746,0.0842873579098332
-2.97923521569679,0.145990183311095
-2.96139759098433,0.207887012228313
-2.93738995009381,0.269857986658587
-2.9072113218578,0.33178104815948
-2.8707775616029,0.393528472560895
-2.82834086183787,0.454986145333607
-2.77986535042988,0.516032746911654
-2.72539605227101,0.576548395628488
-2.66499424799376,0.636414129520057
-2.59851154873913,0.695475796010014
-2.52568819897519,0.753534705886877
-2.44717274907272,0.810543913202399
-2.36307426660694,0.866384832432447
-2.27353395187798,0.920945675659651
-2.17863918451693,0.974099535271433
-2.07854445408552,1.0257336384228
-1.97340450395974,1.07573500287973
-1.8633866711333,1.12399372988782
-1.74865916202278,1.1703981795298
-1.62941348491813,1.21484391184282
-1.50584678465081,1.25722796244191
-1.37789468546088,1.29729065221486
-1.24596691525998,1.3350067315633
-1.11042675128899,1.37035594620627
-0.971510336805589,1.40325050669382
-0.829462610316444,1.43360726381159
-0.684584447336271,1.46139777105742
-0.537021298480721,1.48643430340846
-0.387093119331193,1.5086841298323
-0.235081680239606,1.52808026630317
-0.0812909071227019,1.54459409397064
0.0740256519256193,1.55809256604463
0.230541508857264,1.56856644987959
0.387951944708661,1.57597043273712
0.545946204552956,1.58029126026499
0.704218822137783,1.58145310840545
0.862451172790143,1.57945206022368
1.02032740683254,1.57426677014009
1.17753730522222,1.56590644419646
1.33375893515939,1.55433750207046
1.48867641733956,1.53956574995633
1.64191137974113,1.52149413892937
1.79309682100013,1.50010221871742
1.94199200635867,1.4755467152751
2.08828581600273,1.44785112501108
2.23167457342967,1.41704949543559
2.37184617871203,1.38317079882373
2.50850649310024,1.34626410398262
2.64135974970491,1.30637778289928
2.77011885253928,1.26356864925449
2.8944959930359,1.21789535235707
3.01399099011687,1.16930276629753
3.12830887002813,1.11787795055635
3.23739311903963,1.06382251738908
3.34098228822733,1.00721870012856
3.43882991820936,0.948157513976787
3.53068613589164,0.886730775949473
3.61633832109173,0.82304645395032
3.69555672429549,0.757207502182965
3.76813409487888,0.689326371028586
3.83383279815483,0.619509432408395
3.89245018074692,0.547877655868374
3.94340864251061,0.47447617048608
3.98696459981789,0.399543278155309
4.02303485835185,0.323226058420577
4.05141983269919,0.245652256751613
4.07200165659134,0.166966770171722
4.08463193839789,0.0873133964254727
4.08933212007606,0.00685501440580313
4.08594670964374,-0.0742630519950884
4.07441761489229,-0.155883104262568
4.05461616080015,-0.237846780336535
4.02672228482634,-0.319986681714202
3.99061135211597,-0.402144343001289
3.94628970825461,-0.484155112243715
3.89374670830157,-0.565851201184044
3.8331495261526,-0.647074776685161
3.76447757423964,-0.727657159238438
3.68780239752836,-0.807432684913159
3.60321722194775,-0.886237007353223
3.51075244117001,-0.963892598919119
3.4105882533473,-1.04024206794083
3.30255424234906,-1.11505329822691
3.18712283648348,-1.18821815388665
3.06450091984522,-1.25958622885158
2.93483924024622,-1.32899152281906
2.79834439128667,-1.39627969631304
2.65523557880461,-1.46129907819424
2.50575037180879,-1.52390275033939
2.35013273003547,-1.58394381606803
2.18864684305147,-1.6412815547141
2.02156964512914,-1.69577945472717
1.84918160481428,-1.74729956579167
1.67180387118689,-1.79572456538812
1.48974679063377,-1.84092965962923
1.30333756392181,-1.88279858794302
1.11297386891886,-1.92127939405902
0.918881728205505,-1.95615580540957
0.721482280816134,-1.98738002998354
0.521145141292468,-2.01486008064699
0.318280317686572,-2.03856789402062
0.113224086740946,-2.05835408884223
-0.093611493085621,-2.0741810459822
-0.301831086840375,-2.08598570667145
-0.511034748305035,-2.09369133797736
-0.720823053999147,-2.09698125414494
-0.930720580670506,-2.09612188082182
-1.14032115936969,-2.09109625439162
-1.34921078265852,-2.08185848332302
-1.55698266660753,-2.06842155233105
-1.76322729715684,-2.0507784366332
-1.96754721554452,-2.02895244156472
-2.16932727647211,-2.0026323649836
-2.3681740705895,-1.97196245908573
-2.56379920726206,-1.93716381625813
-2.75579819852581,-1.89826371887593
-2.94378599758264,-1.85531492203635
-3.12737415026302,-1.8083674607356
-3.30587944363527,-1.75725515181657
-3.47881778470891,-1.7020208814358
-3.6461498445344,-1.64300634182103
-3.80751437952894,-1.58029365354178
-3.96256006717105,-1.51397369525378
-4.11094214204281,-1.44414343263809
-4.25177742600872,-1.37066134965971
-4.38486204930413,-1.29373904376413
-4.51023528473779,-1.2136662969454
-4.62759893919657,-1.13057127018436
-4.7366408930983,-1.04458007391464
-4.83710579443068,-0.955840950636507
-4.92841313360588,-0.864415560626592
-5.00983271049227,-0.77035874516677
-5.08190409289157,-0.674052390314595
-5.14435596575286,-0.575650400531517
-5.19699220744913,-0.475326998943849
-5.24045555089634,-0.37338896129954
