0.814468748817986,0.814468748817986
0.909451000973071,0.706229516552964
0.990512943413064,0.587225686269388
1.05626597406162,0.459116340879877
1.10502008367002,0.3236221480162
1.13686591340921,0.183198630039447
1.1509343616996,0.039895081977666
1.14675291967871,-0.10404067957977
1.12514283000707,-0.246413771056342
1.08526516060686,-0.384787207245892
1.02899470425467,-0.51733907185836
0.956186846971551,-0.641574257123223
0.868724616775306,-0.755965341392216
0.767573420011851,-0.858445576730776
0.654371248170992,-0.947435083134329
0.531176187945995,-1.0219977865077
0.399378537105644,-1.08001627089879
0.261456504027694,-1.12136794334421
0.11950138474711,-1.14555803739911
-0.0243884342632387,-1.15121897174724
-0.16788758936837,-1.13927639792243
-0.308744835462275,-1.1093970533852
-0.444770049486862,-1.06215137128695
-0.573908440011236,-0.998454382590814
-0.693923356041993,-0.918881437237331
-0.803398883384891,-0.825331055825838
-0.899851518251284,-0.718402543489159
-0.98257506394424,-0.600543926694362
-1.04990640148913,-0.473260241285895
-1.10055042918015,-0.338466261510573
-1.13433584848755,-0.198495653328583
-1.15024916509397,-0.0553856902754381
-1.14805987919875,0.0885926213448005
-1.12830600639621,0.231230939930789
-1.09034535447935,0.370140071648548
-1.03591058105731,0.503458338467624
-0.964727395135878,0.628635374072222
-0.878854869202114,0.744226092225732
-0.779039627770606,0.848009055535518
-0.667079690034204,0.938555791179773
-0.544888232490479,1.0147505263966
-0.413871240099755,1.0745098145729
-0.276533655203597,1.11775948661976
-0.134921829191713,1.14390021435356
0.00888650638231165,1.15142875322
0.152537197364682,1.14146424044109
0.293773803205766,1.11342974789255
0.430436595096462,1.06806197029913
0.560396985495581,1.00606211417229
0.681495705212332,0.928150114455813
0.792178353623876,0.836036817755303
0.890093037963234,0.730448796412841
0.974439108503663,0.613743529985595
1.04339012402039,0.487330642575869
1.09589012096535,0.353251552872624
1.13160183256216,0.213758311066498
1.14936488935739,0.0708654953548019
1.14916127101071,-0.0731282899314437
1.13127464283646,-0.216009844374701
1.09523124261535,-0.355426916792261
1.04263585001317,-0.48948351088521
0.973097352409098,-0.615585625694111
0.888825160690859,-0.732349851503657
0.790370056323945,-0.837425997612409
0.679669509827868,-0.929508308080198
0.558469707679422,-1.00726293884508
0.428291123024455,-1.06881709723338
0.29156431292178,-1.11396089362711
0.150302161460411,-1.14190292903176
0.00661647214099004,-1.15143183233188
-0.137160025648451,-1.14346115205211
-0.27874955799584,-1.11725740987025
-0.41602879996095,-1.07379009527217
-0.546782010705582,-1.01348177592445
-0.668949433097403,-0.937257878223397
-0.780809226515901,-0.846583505322584
-0.880177324998523,-0.742365695518777
-0.966141469553963,-0.626843462979728
-1.03668459141615,-0.501310710740838
-1.0910399326167,-0.367975514833421
-1.12867995812888,-0.228987209023403
-1.14827007140412,-0.0863311876353862
-1.15006323656629,0.0576508235708732
-1.13403082105139,0.200749519000509
-1.09992329940767,0.340650853177614
-1.04910403836058,0.475387498153863
-0.981292967569366,0.60242593721314
-0.898646488502324,0.720348940237871
-0.801556770212039,0.826691838383235
-0.692143569659891,0.920301059127552
-0.571946331227482,0.999590524490238
-0.442635099402141,1.06293713313349
-0.30654733439363,1.10997596008637
-0.165652597323506,1.13969688415806
-0.0221179142352163,1.1512331437935
0.12175806232947,1.14526668680529
0.263676300299154,1.12088496835915
0.401548943938919,1.07933552618514
0.533069389154939,1.02071785084942
0.656287454118588,0.946204829543635
0.769299644567614,0.856975177249866
0.870109039434864,0.754153948845442
0.95768279915349,0.639841914475021
1.02979860537645,0.515201579384367
1.0860042367956,0.382637244222507
1.12556975226501,0.244180270675521
1.14697097270999,0.101780375928985
1.1507665299213,-0.0421625945728977
1.13658108889934,-0.185454307076592
1.10442255478098,-0.325814821105137
1.05535380321251,-0.461194034212701
0.989315355942763,-0.589160051100308
0.908315681270928,-0.70822360240983
0.812601120091661,-0.815811883817719
0.704500153420102,-0.910935456237325
0.5853197479834,-0.991742181641405
0.456902840579618,-1.05687534847992
0.321481044596447,-1.10580592261864
0.180971481086481,-1.13729100716635
0.0376154892868891,-1.1508358230788
-0.106333140340797,-1.14687817593107
-0.248557553105205,-1.12431601811793
-0.386998625054255,-1.08469617315622
-0.519263987089253,-1.0277737957451
-0.643511490047841,-0.954989467396669
-0.757656351919405,-0.867215146193553
-0.859891057057263,-0.765813010758127
-0.949014566681536,-0.652703074112797
-1.02273846229995,-0.529003737905696
-1.08078471876858,-0.397235100089855
-1.12224667794064,-0.259329713617839
-1.14547195227887,-0.117210876135127
-1.15126977931669,0.0266658949092128
-1.13893062654867,0.170127870760599
-1.108728283082,0.31092115964405
-1.06141634547771,0.446920759262194
-0.997164141243601,0.575790642640748
-0.91777892710207,0.695936007124766
-0.823503248607864,0.804789828597535
-0.716735938308288,0.901410945217936
-0.598590870589381,0.98372446627137
-0.471093059368711,1.05063425213612
-0.336362717252393,1.10144862312137
-0.196257303739764,1.13469151762991
-0.0531069270280225,1.15024023307153
0.0908795820169074,1.14819269059695
0.233396075600068,1.12755185393038
0.372378721819233,1.08986740089177
0.505369322069218,1.034651118537
0.63062184349504,0.963608016728581
0.745884087218748,0.877305111010804
0.849524013021087,0.777340410893534
0.940067064995018,0.665370969208079
1.01550715830317,0.542716374290173
1.07537980004776,0.411766219487016
1.11857268889756,0.27439761943229
1.14377474305722,0.13262047899808
1.15156906545724,-0.0111631159293892
1.14108248484783,-0.154773191993288
1.11283754634708,-0.295971645957553
1.06729488895501,-0.432571783246215
1.00483698362781,-0.562319227839535
0.927015876627029,-0.68347803764026
0.834261597757884,-0.79362750951834
0.728845674121332,-0.891724957188499
0.611759351555619,-0.975541104053134
0.485203082558788,-1.04421313756208
0.351188222920669,-1.09689843318476
0.211508383529073,-1.13190138222916
0.068589769199258,-1.14944372131346
-0.0754068442052758,-1.14924558068843
-0.218194003990811,-1.13059115446148
-0.357689617804879,-1.0948420173881
-0.491387606694518,-1.04134902289606
-0.617617602544788,-0.972054338842464
-0.733985520239004,-0.887244755483705
-0.8390064500467,-0.788731554221964
-0.93096665674745,-0.677927290117568
-1.00810438605394,-0.55633702643107
-1.06978486536535,-0.426226291060239
-1.11471374073007,-0.28941757463591
-1.14187846656044,-0.14800673413415
-1.15165822873862,-0.00434305296463397
-1.14303749074822,0.139392742612999
-1.11674540522503,0.280967733373398
-1.07299071296502,0.418150120538165
-1.01232970281001,0.548746436370794
-0.936096097875068,0.670906803807897
-0.844872916565694,0.782325192167537
-0.740822358505824,0.881873446726839
-0.624823421027737,0.967193222372586
-0.499228764849386,1.03760857819074
-0.365951977553294,1.09214702378756
-0.226722637655915,1.12892059328071
-0.0840611677716678,1.14844117760496
0.0599235498655084,1.15010771659816
0.2029531490107,1.13343040548214
0.34292279981044,1.09958267948395
0.477320130554525,1.04786472015029
0.60449721523501,0.980320498299498
0.721961707900443,0.897031924956306
0.828335526500306,0.799980085362274
0.921715016446454,0.690370996375236
1.0005273040722,0.569861660525195
1.06399771797352,0.440611586221467
1.1106634880338,0.304385869967978
1.13978092540818,0.163366814864256
1.15153955776891,0.0198497643748634
1.14479097060644,-0.123988390376387
1.12045199115114,-0.265912380850436
1.0784978169775,-0.403655912920754
1.01964070935454,-0.535074568323733
0.945012668196387,-0.658219953315734
0.855333960825609,-0.770883470404922
0.752665530666696,-0.871860430292845
0.637778291439682,-0.958677574257703
0.513167120283277,-1.03082036101993
0.380601337775437,-1.08705393192574
0.241896767322634,-1.12574403340692
0.0995183120860271,-1.14723226794137
-0.044431316892674,-1.15077142198734
-0.187675772324261,-1.13606703373314
-0.328073283196394,-1.10405657782828
-0.463167877264993,-1.05419416010599
-0.59126438555782,-0.988406688968205
-0.709811432347201,-0.906661305001569
-0.817513330574225,-0.811083983495891
-0.912306754365631,-0.702695664091845
-0.992773848417958,-0.583286233877346
-1.05802769887501,-0.454923243559223
-1.1064082100462,-0.319296158897116
-1.1374845063477,-0.178698318120892
-1.15123249042033,-0.0353551035643071
-1.14633609020071,0.108562199465707
-1.12396926467511,0.250811070030255
-1.08380485318375,0.389087820325003
-1.02677644049693,0.521310052146581
-0.953751335864303,0.645410691223006
-0.865645670478933,0.759306907201363
-0.764324968488272,0.861633187988981
-0.65061864729751,0.949991014477468
-0.527020647511163,1.0238590953754
-0.395175688703186,1.08175346561231
-0.257026932243651,1.12236653454511
-0.114959626925385,1.14582882075751
0.0289320669160531,1.15122143485648
0.172365293251593,1.1385046303917
0.313163186923799,1.10832185796628
0.448933312619773,1.06033595395598
0.577931096302756,0.996328230090174
0.697533856280185,0.916127351388731
0.806551543449996,0.822051191970866
0.902732770133385,0.714891164273046
0.984848702006738,0.596610406013799
1.05188349707538,0.469162776410437
1.10195656660394,0.334147821005958
1.13499349876387,0.193999562203376
1.15067620712075,0.0508545002441084
1.14767790968909,-0.093117420967965
1.12729693020791,-0.235665899270638
1.08891661324021,-0.374450706713567
1.03373680409232,-0.507455368067426
0.9623164579384,-0.632485729000696
0.875808338242072,-0.747598903850925
0.775805587351573,-0.851206612216692
0.663345433453855,-0.941139460588267
0.540788311244091,-1.01672701850506
0.409677146792211,-1.07626100845052
0.272111754930387,-1.11879358907996
0.130382994092416,-1.14423102352139
-0.0134289728055278,-1.1514643303037
-0.157024298054651,-1.14074414048854
-0.298197660841135,-1.11238495357846
-0.434619663759709,-1.06629117425855
-0.564445364739746,-1.00398797021486
-0.685133217698846,-0.925431258528894
-0.795450686983542,-0.832879116075491
-0.892999587348995,-0.726959072242073
-0.976754367194941,-0.609833048044791
-1.04548718395635,-0.48329201081039
-1.09731612063171,-0.34894046858213
-1.1323101367673,-0.209268741837328
-1.14980387276902,-0.0663389297257019
-1.14881993693112,0.0776568565170678
-1.13043263341202,0.220478586061901
-1.09383671414924,0.359748632395055
-1.04051995620225,0.493512117165417
-0.970711484171535,0.619450629325338
-0.885820791686189,0.735761460929689
-0.787148524616806,0.840632512656035
-0.675958552530391,0.932126793875345
-0.554467677277957,1.0094237181662
-0.424105953346512,1.07058457675845
-0.287149601498285,1.11502837842298
-0.145785935783255,1.14243659304386
-0.00207522682490443,1.15150505358848
0.141655064572403,1.14278455585205
0.283181035201808,1.11625108427321
0.420229379086606,1.07205927026247
0.550845933458604,1.01144219280204
0.672612494032473,0.93457284692856
0.784209783001717,0.843563339234382
0.883111850875263,0.738899920351983
0.968491052800585,0.622951638762526
1.03880160534077,0.497285962497218
1.09249128788897,0.363673190358172
1.12943352158891,0.224503519072595
1.14873457166068,0.0818094227909338
1.14976314306142,-0.0621829324550226
1.13337127711343,-0.205250542096988
1.09856664078527,-0.344984659494053
1.04712161910762,-0.479480905144906
0.978938047139245,-0.606309355518218
0.895679719414131,-0.723794863654225
0.798355698722679,-0.829916520515408
0.688456193631768,-0.922954279511833
0.568054361554144,-1.00194572073778
0.438461618277989,-1.06472897579195
0.30213819958081,-1.11107110682787
0.16116533618332,-1.14044039282409
0.0175780941332215,-1.15134616312869
-0.126259682351061,-1.14462246623816
-0.268116734085661,-1.11992348702518
-0.405764110862418,-1.07763759814591
-0.537153284084258,-1.01872137800366
-0.659973248071378,-0.943550079055343
-0.772805964842498,-0.854074765824631
-0.87307198714679,-0.750712683220554
-0.960056541172589,-0.635961900515907
-1.03194546101197,-0.511195096587501
-1.08748290057795,-0.378344116081564
-1.12635945468758,-0.239700707199542
-1.14747223742842,-0.0972640218084428
-1.15050567213169,0.0466979009017388
-1.1360047839123,0.189966513386755
-1.10310540306591,0.330160948678
-1.05353503167421,0.46536155656953
-0.986995580834813,0.593064269486896
-0.905379536719916,0.711697865012629
-0.809427155372419,0.819061815082321
-0.700834572585541,0.913620661913584
-0.581503139712151,0.994220792260578
-0.452742565956481,1.05869567487608
-0.31707440487771,1.10691911074413
-0.176513312351325,1.13820936847815
-0.0330772946771866,1.150987780419
0.110840267479435,1.14625231553725
0.253007425365887,1.12340328568347
0.391224963815211,1.08302158917284
0.52337072701082,1.02582689721364
0.647215905041046,0.952359133839328
0.761198942288862,0.864360859636736
0.862880471360732,0.762394714725352
0.951446718784645,0.648857875656783
1.0249209853661,0.525018423163841
1.08228862534462,0.392950230119811
1.1230811023901,0.254856144535953
1.14601795784605,0.112700766838599
1.15104332561936,-0.0312040813523721
1.13840723816647,-0.17464539181657
1.10744990386361,-0.315279087565894
1.05975159911111,-0.451153590726587
0.994881574088762,-0.579716541489891
0.914912873209114,-0.699468313065988
0.820361164998405,-0.808069591938572
0.713088187258279,-0.904122901390587
0.594800704273964,-0.986239825175934
0.466946287110124,-1.05248399522821
0.331955719432826,-1.102572870444
0.191812686816903,-1.13566768641253
0.0485702583280721,-1.15042652148137
-0.0953997859055587,-1.14767510909094
-0.237854392319795,-1.12668538181415
-0.376614644549013,-1.08821043736071
-0.509497642699745,-1.03275259929891
-0.634342165934665,-0.960997644049489
-0.749461734948605,-0.874496626764933
-0.852536615987858,-0.77394205077497
-0.942664114042024,-0.66163782609298
-1.01772250624282,-0.538750877593254
-1.076905801635,-0.407488039351257
-1.11959976970422,-0.269967210665663
-1.14436562872569,-0.128116918407422
-1.15137451200417,0.015704163714861
-1.14061398809965,0.159295802230499
-1.11159685328336,0.300340878234767
-1.06576224781756,0.436856672070003
-1.00259145667641,0.566266404315211
-0.924278765496922,0.687109268322902
-0.831152012415644,0.796937349508244
-0.725213999257782,0.894461656489301
-0.607996822522375,0.978094767523969
-0.481069472031102,1.04609211536211
-0.346782928721199,1.0980434016446
-0.207073804274035,1.13291096314754
-0.0640540926242358,1.14965986745257
0.0799420265632602,1.14890719499621
0.222658498980125,1.12976049375597
0.361939305482175,1.09321382205378
0.495530600019311,1.03948551461884
0.62135816309812,0.969469912205564
0.737584210987311,0.884466488238109
0.842042554579043,0.785352892631177
0.933725696564807,0.674310862956182
1.0103402247064,0.552384471465149
1.07133901943952,0.42195652142656
1.11593535693452,0.285036403671114
1.14250501831185,0.143508698822244
1.15150697915909,-0.000200978529087086
1.14260706981053,-0.143917674597489
1.11554743016436,-0.285349560407307
1.07149381190839,-0.422445539150905
1.01012195306417,-0.552715230062063
0.933490020600154,-0.674633358483412
0.841792062710494,-0.785661471713863
0.737216778466679,-0.884647039346803
0.621079650244611,-0.969770725858644
0.49510828522701,-1.03951761101517
0.361554272499453,-1.09333156768815
0.222295069491169,-1.12994880933175
0.0795265100621184,-1.14869274278725
-0.0644689296011052,-1.14994810422982
-0.207423650920958,-1.13263366206329
-0.347201185558876,-1.09803155273945
-0.481475164511605,-1.04603028511889
-0.608266654871482,-0.977775982038655
-0.725574012421214,-0.894274606622899
-0.831402518947391,-0.79662785858368
-0.924605869525283,-0.68685566310461
-1.002782010441,-0.565920385693857
-1.06559218886959,-0.43635495538897
-1.11202889557587,-0.30004589624498
-1.14044225488547,-0.158874073878937
-1.15144141863469,-0.0153031925757322
-1.14439311154038,0.128514974659395
-1.11930271506169,0.270307978565704
-1.07702908762747,0.407958889196539
-1.01747421771686,0.539066608685765
-0.942543311418494,0.66204085470698
-0.852282685702754,0.774246941159388
-0.749094507806432,0.874680077773487
-0.634050832015249,0.961275708821482
-0.509062226491535,1.03276488350368
-0.376267945052892,1.08843790374488
-0.237475294705445,1.12678980598054
-0.0949853753864061,1.14752820386406
0.0489814823373511,1.15077331865264
0.192153149566285,1.1353085556675
0.332401943654344,1.10266154025337
0.467335970316386,1.05239050338553
0.595069329413674,0.985914273992097
0.713437492400909,0.903924368759354
0.820619104450618,0.807766257772904
0.915201803240498,0.699188619971897
0.995053406607223,0.579359031093865
1.05966640283439,0.450681632226673
1.10780019585628,0.314967391153511
1.13818145988212,0.174211090089413
1.15117631869736,0.0308060254186548
1.14597731012534,-0.113091061540247
1.12286200545841,-0.255218471791868
1.08237323187803,-0.39340175199468
1.02464788935565,-0.525323166082066
0.951327194583914,-0.649258823550993
0.862623999814782,-0.762697256634964
0.76084349990841,-0.864560014608898
0.646911180106571,-0.95261557216576
0.522929687439536,-1.02583564814456
0.390920856687279,-1.083359624343
0.252613244234841,-1.12343969170642
0.110428451441474,-1.1461664556916
-0.0334794851162236,-1.15124778826152
-0.176849652967264,-1.13778648626553
-0.317542651167055,-1.10709910478741
-0.453116418915991,-1.05856776495069
-0.581766607003428,-0.993880900941277
-0.701179151515724,-0.91341749633257
-0.809692850729531,-0.818765408183942
-0.905644800663083,-0.711401214857236
-0.987156892001474,-0.592699375808711
-1.05355938519623,-0.464933316557649
-1.10338503449107,-0.329832945415944
-1.13572402285023,-0.18951759323111
-1.15070753630501,-0.0463049435520254
-1.14736265429204,0.0976487285836226
-1.12622234638143,0.240082933237809
-1.08752956780605,0.378778041652256
-1.03164060655181,0.511486488620635
-0.959934209490482,0.636358370531567
-0.872814369877649,0.751014206089779
-0.772458086727965,0.854284277275094
-0.659660145129763,0.94379357145482
-0.536707536413043,1.018728679841
-0.405503820207956,1.07807873216509
-0.267707272655581,1.11990083246383
-0.125853128983628,1.14460460779964
0.0179743119981721,1.15152874541527
0.161515332052988,1.14006608204222
0.30262401393734,1.11133695825608
0.438818732435093,1.064561300875
0.56835783897481,1.001669579167
0.688801584147441,0.922753640300278
0.798622390383011,0.829620446578491
0.895938750704656,0.723493845645281
0.979091895320619,0.605938614693875
1.04726574873533,0.47910501877366
1.09878696568513,0.344641438865039
1.13306862556042,0.204791002548181
1.15002860820804,0.0617969266449531
1.14854982728349,-0.0821903809536821
1.12937873787082,-0.224903035735708
1.09249942227719,-0.364090683201141
1.03844813139249,-0.497557380909446
0.968378358984103,-0.623351987533845
0.882850424163932,-0.739198139977828
0.783930825550077,-0.843848995653187
0.672295680458852,-0.934810594796086
0.550391078479934,-1.0114403083843
0.419952351793918,-1.07244117901001
0.28275510231267,-1.11617252734645
0.141256244907069,-1.14283723967538
-0.0024680440274322,-1.15161818086513
-0.146152148022396,-1.14214371283525
-0.287629662869316,-1.11529930940087
-0.424444312366546,-1.07036829295672
-0.554841841863559,-1.00927220934656
-0.676305909259112,-0.931930571547735
-0.787405120912511,-0.840324722641058
-0.886085146951997,-0.735465239577924
-0.970855541110173,-0.619072296397079
-1.04078039292742,-0.493191353321148
-1.09400313348548,-0.359389860679515
-1.13021353142083,-0.220028438279637
-1.14914144368848,-0.0772792040489582
-1.14953479634605,0.0667181620917524
-1.13233106600132,0.209681657155834
-1.09727746475448,0.349340349085625
-1.04506881714416,0.483538147039831
-0.976653468427862,0.61023827781995
-0.892729058901105,0.727249933043129
-0.795226340069567,0.833221538898859
-0.684813365037755,0.9256645198143
-0.563977459838796,1.00397094223343
-0.434328209994104,1.06662518536922
-0.297753337438982,1.11225059705209
-0.156634932237998,1.14086392483243
-0.0130372929171327,1.151509400264
0.130762491275825,1.1440168985477
0.272576157617873,1.11902813245958
0.409994409556253,1.07598489488532
0.541222015396584,1.01668857719986
0.663691522001985,0.94094334361854
0.776043104919554,0.850876124547583
0.876080070875213,0.747309494896548
0.96244650848459,0.63209651032868
1.03410947632667,0.507192184244353
1.08902509027009,0.37407292319065
1.12716339728737,0.23522807890114
1.14806808986451,0.0927510973101079
1.15031159998971,-0.051234517732298
1.13509268696941,-0.194423873399212
1.10185228504985,-0.33452626416297
1.05151018824005,-0.469435249832134
0.984745057657019,-0.597011246339152
0.902452155145416,-0.715174690882614
0.806325783037026,-0.822389780655246
0.697208833351234,-0.916354015675503
0.577471295302779,-0.996333838477393
0.448621846899706,-1.06061310336691
0.312698586756091,-1.10813268459823
0.171988559299924,-1.13869872075616
0.02853900694498,-1.15118765576837
-0.115349709186448,-1.14569038603943
-0.257472554594894,-1.12254571207723
-0.395471736782485,-1.08141029524577
-0.527505132105974,-1.02392596461106
-0.650958230235502,-0.949786870832214
-0.764548739176352,-0.861284412999412
-0.865916183056402,-0.759016989959522
-0.953871386600149,-0.645012364402527
-1.02716306567706,-0.521059062676633
-1.08385498577977,-0.388688556805115
-1.12392234264043,-0.250388522653707
-1.14666156747031,-0.108196564439096
-1.15088532590097,0.0357423835393371
-1.13766334362019,0.179131753710905
-1.10622880811008,0.319652999176198
-1.05777217872184,0.455251110416676
-0.99265758021393,0.583677213495024
-0.912019990299166,0.702975631987006
-0.81727674744627,0.811409582083647
-0.709482936799072,0.906884369747738
-0.590871260674644,0.988530529712766
-0.462834162213969,1.0544147367917
-0.327589752719866,1.10382384789931
-0.18731505865379,1.13634167870943
-0.0440342994214143,1.15065950042321
0.0999162921832221,1.14716513416608
0.242323639369793,1.12585862274703
0.380879416767661,1.08664564017567
0.513641218895207,1.03087754979421
0.638110060875612,0.958462360779502
0.752922471092833,0.871546804740758
0.855599407334305,0.770589222797119
0.945132222273835,0.657818529618167
1.01997750510606,0.534802500337748
1.07849958730027,0.403236557666216
1.12049226080179,0.265508081949607
1.14502115205516,0.123617731417543
1.1512594352213,-0.0202443315923055
1.14004068987737,-0.163807093296529
1.11041076073996,-0.304724393142508
1.0638529498786,-0.440987375744001
1.00039457026487,-0.570241447035425
0.921431343448023,-0.690654695810042
0.828082666313077,-0.800288385838802
0.721635408071916,-0.897258998032336
0.604174510946763,-0.980560101682997
0.47696566347631,-1.04803745534926
0.342425274672647,-1.09932667884887
0.202611839023451,-1.13379029110729
0.059520710279903,-1.14992977806975
-0.0844645263087545,-1.14844009306213
-0.227133450577072,-1.12897219869942
-0.366219883351858,-1.09169041753695
-0.499688237460892,-1.03764597085331
-0.62514989412761,-0.96696962211524
-0.74116339426445,-0.881658656396126
-0.84513395329475,-0.782026592038321
-0.93622894877414,-0.670512196460802
-1.01261880940734,-0.548452127253694
-1.07296257690078,-0.417715981698839
-1.11687179887524,-0.28058430577543
-1.14318496202259,-0.139015287074165
-1.15143475974805,0.00474270033579731
-1.1422138196276,0.148450773052045
-1.11439969123749,0.289743402262256
-1.06974819056576,0.426644830350053
-1.00795771146089,0.556707752482846
-0.930682804584955,0.678212255912134
-0.838745470762412,0.789031485009745
-0.733664179282704,0.887478909765192
-0.617350862557675,0.972379089187029
-0.491015839829301,1.04148530204306
-0.357202690231982,1.09464065365135
-0.217871747329155,1.13101980319265
-0.0749959392725583,1.1490008570215
0.0689966395058368,1.14951174360647
0.21190522787866,1.13188974704953
0.35149488285219,1.09654197106666
0.485650635713174,1.04423458288121
0.612079326155049,0.97530656901121
0.729209927468463,0.891540399809214
0.834522005915427,0.793327879972176
0.927159273020022,0.683088716368948
1.00509169000907,0.562007993995569
1.06724415050761,0.432124691973982
1.11305620503717,0.295613637949884
1.14115670659145,0.154387454097753
1.15140920619351,0.0107601821474436
1.14403903346509,-0.133049337980929
1.11819461372255,-0.274712209132105
1.0754510607125,-0.412223605847772
1.01534644687825,-0.543078479207191
0.939768639666382,-0.665647297518775
0.849265151755793,-0.777641905769072
0.745565136245897,-0.877542808619357
0.630341844084245,-0.963907616242659
0.504982788077045,-1.03475890160083
0.371918393837951,-1.08976227087606
0.233066771048969,-1.12791424852055
0.0904576388443099,-1.14787258129843
-0.0535150082777818,-1.15037435183197
-0.196641565050074,-1.13461240856929
-0.336705710312814,-1.10119566473777
-0.471531630494072,-1.05064483526447
-0.59889893053557,-0.983469298717367
-0.717106762695332,-0.901236881408631
-0.823763984443852,-0.804490208177704
-0.917919189362981,-0.695541709076399
-0.997397945285122,-0.575468825589864
-1.06134145285696,-0.446459201561025
-1.10903801634469,-0.310591315558917
-1.13893716833231,-0.169732275415562
-1.15117824870836,-0.0262617735506131
-1.14567480394869,0.117627983894245
-1.12179237591734,0.25963252963546
-1.08095284699321,0.397723618465659
-1.02255823816765,0.529354903980618
-0.948681294907731,0.652958005986545
-0.859639876161497,0.766120851712068
-0.757332410923405,0.86744779649056
-0.64322902239691,0.955282069071902
-0.518863775316073,1.02785730807458
-0.386569346327946,1.08469056973697
-0.248219841140059,1.12461615206003
-0.105903105759463,1.1465421692007
0.0380225300264468,1.15102851440629
0.181344103643325,1.13713573065614
0.321855007518437,1.10565047785115
0.457331262391642,1.05687129048852
0.585610486363513,0.991455445872127
0.704881134348604,0.910776988741246
0.812859795677284,0.815509893907744
0.908511026405952,0.70786927870685
0.989533554967847,0.588829906391383
1.05525254406559,0.460716031227814
1.1048182321385,0.325514627376532
1.13652111149453,0.1850467988814
1.15074029648801,0.0417592915357831
1.14711425071456,-0.10218798328712
1.12518981393296,-0.244506338981177
1.08620879107953,-0.383132456544234
1.02958880358994,-0.515537648360201
0.957419413201148,-0.640147145267034
0.869864351826147,-0.754466665279939
0.768962955312284,-0.8571947178923
0.656006457504769,-0.946496727167022
0.532655915015466,-1.02077985229464
0.401156839761194,-1.07943644808098
0.263324496195007,-1.12110729183826
0.121329477514971,-1.14500878878806
-0.022522188035025,-1.15149266241549
-0.166014191063741,-1.13945060211883
-0.30694873060672,-1.10991742902299
-0.443046699958532,-1.06290069121636
-0.572220361025161,-0.999270387580326
-0.692523689402911,-0.920144618549326
-0.801812758145301,-0.826386314518249
-0.898953075849597,-0.720082823407697
-0.981491239081306,-0.60208390226809
-1.04898515878491,-0.474895774191294
-1.10034272152237,-0.340364227538391
-1.13389953834271,-0.200326896488554
-1.15010524085323,-0.0572504045503649
-1.14833932895182,0.086730157217019
-1.12838895611713,0.229336967629401
-1.09121558954349,0.368454176733363
-1.03643537327012,0.501628483050062
-0.965997587645316,0.627227460020323
-0.879931321990212,0.742676643276092
-0.780463400849828,0.846794930493851
-0.668662267994354,0.937538480216322
-0.546355482904537,1.01352487018035
-0.415680135290415,1.0740036846228
-0.278379628279829,1.11739683288497
-0.136734763338663,1.14327711829334
0.00701588078038719,1.15176631881143
0.150655441685961,1.14156217106947
0.291989080458719,1.11399638069437
0.42868320530853,1.06873782878668
0.558731214969608,1.00691416640346
0.680041667661551,0.929344095231086
0.790626710372707,0.837119969026495
0.889147559155712,0.732099114630101
0.973277978249896,0.615231962058603
1.04254254839387,0.488997705068025
1.09557357375704,0.355121607019712
1.13107844482514,0.215570874826774
1.14927365208869,0.0727329256069932
1.14935674125117,-0.0712580989368356
1.13139093557448,-0.214127162883953
1.09602257216239,-0.353710220133669
1.04309914043403,-0.487630858427185
0.974391968538483,-0.614186438763203
0.889842157975416,-0.730755466429137
0.791831498857695,-0.836249243608055
0.681198146245704,-0.928414688263933
0.559961716086323,-1.00609580290192
0.430137082364481,-1.06839192861699
0.293384485472187,-1.11349300860453
0.152117019187716,-1.14135003149568
0.00849340003612248,-1.15173701323694
-0.135270940898323,-1.14347418613009
-0.276977775901637,-1.11788525891667
-0.414245185771451,-1.07438643186099
-0.54514475040876,-1.01438518285835
-0.667441116850523,-0.938378946428066
-0.779304003331222,-0.84771000626303
-0.879148214946064,-0.74395324776476
-0.964898609538867,-0.628274357959495
-1.03592518554899,-0.503019899672409
-1.09061534048918,-0.369814713112383
-1.12806172688809,-0.230776986524929
-1.14824379487175,-0.0882044870628303
-1.15017170343231,0.0557748735094029
-1.13419506264976,0.198879260248216
-1.10063505450241,0.338905321915353
-1.04957976816459,0.473547363938089
-0.982516562045359,0.6009758440456
-0.899596948457444,0.718706459541243
-0.803063279031384,0.825556844040638
-0.693614873072757,0.919130722934786
-0.573472617132688,0.998493638798486
-0.444515957030716,1.06257837140469
-0.308338061365231,1.10940108927419
-0.167474017032272,1.13922745099832
-0.0239989862889014,1.15144032437394
0.11986325399383,1.14518799088017
0.261916078645799,1.12157934128149
0.399735933317692,1.07984819360232
0.531461540502262,1.02167949350288
0.654726367951032,0.947250986441659
0.767845116620002,0.858153532382838
0.86900102139729,0.755679048626035
0.95635514324308,0.641209800169262
1.02913025012163,0.516958666120058
1.08547395501906,0.38444308321138
1.12485045357892,0.245943098271072
1.14701119426845,0.103662296174884
1.15078715205262,-0.0402830996561958
1.136798340242,-0.183595265568325
1.10505646446266,-0.324043201429785
1.05587489096598,-0.459379669121531
0.990471139357257,-0.587663599710395
0.909193986711211,-0.706531382938288
0.814152742264956,-0.814715276467761
0.705911780209899,-0.909689550156114
0.586884552835501,-0.990716698559272
0.458746072244971,-1.05641024620803
0.323238690208154,-1.10512286542337
0.182802948960124,-1.13690610663338
0.0394981877106922,-1.1509500808771
-0.104434598691294,-1.14670218504918
-0.246803570274425,-1.12506463912257
-0.385157687639328,-1.08512238972966
-0.517681222142848,-1.02879071630624
-0.641899988800832,-0.955959899414007
-0.756248805468954,-0.868445428170043
-0.85870959761509,-0.767276821379617
-0.947646790959541,-0.654035123249717
-1.02215190695948,-0.530808331129178
-1.0801521020236,-0.399005485284903
-1.121442897787,-0.261066454474528
-1.14556895289743,-0.11910294757084
-1.15120364144306,0.0247851354526121
-1.13919566600432,0.168277070840258
-1.10928816910931,0.309126691333697
-1.06198023530665,0.445128765817741
-0.998257223933138,0.574253263633412
-0.918629793626395,0.6942306909601
-0.825058241665347,0.803688004846574
-0.718086632185957,0.900091956728109
-0.600192257946058,0.98276112571189
-0.472899559967034,1.05007292990224
-0.338083830632524,1.10065697714742
-0.19810026419563,1.13438011395478
-0.054989012165112,1.1502679854155
0.0889871028379867,1.14801304734562
0.231621194270622,1.12823083973256
0.370511971465568,1.0902061926934
0.503802990662199,1.03571061990883
0.628963189202505,0.964503436822897
0.744512734186896,0.878578768192501
0.848275361285333,0.778745139898465
0.938770684036868,0.666745457710897
1.01494595764424,0.544541966131193
1.07464866223034,0.413499351647945
1.11783754845722,0.276144109618566
1.14391828251355,0.134523659362597
1.1514177215169,-0.00928333538669625
1.14138654711128,-0.152927487193916
1.11332553634212,-0.294156919451612
1.06789399176799,-0.430796930196573
1.0058694172615,-0.560744264729524
0.927901334269328,-0.68180545593039
0.835767908020134,-0.792471018132766
0.730135275208054,-0.890336602497601
0.613392875464701,-0.974627617483802
0.486971857812156,-1.04356046523127
0.352870005925589,-1.09599992735432
0.213362982544037,-1.13164879949732
0.0704691209196994,-1.14938834934823
-0.073523270974692,-1.14911808079568
-0.216400999661963,-1.13120464217939
-0.355800262954621,-1.0950959177277
-0.489829892187586,-1.04243835166373
-0.615915845640226,-0.972876952984836
-0.732638822534115,-0.888551184656021
-0.837695539970893,-0.790078579500616
-0.929726012957356,-0.679336943789783
-1.00746231300007,-0.558125832271743
-1.06895917586495,-0.427920492466103
-1.11404138917294,-0.291175078877241
-1.14196315840892,-0.149909197504909
-1.15142433098043,-0.00621955183289003
-1.14338605406537,0.137551092003058
-1.11715711473295,0.279133675893587
-1.0736248290941,0.416390583330679
-1.01329283458484,0.547131270176955
-0.93701152045213,0.669261273596518
-0.84631785717451,0.781104705197092
-0.742054128950957,0.880423462799613
-0.626493546475505,0.966332078500612
-0.500953432497749,1.03685780988807
-0.367594622881004,1.09115232080901
-0.228591824978167,1.12872924899979
-0.0859351203046642,1.1482973763758
0.058046274437418,1.15002323473501
0.20114133883171,1.13396518280575
0.341025473578287,1.09979134671269
0.475752619809799,1.04894678140038
0.602758238278537,0.98107567211474
0.720640108368988,0.898374445862795
0.826964092201924,0.801267863947795
0.920521260545029,0.691812420158549
0.999792978003101,0.571604438655898
1.06308175294923,0.442265450816465
1.11005842760648,0.3061582388701
1.13976049376841,0.165260343622816
1.15122858437106,0.0217209003658278
1.14519396107515,-0.122149914984819
1.12078797594876,-0.264061240336219
1.07917271454676,-0.401912097434432
1.02053207082687,-0.533420266273657
0.945960608379988,-0.656601198405814
0.856712226409432,-0.769597355637189
0.753844014064069,-0.870357385618563
0.639492598661377,-0.957875398558917
0.514845466190988,-1.02997400069216
0.382256829270979,-1.08611879098293
0.243784761419007,-1.12562126713406
0.101384591089353,-1.1470015304288
-0.0425585146245654,-1.15072949359313
-0.185846630657292,-1.13651916944524
-0.326190627109963,-1.1042937061523
-0.46156055965092,-1.05520017899472
-0.589494242010927,-0.989100874735576
-0.708516996099118,-0.908045579790299
-0.816086506293016,-0.812314470843234
-0.911158062416231,-0.704170322954801
-0.991947087554843,-0.584979500418471
-1.05702210994132,-0.456533976616959
-1.10589023754002,-0.321091990481826
-1.13735731341029,-0.180579848165458
-1.15083390519094,-0.037218357147836
-1.14680790879004,0.106725819705956
-1.12422196185986,0.248943228018719
-1.08453583231256,0.387363175807546
-1.02759079276572,0.519616271857976
-0.954747334890023,0.643827128078222
-0.866954496359615,0.757955927850113
-0.76550457425402,0.860141496255913
-0.65238195409328,0.949249269045682
-0.52864856390096,1.02291566383507
-0.396855087728152,1.08090136615357
-0.258939046144087,1.12232198604983
-0.116815343668513,1.14550546306017
0.0270622961932778,1.15123578687504
0.170520616480873,1.13887203240889
0.311298149708992,1.1086025380168
0.447288480436415,1.06126593841955
0.576126686961374,0.996952418663485
0.696258138887015,0.917545826305129
0.805066701995879,0.823218735365731
0.901636121741416,0.71640753584864
0.983931503552816,0.598252061361518
1.05078310762012,0.470724914203163
1.10153504887437,0.335973728996222
1.13476018692272,0.195866215682725
1.15024100526632,0.0527096543561563
1.14817016996023,-0.091276540128947
1.1274606781374,-0.233782484119202
1.08970986510673,-0.372744792965863
1.03447078184807,-0.505722967805236
0.963368209077855,-0.630939544048188
0.877046596387632,-0.74618540308592
0.777033577591125,-0.849776697083538
0.665051336270902,-0.940303353486762
0.542362081050538,-1.01568616485945
0.41138667926177,-1.07549883614052
0.274013600323519,-1.1186754132531
0.132225189342137,-1.14381123849788
-0.0115600007089725,-1.1515385153243
-0.155166345136941,-1.1410271171348
-0.296349890699031,-1.1127151959959
-0.43294063248839,-1.06714754450741
-0.562657236233476,-1.00462822612364
-0.683801802767224,-0.926785336581547
-0.793906742210565,-0.833979324637132
-0.891953113918048,-0.728519036413456
-0.975750273000011,-0.611421944151923
-1.04436439276764,-0.484835754971039
-1.09698760693158,-0.350799475565435
-1.13197245077174,-0.211117808705209
-1.14944758127947,-0.0681923626751233
-1.14922575713938,0.0758037640393046
-1.13050312271845,0.218581208103263
-1.09468792737618,0.358057399615207
-1.04117152971578,0.491742710829169
-0.971817373502232,0.617937682555813
-0.886988462150087,0.73428867884935
-0.788426676031812,0.839261768071308
-0.677609100267851,0.931204558348438
-0.555983746706072,1.00828554278931
-0.42584745349198,1.06990691594666
-0.289034395572256,1.11481889134288
-0.14761172027344,1.14191828859295
-0.00394911262317077,1.15176093790073
0.139826882178222,1.14329895191372
