-0.660629922810872,-0.660629922810872
-0.737688323911484,-0.572849055645276
-0.803352099188565,-0.476269074241192
-0.856636636911615,-0.372341372866473
-0.896514211780736,-0.262558612233202
-0.922059083300572,-0.148588195920677
-0.933387225004721,-0.0323508013108556
-0.930356929710085,0.0844085136407844
-0.912385386291875,0.1998167087946
-0.880268059312507,0.312105976118384
-0.834683256948202,0.419646077119866
-0.775575137010263,0.520388285201023
-0.704561049991326,0.613109482578311
-0.622717903278752,0.69644485376627
-0.530785656835299,0.768494558870851
-0.430695382719288,0.828670135531908
-0.323945169938116,0.876040295470443
-0.212142431352428,0.909858690192343
-0.0969089644135911,0.928955644917563
0.0197829171549345,0.933722502317408
0.136189002653664,0.92417244737081
0.250422821467639,0.899832762234881
0.360737371727347,0.861475057896703
0.465554627127418,0.809940434071588
0.56286325614385,0.745338849669466
0.65145435087474,0.669235368709777
0.730074868121149,0.58285785900504
0.796960727977819,0.487103078284098
0.851398734489917,0.383778277734251
0.892682451536029,0.274535254959281
0.920182058968504,0.161021711233113
0.932965649242608,0.0449236540752102
0.931167293073985,-0.071854836338309
0.915078852082696,-0.187536095531419
0.884485999416889,-0.300254574195307
0.839994406636731,-0.408241967933027
0.782656898792579,-0.509997730196978
0.71279090299695,-0.603595514156255
0.631832717084319,-0.687773910384985
0.541152865485563,-0.761382763304454
0.441901107447943,-0.822952839283794
0.335684487102983,-0.871518379502777
0.224290825245234,-0.906590059780653
0.109412605771062,-0.927648361784827
-0.00720811673871555,-0.934086305776313
-0.123702398613222,-0.925706386315742
-0.238297429205326,-0.903152617074689
-0.349157173394238,-0.866390226945397
-0.454476786593649,-0.815902618472116
-0.552845430600507,-0.75293577043809
-0.642458902819378,-0.678029729007934
-0.721945736579628,-0.592459211623277
-0.790341381336638,-0.497790626618868
-0.846459543859145,-0.395349266825586
-0.88895436569226,-0.286550299273803
-0.917681527853652,-0.17335087425943
-0.932268332747196,-0.0574756261738585
-0.932266724163053,0.0593228671858234
-0.917371587439804,0.175167143010573
-0.888428564887732,0.288316797943525
-0.845575611848334,0.396968066063217
-0.789268220061926,0.499295035539359
-0.720893174285559,0.593982615579701
-0.641144741954555,0.67931596186402
-0.551254677173924,0.753885431554141
-0.452880012729064,0.816828370336444
-0.34749073714653,0.867183083039678
-0.236509982464919,0.90360155716509
-0.121876277620244,0.925943752283817
-0.00536408122587338,0.933993774312254
0.111257095960887,0.927540141717277
0.226085242891933,0.906170932914306
0.337439182640684,0.870945366447309
0.443541506241667,0.82212105589078
0.542560939530718,0.760179681922053
0.633264663925867,0.686603751650284
0.714063211041001,0.60226311544012
0.783470513077443,0.508327949755924
0.840803124215129,0.406583448205659
0.885127577655152,0.298525696229065
0.915493781623713,0.185739473609526
0.931310693766193,0.0700186513380658
0.932812787617083,-0.0467607675441257
0.919933944153091,-0.162850780900205
0.892156224376481,-0.276302386402416
0.85073919519695,-0.385504199134999
0.796123496220834,-0.488747261458087
0.728719619135296,-0.584133988536733
0.650173143854415,-0.670566759345368
0.561519340623659,-0.746612824537194
0.463833191113366,-0.810641577955096
0.359012834088824,-0.862132561678928
0.248635319548149,-0.900284628706875
0.134377390834236,-0.92453371647297
0.0179429096858266,-0.933816001646026
-0.0987364248790408,-0.928719854384437
-0.213928428521719,-0.909397709006888
-0.325663085546828,-0.875370377127521
-0.43236131955076,-0.827874400294583
-0.532450113061181,-0.76766596467597
-0.623902615482007,-0.695006561892347
-0.705762500437412,-0.611707339992933
-0.776797584854646,-0.518989804720137
-0.835315838334425,-0.417903620443862
-0.880830908947115,-0.310350080853422
-0.912729329754604,-0.198005396071516
-0.930535384143053,-0.0825713145829818
-0.933383512408099,0.0341939670552363
-0.921757529477945,0.150405000912338
-0.896008976640196,0.264331100259758
-0.85584903473758,0.37400903894958
-0.802448900685171,0.477878241610455
-0.736756851707816,0.574457477564786
-0.65911551936975,0.661718642593638
-0.571360409396069,0.738781493245075
-0.474788739324772,0.804472032980617
-0.370673049660597,0.857409443605974
-0.260722244994925,0.896799600870289
-0.146760731312596,0.922322172991195
-0.0305157949672372,0.933659192333225
0.0862275429922091,0.930052654227634
0.201604691304846,0.911923363574142
0.313910740532971,0.879842253209021
0.421188032963483,0.833653975190668
0.521905512649572,0.774523661943882
0.614658138673145,0.703534424004283
0.697486355049633,0.621180934585839
0.769491699049058,0.529231010721482
0.82965448283356,0.42912788604981
0.876826142305105,0.322275137992242
0.909984163188971,0.210281964433296
0.929076867825101,0.0950659786879534
0.933848722551478,-0.0216302121542025
0.923813155780859,-0.137994734960714
0.899251701304419,-0.252176441691691
0.86093043884617,-0.362508074768701
0.808866850322171,-0.467059286223632
0.744188995660422,-0.564307611650588
0.668099680204702,-0.652921066082918
0.581304390009487,-0.731076817451867
0.485467051008737,-0.797821901106186
0.382131844283308,-0.852237905963225
0.272850586220691,-0.893470807822864
0.159189890623472,-0.920381117563152
0.0430748703793311,-0.932924719824576
-0.0737030552576053,-0.931138740474605
-0.189342080825846,-0.914732043359536
-0.301961996865777,-0.883777488742164
-0.409961829812235,-0.839313567409152
-0.511489996346336,-0.781578609845526
-0.604944851877603,-0.711529123633866
-0.689137988527993,-0.630581639110277
-0.762443085389554,-0.53965099749972
-0.823660957977455,-0.440188522755983
-0.872169076717055,-0.333956792239146
-0.90719926590617,-0.222541600083304
-0.927898741535003,-0.107591040909146
-0.933894455371179,0.00905042308544313
-0.925535434312373,0.125541422815914
-0.902777536296395,0.240100575456133
-0.865554708094935,0.350808620993282
-0.81510249076786,0.456142937777123
-0.751848293424469,0.554328114010732
-0.676665403763498,0.643707260395227
-0.591102608138416,0.723201357268437
-0.496297019191812,0.791420408388078
-0.393561707000456,0.846982665039019
-0.284766625011376,0.889436886401976
-0.171560491588296,0.918144387839459
-0.0556481356032021,0.932515806788023
0.0611488048617865,0.931940897513156
0.176990322862042,0.917079396770328
0.290110948695659,0.887997757493823
0.398562537142317,0.844633648945382
0.500906010206219,0.788363182316795
0.595434584567759,0.719763708899731
0.680460107487713,0.639688945729705
0.755038185607458,0.549811271641615
0.817972079240914,0.451409361193997
0.86765954938159,0.345700315071709
0.903932522933559,0.23468964165703
0.926251013727917,0.12005507208999
0.934218461190639,0.00352531759193083
0.92709474065,-0.113059201649756
0.905758394790601,-0.227884568329234
0.870446223175054,-0.339218998091645
0.821079690013994,-0.445074199774126
0.759170601569474,-0.544107915468551
0.685439931578509,-0.634693188935514
0.600728736642482,-0.715103043271637
0.506795421666258,-0.784500090270866
0.405033211129722,-0.841829247777945
0.296768809726304,-0.885669625839975
0.1838915783786,-0.915654874476353
0.06817933455806,-0.931466598573124
-0.0486127105931255,-0.932968342245529
-0.16461929747244,-0.919361507513465
-0.278067142690037,-0.891615679890632
-0.387284160715992,-0.850207033230278
-0.490205487056398,-0.794977173730058
-0.585601864377469,-0.727599879783417
-0.672000175548323,-0.648999824320655
-0.74752280896245,-0.559899159520381
-0.811534509930245,-0.462217461483173
-0.862986734689621,-0.357370210513735
-0.900997418520878,-0.24692371454511
-0.924518953018185,-0.132515069433033
-0.93380263412515,-0.0160965833867128
-0.928731475333303,0.100591185226089
-0.908777098966029,0.215672410033637
-0.874693573789383,0.327380508414372
-0.827231340949847,0.434103860239674
-0.766399067328415,0.533812098090742
-0.693769966849849,0.625272928562346
-0.610480183453146,0.707159221581658
-0.517340543149719,0.77764019267473
-0.416198016230117,0.836030717668915
-0.308631406355538,0.881508034479657
-0.196264099101743,0.913389340460992
-0.080724063500796,0.930525505072375
0.0360352347512028,0.933235824890718
0.152253720627281,0.921637478151819
0.266051976928896,0.895342335370849
0.375677428525337,0.855057939571617
0.479574610963879,0.801695898351286
0.57575830459678,0.735432647932152
0.662997212152477,0.657783683984382
0.740078179112595,0.570033098404538
0.805334541706083,0.473163305603753
0.857964053730348,0.368904050724392
0.897326958126877,0.258952868983803
0.922824955596542,0.144974176575029
0.933602848881099,0.028674283076848
0.929775039790647,-0.0880548107371227
0.911684361734054,-0.203440569309274
0.879116161287125,-0.315604250936193
0.83275950191626,-0.422803686975774
0.773662750091602,-0.523548133682863
0.702164972317924,-0.615904514325726
0.619758591502648,-0.698664279159214
0.527813591969885,-0.770685318462314
0.427516045433755,-0.830539427364235
0.320459054504493,-0.877225232989185
0.208469692087615,-0.910340241738649
0.0932478518792994,-0.92942739135294
-0.0234682925115242,-0.933806154263351
-0.139799697089381,-0.92341090371173
-0.253988533067499,-0.898881648212678
-0.364177893848245,-0.860157783567963
-0.468610957706708,-0.807864113390112
-0.565883752654796,-0.74321599228558
-0.654153139099568,-0.666729459718832
-0.732144187649603,-0.579795556641279
-0.798883377698989,-0.483953030954686
-0.853199972280081,-0.380547115559794
-0.893809816830847,-0.271031498008047
-0.920564727553275,-0.157349504347005
-0.933096490931143,-0.0412354250090058
-0.931111438130862,0.0755458954013139
-0.914185713148101,0.191111624116432
-0.883262771507492,0.303736035032228
-0.838548316736797,0.411634679525562
-0.780457385221554,0.512960480119166
-0.710426254825719,0.60642868126896
-0.629227389914493,0.690381584255392
-0.538045227882517,0.763365820961465
-0.43857923081664,0.824566425209374
-0.33231461218779,0.87303484584352
-0.220754011619512,0.907628072678715
-0.105737359959646,0.927917213968231
0.0108965367452394,0.933924974907285
0.127393940528394,0.925501967062383
0.241828420425341,0.902104379572706
0.352542157175584,0.864918570360712
0.457801290152565,0.814299619277318
0.555712239703178,0.750618523905031
0.645108003801819,0.675460638175656
0.72447146910975,0.589765376186564
0.792201727027021,0.494612076044319
0.847725182733047,0.391871169959463
0.890151066637684,0.283058326258296
0.918599129766191,0.16977497962965
0.932398618860301,0.0537953518075823
0.931838708940006,-0.0629918982442695
0.916973998310908,-0.178844776340035
0.887213063517471,-0.29179282257514
0.843889736906268,-0.400252227550526
0.787503981333947,-0.502539617571096
0.718444339324514,-0.596735514171192
0.638387445487098,-0.681770303359143
0.548442981396053,-0.756284704618709
0.449655007292953,-0.818602126912844
0.343951065521794,-0.868255713237216
0.232928035354591,-0.90449147691765
0.118260414840472,-0.926722676865184
0.00168300371736841,-0.933965370371316
-0.11489079554262,-0.926866389771203
-0.229732378838179,-0.905554873015876
-0.34084911019919,-0.869556689394463
-0.446711447905608,-0.820227049436067
-0.545719425831195,-0.758260312118413
-0.635899154385545,-0.684030181478443
-0.716315974905918,-0.599337075465035
-0.785718295832966,-0.505389651503397
-0.842445501184638,-0.403289077569412
-0.886092436938296,-0.294965584615158
-0.916031401872238,-0.182084413514553
-0.931832776945601,-0.0663588703498634
-0.93265092390991,0.0504385613290748
-0.918991422934443,0.166427874714982
-0.891268423532396,0.279889112559475
-0.849204467985522,0.388850292979885
-0.794003966373655,0.491773635708267
-0.726640515975532,0.587193751929104
-0.647500481540161,0.673098252853257
-0.558405371626211,0.74860739951789
-0.460711231336623,0.81261490662613
-0.355698746158733,0.863754920027062
-0.245077294852343,0.901227059107619
-0.130681309356678,0.924734453719906
-0.0142560228191705,0.934012068175406
0.102407040757397,0.928419839099084
0.21744880692792,0.908271058259075
0.329171235053247,0.874218700301269
0.43564308496188,0.826205507135846
0.535303545039387,0.765311104897935
0.626787117074609,0.692697513040416
0.708204099154563,0.608952103028045
0.77859213634525,0.515757393512693
0.836958319094178,0.414598403039505
0.88236896132903,0.306983037895303
0.91352735836589,0.194412137810204
0.930589119575675,0.0788773561974634
0.933316141027276,-0.0378841272019858
0.92128650173473,-0.154059445181611
0.894719025674322,-0.267791484261287
0.854470298890761,-0.377433356854814
0.800618696695136,-0.481073478190691
0.734244791519628,-0.577172057445404
0.656613023113775,-0.664434814610963
0.568505163292793,-0.741107725616126
0.471499613214256,-0.806144473510374
0.3672323964245,-0.858749407710971
0.257254232776898,-0.898084793702139
0.143143446078459,-0.923018110843317
0.0268265477067071,-0.933535740569097
-0.0899029021752886,-0.929721391947375
-0.205233080736349,-0.911274747143219
-0.317301404097571,-0.878383827763712
-0.424517690363495,-0.83206168345778
-0.525010747896467,-0.772542885719248
-0.617237069515766,-0.700885687677321
-0.700011356268993,-0.618488378467488
-0.771710957556646,-0.52628792453205
-0.831211281434137,-0.425788413046301
-0.877853080777083,-0.318722894670734
-0.91091823201877,-0.206710040163849
-0.929620929505713,-0.091419555723332
-0.933594699097077,0.0253074379277266
-0.923220984313918,0.141637175385566
-0.898444093219515,0.255775979238388
-0.859311136850113,0.365822185268924
-0.807044570934836,0.470268187596846
-0.742067137910521,0.567320121564683
-0.665351723567206,0.655385674958058
-0.57842399359957,0.733384172255153
-0.482447298682263,0.799947046210949
-0.378752848776901,0.853697048383236
-0.269233423215348,0.894239446883224
-0.155546938553865,0.920972448275649
-0.039406385126111,0.93337913893978
0.0773645025752159,0.930741837102473
0.192926328877772,0.913846515559121
0.305531103078152,0.882825269500683
0.413206637728035,0.83756737284986
0.514548588629069,0.779513923563097
0.607887479446388,0.709302674284818
0.691489803161879,0.627742748536492
0.764472228428361,0.536566860244824
0.825678125060409,0.437084677402268
0.873581873994458,0.330556038278235
0.907890374738752,0.218919909180944
0.928166285679784,0.103907798911277
0.934168721638149,-0.012740407343877
0.924996368152204,-0.12918325664739
0.901643483006111,-0.243615797618014
0.864430390128962,-0.354330699789491
0.813211116549663,-0.45930335807061
0.749567114775469,-0.557230273850614
0.674299155395171,-0.646542305102152
0.58819058732787,-0.725455407655856
0.493048988061492,-0.79318426747718
0.390286948393764,-0.848691742722184
0.2813124317205,-0.890726282784819
0.167920390087082,-0.918703403128448
0.0519528259682828,-0.932511824992726
-0.0648468146349307,-0.931968165923654
-0.180599570191741,-0.916354398248303
-0.293546629273185,-0.886637522016722
-0.402024221137339,-0.843330014418296
-0.503968561502609,-0.786318443107755
-0.598181916103603,-0.717297027570041
-0.683200387379621,-0.637205271743184
-0.757149457835444,-0.546795259098782
-0.81944492597616,-0.448011892560648
-0.869081482043549,-0.342293807203271
-0.90513121466019,-0.231193643421709
-0.926684002251482,-0.116399423674662
-0.933932905543411,0.000162865734126719
-0.926858968984514,0.116746774819803
-0.904871210876089,0.23145741103991
-0.868865676589815,0.342560647166046
-0.819568770761651,0.448450145018735
-0.756982406899721,0.547068680262113
-0.682779639449002,0.637256881628516
-0.598094473276899,0.717700609090477
-0.503718424888776,0.786520379653383
-0.401575164606565,0.843139243251288
-0.293232160707136,0.886729700804122
-0.180323568704009,0.91662327587908
-0.0645122559098007,0.931791453471224
0.0522764549187698,0.93246560031583
0.168271396757591,0.918823193942629
0.281601873368647,0.890583762914407
0.390503453764992,0.848382180715852
0.49344705794742,0.793205685891143
0.588478033600894,0.725302274937639
0.674347836942014,0.646141658517778
0.749861708975963,0.557040928929916
0.813457639256778,0.45907585923998
0.864257010519229,0.353912334476871
0.901681410500934,0.243287776930665
0.925175327793648,0.128881400324277
0.933994619745783,0.0124169093713683
0.928091673680029,-0.104226712060981
0.907974581204464,-0.219274548162939
0.873508819029192,-0.330868830538562
0.825266440080412,-0.437233829613846
0.764400971046774,-0.536917029265214
0.691356035299755,-0.628053519338549
0.607493284049577,-0.709337862878568
0.514300581319385,-0.77973311770511
0.413016297337,-0.837907059340736
0.305148885153609,-0.882699282221483
0.192590241021544,-0.913833076063153
0.0770506216794774,-0.930880671476788
-0.0397221068616719,-0.933264734695307
-0.155854420934149,-0.920838238244155
-0.269593303725009,-0.894305089243288
-0.379102657372842,-0.853698632496557
-0.482601091290723,-0.799578756655155
-0.578721163720665,-0.73323139000092
-0.665669903305355,-0.655248583308446
-0.742132625865991,-0.566966259623307
-0.807157869640955,-0.469954212876426
-0.859719952772883,-0.365645800089676
-0.898390076253181,-0.255428766166667
-0.923167653397452,-0.141299842832058
-0.93369112455571,-0.0249850333246538
-0.929635279574615,0.0917422522152855
-0.910708831746814,0.206995666195531
-0.87785315367863,0.31907147935197
-0.831231452518702,0.426158412559453
-0.771404214081971,0.526467194815023
-0.699770438133799,0.618712950734576
-0.617106449429785,0.701224045501572
-0.524667621131777,0.772607938572407
-0.42416606425566,0.832092984579169
-0.317067897549858,0.878695125724671
-0.204923705499315,0.911353093261246
-0.0895670510844446,0.929620334267593
0.0271536544570339,0.933591632921927
0.143484656130669,0.923129637586361
0.257495957726303,0.897754541218903
0.367546637170556,0.858650773442137
0.471904426187367,0.80619948540773
0.568691408599786,0.740824604469961
0.656764373001197,0.664122006661313
0.734626129090489,0.577061226249149
0.800704265643925,0.480752480056643
0.854404150095744,0.37704703980292
0.894893721069939,0.267503363904574
0.921447867312814,0.153761836706308
0.933208568167598,0.0375557785220451
0.930593885349905,-0.0792043340995215
0.91372037941874,-0.194781772078495
0.882001371849716,-0.307195122720357
0.836781283807981,-0.414876873295737
0.7786491288749,-0.516182342185684
0.707948119003693,-0.609153690223802
0.626408312882573,-0.692765978690246
0.535220252643447,-0.765758070697176
0.435341504104449,-0.826316945417449
0.328782524345656,-0.874108053237555
0.21714183502659,-0.908390905319886
0.102108951726771,-0.928647965001701
-0.0145771452995438,-0.933864311139419
-0.131007973235682,-0.924717392286814
-0.245457777678327,-0.901398977111041
-0.355937542960396,-0.863495449752649
-0.460918972473678,-0.812318530739833
-0.558850787985317,-0.748661749411265
-0.64771030209192,-0.672855381881143
-0.726625022297577,-0.58676253204465
-0.794366351507289,-0.491614314764039
-0.84937697076721,-0.388578821074287
-0.891100988133068,-0.279497104844167
-0.919045789989808,-0.166106293763659
-0.932855584321417,-0.0501267921838423
-0.931626665713138,0.0666672909689493
-0.915958321666322,0.182402619475288
-0.886272892269571,0.295366836672522
-0.842296207689758,0.403570771081534
-0.785322676789241,0.505522685666912
-0.716323635484734,0.599767642623369
-0.635678088918476,0.684262392974255
-0.545284562741419,0.758210684672861
-0.446486230097908,0.820498030283334
-0.340600836132908,0.869798981636034
-0.229344949785529,0.905335291267837
-0.114563084031226,0.926874771981966
0.00200652398798302,0.934119846943124
0.118552939118836,0.92648173776483
0.233228306744934,0.904347799658434
0.344347559498833,0.868372787699429
0.449953236479724,0.818482366532385
0.548549649242322,0.755880759308174
0.638759167116086,0.681688882637091
0.718682731809113,0.596517807183928
0.78744594388546,0.502119762147617
0.844046245220847,0.399963226519013
0.887589122471291,0.291577507502282
0.916797673472593,0.178483563619573
0.931805373319542,0.0626637376879915
0.932496849181308,-0.0541258305978702
0.918480833548008,-0.170077989161018
0.88991975051846,-0.28332673858781
0.847753174871042,-0.392244166895714
0.792131964606408,-0.494944942273536
0.724078892115995,-0.589861798838195
0.644935547696602,-0.675754088726813
0.555528157909756,-0.750908222705615
0.457389575333312,-0.814222467317031
0.352212349010325,-0.864977361274876
0.241564514277802,-0.90237103910837
0.127054386275567,-0.925382821079145
0.0105706698508292,-0.933865193593373
-0.106071711581769,-0.927986112838027
-0.221071778779517,-0.907583538797289
-0.332544255002959,-0.872724864384191
-0.438927796338932,-0.824523632918895
-0.538389722239225,-0.763298638833622
-0.629346212420132,-0.690035152418887
-0.710645900636575,-0.606184655623395
-0.780771455993779,-0.512783227274826
-0.838502270868958,-0.411255677708003
-0.883262553040115,-0.303390249375143
-0.914375408974405,-0.190819495426234
-0.931086173486908,-0.0752226992792494
-0.933002435828378,0.0415562842740144
-0.920611474747078,0.157687731217051
-0.893855894759102,0.271378653826028
-0.852810053529557,0.380725877342554
-0.798730509509918,0.484244077304768
-0.732082045696008,0.580156354020206
-0.653836584158233,0.666864984172865
-0.565569154185118,0.743343302939672
-0.46845766841371,0.808243038667489
-0.363834599379635,0.860164513633261
-0.253625285692956,0.898794964451955
-0.139490707233954,0.923545244965191
-0.0231504693804852,0.933889660490392
0.0935559676202933,0.929248282775288
0.208807752396316,0.910354376343358
0.320844432823176,0.877346380322172
0.427721421120171,0.830238640203303
0.528046867311432,0.770445607419545
0.62012707693811,0.698593830831229
0.70231590556602,0.615611045764078
0.77369584098449,0.523175177100617
0.83318493760285,0.422656210040718
0.879199214415876,0.315295610533838
0.91157406253506,0.203083753931262
0.929831780887886,0.0877330914368906
0.933798997233632,-0.0290018643087036
0.922603973611058,-0.145266607259419
0.897259311801283,-0.259273989575816
0.858138329206291,-0.369329438792436
0.80509185681242,-0.473391255482339
0.739743766565427,-0.570188375896878
0.662955819553698,-0.658198587604646
0.575471334423292,-0.735584568331585
0.479167031737915,-0.801649581475569
0.375434353798567,-0.855317410308078
0.265780841777581,-0.895551143246341
0.151903967617973,-0.921504880049638
0.0357105400069152,-0.933260641760915
-0.0810596268456804,-0.93066601188068
-0.196528269790898,-0.913086025981011
-0.308932849259263,-0.881379229122194
-0.416639552336566,-0.836190494100063
-0.517584104906206,-0.777430180354066
-0.610564496979226,-0.706757888445659
-0.694204293488913,-0.625226498003618
-0.766577196031111,-0.533547282661729
-0.827102743963027,-0.433669348666203
-0.874862444255144,-0.327094573453187
-0.909055204708276,-0.215408684315289
-0.928590935113034,-0.100251435573765
-0.933786470540001,0.0164218177214735
-0.924659806671787,0.132861486042276
-0.900708517743522,0.24717652687518
-0.862762886985202,0.357631894374807
-0.811619426418096,0.462640229766264
-0.747347863762664,0.560167437734657
-0.671572109699687,0.649037190938882
-0.585481446709587,0.727970945071084
-0.489955749120544,0.795180704001138
-0.386842350757175,0.850015687055234
-0.277752315616453,0.891706483063893
-0.1643372801365,0.919616638299808
-0.0482798036357893,0.932761259998413
0.0685022702662291,0.931415653458563
0.184246396979016,0.915777223302923
0.297057899686387,0.88552918312729
0.405215215951422,0.841457245852717
0.507191952555351,0.784511496620719
0.601002633732795,0.714931718213485
0.685492381595219,0.634301501882915
0.759455536659403,0.543909182854095
0.821331083821849,0.444846773282395
0.870277732882129,0.338808628308849
0.905759408838623,0.227548060448777
0.927281720453393,0.112755541328237
0.934069205061207,-0.00384506388940859
0.926136885217404,-0.120368635811875
0.904024668312901,-0.235049723366489
0.867603537072533,-0.346020801789157
0.817526869292285,-0.45153363837643
0.754947805742281,-0.550150304918316
0.680311276305974,-0.639988829291268
0.595047261074566,-0.719800512644081
0.500640074885121,-0.788556387037605
0.398365998408156,-0.844969596065477
0.289737884036736,-0.887884337286466
0.176652426430189,-0.917048479042286
0.0608306245026962,-0.932046112777135
-0.055964965192402,-0.932449594568101
-0.171861863425406,-0.917986760727924
-0.285117724027716,-0.889463536262336
-0.393912562418709,-0.846980100213921
-0.496447640862969,-0.791055577565109
-0.591384193044813,-0.723027283125981
-0.67698155715907,-0.643565499639905
-0.751885572262467,-0.553956932275426
-0.81519329386189,-0.455817723495653
-0.865921876586012,-0.350608249090914
-0.902731909218352,-0.23975796203975
-0.925473551044826,-0.125205181067133
-0.933969398068272,-0.00872620785522114
-0.927920236186423,0.107915493363161
-0.906969355432654,0.222819584817825
-0.872151510775961,0.334300541351219
-0.823697829431983,0.440571328640163
-0.762118770964519,0.539814594027956
-0.688884429226069,0.630793635921659
-0.604818692913577,0.711877607302665
-0.511134515482558,0.781619591172048
-0.409601917884061,0.839322873283931
-0.301716029886182,0.884063442840682
-0.189023011787303,0.91476434398986
-0.0733695488056148,0.931040946004164
0.0434024657482173,0.932971255361146
0.159530972591804,0.920475067911895
0.273084511654497,0.89313008545225
0.382442009155336,0.852127319619408
0.485859304990066,0.797847418709238
0.581502705536092,0.730811919343918
0.668226107427442,0.65258674594934
0.744544092525757,0.564172114439899
0.808947500135226,0.466737032480339
0.860840975373492,0.362116223704591
0.899429982522102,0.251887440937635
0.923975990502561,0.137695549318686
0.933700416313311,0.0213030153051763
0.929081902765461,-0.0953943127547157
0.910191154516024,-0.21065896917897
0.876509504325428,-0.322500176631863
0.829438781778732,-0.429385475973327
0.769524872344134,-0.529645906818333
0.697227371098495,-0.621378909716518
0.6142633829104,-0.703578322909004
0.521800690857984,-0.774949165024735
0.420880159900249,-0.833750975037665
0.313511125057731,-0.879688232401565
0.201290693302097,-0.912014593279668
0.0859241296105756,-0.930264822330885
-0.0308331983778086,-0.93348217876106
-0.147084513529654,-0.92228340846575
-0.261107642491875,-0.896968306100557
-0.370917780803325,-0.857171593823613
-0.47498553067813,-0.804161923403376
-0.57181111912106,-0.738833245677824
-0.659334739822251,-0.661486079130761
-0.73671580406582,-0.574012647168934
-0.802786979581403,-0.477699909313269
-0.856042878414852,-0.373745586201853
-0.895850844293609,-0.263947687625792
-0.921790974666231,-0.150080208159592
-0.933541840295169,-0.0338767385275621
-0.93033336979786,0.0828768092506647
-0.912637216643669,0.198319435483131
-0.880966096324798,0.310741018429858
-0.835152756890131,0.418178416235998
-0.776391457888941,0.519110004446892
-0.705739878001081,0.612119248731131
-0.623676116449309,0.695232738725721
-0.532002124026202,0.767588113541452
-0.432109477480383,0.828100312131628
-0.325424438327137,0.8756460383387
-0.213551924663852,0.909203859876123
-0.098409563727888,0.928725697056176
0.0182685774664714,0.933938276741271
0.134665355030735,0.924284140772696
0.248935124896394,0.900143929231507
0.359409427959032,0.862236985649578
0.46413349077009,0.810523943401668
0.561621316539195,0.746210289867456
0.650520121246992,0.670454809636464
0.72897148552199,0.583925737430407
0.796058151589315,0.488328869618225
0.850878416705757,0.385207372587044
0.892531268722078,0.276081301839436
0.919767643310365,0.162496083299786
0.932759519545948,0.0464320195102717
0.931425431930741,-0.0703524988351108
0.915353985901229,-0.186036789125739
0.884850890971282,-0.298776480362971
0.8408143160274,-0.406952055434209
0.783379453368938,-0.508650251532374
0.713697895181255,-0.602376498176214
0.633078446098448,-0.686885039063874
0.542360228711824,-0.760450208467388
0.443150708418845,-0.822072337399118
0.337098125337296,-0.870972926644738
0.225807773998117,-0.906399056148514
0.110925839170949,-0.927464729987752
-0.0056885956378956,-0.933910421420977
-0.122211020323912,-0.925996907535801
-0.236839678706774,-0.903601033310863
-0.347686066134909,-0.866800113078101
-0.453211874943508,-0.816750206109729
-0.551594808706287,-0.753807754753314
-0.641259667281523,-0.678969708362525
-0.721080899828775,-0.59371224838745
-0.789603928468142,-0.499127257158453
-0.845532917237602,-0.396594997615229
-0.888387796996426,-0.287960609018697
-0.917527542563295,-0.174865805783416
-0.932297494951597,-0.059004105758385
-0.932145051027893,0.0577932270062889
-0.91770734743314,0.173687163207097
-0.889015035425313,0.286905425959173
-0.846053080663601,0.395514929288219
-0.790163276729412,0.498065913891103
-0.721889038657606,0.592828673444874
-0.642124339082644,0.678142442615423
-0.552520597412021,0.753047324208758
-0.454336203683389,0.816314236168491
-0.348818337291332,0.866401677871911
-0.237941070245033,0.903078594711481
-0.123386593208445,0.925798170816759
-0.0068882698043787,0.934173775077466
0.109719834895127,0.92748554208008
0.224622573897178,0.906572487037185
0.336075700453015,0.871642507531112
0.442111104088282,0.822668022102975
0.541369755920193,0.761121731825712
0.632201722935585,0.68769921469544
0.712925712395411,0.603290259292054
0.78266795261933,0.509614369726022
0.840359486262441,0.40805790432844
0.884563464996065,0.299944361769313
0.914951745590355,0.187179046948883
0.931226753155794,0.0715326386715471
0.933163052723635,-0.0452543744756907
0.919925515593753,-0.161305081984896
0.892615471212136,-0.274857225825888
0.851551842089962,-0.384200646935433
0.796719390732432,-0.487330289882073
0.729715886689108,-0.582988971678919
0.651383330941216,-0.669626666580599
0.56256838472322,-0.745478778266911
0.465133489740737,-0.809862041012077
0.360492747009863,-0.861737036049767
0.250144267832781,-0.900022425187971
0.135838512697944,-0.924012324556128
0.0194574200007483,-0.933730378043738
-0.0972507091532241,-0.929125522374707
-0.212392741778014,-0.909518193396456
-0.324231636014324,-0.875870526440886
-0.431140424869399,-0.828823686176367
-0.531037385307261,-0.768297296859209
-0.622775525629632,-0.696020363251829
-0.704980012651252,-0.613043542482745
-0.775744568684615,-0.520117332614692
-0.834516976424846,-0.419199189632987
-0.880398688156931,-0.311804977189
-0.912685537177962,-0.199553166189909
-0.930194788292298,-0.0840702378546155
-0.933355803905814,0.0326755697802585
-0.922180357440208,0.148934929565125
-0.896276816788377,0.262822195891993
-0.856399153440394,0.372594535710337
-0.80342184477447,0.476688218597681
-0.737485883998959,0.573095826231527
-0.660169559218153,0.660628539060182
-0.572696335285297,0.73802487845728
-0.476041113936468,0.803594792224756
-0.371983504258992,0.856615653820125
-0.262180956745893,0.896386897053255
-0.148298425822703,0.922315241099612
-0.0320344967640382,0.933481540873156
0.0847058284146173,0.93006995514364
0.200157330615707,0.912410680878531
0.312432566787469,0.880232983175941
0.419799901841417,0.834269290967822
0.52075980014,0.775542903485093
0.613367841732884,0.704371654417622
0.696421192434848,0.622262717005767
0.768793809055923,0.530594371592033
0.828980292814519,0.430495358315531
0.876058147951787,0.323611926225789
0.909590138612599,0.211746373685207
0.929097071700934,0.0965944726873427
0.933844293549904,-0.0201055439293053
0.923900742699362,-0.136473845486691
0.899797686341783,-0.250752998129679
0.861439183403598,-0.361069117024657
0.809539171338497,-0.465696118810809
0.745256309594958,-0.563210598459066
0.669059796804113,-0.65172906655837
0.582430567658774,-0.73005662764867
0.486828970648609,-0.79714156590971
0.383591281116362,-0.851767220483737
0.274233073273668,-0.892783595516711
0.160661195857881,-0.91998835473531
0.0445961310800407,-0.932984594017829
-0.0721882267076863,-0.931315986559368
-0.18781549904603,-0.91484562236716
-0.300564329331649,-0.88437924555388
-0.408587060416235,-0.839971694112357
-0.510142428571689,-0.78228967942633
-0.60389165389387,-0.712633793153039
-0.688075914879104,-0.631675581274772
-0.761407763853761,-0.540777378215259
-0.823022332523595,-0.441566130655442
-0.871883988345158,-0.335475646817549
-0.906807356933717,-0.224015118281113
-0.92751996678476,-0.109075288649645
-0.933961990230849,0.00753449321670671
-0.925912885358017,0.124055445833306
-0.902955647925686,0.238576097174274
-0.866185978553085,0.34942788324317
-0.81591614596519,0.454852233552004
-0.752602363046284,0.552998079819149
-0.677780239201926,0.642674054903126
-0.59234609222373,0.722314510606689
-0.497459589404704,0.790414969994724
-0.394916822771835,0.84630243276081
-0.286257112475998,0.889114411178851
-0.173076215213179,0.917958174815913
-0.0571511399606502,0.932191995339926
0.0596372400318254,0.932060141585829
0.175539251483568,0.917595093896973
0.288592856910553,0.888244407823444
0.397209799398047,0.845320673717494
0.499689469721417,0.789289560302408
0.594138081950629,0.720578757795987
0.6794651411299,0.640835070943132
0.754297943410823,0.551156297958683
0.816960479267227,0.452589114344428
0.867007485676302,0.347072695977949
0.903657126544211,0.236185112744222
0.92627366455158,0.121593729843501
0.933938530438483,0.00504474067155781
0.927271303098984,-0.111553159489274
0.906390037759979,-0.226474220375839
0.870764596551119,-0.337711539745293
0.821830585378339,-0.443756287108634
0.760199944990627,-0.542971879400944
0.686301704737615,-0.633420554042111
0.601907790974865,-0.714149337046354
0.50822463191779,-0.783908080593448
0.406316604066914,-0.840983556580594
0.298150504169731,-0.885017952268979
0.185379630961264,-0.915366169484222
0.0697172552122774,-0.931635812222527
-0.0470794057207059,-0.932797011662684
-0.163119993093353,-0.919589540449905
-0.276689263808914,-0.892306116649504
-0.385778966778139,-0.850572067767256
-0.488915895114292,-0.795774458674758
-0.584565268480756,-0.728740395847129
-0.670742981876266,-0.649899415041557
-0.746595851079641,-0.561098716402767
-0.810974626497298,-0.463647276626118
-0.86240449612468,-0.358779638218362
-0.900295471313609,-0.248307737702918
-0.924263138672572,-0.134009707267487
-0.933968657396827,-0.0176187779418084
-0.9287507901524,0.0990609831931496
-0.909043877870619,0.214177030532044
-0.875420906030709,0.326030294084953
-0.827743615026683,0.432653195564208
-0.767236735114962,0.532547852029203
-0.694967663597159,0.624305447554334
-0.611473779377161,0.705979879784111
-0.518551601614919,0.776723340144716
-0.417618271629472,0.835479524852563
-0.310145756885373,0.881223853209659
-0.197696823380935,0.912809958165833
-0.0822247914722037,0.930277890546409
0.0345242366651923,0.933450289936503
0.150739507938786,0.921820985482495
0.264567154239875,0.895670500482171
0.37435502764483,0.855823979636496
0.478181375218295,0.802333594296822
0.574519929975001,0.736310804469239
0.662075534849087,0.659009875320814
0.739043124349692,0.571158980651607
0.804428458184766,0.474390436670418
0.857411017822372,0.370316483761139
0.8971543339879,0.26048620924779
0.922462119775704,0.14645985740394
0.933427757123918,0.030186627431268
0.930031571895253,-0.0865547465381964
0.911990295786636,-0.201947538309768
0.879512064092264,-0.314134342007493
0.833584033138158,-0.421519456635757
0.774413492340702,-0.522216596186528
0.703102783566015,-0.614709811910633
0.621002848850763,-0.697778846188443
0.52904471018404,-0.76978489096262
0.428770897022499,-0.829659965016134
0.32188331524998,-0.876706613137176
0.209997275547871,-0.910207481507845
0.0947622612559096,-0.929252845944133
-0.0219462557789373,-0.933656307894726
-0.138314923864522,-0.923738387852405
-0.252530074238227,-0.899324783094549
-0.362722745724745,-0.860612634963098
-0.467367372509826,-0.808745441367104
-0.564627680417886,-0.744081589915557
-0.652978604814485,-0.667698315170347
-0.731320320476204,-0.581079109859392
-0.798170521486821,-0.485303093766498
-0.852300614335236,-0.381810919777158
-0.893265659968667,-0.272450231755975
-0.920430837543544,-0.158865619103152
-0.933158902574692,-0.0427636081973899
-0.930995551761608,0.0740124246072276
-0.914545942731292,0.189637792701523
-0.883867856914127,0.302332980831051
-0.839033437148106,0.410181422063093
-0.781377299681244,0.51174984403745
-0.711446172505296,0.605295375858402
-0.630223964667631,0.689221964545926
-0.539323601662553,0.762547896309933
-0.440045866246473,0.824080331974679
-0.333682625642558,0.872344654026049
-0.222185407565995,0.907090984221035
-0.10724938779984,0.92779682164982
0.00937686202996948,0.934182801230093
0.125849669405885,0.925433223765901
0.240368373329227,0.90251373453384
0.351205878393537,0.86567504023983
0.456366702229671,0.814847622590021
0.554528442848616,0.75156832295799
0.644097105466655,0.676607973330325
0.723319698204604,0.59078697099944
0.791417564201326,0.495909511319155
0.847286170216436,0.393341839860214
0.8897028541808,0.284515603304219
0.918084201692951,0.171224505269239
0.932314429787775,0.0553092211198003
0.932206305367122,-0.0614919345552208
0.916987939296876,-0.177297665001091
0.887681351355022,-0.29035065126625
0.84475621443613,-0.398978388810465
0.788116025315031,-0.501127302936434
0.719439714930669,-0.595591070927037
0.639645664116425,-0.680885884258106
0.549517201124133,-0.755176295755407
0.450953008174881,-0.817816636744983
0.345420935122045,-0.867844952951937
0.234440665643526,-0.904254195946617
0.119733049779654,-0.926247116971848
0.00319880673329502,-0.93393077935193
-0.113416988956422,-0.927346968478208
