-0.0454456772669044,-0.0454456772669044
-0.0498459191374863,-0.0438044941332676
-0.0541976609749214,-0.0421356938437208
-0.0582770691618149,-0.0403118198274453
-0.0622495013612524,-0.0384356871594406
-0.0659750798918045,-0.0364389644392466
-0.0695262159585086,-0.0343689304739769
-0.0728671417054312,-0.0322105534531751
-0.0759581627510081,-0.0299619731212915
-0.0788858009149036,-0.0276544196015392
-0.0814809748049067,-0.0252444727367157
-0.0839687545573038,-0.0228014503030146
-0.086035991389881,-0.0202490049896916
-0.0880319314166851,-0.0176792453377002
-0.0895716630275147,-0.0150108018481555
-0.0910077067659498,-0.0123241579492919
-0.0920521539463613,-0.00956877681550082
-0.0928905673470032,-0.00678520032959797
-0.0934321706650788,-0.00396100591784995
-0.0936603233224964,-0.00110548175682208
-0.0936881775498944,0.00177006245961255
-0.0932935264323718,0.00467263423097646
-0.0927942164212061,0.00758168737789427
-0.0917610933419176,0.0105054995009088
-0.0906645044675656,0.0134286935960791
-0.0890764792145023,0.0163471020998073
-0.0873682150545063,0.0192596953587584
-0.0852282503486939,0.0221514098155946
-0.0829132410979836,0.0250276923850261
-0.0802285145413927,0.0278713807605667
-0.0773068812059121,0.0306839709139857
-0.074064462021444,0.0334544522276662
-0.0706227390764046,0.0361892199788646
-0.0668158441612549,0.0388585519754449
-0.0628567339922712,0.0414924258571307
-0.0585088354305545,0.0440357325771686
-0.0540535366755694,0.0465475807301559
-0.04919332229806,0.0489408251369729
-0.0442679134409936,0.0513105226713563
-0.0389349883069223,0.0535330339124452
-0.0335501219336668,0.0557326111772189
-0.0277873107188809,0.057765311829493
-0.0219840868965893,0.0597762639852411
-0.0158317001053663,0.0615993101857572
-0.00964938435509008,0.0634026072661879
-0.00315157440981947,0.0649977202687121
0.00336691144139097,0.0665758471984569
0.010161986725588,0.0679267449923954
0.0169716222887819,0.0692623127559161
0.0240126536236802,0.0703542516563158
0.0310630862443643,0.0714328987048782
0.038296594522392,0.0722527072745523
0.0455353644790362,0.073061618394151
0.0529055798766978,0.073598293173318
0.0602779699897581,0.0741270736135174
0.0677254847144206,0.0743831474967312
0.075176791970834,0.0745916982955784
0.082646291989595,0.0745722810148666
0.0901064011694208,0.0744642916848481
0.0975462651746653,0.0741653549204634
0.104948481332827,0.0737365465924978
0.11230672256791,0.0731560405590514
0.119587366665486,0.0724107473068516
0.12681747765326,0.0715581406808996
0.133898335155605,0.0704766535860543
0.140926372822644,0.0693248281885046
0.147771038887207,0.0679531877365181
0.154507001538067,0.0664753782228761
0.16109232809277,0.0648504445993696
0.167472308383622,0.0630575610325103
0.173755320890562,0.061185955867911
0.17971017626173,0.0590856297637599
0.185539226654347,0.0569096238588251
0.19112278504262,0.0545859386951139
0.196435944572438,0.0521208783087732
0.201611704983576,0.0495839802264314
0.20635221353217,0.0468485966638152
0.210934508693557,0.044049957998593
0.215197551674013,0.0411243370629388
0.219129450469303,0.0380840350729952
0.22289042428872,0.034984538758297
0.226124013784036,0.0317268116873262
0.229170116580363,0.0284207277864281
0.231843258036666,0.0250186431862825
0.234137816151092,0.021534255042149
0.236226425713596,0.0180050939409745
0.23773259239537,0.014371283205192
0.2390431905478,0.0107085589412175
0.239906253291028,0.00698147894591392
0.240385186934483,0.00321262107132715
0.24060294751355,-0.000584641984649226
0.240251696782432,-0.00442398231081915
0.239727579680974,-0.00827349950367293
0.238605166455466,-0.0121465062650607
0.237232851762446,-0.016020682623482
0.235434522335866,-0.0198968528300129
0.233198264238765,-0.0237593820761082
0.230702455525468,-0.0276138266273092
0.227659716319651,-0.0314305360179831
0.224449558198108,-0.0352356944350933
0.220604587007559,-0.038971571648624
0.216663507503844,-0.0426957664681639
0.212064865168235,-0.0463203921626728
0.20734530355959,-0.0499211436667564
0.202070823279957,-0.0534123325371168
0.196633140538984,-0.0568629184027232
0.190699105932199,-0.0601900173000469
0.18456752325438,-0.0634565277404117
0.178008276250005,-0.0665918725282506
0.171223887169158,-0.069643308269523
0.164079088288712,-0.072560421528159
0.156691258536868,-0.0753682438422417
0.14900999314674,-0.0780441081960483
0.141060295841832,-0.080574276429808
0.132895247304188,-0.0829875590127577
0.124446615086214,-0.0852142008435107
0.115849734145216,-0.087343272697228
0.10696763627123,-0.0892418018015562
0.0979947460510611,-0.0910669428468618
0.0887488200834259,-0.0926144782286271
0.0794585849726238,-0.0941169628461468
0.0699258771163073,-0.0952961212939482
0.0603727424850234,-0.0964436202019725
0.0506392936925942,-0.097252872140766
0.0408896860668752,-0.0980129864908286
0.0310362647078126,-0.0984574124219225
0.0211716992740765,-0.0988216276464775
0.011268995145227,-0.0989113354066535
0.00137338463716091,-0.0988273660701565
-0.00851536780327316,-0.0985754868169241
-0.0183463579078992,-0.0980509109492505
-0.0281523948659844,-0.0974288911529718
-0.0378357880804399,-0.0964861290494095
-0.0474533959622012,-0.0954241685194794
-0.0569516825011624,-0.0941460060534743
-0.0662782122409176,-0.0926302613132949
-0.0755099923063164,-0.0909922518284578
-0.0844889653854145,-0.0890721074709299
-0.0933011661397108,-0.0869970606054265
-0.101943312207865,-0.0847640624886724
-0.110251448915304,-0.0822672875765336
-0.118387011789876,-0.0796478156233228
-0.126223455254699,-0.0768246719128023
-0.133725084634071,-0.0738029129433179
-0.141024277486334,-0.0706660783316706
-0.147879936792825,-0.0672986694029807
-0.15443068786496,-0.0637919413237335
-0.160734942143154,-0.0601725835412593
-0.166462245095958,-0.0563215261717758
-0.171923514025558,-0.052376124649795
-0.177014142491509,-0.0483000928604364
-0.181556153622386,-0.0440550663644322
-0.185808200502681,-0.0397281207206724
-0.189548118499612,-0.0352644103601964
-0.19280354084611,-0.0306899590710997
-0.195761596194529,-0.0260495997726979
-0.198026576875643,-0.0212759777988548
-0.199918989098754,-0.016443561529563
-0.201413028238276,-0.0115482787876213
-0.202193400042743,-0.00656432248745918
-0.202681508566292,-0.00155084556137168
-0.202546024030173,0.00351942571891308
-0.201904307490915,0.0086191581129806
-0.2009301446294,0.0137382378396268
-0.199145376312804,0.0188780805028796
-0.197050968795865,0.0240166325295372
-0.194360569089147,0.0291505279481863
-0.191160087820369,0.0342626472275972
-0.187575178079133,0.039358354684731
-0.183260867746976,0.0443962952992282
-0.178723071946524,0.0494139664235365
-0.173383008217313,0.0543376663451455
-0.16775437911173,0.0592158008161297
-0.161544320711142,0.064002125631477
-0.154903998852776,0.068701243094213
-0.147831306901235,0.0733127262238614
-0.140207596973428,0.0777852141439278
-0.132307391077626,0.0821879554918757
-0.123752339215984,0.0863894981287848
-0.115065928340913,0.0905506786766618
-0.105647561378708,0.094441526777999
-0.0960925457315924,0.0982720625107281
-0.0860005840891725,0.101865607416854
-0.0756580715197884,0.105327272118342
-0.0649484919499117,0.108595727113015
-0.0539000830988381,0.111650618918575
-0.0426336592207128,0.114568096436068
-0.0309684059199085,0.117181342235194
-0.019204590876695,0.119718370101697
-0.00702458767077891,0.121863629812686
0.005230784839788,0.12391874442991
0.0177594606197399,0.125646975988326
0.0304020784448648,0.127193442210839
0.0432029544981967,0.128487447983255
0.0561203262618084,0.129513229406448
0.0691087863732434,0.130375334194798
0.0822007541191683,0.130829729046713
0.0953080511895147,0.131138632850571
0.108441115721509,0.13114035743859
0.121551390528069,0.130865504221885
0.134648194974302,0.13042717370927
0.147644082567807,0.129575121558023
0.160567846390887,0.128538080046024
0.173392445304296,0.127254997954941
0.186019103448473,0.125618585981901
0.198523647753854,0.12379903690351
0.210819375613186,0.121689669109716
0.222853530738478,0.119284515308012
0.234700260874712,0.116684787290245
0.246234894316235,0.113788971198822
0.257430684374921,0.110617783073822
0.268384014540111,0.107262016791232
0.278932236908378,0.103620508559004
0.289070341508081,0.0997256012922361
0.29890406758088,0.0956531169961117
0.30826040573454,0.0913207742741789
0.317119549879727,0.0867490240230606
0.325623539882865,0.0820163175709791
0.333594838258685,0.0770563651871897
0.340981129942585,0.0718755185409144
0.347968829612218,0.066554081341535
0.354375205414128,0.0610390365158362
0.360120300384022,0.0553307064051948
0.365427094843956,0.0495039615676196
0.370113797154083,0.0435193450815771
0.374065284161315,0.0373737062596964
0.377565797995801,0.0311384545991066
0.380380092385032,0.0247762946614734
0.382448318624823,0.0183005797830819
0.384041260434338,0.011760144813402
0.384875529105647,0.00512817125422349
0.384962157182451,-0.00157069404070111
0.384608122431368,-0.00830422994233549
0.383337852321614,-0.0150910999395282
0.381461716665088,-0.0218942138113064
0.379115789418768,-0.0287099232757976
0.375709549486604,-0.0355207248530712
0.371835620597384,-0.0423146421436771
0.367299646190235,-0.0490838666805057
0.361952007957081,-0.0557948150374564
0.356255211654842,-0.0624799831457712
0.349453688231693,-0.0690454554083456
0.34229630294418,-0.0755587353941933
0.334394687507329,-0.0819628632910084
0.325814343252391,-0.0882395718363575
0.316834794678506,-0.0944413368194662
0.306903436752674,-0.100421677448231
0.29668884865372,-0.106326896747318
0.285657819248963,-0.112001795151888
0.274185275602775,-0.117527809507491
0.262203225982653,-0.122882012163145
0.249563249076467,-0.127973255137854
0.236657030547319,-0.13295532404631
0.222972352630868,-0.137569679975176
0.209025280734672,-0.142037537736588
0.194592329248296,-0.146234122240761
0.179717493468784,-0.150137567323466
0.164609675436953,-0.153886455469619
0.148928932106798,-0.15717861833414
0.133091295157488,-0.160321945547315
0.116871048061351,-0.163091553548739
0.100413668127942,-0.165569131338524
0.0837662063191425,-0.167812622398956
0.0668320886866471,-0.169590013867964
0.0498132163440649,-0.171205476674361
0.0325956013807401,-0.172362448825824
0.0152958345367502,-0.173207575482002
-0.00206281900876281,-0.173820760333873
-0.0194758894981703,-0.173908054481049
-0.0368755358282098,-0.173742208690083
-0.0542596039629813,-0.173282604215366
-0.071544928740651,-0.172341555065704
-0.0887397614276978,-0.171122859924442
-0.105829538373527,-0.169608011915115
-0.122668160176249,-0.167593168157243
-0.139330667579472,-0.165303693544517
-0.155812549972964,-0.162739989505405
-0.171898031755255,-0.159683562422345
-0.187701527006736,-0.156333799628207
-0.203221864403141,-0.152703615607313
-0.218296380213852,-0.148676476979252
-0.23291487808654,-0.144296721279899
-0.247163454240342,-0.139651568257372
-0.260960984850864,-0.134700327960621
-0.274089011341749,-0.129347565944754
-0.286753840800509,-0.123744084762573
-0.298944443116071,-0.117893179142489
-0.310379604044197,-0.111683611698961
-0.321182909960991,-0.105206537521265
-0.331436907092285,-0.0985098568375226
-0.341015807402163,-0.0915586423173315
-0.349706477994698,-0.084309891331797
-0.357781178294725,-0.0768741214614558
-0.365231218097962,-0.0692559533962224
-0.371657614386048,-0.0613713507673459
-0.377350117757639,-0.0533208366347371
-0.382380362557168,-0.0451287196624466
-0.386478340339068,-0.0367561711341124
-0.389628306897091,-0.0282295837634466
-0.392070054746753,-0.0196013806083819
-0.393698555803192,-0.0108656785349588
-0.394184691504511,-0.00201317477968883
-0.393980542526036,0.00689409831335756
-0.392993706269223,0.0158582024563461
-0.390770672398664,0.0248758766212221
-0.387829567210098,0.0339059811647253
-0.384144664939479,0.0429461480601635
-0.379192816420448,0.051964484129823
-0.373620637649841,0.0609568997163861
-0.367126072696115,0.0699040830869783
-0.359544227058152,0.0787624899968103
-0.35134555317765,0.0875595883374573
-0.342061421322621,0.096230599955288
-0.331955804129494,0.104775679574089
-0.32126260005458,0.113230683342238
-0.30928212859109,0.121436658179426
-0.296826985192105,0.129533842232759
-0.283442161582857,0.137410979425699
-0.269237522112863,0.145055505689008
-0.254546800663778,0.15255941450699
-0.23872716588435,0.15968408587606
-0.222424437124909,0.166618243286242
-0.205491496867666,0.173303869163534
-0.187702098462281,0.179594327124054
-0.169524916296658,0.185689732407063
-0.150595927604849,0.191379080581766
-0.131135289553275,0.196730631753705
-0.111329955117771,0.201862248526728
-0.0907551516616431,0.206414134572282
-0.0699025153360218,0.210714454255411
-0.0486467280669666,0.214649737157498
-0.0269302555568454,0.218073975277488
-0.0049846937092377,0.221209523781033
0.0173049409836752,0.223862747106728
0.03984845014569,0.226044161240376
0.062537545563034,0.227921985858393
0.0854420384029631,0.229219438633457
0.108433813283575,0.230108856722975
0.131489868964857,0.230618556422397
0.154580804172456,0.230582391255249
0.17763257443798,0.230054341840073
0.200625061908324,0.229147204231063
0.223514106323462,0.227773692231664
0.246195354281195,0.225826351653603
0.268684096415571,0.223472108160354
0.290957922735733,0.220713319316756
0.312874848524971,0.217398721161968
0.334412531118293,0.213601146277045
0.355605508923117,0.209409838406163
0.376413125328995,0.204810104478125
0.396601598124813,0.199639163707388
0.416267667068858,0.19404756844507
0.435420229964217,0.18807133937598
0.454034408087474,0.181715279758838
0.471795606290834,0.174821378865327
0.488884359513555,0.167549087718387
0.505306705964049,0.159924499629999
0.521038735390233,0.151954822168187
0.53573614126568,0.143517276315662
0.5495995918268,0.134741354856568
0.562667867883163,0.125662871856309
0.574920198113677,0.116290668639948
0.585969171702605,0.106527876172711
0.596056853642338,0.0964875715537555
0.605234715814692,0.0862029424514568
0.613513676855793,0.0756908768465762
0.620400115440072,0.0648686262362398
0.6262716776066,0.053851483663547
0.631171112154412,0.0426623665263467
0.635047820169712,0.0313069261711983
0.637386792940471,0.0197456100784899
0.638743870982321,0.00807958355239728
0.639113926290981,-0.00368213903260165
0.638131875348343,-0.0155484232297563
0.635843856446503,-0.0274794266307927
0.632530166198513,-0.0394424605346072
0.628163393701107,-0.0514279725869824
0.622180890194723,-0.0634011106885682
0.615270047069772,-0.075343936416522
0.60737465628518,-0.0872498169176038
0.597787845621107,-0.0990406733114657
0.587267686679014,-0.11073993643972
0.575851168888717,-0.122349503899519
0.562753565853443,-0.13373330154999
0.548875790904534,-0.144987658919365
0.533923018861657,-0.156058202267756
0.517562761648853,-0.166833082946368
0.500468474322394,-0.177435082429266
0.482199415017909,-0.18774101072153
0.462775226493295,-0.19770289061601
0.442635346284026,-0.207434813262708
0.421365122442848,-0.216773129594338
0.39912159178638,-0.22571746655772
0.376236342509623,-0.23438698851287
0.352294732971265,-0.242560599102237
0.327559613319064,-0.250301599991312
0.302261433096586,-0.257720596056269
0.276041770924736,-0.264554150340493
0.249194979241354,-0.270920030483389
0.221886142036454,-0.276926168661367
0.193823080785775,-0.282264463074459
0.165294442134787,-0.28710422242727
0.136409355526563,-0.29154140226342
0.106985382189068,-0.295262355830241
0.0772484773805198,-0.298445111583575
0.0472821790321524,-0.301202377647684
0.0170097304707734,-0.303235053828329
-0.0134323429199323,-0.30464608315117
-0.043970334615966,-0.305541109497738
-0.0745762187763839,-0.305916762298168
-0.105176259149793,-0.305450887628669
-0.135702529981987,-0.304464574559917
-0.166113970879176,-0.302909619473891
-0.196370297476422,-0.300792280741658
-0.226298955161914,-0.297865822462981
-0.255922442359513,-0.294370795238954
-0.285206005131367,-0.290319460700471
-0.314090471759931,-0.285690359166881
-0.342418466927904,-0.28037008011063
-0.370134166293486,-0.274400718575253
-0.397266126940522,-0.267877964087633
-0.423772632481617,-0.260809384714429
-0.449596975068622,-0.253192036860008
-0.474454882049878,-0.244880946721357
-0.498465060740386,-0.236026118222526
-0.52162067770459,-0.226663237491442
-0.543880839735609,-0.216803543068684
-0.565202669550199,-0.206457584627331
-0.585192557758696,-0.195488571845676
-0.604119697922749,-0.18407084818052
-0.621956140560768,-0.172223036984683
-0.638665407411138,-0.159960082514317
-0.654182447624915,-0.147288318738857
-0.668106208514845,-0.134126695385787
-0.680784624453316,-0.120621954163489
-0.692191190066759,-0.106792367192918
-0.702297131131726,-0.0926559253366268
-0.710888244758156,-0.0781963855343725
-0.717815295109931,-0.063429881810274
-0.723378255902331,-0.0484433756240182
-0.727561452100425,-0.0332564117195182
-0.730346755077299,-0.0178883753859992
-0.731095099839826,-0.00231093060019322
-0.730457674509399,0.0133720545395282
-0.728428715441425,0.0291429738281719
-0.724952030011682,0.0449853790872542
-0.719395695810159,0.0608751695482724
-0.712391202425129,0.0767598298571888
-0.704107802643829,0.0926252253784887
-0.694042662838386,0.108432201738155
-0.682210545218388,0.124129286576589
-0.669095070798991,0.139722219934282
-0.654565654671659,0.155184516048879
-0.637958345501106,0.170389083413837
-0.620165451416974,0.1854113057165
-0.601189003346473,0.200245603618804
-0.580109594011715,0.214673041354716
-0.557874449888455,0.228832653303283
-0.534528832679809,0.242727053066167
-0.509390548761821,0.256132156351368
-0.483008253400186,0.269141650247434
-0.455583777852862,0.281799816857889
-0.426765978364042,0.293945768630174
-0.396613519047378,0.305526792806047
-0.365544014725527,0.31668431961313
-0.333445130985518,0.327340738719204
-0.299996092138208,0.33723976042059
-0.265771320437894,0.346645800749883
-0.230787945969874,0.355552143399965
-0.194656166194997,0.363590528975991
-0.157852352514658,0.371031300796653
-0.120440599711275,0.377895596091613
-0.0823092969287449,0.383995096760101
-0.0435340730676055,0.389258446462886
-0.00435063566031139,0.393899915913485
0.0352125828679669,0.397914005386823
0.0752451487531859,0.400904099395817
0.115508337363071,0.403165194731454
0.155942016207522,0.404704253383306
0.196492201176459,0.405514685870776
0.237089338941589,0.40539637753599
0.277621002114956,0.40443033812117
0.318018591175773,0.402685466652188
0.358216026353051,0.4001638283611
0.398147177079609,0.396863931804308
0.437664256960759,0.39264319834329
0.476683903490056,0.38755572798969
0.515170939050401,0.38168189445326
0.553056370151912,0.375028199959366
0.590270790433053,0.367600416596421
0.626745622027048,0.359405672130998
0.662220102125201,0.350296650455788
0.696731983866163,0.340408482176597
0.730249144793692,0.329785715884097
0.762705408077786,0.31844187939406
0.794036531192455,0.306392076925704
0.82417400918357,0.293649660569409
0.852892255347272,0.280153787330125
0.880124644466589,0.265942435182908
0.905948284531704,0.251107942901502
0.930304479617896,0.235671158101478
0.953149004060212,0.219658762532398
0.974427757955848,0.203093507161726
0.993983582124057,0.185968710213226
1.01156476089152,0.168266352477946
1.02739995978025,0.150103364406572
1.04148076476258,0.131516542899531
1.05376660638658,0.112533346936288
1.06422333867295,0.0931831049024616
1.07259101122966,0.0734611351618775
1.07873894999208,0.053402322534836
1.08299028486496,0.0330986736532724
1.0853228148078,0.0125802182866361
1.08571959163875,-0.00812210683859115
1.08394815706155,-0.0289880376569179
1.0797237010096,-0.04997725156537
1.07359673104669,-0.0710190511775666
1.06555968342828,-0.0920860483539105
1.05560637391198,-0.113150312764772
1.04290772506832,-0.134138471063549
1.02824550437365,-0.155018521332894
1.01185809404738,-0.175778815788491
0.993426701932559,-0.196367427113222
0.972430717769666,-0.216662425590702
0.94973841488036,-0.236718664088809
0.92536449626467,-0.256519738503423
0.89855331570847,-0.275883360400517
0.869822750445525,-0.294834915340641
0.839470090178502,-0.313403514181241
0.807513182064771,-0.331567665074631
0.773120837704838,-0.349019298527626
0.737259198654355,-0.365976361013116
0.699928468057624,-0.382408879712701
0.661006969872829,-0.398227889078185
0.62016214433652,-0.413199979904482
0.578044446382684,-0.427542296121935
0.534693133796286,-0.441236244101537
0.489919803416104,-0.454113168857357
0.443704465931599,-0.466038195701149
0.396488905571758,-0.477223373826807
0.348318576328396,-0.487653206290823
0.29899448602756,-0.497053791410946
0.248744621231181,-0.505477921724332
0.197762783928671,-0.513023963995745
0.146122976397746,-0.519682078371964
0.093846745682215,-0.525342650320862
0.0409705710302762,-0.529791255292003
-0.0122493183977805,-0.533319976836686
-0.0657632517535044,-0.53583540930959
-0.119475257752001,-0.537340604479788
-0.173295100068855,-0.537825317603762
-0.227096566976905,-0.537018181454786
-0.280760594811115,-0.535178440825779
-0.334187623367244,-0.532271630324063
-0.387278186430284,-0.528300171808219
-0.439932530240817,-0.523263304002958
-0.492052401713146,-0.517164110138053
-0.543521596180842,-0.509982808703357
-0.594110771542848,-0.501577787952023
-0.643806059106216,-0.492108399732258
-0.69251432187626,-0.481594595735865
-0.740141197872337,-0.470052493883568
-0.786576500395856,-0.457485488336888
-0.831725001152683,-0.443912466562664
-0.875490349671517,-0.429351434540153
-0.917778378227067,-0.413822491561193
-0.958446821252882,-0.397320342494392
-0.997249843851349,-0.379798642158094
-1.03427476798876,-0.361388927861739
-1.06943738412493,-0.342119791129658
-1.10265239450418,-0.322020091032108
-1.13385046783382,-0.301125745682982
-1.16295406480108,-0.279469391172343
-1.18989131267862,-0.257086297095378
-1.21459183548715,-0.234012771372566
-1.2369095589984,-0.210266398361074
-1.25657984715118,-0.185848128100894
-1.27382455448681,-0.160877464199361
-1.28859355307615,-0.135397142130337
-1.30082044388985,-0.109447874047347
-1.31052547748195,-0.0830848840021312
-1.31765400356999,-0.0563493673730737
-1.32217291933881,-0.0292867902474513
-1.32352704420435,-0.00190230283093944
-1.32212134015654,0.0256969922317682
-1.31808957543258,0.053450413820641
-1.31140969289882,0.0813135366474654
-1.30207377582514,0.109240559593772
-1.28991904066575,0.137182303866477
-1.2744020487455,0.165057407432159
-1.25636267248502,0.192821004938402
-1.23580597726137,0.220435059279752
-1.21274351919841,0.247861537499691
-1.1862826554951,0.2749446546395
-1.15722661219252,0.301690365944173
-1.12575118421185,0.328075508549691
-1.0918853460673,0.354062081930324
-1.05514254102426,0.379495373984622
-1.01565305033902,0.404307470962133
-0.973946302723556,0.428556661938747
-0.930020326898695,0.452193317761194
-0.883869629008159,0.475159706251028
-0.834897923004095,0.497156756509674
-0.783947386855308,0.518384558914321
-0.731081558096119,0.538808834056999
-0.676356799798467,0.558391382777187
-0.619514116891633,0.576912181305957
-0.560711216342959,0.594317602434923
-0.500356635033662,0.610743411395876
-0.438530526387057,0.62616123641317
-0.375300639464427,0.640531471402628
-0.310384351093183,0.653456407172959
-0.244293891910423,0.665205726507202
-0.177173365321548,0.675799919925872
-0.1091240922513,0.685229134034286
-0.0401780548790891,0.69335485706083
0.0296054764335603,0.699979665099187
0.0999823099767506,0.705223295640038
0.170793504375783,0.709132397268249
0.241912870295936,0.711710595254023
0.313222442421078,0.712879613990771
0.384581941979756,0.712645524522855
0.455855163856792,0.710997632259823
0.526905334453271,0.707928270787396
0.597539710855915,0.703288142846781
0.667623044595459,0.697176471033512
0.737021888849023,0.689625231521827
0.805594991605031,0.6806381163998
0.873208629247865,0.670230569529148
0.939709784631194,0.658393860214288
1.00496072866353,0.645144727150253
1.06882236649701,0.630498185368604
1.13116035403272,0.614474499067946
1.19182914897583,0.597086464613899
1.25069890733472,0.578361673756021
1.30763810166436,0.558326587538155
1.36251831891273,0.537010556149265
1.41521243956321,0.514444806988726
1.46559866348764,0.490664690887302
1.51343821172446,0.465654592830448
1.5586791833505,0.439493350897158
1.60124478478449,0.412240959967905
1.64104042424631,0.383947928056814
1.67796435082322,0.354661810829127
1.71192081905786,0.324432854718466
1.74280364697421,0.2933094357273
1.7705589113069,0.261355122637364
1.79509819767429,0.228623588638207
1.8163477193182,0.195173067779347
1.83422579120223,0.161061340585094
1.84873485496785,0.126360621125529
1.85978761678281,0.0911270674924694
1.86721093865356,0.0554108751690619
1.87076646170697,0.0192683414507119
1.87066184263011,-0.0171974132787013
1.86698868851523,-0.0539073805734164
1.85971634820597,-0.0907962542040887
1.84883120493999,-0.127796909777241
1.83429281594509,-0.164840934301783
1.81633049016828,-0.201866578112307
1.79396101047889,-0.238765390425096
1.76797253319343,-0.275469116841567
1.73850683264626,-0.311918911370056
1.70558399178246,-0.348051788135686
1.66926146841403,-0.383809011597675
1.62910272879855,-0.419053443260326
1.58510113635908,-0.453673367578851
1.53785465508828,-0.487681702169696
1.48743173256621,-0.521021865643395
1.43383771309731,-0.553620779524112
1.37715676721544,-0.585420993248978
1.3166866618526,-0.616103566163899
1.25333548027896,-0.645823046572977
1.18720435351035,-0.674526964643558
1.11837091844508,-0.702153359944441
1.04693696282093,-0.728648151253614
0.972858536158251,-0.753878469208547
0.895970842902778,-0.777596381853301
0.81688412904402,-0.799987981432526
0.735731487563971,-0.821013470927108
0.652634171244561,-0.840626439125177
0.567718585955156,-0.858783189440291
0.480901848486654,-0.875217393465059
0.392467285967997,-0.889948547473939
0.302670152596644,-0.903029789384215
0.211676742543836,-0.914430900267909
0.119649342583159,-0.924117690751896
0.0267594798855194,-0.9320770713285
-0.0668510405972139,-0.938201020377033
-0.160984887468601,-0.942499010361503
-0.255460585177204,-0.944947819420412
-0.350094825326623,-0.945528318571823
-0.444689276902563,-0.944131648994848
-0.539040400984316,-0.940793291543282
-0.632958116227142,-0.935538819479226
-0.726251250619579,-0.928363600975359
-0.81873750865358,-0.91928490257014
-0.910216282171994,-0.908281548103062
-1.00049675471794,-0.895363457033148
-1.08938808191996,-0.880541274717907
-1.17670929358702,-0.863838756605799
-1.26226197134027,-0.845261550262174
-1.34586188529602,-0.824834754041462
-1.42732533712346,-0.80258460506889
-1.50647641754978,-0.778544706589378
-1.58313100332574,-0.752744107132871
-1.65711622004529,-0.725221805747204
-1.72826190767756,-0.696019323731025
-1.79640075895161,-0.665181108698259
-1.86137337822602,-0.632757200480519
-1.92302292211324,-0.598799787950976
-1.98119879106147,-0.56336484071132
-2.0357452174249,-0.526507750357153
-2.08653824911358,-0.488297313986884
-2.1334413776366,-0.448797879010486
-2.17632916309019,-0.408078502317742
-2.21506047600896,-0.366205458579054
-2.24955951944329,-0.323263634645993
-2.27971236901644,-0.279327655348647
-2.30542375499423,-0.234477711448453
-2.32657271568996,-0.188791028682678
-2.34314904181218,-0.142364564844673
-2.35505756554433,-0.0952802387397894
-2.36223721678976,-0.0476266526830665
-2.36460104098187,0.000508351227133606
-2.36223282093167,0.0490233573420764
-2.35503617969495,0.0978328197849238
-2.34298626542452,0.146843658304821
-2.32596932037409,0.195961769071378
-2.30351481750754,0.245076440940077
-2.27627677883293,0.294080658089256
-2.2442677862967,0.342883274522826
-2.20751162701179,0.391392948838977
-2.16603590387278,0.439517737027311
-2.11990149402673,0.487168536944034
-2.06914758845701,0.534253617562627
-2.01303630429493,0.580542126761706
-1.9523764783875,0.626027512773941
-1.88735919105849,0.670639490096106
-1.81801185168427,0.714277083510277
-1.74444279344435,0.75685354736355
-1.66675663299506,0.798281265329975
-1.5850670329992,0.838474497432761
-1.49927127444009,0.877262844065262
-1.40934071493176,0.914465498245952
-1.31584578749131,0.950148562224399
-1.21893578359558,0.984233848679469
-1.11876401514543,1.01664367634951
-1.0155029836258,1.04730953321765
-0.909319090922686,1.07615891429942
-0.80038793736436,1.10312351776232
-0.688742592769275,1.1280082432828
-0.574581357349574,1.15069980862043
-0.458279706396094,1.17127055808333
-0.340052222957171,1.18966671341641
-0.220114991217695,1.20583552136473
-0.0987105130504055,1.21976874255501
0.0239877468140367,1.23133255126729
0.147723212691893,1.24051481534263
0.272256202391815,1.24727804291574
0.397341600936503,1.25160996572432
0.522740181027858,1.25343245650009
0.648195690203798,1.25274805755965
0.773456274438463,1.24953800072881
0.89827270970123,1.24380233940603
1.02238368755561,1.2355038597687
1.14553697934484,1.22465521690321
1.26747781721018,1.21125771645463
1.38795930090448,1.19532846516649
1.50671849576097,1.17686288480132
1.62350829713188,1.1558856872875
1.73807935160294,1.1324186684615
1.85019279666038,1.10649597708737
1.95959697813647,1.07814159723085
2.06605396586562,1.04739509128795
2.16932768543667,1.01429855609903
2.26918588190262,0.978898754001721
2.36521129425131,0.941139856591929
2.45735357461256,0.901193350487263
2.54539711452049,0.859121018109912
2.62913994863536,0.81499273134503
2.70837421997687,0.768877193158238
2.78290576593167,0.720850682101748
2.85253979127612,0.670990925309187
2.91711762059977,0.619389734033985
2.97645441572541,0.566130972780452
3.03038945427932,0.511307983352625
3.07874719714811,0.45501213146463
3.12142612279194,0.397354743114254
3.15827287642454,0.33843487564908
3.18916665888104,0.278360674945984
3.21394902009025,0.217236122281402
3.23259523135557,0.155188389785791
3.24498874236755,0.0923296949951024
3.25105443087075,0.028779923959153
3.25065218565077,-0.0353439676065112
3.24386677523974,-0.0999060015566865
3.23061219803983,-0.164784948684239
3.21086322930637,-0.229853530441813
3.18451533525036,-0.294981690923534
3.15183103622503,-0.360042388266858
3.11271107154787,-0.42490994050538
3.06717997093582,-0.489456754449767
3.01527510435793,-0.553555047045229
2.95662586413746,-0.617027607276223
2.89143833902509,-0.679735192999864
2.82008221664603,-0.741576889743613
2.74264917023232,-0.802425730086851
2.65927096298318,-0.862161642498438
2.57000319497347,-0.920647481672997
2.47499097692238,-0.977761154140786
2.37437547757101,-1.03337958703455
2.2683144524607,-1.08738335652157
2.15695217208315,-1.13964631768003
2.04047708245069,-1.19005462734911
1.91907750582523,-1.23849388539808
1.7928721136223,-1.28481331042271
1.66186562695176,-1.32877965113445
1.52661150718298,-1.37043427435072
1.38734316799715,-1.40967707104413
1.24430348946239,-1.44641209648939
1.09778161385868,-1.48057823272066
0.947963165968863,-1.51203024026472
0.795143129561283,-1.54069892182947
0.639602732626593,-1.56650481748857
0.481659571417022,-1.58941565063708
0.321539025793805,-1.60926693032458
0.159585351751368,-1.62604078826896
-0.00389059999426151,-1.63967878480693
-0.168564246780927,-1.65016042678432
-0.334133086852386,-1.65738535547259
-0.500261695188647,-1.66134265839131
-0.666622958123056,-1.66199825544434
-0.832890399981272,-1.65935400353949
-0.998732938378224,-1.65335780251272
-1.16381869448163,-1.6440061873668
-1.32779141024788,-1.63123532317573
-1.49022883143708,-1.61490273027069
-1.65086955914315,-1.59521950503051
-1.80938383220431,-1.5721980585733
-1.96544901311454,-1.54586350103094
-2.11873153344171,-1.5162314904236
-2.26891692522555,-1.48334394088455
-2.41568721455536,-1.44723936683596
-2.55873565996015,-1.40796826052038
-2.69774853998404,-1.36557777248216
-2.83201228866762,-1.3198609933288
-2.96156440802945,-1.27114148886328
-3.08614303438454,-1.21950997816702
-3.2054653299527,-1.16504400141616
-3.31925734427889,-1.10782750979132
-3.427244148144,-1.04794627114939
-3.52917755893872,-0.985500236973374
-3.62480417924843,-0.920588506986759
-3.71376627909259,-0.853278541148538
-3.79546455764514,-0.783578028989265
-3.8701298301332,-0.711765465168324
-3.93756006953808,-0.637965523099461
-3.99754189800056,-0.56230229494814
-4.04994141027136,-0.484920207039329
-4.09455502720934,-0.405949185796084
-4.13123238936122,-0.32553301971293
-4.15976891266489,-0.243809774185631
-4.18012007072942,-0.160944483321328
-4.19214506819939,-0.0770879642588845
-4.19575299677854,0.00760025736618028
-4.19073111817087,0.0929663790270198
-4.17716185890454,0.178830889425846
-4.15498031553729,0.265027089163504
-4.12416189666013,0.351384425219636
-4.08446890191869,0.437726726004581
-4.03619011765853,0.52387604434728
-3.97932650065949,0.609659031991232
-3.91392359832312,0.694901667944282
-3.84007642780146,0.779433049162525
-3.7578100378813,0.863073898717128
-3.66723616708257,0.945650548134628
-3.56846977935213,1.02698923358897
-3.46167112244551,1.10692306781785
-3.34693033198197,1.18526948867219
-3.22443861064401,1.26186243825407
-3.09437960296861,1.3365341193495
-2.95696218196612,1.40912215230551
-2.81238137072698,1.47945730308894
-2.66088172341889,1.54738316761187
-2.50271194676851,1.61274391733678
-2.33813442219274,1.67538700281399
-2.16743335856164,1.73516712673343
-1.99089934380413,1.79193958046797
-1.80884001053376,1.84556610476795
-1.62158891284433,1.89592299561566
-1.42943149994905,1.94284714662477
-1.23275270879301,1.98624014771389
-1.0319118255106,2.02598628816028
-0.827303695248095,2.06200577961296
-0.619224099940096,2.09409591014435
-0.408141425716107,2.12224224141073
-0.194452549319893,2.14635723529245
0.0214214781960049,2.16639968192315
0.239097587565103,2.1822413741278
0.458140334699254,2.19385884549701
0.678131070539774,2.20119573818951
0.898644171003762,2.20425071221032
1.11923363374318,2.2025753236015
1.33941987343109,2.19642980357974
1.55877712185833,2.18589209246835
1.77687128898391,2.17092996059936
1.99328032628692,2.15156257131477
2.20757771386402,2.12779251143835
2.41929350089601,2.09956704296355
2.62768025254587,2.06651121747994
2.8326044967288,2.0291309352731
3.0336579080121,1.98747000445893
3.23042522216118,1.94156878175919
3.42250844113008,1.89148817356057
3.60917110066657,1.83704145059561
3.78990207147985,1.7782729026262
3.9646879923439,1.71555689494276
4.13315432487132,1.6489812394154
4.29493062293879,1.57863890381205
4.44966238662724,1.5046346140518
4.59602143044037,1.42664320684722
4.73452522837886,1.34522370771765
4.86490490883305,1.26052799290824
4.98683313462187,1.17268382777149
5.10001330615504,1.08183315573549
5.20395774046799,0.988065074554713
5.29758930573494,0.891333239592633
5.38158396671032,0.792090279921611
5.45567112441542,0.690498756086949
5.51967285723024,0.586744642158377
5.57333823294715,0.481000193691375
5.61648211531383,0.373454003829143
5.64881863560015,0.264283440973494
5.66933394963729,0.153598912821264
5.67878732816839,0.0417375877177439
5.6770357720808,-0.0710915988512733
5.66413451371672,-0.184665256629115
5.63987559681689,-0.298775322645957
5.60421684920519,-0.413198882362599
5.55697294313217,-0.527708342062999
5.4984243393531,-0.642075274537256
5.42844435068994,-0.756069976077651
5.34708186925869,-0.869460216279225
5.2544516275404,-0.982017412728426
5.15057298108072,-1.09350223689425
5.035601361373,-1.20368439773787
4.90967865184353,-1.3123320755388
4.77300852452389,-1.41922210487858
4.62572053838964,-1.5241159127647
4.46805022772486,-1.62679080166814
4.30023038019538,-1.72702304627883
4.12253513722002,-1.8245978119191
3.93521759243794,-1.91929172377147
3.73858308553601,-2.0108935311614
3.5329505333359,-2.0991948955201
3.31865744573438,-2.18399161420466
3.09606572434364,-2.26508596065593
2.865554296713,-2.34228524877962
2.6274395214225,-2.41535452402277
2.38207306360774,-2.48405618814299
2.1300667570897,-2.54831453348906
1.87187268877792,-2.60796535639418
1.60798181524983,-2.66287566370657
1.33877167125996,-2.71279276874304
1.06486500850564,-2.75769526405041
0.786762005314407,-2.79745565119847
0.505007831557223,-2.83201265072042
0.220081693237773,-2.86120143195368
-0.0674616558444967,-2.88497170928506
-0.357191899864196,-2.90287416632326
-0.648468629723292,-2.91486325630908
-0.940628965263645,-2.921229445408
-1.23313196402582,-2.92191781351847
-1.52543676712332,-2.91692018238355
-1.81692631358923,-2.9058698059773
-2.1069057640732,-2.88852108702004
-2.39491811192763,-2.86542415283686
-2.68041565882458,-2.83656836636137
-2.96286541943702,-2.80198330209168
-3.24113376094942,-2.76086837315223
-3.51508358358852,-2.71400351139277
-3.78424967892003,-2.66152807129909
-4.04810904501369,-2.60349465252161
-4.30532606925194,-2.53926771932294
-4.55586338946995,-2.46945318154157
-4.79943314710937,-2.39433312015302
-5.03554598160029,-2.31400400192522
-5.26260632480156,-2.2279119774099
-5.48084266793132,-2.13668793176434
-5.69007161273131,-2.04063333580088
-5.88985050957503,-1.93988655091947
-6.07842129901715,-1.83402970997384
-6.25618483539384,-1.72365140795656
-6.42312110878699,-1.60909096261218
-6.57882156958896,-1.49051566958259
-6.721770482434,-1.36776276043412
-6.85192498665501,-1.24118490570799
-6.96986413342779,-1.11126892332017
-7.07528979231696,-0.978218660775837
