-0.69662239305078,-0.69662239305078
-0.77787290407124,-0.604054018410809
-0.847133117088515,-0.502224151230837
-0.903369621512441,-0.392654591222286
-0.945268115207805,-0.276837840684536
-0.972263255306069,-0.156677249006741
-0.984316900619866,-0.034115068065316
-0.981035762423937,0.0890033525619987
-0.96203095491728,0.21069105309446
-0.928353733255238,0.329156062844887
-0.879991466765606,0.442421988069636
-0.817805420564874,0.548727079382932
-0.74313573383941,0.646676052462617
-0.656472411579993,0.734191642166593
-0.55967553851805,0.810329568482346
-0.454267519160548,0.874026884028828
-0.341623579426171,0.923832469791626
-0.223620373305685,0.959080986606255
-0.102182874131667,0.979554555163247
0.0208665614513055,0.984930860041029
0.143576498703913,0.974326051775922
0.26406964022523,0.948852054665239
0.380460697759587,0.908584429404581
0.490781149888945,0.853829948658839
0.593618324283624,0.786057795446975
0.687008017031357,0.705765078287668
0.769628063605473,0.614435651946314
0.840452107951273,0.513679417767154
0.897987283398896,0.404780646519083
0.94130762230734,0.289494062592987
0.970089524567886,0.16975509131227
0.983928663308578,0.0473734872527026
0.981976960414456,-0.0757731684782307
0.964801527525949,-0.197725478226715
0.932876906292392,-0.316683956952684
0.885780006920038,-0.43049192314544
0.825191573791354,-0.537714869118677
0.751710209586222,-0.636553152083424
0.666250679081017,-0.725237408372224
0.570601599523448,-0.802816114275274
0.4660133663135,-0.867859268256061
0.353981445688167,-0.919021096602761
0.236512539808189,-0.955992453116913
0.115378726428708,-0.978228206965034
-0.00760006688246031,-0.984909699355025
-0.130445226666326,-0.976156137393835
-0.251311752599512,-0.952481468474832
-0.368140544416536,-0.913494180666613
-0.47926475689393,-0.860399987958462
-0.58302741880815,-0.794046956375308
-0.677375447247803,-0.714877571245454
-0.761356194747584,-0.624798143104799
-0.833540399402611,-0.525003500106642
-0.892313177140514,-0.416767566785922
-0.9373115969146,-0.302133876245687
-0.967850250994869,-0.182825480136589
-0.983117153968066,-0.0606153035980742
-0.982839250062883,0.0625425686521639
-0.967515392808696,0.184744813291902
-0.936840984869195,0.304023012553475
-0.891490878289976,0.418527035741832
-0.832539035493386,0.52666936208608
-0.760083585801025,0.626268305982531
-0.675993874798742,0.716246138184686
-0.581486329151724,0.795230129273171
-0.477557213879556,0.861326956139806
-0.366302170012133,0.914128197790487
-0.249385060689155,0.952812633731628
-0.128550040717675,0.976641160350052
-0.00565983530250592,0.984824009819168
0.117300995018424,0.977897637677242
0.238451996565188,0.955740665900988
0.355789859965919,0.918316635189396
0.467701813253843,0.866894427580063
0.572173579170093,0.801673226177622
0.667697098795088,0.723938378398712
0.753014504858856,0.635111427176129
0.826229980403671,0.536072409756299
0.88657251050218,0.428717676870856
0.933243641401102,0.314753672577237
0.965446651244936,0.195872933705273
0.982088735375816,0.073836915754525
0.98362656486862,-0.0493078290520648
0.970053196802171,-0.171723142803763
0.940759177646217,-0.291354980184667
0.89712744387367,-0.406524812400132
0.83942701162984,-0.515330576639249
0.768424368968409,-0.615962546404409
0.685675177561847,-0.707181904595017
0.59201733518451,-0.787161514615975
0.489078599969147,-0.854767222968537
0.378618054285405,-0.909216661858962
0.262255481047595,-0.949589844165787
0.14166171819068,-0.974636713016476
0.0189160937013818,-0.984652850429691
-0.104144699060317,-0.97959640950443
-0.225523616586398,-0.958700608934206
-0.343414767811334,-0.923074537116854
-0.456010555693094,-0.873164994186909
-0.561280751722294,-0.809232861258025
-0.657971648073061,-0.732952330353366
-0.744314661413655,-0.645127563187133
-0.818859215030757,-0.547093336209538
-0.880821066398075,-0.440663887396705
-0.929178691951813,-0.327383535002119
-0.962519200752015,-0.208811736185791
-0.980958079102044,-0.0870462301895768
-0.984356225244921,0.0360656554303374
-0.972070857180431,0.158611258018397
-0.944597174286538,0.278664897475821
-0.902709137018775,0.394489729708432
-0.846176802703518,0.503915718754517
-0.776699233630873,0.60560301777948
-0.695174237181439,0.697920577374709
-0.602488482408376,0.779026485379534
-0.500581571101783,0.848174758952784
-0.390911782801329,0.904232862456444
-0.274961691620373,0.945774699339491
-0.154757399945563,0.972567376932009
-0.0321743687628625,0.984419792695351
0.0909319671326301,0.980792420464004
0.212588584040812,0.961610367018413
0.331002866927158,0.927748452161451
0.444139698055813,0.879081783689337
0.550347025865535,0.816731678218324
0.648180497085799,0.741905209922935
0.735461651199744,0.655001095310102
0.811460324996092,0.558094692418616
0.874969259572239,0.452567627118655
0.924464100354451,0.339785697965199
0.959512201390489,0.22172489147141
0.979791111853607,0.100253778922247
0.984798156014068,-0.0228063890186233
0.974025571328216,-0.145496820996868
0.948369634333594,-0.265952419540529
0.907777476129541,-0.382229246530691
0.852861729286395,-0.49246640759957
0.784935240094495,-0.595205207620945
0.70437539676273,-0.688367114229808
0.61293253235486,-0.770860414792699
0.512052614490944,-0.841516049726992
0.402977055719472,-0.898713262828958
0.287627558105449,-0.941852316697518
0.167847185741814,-0.970462078528523
0.0454377814252187,-0.984098377324061
-0.0777075248041755,-0.981782388318397
-0.199636210420893,-0.96444364128007
-0.318487665753244,-0.932148903586204
-0.432230740812938,-0.884910909458979
-0.539379018338591,-0.824186051359579
-0.637980891419076,-0.750389984923509
-0.72656073675416,-0.664826628284148
-0.804001836881267,-0.569060498141516
-0.868675293950147,-0.464247281186213
-0.919681518070107,-0.352152827480601
-0.956479633504419,-0.234631086199106
-0.978538413836972,-0.113459307396774
-0.984849963247665,0.00954286609661852
-0.975903253478942,0.132372329504499
-0.952057294626802,0.253208869665908
-0.912738077766235,0.369931065883449
-0.85948150502015,0.48097781966274
-0.792836445993836,0.584548430340377
-0.71353706037591,0.678782882112456
-0.623321233214486,0.762619899546268
-0.523310700137211,0.834496773878196
-0.414993046576771,0.893106500265519
-0.300290412824845,0.937927071971626
-0.180931460410267,0.968289915747203
-0.0586726228472694,0.983182049148966
0.0644817536291019,0.982706903580025
0.18666518742414,0.967213624452863
0.305857196820333,0.936197841114506
0.42029471664278,0.890682437501612
0.528297230112201,0.83147965720759
0.627756464156755,0.758833238749458
0.717603615690273,0.674602658898361
0.796296519073979,0.579860507525736
0.862239349879956,0.475840832423483
0.914876238073183,0.36450793866736
0.953404554926304,0.247531723826866
0.976798966826927,0.126611666210729
0.984804643526399,0.00371572692185621
0.977737749093958,-0.11923900472043
0.95518505434998,-0.240315510779827
0.917619442388938,-0.357604668235574
0.866059783273409,-0.469458452538642
0.800501111919512,-0.573724829224695
0.722642731738351,-0.669146593445666
0.633646337303553,-0.754288256673151
0.53441032464891,-0.827239108518794
0.426971354753555,-0.887426906037982
0.312932076383618,-0.933923342823032
0.193954688310219,-0.965760675972418
0.0718958571239137,-0.982193657628633
-0.0512505134276287,-0.983562003481921
-0.173622986674318,-0.969642662054254
-0.293207516064163,-0.940170645344244
-0.408313926019714,-0.896367984479299
-0.516959032683202,-0.838365643701703
-0.617481042696207,-0.767211075239806
-0.708587972854308,-0.68433293049885
-0.788290927323342,-0.590435273769534
-0.855728256265883,-0.487389142262498
-0.909993203851837,-0.376836329111185
-0.950041002039386,-0.260364982404881
-0.974869102461687,-0.139731781077247
-0.984711884318097,-0.0169733389269794
-0.979429544767143,0.106080248078242
-0.958231424745263,0.227409873993167
-0.922425055068588,0.345246536758251
-0.872211408132254,0.457704344345236
-0.808118517521144,0.56287319704168
-0.731696770068984,0.659455322708071
-0.643626197058713,0.745549195026355
-0.545471900032772,0.819930884301436
-0.438938377547584,0.881715460383348
-0.32552216222795,0.929738969965167
-0.206897663449022,0.962862094422405
-0.08511164630586,0.981148523022472
0.0380095959979823,0.98436006077177
0.160521023507548,0.971706738242178
0.280536170200834,0.944071241379487
0.396250661177497,0.901889131449072
0.505572104416244,0.845159369135181
0.607171413539646,0.775550550859835
0.699232893488024,0.693739478375855
0.780199302723209,0.600938252592356
0.849197868149091,0.498928685541588
0.90499138999857,0.389124784202629
0.946246178666695,0.273075324444258
0.972877940969213,0.152838642846228
0.984526084437827,0.0302337556774679
0.980553557716539,-0.0928612304463427
0.961194191171836,-0.214487059397789
0.92716018708206,-0.332855660326688
0.878170432556884,-0.445856555223299
0.815670263655928,-0.551975290577619
0.740566283769273,-0.649589948225201
0.653528881676182,-0.736730762417346
0.556506337958258,-0.812580603351339
0.450880278362033,-0.875934252373761
0.337946130383026,-0.925091406499593
0.219831431327993,-0.959950593360593
0.0983228506976358,-0.980010511515278
-0.0247473940056111,-0.984694535409433
-0.147417800015554,-0.973731282663943
-0.267835329209192,-0.947887548412283
-0.384003495543539,-0.906984101050519
-0.494154999330576,-0.851899546347001
-0.596787209254339,-0.783806129370792
-0.689732410258352,-0.70299218065712
-0.772078741028739,-0.611418264059391
-0.842579810282936,-0.51042603123003
-0.899481491949142,-0.401191891851158
-0.942418105323811,-0.285767999983909
-0.970816316407833,-0.165936194761197
-0.984100823778954,-0.0434935102797367
-0.981608627002057,0.0796433059720839
-0.964092823129817,0.201548198432951
-0.931456126792609,0.320303912551933
-0.884056235383147,0.43397642553148
-0.823173155035678,0.541038169009671
-0.749090009590431,0.639426070908761
-0.663398566761299,0.727879348759775
-0.567517329333965,0.805183974540848
-0.462513794733836,0.869554549109506
-0.350331724692389,0.920361854157958
-0.232747422559358,0.956958929917553
-0.111535689348029,0.9788091021129
0.0114857250659123,0.984793049438819
0.134302595923642,0.975672665719439
0.255069785380072,0.951498765834391
0.371723530897387,0.911986034945646
0.482697991482512,0.858575948286912
0.586065978121118,0.791621224837141
0.680188400171775,0.712194278429534
0.763901175945041,0.621859192902302
0.835478010548499,0.521632582475702
0.893899474737067,0.413218188840394
0.938526075466099,0.298441633508774
0.968713064664994,0.179034259073402
0.983263549042694,0.05673096201902
0.982591632936743,-0.066422042178656
0.966901747164285,-0.188583487179422
0.935563133629813,-0.307694280696335
0.889873883205968,-0.422062152802495
0.83037906633346,-0.529899239327708
0.757583367004799,-0.629244932599607
0.673212450583993,-0.718961770921245
0.578261021564128,-0.797400676002613
0.474126861092426,-0.863155861788218
0.3627100802109,-0.9156139643075
0.245669916444848,-0.953963933766257
0.124679033848433,-0.977003851901018
0.00177194116353955,-0.984815593957622
-0.121174177685514,-0.977556873849841
-0.242187397179195,-0.954661025655576
-0.359420821310053,-0.916926993137959
-0.471178064621998,-0.865156866708829
-0.575289093996671,-0.79934730211058
-0.670594277926547,-0.721345872387644
-0.755486673902447,-0.632115953268951
-0.828267295831839,-0.532760788553102
-0.8883086158701,-0.425238957577114
-0.934639523654738,-0.311123417559669
-0.966060851665342,-0.192033724923506
-0.982320778409177,-0.0699557927341186
-0.983524135740817,0.0531943607883103
-0.96920182632072,0.175517437297424
-0.939590309201448,0.295062886522499
-0.895645471274095,0.410119312050704
-0.837293273586055,0.51858099722611
-0.766013040642821,0.619012005589568
-0.682963822469323,0.709965625715351
-0.588845264964396,0.789410052455961
-0.485720825309749,0.856726777949636
-0.37507238119576,0.910811832569432
-0.258474886042643,0.950493588044442
-0.137804513675315,0.975123052484632
-0.0150308541447394,0.984776867650666
0.108001328603595,0.97912974857447
0.229296932953078,0.957765591006216
0.347082243215337,0.921786335822621
0.459396829585071,0.871255128537159
0.564468968858086,0.80700894613832
0.660939273374005,0.73044128997053
0.746778948491932,0.642120777631806
0.821026135637198,0.543866093622347
0.882625972342059,0.437221003073032
0.930322883282466,0.323668498834149
0.963243329048585,0.204991460891224
0.981340360596123,0.0831775964255466
0.984338968469469,-0.0399523427389666
0.971360661077104,-0.162433683945843
0.9435464312166,-0.28240759743056
0.901039855701416,-0.397999396474785
0.844151804252558,-0.507234169475007
0.774392574671272,-0.608732627565184
0.692316802376242,-0.70055754719193
0.599406177925622,-0.781395450032211
0.497276981785632,-0.850222684867566
0.387303519538976,-0.905672018928066
0.271194018553996,-0.946737916067092
0.1509219569058,-0.973202087782775
0.028295786483293,-0.98469680794537
-0.094789955890485,-0.980307800949828
-0.216388670620054,-0.960790556954644
-0.334690438950472,-0.926524210237423
-0.447572795207033,-0.877257286214707
-0.553615431775084,-0.814626132611138
-0.650981290508522,-0.739207175262686
-0.738017151204522,-0.652071344476078
-0.813727880139708,-0.554936511265103
-0.876694226605311,-0.449088365490262
-0.92569920687915,-0.336099048194177
-0.960391410342577,-0.217938643887725
-0.98026822236861,-0.0963959307764364
-0.984590837591736,0.0266883109214616
-0.973432933566602,0.149338389699933
-0.947415720741322,0.269721002897112
-0.906187661231755,0.385776426542788
-0.850940033565353,0.49584535373455
-0.782605030616162,0.598313705575216
-0.701619270787419,0.691108215397623
-0.60990996214469,0.7733046795735
-0.508755012726123,0.843568679315239
-0.3993992740046,0.900233002380466
-0.283909791557829,0.942986869849272
-0.164029630728873,0.971195441356381
-0.0415502086946249,0.984131053769489
0.0815788304964001,0.981431676023129
0.203458677573727,0.963735354383288
0.322125637150798,0.93077902157823
0.435723352952826,0.883204226005181
0.542693607309377,0.822154928826203
0.640887954882186,0.747809251772773
0.729198700897275,0.661971398312779
0.806364321969564,0.56597328468459
0.870432059715792,0.460779512755741
0.921058519000665,0.348517329214755
0.957480375909731,0.230874226022065
0.978940718066168,0.109596009597791
0.984730500616039,-0.0134287245996511
0.975450145501959,-0.13623377291871
0.950917434721126,-0.256924867782876
0.911244441999993,-0.373520394130028
0.857680174456525,-0.484423239055922
0.790422204201601,-0.587596122144529
0.710858304613202,-0.681600358206901
0.62041209750447,-0.765199883860466
0.519952609744385,-0.83645637308306
0.411450099632031,-0.89470731866259
0.296603563353299,-0.939159596044975
0.177127402627393,-0.969081613077427
0.0547878386794627,-0.983322459931902
-0.0683627471064105,-0.982483012584873
-0.19049223387163,-0.966543111552912
-0.309532793882761,-0.934932039076999
-0.423834229911252,-0.889075479172581
-0.531502338850543,-0.82927961199075
-0.630735267398028,-0.756335611690453
-0.720338100383236,-0.671839726200788
-0.798491895753594,-0.576652270656052
-0.864073618136991,-0.472413427417931
-0.916348792324393,-0.360910711067475
-0.954501552403526,-0.243802436322284
-0.977196242731434,-0.122744768459707
-0.984828507536495,0.00017155022989624
-0.977363429041752,0.123107830302928
-0.954153054730079,0.244063494974358
-0.916234013334935,0.361236473696417
-0.864172994419971,0.472854306153948
-0.798198624341158,0.57685684762002
-0.720053466468027,0.672045767145439
-0.630591766794067,0.756692742651599
-0.531114393204494,0.829300089199145
-0.423491419491461,0.889159004998182
-0.309302434690773,0.935318909168615
-0.190113942692106,0.966368368595561
-0.0680172688571814,0.982462371192426
0.0551370255615166,0.983466368690204
0.177420213076388,0.968804021258567
0.296920048186918,0.939017297231922
0.411915934836123,0.894903254302993
0.520216317534705,0.83624267458927
0.62054714433495,0.764820880329177
0.711257267803448,0.68151097658123
0.790546813102507,0.587268609689913
0.857701325696159,0.484039154201868
0.911643125789282,0.373314435269386
0.95090976678086,0.256574958490506
0.97538651209793,0.135878609473073
0.984846872194361,0.0130883909544317
0.978834640139176,-0.109923208297445
0.957306209112252,-0.231185556351466
0.921166438106982,-0.348924942077173
0.870298126948941,-0.461088966490152
0.805914067776746,-0.566075096373588
0.729195726003442,-0.662431608284232
0.640614605204534,-0.748008016447711
0.542254400159857,-0.822112840444881
0.435518353969564,-0.883564784560579
0.321810908369086,-0.930895768723235
0.203088123440388,-0.963636711540198
0.081242288833005,-0.981517920703303
-0.0418903197964274,-0.984187739573979
-0.164347642035783,-0.971023509230363
-0.284279915792709,-0.943024620332613
-0.399754667785941,-0.900205195499694
-0.50890154495076,-0.843153221265402
-0.610291247145176,-0.773231349720495
-0.70188925397659,-0.69090109943366
-0.782580447067745,-0.597865632912008
-0.851250243736226,-0.495627248755266
-0.906395693560409,-0.385499797028666
-0.947258816253972,-0.269321497964091
-0.973507680391044,-0.149002603616656
-0.984796517655005,-0.0263555129274081
-0.980092381681269,0.0967214758036939
-0.960392318535724,0.218291201695734
-0.925796509464531,0.336492855900555
-0.876364065983321,0.449299013007955
-0.813571282134369,0.555248022236906
-0.737877019980216,0.65239865523528
-0.650612857577612,0.739301932223332
-0.553361600267837,0.814866980885878
-0.447336589737423,0.877536242764885
-0.334261060851893,0.926332774491864
-0.216044410497358,0.960828397817974
-0.0944733597079409,0.980564374768576
0.0286289219023113,0.984472834587263
0.151263330741903,0.973159976111202
0.271614845388515,0.946976013359538
0.38754757966249,0.905385807772427
0.497549305998856,0.850003711345969
0.599787628411773,0.781335646908121
0.692479187959811,0.700240851847204
0.774560612821625,0.608425583031192
0.844486305686587,0.507040310998355
0.90096985111269,0.397599822199404
0.943539771920382,0.282046402420308
0.971584412883618,0.16212489117507
0.984157139628365,0.0396067936271666
0.981270710646293,-0.0835159873096223
0.963391327951216,-0.205371691360076
0.930095569460776,-0.323945406522311
0.882358955591936,-0.437473662804617
0.821092016787921,-0.544318821331838
0.746522601733492,-0.642344976252027
0.660553681547513,-0.73052834454735
0.564339579157747,-0.807417722222825
0.459040645439108,-0.871300951138162
0.346701264917222,-0.921750529309053
0.22899962560533,-0.95799509304556
0.107658747667865,-0.979096800690487
-0.0153722042229138,-0.984693273312625
-0.138164440589634,-0.975226197209347
-0.2587835854249,-0.950348035862768
-0.375319994733728,-0.910510023573285
-0.486149176156756,-0.856786129407303
-0.589132340665169,-0.789231198973425
-0.683016940389857,-0.70952752873706
-0.766451756760437,-0.618926430376754
-0.837442088901391,-0.5182772404525
-0.895540072607485,-0.409693827555209
-0.93982144021763,-0.294774882600759
-0.969333138131679,-0.175199310342303
-0.983397941704475,-0.0528450483976999
-0.9823949081036,0.0703047777422935
-0.966057094144309,0.192375802414143
-0.934305645855491,0.311373111252037
-0.888307065576396,0.425620290187645
-0.828168177337293,0.533097934079602
-0.755098390552744,0.632234644478427
-0.670480647072893,0.721728878774062
-0.57503347506112,0.799569258485974
-0.47071863273002,0.865026146922306
-0.359125361850251,0.9171191449057
-0.241912774768937,0.954951099654544
-0.120811762142328,0.977401978592761
0.00211497643878003,0.984846606252244
0.125043698572054,0.977190616612697
0.245939245317097,0.953643675873423
0.363056233025238,0.915551333998937
0.474525194910299,0.863179455001488
0.578425614298815,0.797051220750685
0.673498055736245,0.718761623326099
0.757886944227261,0.629057977315873
0.830355413021683,0.529482153267017
0.890023715799492,0.421750632946022
0.935934483259633,0.307460150150412
0.966706663151135,0.188199806382156
0.982605499717591,0.0660791767262238
0.983421305937945,-0.0570803249760351
0.968419322795418,-0.179325321672281
0.938444635240433,-0.298777245828092
0.894050680556036,-0.41366189506491
0.835198235658708,-0.521855312876165
0.763619915126264,-0.622075272477995
0.680064620078109,-0.712555688438573
0.585708832041586,-0.791706337116503
0.482358416306735,-0.85867736301995
0.371523271199508,-0.912393632727304
0.254683924617358,-0.951361383226653
0.133954194226428,-0.975658828062984
0.0111465685420009,-0.984945825634611
-0.11184711951572,-0.978556257502082
-0.233075536516145,-0.956852254698416
-0.350769414911666,-0.920551834553598
-0.462786246098927,-0.869350707094696
-0.567682442814182,-0.804820909172302
-0.663804591268733,-0.727819015211749
-0.749260495239328,-0.639128142839484
-0.823207860260163,-0.540648309480468
-0.884484546238127,-0.433807316595638
-0.93145830274058,-0.319949432599726
-0.964033057549694,-0.201185451359871
-0.981734280149041,-0.0793102167786067
-0.98403159510548,0.0438279512145339
-0.970681439509338,0.16626105851508
-0.942517056840018,0.28615640050095
-0.899363694582232,0.401506872121245
-0.842157616981148,0.510570992806667
-0.772090169816317,0.611864979710719
-0.689494530556181,0.703230795055107
-0.596330933036625,0.783773309783423
-0.493998204432521,0.852311843796818
-0.383687344777708,0.907098648397195
-0.267450893035883,0.947785305376194
-0.147087376118698,0.97383978804167
-0.024412033692423,0.98478418832663
0.0986526806565444,0.979873063207195
0.220193094651091,0.959991884430296
0.338299548737295,0.925080269409811
0.451026730401905,0.875473774234084
0.556879807523768,0.812515643937238
0.653832311730773,0.736564749523175
0.740588463591866,0.649156061069644
0.816015293735965,0.551793396511121
0.87837544426955,0.445583451974409
0.926985853018683,0.33243068517987
0.96129494108042,0.214157183791008
0.980790161548414,0.0925439374133212
0.984369799570114,-0.0305700985055078
0.972887667441185,-0.153187897885032
0.946363362831182,-0.273459570356661
0.904604807135667,-0.389327550967618
0.849061359661621,-0.499249234605469
0.780108370405372,-0.601295006975459
0.698871434874864,-0.693858555716371
0.606941862501869,-0.775816586093294
0.505342204605304,-0.845432479139123
0.395813461564597,-0.901736242793544
0.280195348080357,-0.944134909237067
0.160223501144472,-0.97199034404937
0.0376622122607249,-0.984158588702499
-0.0854541433439201,-0.981121047134918
-0.207289390418085,-0.963071525319618
-0.325766507772038,-0.92941500536312
-0.439231259743286,-0.881528604180939
-0.545885675825874,-0.819940411674864
-0.643804426089503,-0.745238514057403
-0.731882693070973,-0.659158716893417
-0.80845541854221,-0.562695032820763
-0.872169530298858,-0.457301332036919
-0.922448041847943,-0.344886835181994
-0.958500997534145,-0.227123129113625
-0.979237585065515,-0.105719736880635
-0.984662793327109,0.0173155853739585
-0.974998603076697,0.140094532209584
-0.949792680955023,0.260646364312918
-0.909779672707401,0.377121046781519
-0.855874023241614,0.487865055355884
-0.788045410243785,0.590672364933702
-0.708207087839316,0.684443166811591
-0.617369354426048,0.767615419334993
-0.516604395149598,0.838431841380106
-0.40792873684267,0.896353691414657
-0.292938463025796,0.94045779257622
-0.173272647910358,0.969595068765686
-0.0509037491613257,0.983493763139815
0.0722455901550645,0.982292258070654
0.194269031726807,0.965615904852948
0.313216780797945,0.933690636060755
0.427399280005758,0.887523692537486
0.534708952737457,0.827080647493104
0.633742121958878,0.753871483311169
0.72307573835748,0.669080648837437
0.800666891851978,0.573429251764208
0.865960620725558,0.469014361037801
0.917908817014286,0.357348392045049
0.955297691969275,0.239997525101765
0.977610767619606,0.118878895274249
0.98487945963603,-0.00405871521089082
0.976826386578691,-0.126954767105131
0.953135456708974,-0.247815583874934
0.914901295429249,-0.364888918382498
0.862168053994314,-0.476186168946038
0.795920375495399,-0.580006881181504
0.717503556287389,-0.674981255442402
0.627512131294476,-0.759066860902367
0.527845420602514,-0.83140447212153
0.420031180448912,-0.890932377285998
0.305581746644395,-0.936438537744721
0.186286442470574,-0.967048757479009
0.0641403256467488,-0.982741451045951
-0.0590240952203099,-0.983388193418898
-0.181230283408504,-0.968033802129903
-0.300638786588622,-0.937885132266995
-0.415392601686537,-0.893165565627636
-0.523499096904503,-0.834161023207439
-0.623612578372821,-0.76243035528255
-0.713846113594644,-0.678610747693681
-0.792855615259139,-0.584141280551098
-0.859671140058128,-0.480687908303055
-0.913062314213503,-0.36969819172313
-0.951834144488142,-0.252798659772522
-0.975918215198046,-0.13202796194326
-0.985034881202074,-0.00920469866669424
-0.978294842073928,0.113772996173976
-0.956409597359987,0.234968217950918
-0.919873592389369,0.35258938767977
-0.868417435528368,0.464491192555235
-0.80372907789968,0.569290519584892
-0.726453598901006,0.665188206122783
-0.637639755573378,0.750510570847036
-0.539045920835167,0.824307931907768
-0.432034017082718,0.885280355654339
-0.318095566967729,0.932043627358107
-0.199279908783649,0.964417739474052
-0.0773801691730212,0.981971792699187
0.0457654471287169,0.983870928603465
0.168178130998148,0.970358678430858
0.288040308991884,0.942035837823952
0.403259506332337,0.89852218081159
0.51224916757552,0.841176308450315
0.613342047206738,0.770828158167974
0.704568015027763,0.688083388991721
0.78498524375359,0.594810867940319
0.853264353112287,0.492305824116243
0.907788106244042,0.381869064639204
0.948288255187571,0.265573249926779
0.974180104782761,0.145173497678213
0.984766106363298,0.022468520200597
0.97966590466125,-0.100585421794277
0.959602543471435,-0.222097320299605
0.924356337270013,-0.34010362953632
0.874587887715193,-0.452756794722841
0.811478962946834,-0.558524088755778
0.735245178258493,-0.655259600176326
0.647705915855386,-0.741882589698795
0.550219681548513,-0.817156059856627
0.443823641261958,-0.879201196527629
0.330596996392688,-0.927629630110531
0.21226880404618,-0.961755249007259
0.0906045101895006,-0.980913477761627
-0.0325121259798811,-0.984289016892919
-0.155111778205399,-0.972612776381178
-0.275307977195456,-0.945761974208995
-0.391109754818411,-0.903829452885883
-0.500949071589749,-0.848119189030131
-0.60280797927359,-0.778888201821043
-0.695240867770319,-0.697505293237131
-0.777049903886573,-0.605439817273619
-0.846383871059376,-0.503647308978483
-0.902520487777715,-0.394035286913423
-0.944733493019577,-0.278345790918649
-0.972335209054867,-0.158312097542949
-0.984193316037173,-0.0357185120358862
-0.980977059754919,0.0873924397097682
-0.962637136621131,0.209182349068966
-0.928748968064378,0.32759261665038
-0.880704778056612,0.440991818673042
-0.818805213161606,0.547463936618297
-0.743963528070933,0.645271516823184
-0.657752620059925,0.733224876757636
-0.561058366725482,0.80950467229087
-0.455582894978083,0.873078008612252
-0.343081989174983,0.923170933685658
-0.22524866942115,0.95901470039856
-0.103781689548737,0.979391252374221
0.0192590319165561,0.984638516105688
0.142028935378572,0.974802933453407
0.262509052513861,0.949236917202533
0.378926678373868,0.90906016125767
0.489508454332682,0.8548350401815
0.592213508730788,0.786860955615039
0.685870159680707,0.7068871833327
0.768766439831592,0.615802482072882
0.839446892450348,0.514946721276049
0.89717953025846,0.406169063357028
0.941075856851661,0.291096183996679
0.969887621619594,0.171350968584172
0.983593893893193,0.0489629728372616
0.982202004007663,-0.0741872528030295
0.965189530718475,-0.196165242918697
0.933077522426803,-0.315061030640754
0.886734392205046,-0.42917545556011
0.826000050505965,-0.536324347181652
0.752636942046774,-0.635243243262422
0.667605685118965,-0.724341589300656
0.571843686719382,-0.801790871082489
0.467311173448023,-0.866896906350646
0.355557512429267,-0.918663200587707
0.238097419374501,-0.955708840038074
0.116948827518924,-0.977838526506976
-0.00600219027562562,-0.984923582686675
-0.128873018873294,-0.976512432253262
-0.249694628797907,-0.952638508255796
-0.366715311870832,-0.914235868444912
-0.477863967789518,-0.861186778381515
-0.581586640116545,-0.794787960831146
-0.676430505943694,-0.716209652314642
-0.760287149499691,-0.625999274486538
-0.832456882043451,-0.526211281045812
-0.891843289139279,-0.418313469784862
-0.936944711599037,-0.303703578415581
-0.967394960234637,-0.18437377612986
-0.982919945273928,-0.0622041358742299
-0.98317527868452,0.0609565789531418
-0.967643259285185,0.183134705602106
-0.937346985301767,0.302507052957698
-0.89226894419344,0.41711793980014
-0.833128533945653,0.525146224542138
-0.761267744997275,0.625171177496985
-0.677164691020916,0.715145552405963
-0.582580273801542,0.79401419619115
-0.479043186887203,0.860709514436848
-0.36786149132737,0.913701595031999
-0.250915429869452,0.952314017139816
-0.130105738159312,0.976207782547282
-0.00726304801701451,0.985122501046044
0.115698414251847,0.978028037642488
0.236861883247336,0.955971434822178
0.35437557577369,0.919106974383632
0.466198170574796,0.867487754795443
0.57090281980617,0.802643649371973
0.666586541134918,0.725103504964052
0.751763861290698,0.636154116789184
0.825427489389335,0.537456777634799
0.886069612575674,0.430257560032016
0.932652025297263,0.316249853974202
0.964835898726938,0.197381456745866
0.982188993707508,0.0754486932975908
0.983722806706414,-0.047703794565316
0.970042122268388,-0.170095887244461
0.941531557852155,-0.289917089548721
0.897700550569826,-0.405021119562695
0.84019539264628,-0.513927104844819
0.769566154447163,-0.614820555003791
0.686681975880911,-0.705914880298272
0.593298308509717,-0.786206239530139
0.490585577920253,-0.854169809455226
0.380063922042011,-0.9085091890087
0.263707821444623,-0.948836850622424
0.143264655450704,-0.974550924417001
0.0205240799884563,-0.984707563840962
-0.10251948629807,-0.979469182729236
-0.224009536012067,-0.959249601609321
-0.341904976375712,-0.923624055981827
-0.454496059538156,-0.873719505500372
-0.560111807062761,-0.810361082226463
-0.656684071442198,-0.733922010770369
-0.743207953050242,-0.646283137965592
-0.818188739404597,-0.548574282491709
-0.880014273794446,-0.442057072820003
-0.928280641503838,-0.32876515435279
-0.962220925370668,-0.210381850683344
-0.981002722235055,-0.0886621512463787
-0.984211822403119,0.0344542549046268
-0.972344193321312,0.157036679624772
-0.94515947001448,0.277156191363857
-0.903058133008774,0.392893700614283
-0.847185118521024,0.502653742990517
-0.777664643539855,0.604318295759084
-0.696153249893384,0.696637241004861
-0.603951006042307,0.778299714993774
-0.501947800196114,0.84732753487763
-0.392251276048769,0.90329195332835
-0.276493623690009,0.94532203919493
-0.156380219522801,0.972555228583238
-0.0337755660567336,0.984243599493675
0.0893300562045528,0.980826131919025
0.211065776925075,0.96215603046469
0.329421535694654,0.928091530832792
0.442750172893206,0.879876437067123
0.549050805790533,0.817682821876569
0.646749099748756,0.742700889231921
0.734564731002304,0.656344500332747
0.810563433290512,0.55942821814458
0.873970618219047,0.453856366934318
0.923901436496761,0.341280571384468
0.959425879843684,0.223351075448452
0.979555264900648,0.101844660761923
0.984616476843107,-0.0212027085100382
0.974546682346416,-0.143954011685781
0.948686560085545,-0.264373335354816
0.908356610710041,-0.380739002034553
0.853793676727818,-0.491150486219324
0.785691139067908,-0.593765950835148
0.705582812293375,-0.687311899518507
0.614232055570711,-0.769913181276925
0.513283172177857,-0.840452619388648
0.404422700516222,-0.898034128570863
0.289262394951368,-0.941718596730585
0.169429940626556,-0.970183628240344
0.0470214018689107,-0.983683893593487
-0.0761295549167464,-0.982122366563208
-0.198060954219421,-0.964760763297639
-0.316908978604848,-0.932474773020172
-0.430910514072678,-0.885861356775504
-0.537944110571737,-0.824925699100417
-0.636752099239944,-0.751411592016607
-0.725596874137513,-0.666121238974526
-0.802903152854623,-0.570249654455258
-0.867847177012295,-0.465615619481037
-0.919419867358229,-0.353767268791109
-0.956142239802956,-0.236202877755476
-0.978051789607506,-0.115016992205069
-0.984957797172892,0.00794552295400741
-0.976214896613259,0.130793502620144
-0.952150699228235,0.25157604464534
-0.913563144959863,0.368538620959113
-0.860219228793596,0.479549575467549
-0.793655618373666,0.583166261273053
-0.71481996993807,0.677789433899153
-0.624484435030342,0.761504859272676
-0.524579290449041,0.83351221663307
-0.416573461606513,0.892708857439502
-0.301839191503737,0.937494446335136
-0.182459344598941,0.967731877567438
-0.0602679954623536,0.983093809847106
0.062891108841308,0.982986438267211
0.185043279084892,0.967274720574027
0.304373590014888,0.936804615443758
0.418855715009605,0.891397809812149
0.52679726783173,0.832102781613305
0.626724238767798,0.760098892535513
0.716454283928168,0.675727400493798
0.795179886872063,0.581024926917973
0.861710212366045,0.477376835683295
0.914351387567741,0.366028790064541
0.952770111312202,0.249025610830816
0.976507614631522,0.128185017008769
0.985072849138323,0.00532068282366761
0.977773553439666,-0.117625625833034
0.955545361197941,-0.238758351611143
0.918334889521685,-0.356159920295908
0.86656328889182,-0.467908037740515
0.801577907514157,-0.572528668579904
0.723747453754513,-0.667979517085455
0.634674888695868,-0.753024806267345
0.535862483191909,-0.826539621179071
0.428474014669765,-0.886843743739472
0.314399829286037,-0.933247778777087
0.195482930130908,-0.96525220375029
0.0735158787647836,-0.982390181629916
-0.0496434797307212,-0.983597672049767
-0.172013309704186,-0.96972534791177
-0.291751891031791,-0.940889726104631
-0.406785844087664,-0.896886201874623
-0.515606106674109,-0.839216571051484
-0.616306343167099,-0.768312993125971
-0.707265595261592,-0.685284572312445
-0.787405903151977,-0.591769246364555
-0.855081079610229,-0.488868734713633
-0.909248500942343,-0.378266651597156
-0.949385057405822,-0.261842972383839
-0.974887135310414,-0.141350566410277
-0.984701424665069,-0.0185801889747308
-0.979278583801361,0.104453619447896
-0.95888168096517,0.225918368800932
-0.922919967801339,0.343716642994511
-0.872851672224978,0.456235153895625
-0.8091978804907,0.561669329360635
-0.732613596862346,0.658121310578578
-0.644841578342987,0.744511679171961
-0.546917715175296,0.819205945912066
-0.440318080101695,0.880882442423819
-0.326944086951482,0.928961672569474
-0.20849929956214,0.962705990851676
-0.0867193685430267,0.981091551502865
0.0363968064698552,0.98414192596606
0.158968434293377,0.972119726695888
0.27900171984515,0.94454762472509
0.394684552536707,0.902301995345411
0.504347260542889,0.846233787970944
0.605826487335501,0.776437945778258
0.698040363713242,0.694807600678909
0.779420663108099,0.602363417253248
0.848294147592271,0.500261130612427
0.904077079327129,0.390472795808623
0.945905705859215,0.27463992559414
0.972789808712721,0.154450276226624
0.984297910228338,0.0318328446542648
0.980698032795559,-0.0912697408618606
0.961677444835605,-0.212949719396554
0.92743783912747,-0.331251942196931
0.879057114076925,-0.444512901829925
0.816560304526315,-0.550637603845701
0.741435641201234,-0.648224595772977
0.654949240546334,-0.735918185585943
0.557813609546416,-0.811645496646149
0.452132145185168,-0.874867865883373
0.3394729016505,-0.924614829369207
0.221440589807938,-0.95978656780206
0.0999097086884229,-0.979737080143604
-0.0231466231509573,-0.98461376740653
-0.145864248097454,-0.974186710621241
-0.266240474070769,-0.9481464225327
-0.382549895108894,-0.907650183210509
-0.492804420292387,-0.852772530313977
-0.595319261295564,-0.784522691271683
-0.68875173328098,-0.704276959073297
-0.771096453622583,-0.612690032042281
-0.841464785695554,-0.511623790490173
-0.898897795884127,-0.402681064053906
-0.942167655174963,-0.28736910971585
-0.970477113426362,-0.167508302359202
-0.983813925835176,-0.0450813924947669
-0.982036888830692,0.0780704404075944
-0.964320636034012,0.199954782322087
-0.931895091543849,0.3187647980705
-0.884915108510465,0.432609766021957
-0.823852667366411,0.539565240043149
-0.750215698501916,0.63828537204185
-0.664638376126088,0.726854689661913
-0.568658959805721,0.804020800563086
-0.463947418261414,0.868847398396327
-0.351930971512753,0.920053989743134
-0.234308654803722,0.956576657353428
-0.113088039490738,0.978291929726496
0.00988864511940254,0.984998894130105
0.132712319633039,0.975903847359855
0.253458795018787,0.951667966606629
0.370355733455161,0.912876160581722
0.481234625810049,0.859250361998121
0.584751955422157,0.79253177061214
0.679156226570127,0.71343792384884
0.762721968968978,0.622969015660519
0.834592075232729,0.522963029632446
0.893529686910669,0.414813088297427
0.938063387969513,0.299981084622443
0.968098971243144,0.180550557351982
0.983255568505832,0.0583313392994034
0.982801217789467,-0.0648261054702149
0.966911698937357,-0.186952636765103
0.936254360461851,-0.306237487764362
0.890540083145899,-0.420599903217051
0.831078516244458,-0.528448908620499
0.75881172221918,-0.628180628003468
0.67429609651617,-0.717769160339015
0.579479669801254,-0.796358781367016
0.475696251794352,-0.862685263936189
0.364209169182464,-0.91503429624456
0.247145281194091,-0.953263816107188
0.126265372102445,-0.976813071881439
0.00337791161672375,-0.9849848947959
-0.119595899799072,-0.97787157015221
