0.254414448379754,0.254414448379754
0.284147723838656,0.22065164434818
0.309435331429217,0.183448331173568
0.329884322549486,0.143385163889411
0.345175921789467,0.101088133815049
0.355035915796895,0.0572110452352885
0.359378708544787,0.0124561776188187
0.358137379920543,-0.0324918440863436
0.351295809272298,-0.0769351566191936
0.33896887686871,-0.120182249368509
0.321338254791993,-0.161554417888213
0.298685089844171,-0.200408188391119
0.27136252169837,-0.236137428085398
0.23980130775895,-0.268191693000652
0.204453549992013,-0.296019750269818
0.165876138402161,-0.319153997827153
0.124727316662147,-0.337300198090711
0.0816523481123654,-0.35020202529179
0.037310751452529,-0.357658382924716
-0.0076163766901912,-0.359560664828467
-0.0524343294253697,-0.355831080815654
-0.0964435182639639,-0.346547290865071
-0.138951894508116,-0.331832960873242
-0.179297496222358,-0.311930615521654
-0.216808113062264,-0.287092633125976
-0.250916378177099,-0.257763964549473
-0.281085673469677,-0.224403829602922
-0.306862964647122,-0.187551960989952
-0.327830223364167,-0.147772140820243
-0.343707499936289,-0.105705096791034
-0.354245544165796,-0.0619910148611413
-0.359274295645729,-0.0173000753577972
-0.358695266772608,0.027678707143891
-0.352446132994894,0.0722301471169253
-0.340634813145009,0.115636946236896
-0.323512774815678,0.157230617386499
-0.301338571465768,0.196360715152226
-0.274459948490701,0.232417623152142
-0.243291824048017,0.264834056870588
-0.208330320294604,0.293113217342638
-0.170115073530196,0.316807280400918
-0.129258689331136,0.335585765189963
-0.086383281146172,0.349156114388208
-0.0421426144604578,0.357294767980957
0.00277807760971938,0.359709132280696
0.0476427528498783,0.35651030301512
0.0917536677859495,0.347745297499208
0.134429193338341,0.333562890539608
0.175000178155552,0.314168100189348
0.212834541567535,0.289865326253978
0.247343107353127,0.261036030313993
0.277985298523946,0.228126903451738
0.30429648404098,0.191661143258983
0.325871856079851,0.15220374719223
0.342408242470772,0.110373166059503
0.353475532320695,0.0667702658965703
0.358971688037785,0.0221299362015828
0.3588975799542,-0.0228398812336924
0.353227646789848,-0.0674482145500512
0.342048754847095,-0.111002675979226
0.325523439265331,-0.152822618335856
0.303911334961444,-0.19225533803984
0.277551690032705,-0.228687627903237
0.246851795367752,-0.261547779370453
0.212303967867214,-0.290341335556383
0.174433683465885,-0.314610095320371
0.133809243892297,-0.333931864775867
0.0910655396071106,-0.347933751109086
0.0469266074084083,-0.356535671779798
0.00206563419012475,-0.359587739788112
-0.0428279571964106,-0.357050262036411
-0.087055352000967,-0.348927663331925
-0.129928205958097,-0.33535551452135
-0.170773809486571,-0.31653665552958
-0.208957157954505,-0.292770428947668
-0.2438832990608,-0.26442785889588
-0.275015255211971,-0.231955426590663
-0.30179403476521,-0.195806610042777
-0.32380136725377,-0.156577470601652
-0.340752416662082,-0.114924109235719
-0.352414252514463,-0.0714980584969903
-0.358592547210804,-0.0269600047171092
-0.359197476022542,0.0180042391201732
-0.354174377274338,0.0626966978300416
-0.343621272465523,0.106419788431796
-0.327684618845366,0.148486051721959
-0.306623338020136,0.188239818344269
-0.280700214445375,0.225008579672456
-0.250398767636649,0.258254045114622
-0.216181017911201,0.287445061832862
-0.178601179852321,0.312146574390709
-0.13823452667677,0.331957920587715
-0.0957295040351562,0.346621593398755
-0.0517301966573498,0.355903514080388
-0.00691054096864816,0.359641838603366
0.038034998780416,0.357762352877311
0.0823819447686078,0.350196973935644
0.125428704535244,0.337140384412579
0.166509779833259,0.318825823544326
0.204982222653665,0.295531434409674
0.240246998919131,0.267623306122805
0.271748927484224,0.235532518284494
0.29900755817593,0.199770602651171
0.321590799160283,0.160889011903838
0.339191895737497,0.11951085476023
0.351535031980863,0.0762630297472381
0.358377934370713,0.0318003321530004
0.359457633336445,-0.0131713899828795
0.354970695561872,-0.0579231813075625
0.344940054488666,-0.101762047149974
0.329532676608434,-0.144009680589357
0.308975824658859,-0.184003590640034
0.283591296684072,-0.221120205005999
0.253778743297025,-0.254782595838329
0.220000172060739,-0.284463756472065
0.18279217865193,-0.309715836814051
0.142731386915859,-0.330153836243665
0.100440323086572,-0.345486607133624
0.056521829357937,-0.355224002586241
0.0117464907134805,-0.35944277539299
-0.03320084303089,-0.358079011088416
-0.0776267559582513,-0.351127712920245
-0.120840672610057,-0.338698006760006
-0.162166815767399,-0.32097347458873
-0.200960006098038,-0.298232483352897
-0.236618264473592,-0.270833414064296
-0.268581485999129,-0.239198797279589
-0.296372941785782,-0.203836822508504
-0.319549033952602,-0.165283703509687
-0.337622105828985,-0.124089010702162
-0.350391002124247,-0.080966173214933
-0.357732234402746,-0.0366030812230085
-0.359499330721237,0.00832633145382909
-0.35567126496087,0.0531290740453565
-0.346278004839517,0.0971055573796314
-0.331474495418559,0.139570878844736
-0.311484998881963,0.179858964512952
-0.286627183191549,0.217344038457826
-0.257289227858458,0.25144277229875
-0.223914009353489,0.28160854143682
-0.186983927623978,0.307295373271811
-0.14714172504962,0.328162040040046
-0.105024077049422,0.343913724503911
-0.0612853219111116,0.354336938507
-0.0165872190637103,0.359239498591659
0.0283789724245436,0.358553193963344
0.0729120796354941,0.35224476714896
0.116316901257617,0.340434351720773
0.157910127775795,0.323288839739197
0.197001344506593,0.301022327338931
0.233003448781105,0.274052851573701
0.265358733630379,0.242809151132422
0.293550031674415,0.207768375815136
0.317160320263683,0.169497303525651
0.335809782680706,0.128582868944257
0.349262058517299,0.0856779237665821
0.357290981928958,0.0414282697369932
0.359744253926037,-0.00348674766798937
0.356491276749723,-0.048355919351917
0.347626434625451,-0.0924567239332937
0.333341157574972,-0.135105734517932
0.313854212153011,-0.175638959064283
0.289463950349203,-0.213421747103721
0.260554674171559,-0.247866662657435
0.227572935251988,-0.278431179201807
0.191045694380554,-0.304653494970134
0.151534273915839,-0.326117017943027
0.109671510720564,-0.342543276330534
0.0660849407672567,-0.353666248623703
0.0214251322006002,-0.359076890905177
-0.0235508023525049,-0.358881024845409
-0.0681507309440994,-0.353116872442587
-0.111680736503762,-0.341835149977194
-0.153465893549946,-0.325220696082362
-0.192851109126609,-0.303523365740121
-0.229222298596457,-0.277082804135136
-0.262015244169638,-0.246315764730303
-0.29071896847131,-0.211700323406142
-0.314901895701153,-0.173783930089567
-0.334203884786383,-0.133155086417931
-0.348161736110755,-0.090391231695743
-0.356653463700268,-0.046225617974622
-0.359602437365744,-0.00135478767990536
-0.356960120875587,0.0435328345491845
-0.348739628509505,0.0877409943783392
-0.335075027158569,0.13058136980655
-0.316170151271142,0.171383297120992
-0.292322732964335,0.209509883454447
-0.26391035940748,0.24437175057812
-0.231369792573999,0.275420739846536
-0.195225265783109,0.302201030033643
-0.155966365606414,0.324167193334239
-0.114258272645011,0.34100176553018
-0.0708002592335813,0.352548162046492
-0.026250922395627,0.358638281100476
0.0187120586188827,0.359131112425216
0.0633911309391561,0.354023462472331
0.107086119782006,0.3433732219966
0.149115640118105,0.327354637194391
0.188820877577437,0.306213642169536
0.225586681842881,0.280287068691643
0.258771875900366,0.249912034814557
0.287894899910412,0.215630921041507
0.312511565669712,0.177991550007045
0.332233458997266,0.137579608909961
0.346797364131551,0.0950409462780098
0.355998372198837,0.0510265006452525
0.359634561621452,0.00620011094177374
0.357668619194877,-0.0387389003291836
0.350053976505678,-0.0830777325466286
0.336906520515466,-0.126099188453668
0.318508755695856,-0.167145398185725
0.295137495273891,-0.205573099032526
0.267153740602292,-0.240779953310396
0.235002930489666,-0.272222152041829
0.199178618690066,-0.29940009471865
0.160256406216739,-0.321913790215196
0.118835414658673,-0.339411716968476
0.0755666797961166,-0.351674547419884
0.0310917703079971,-0.358430475833584
-0.0138812276541896,-0.359433980323907
-0.0586230700176402,-0.354851112320371
-0.102442776633345,-0.344737800505739
-0.144658732746436,-0.329245049253605
-0.184612163435164,-0.308609958279767
-0.221677723135524,-0.28315182793315
-0.255281494261155,-0.253273509771766
-0.284893925176364,-0.219435450458271
-0.310076482385485,-0.182180465285093
-0.330426676901188,-0.142075952304226
-0.345670794042802,-0.0997536530544716
-0.355297821713167,-0.0558143661345866
-0.359451948122623,-0.0110365371411041
-0.35799771535105,0.0339059887771264
-0.350972584985827,0.0783192539854865
-0.33845836722083,0.121508632404908
-0.320657979150152,0.162802588415387
-0.297844052808316,0.201554208054324
-0.270375497588625,0.237160909652994
-0.23868378963368,0.269071153677318
-0.203264874730757,0.296795138622424
-0.164657477672507,0.319886800291919
-0.123412528792462,0.3378405636707
-0.080269052404169,0.350527022097535
-0.0358972411039403,0.357800034926545
0.00903593026405945,0.35949330993152
0.053834068678856,0.355588325079056
0.0977968711082361,0.346113423897633
0.140239025072991,0.331231359228564
0.180495363802162,0.311165806655941
0.217938138522173,0.286234197303033
0.251967598187546,0.256808065921276
0.282010837055118,0.223325637865543
0.30762204889057,0.186350941020328
0.328434189888141,0.146486183871074
0.344109005756567,0.104342048380554
0.354462753012407,0.0605874262095654
0.359314970450146,0.015880069161765
0.358545428455859,-0.0290912232553525
0.352169217311683,-0.0736229723925819
0.340203133387615,-0.116990097925212
0.322909972638369,-0.158516759519691
0.300578297589858,-0.19756047873897
0.273550196428435,-0.233508440703591
0.242252793150421,-0.2658025099444
0.20717036543057,-0.293933011203238
0.168863736422265,-0.317479386620118
0.127923495993241,-0.336070510650852
0.0849976082798465,-0.349468912099633
0.0407316572190976,-0.357459507645059
-0.00419857857283559,-0.359711848402501
-0.0490495604619008,-0.356315902973501
-0.0931278081138664,-0.347385863015946
-0.135744859419197,-0.333028516653813
-0.17623932295408,-0.313473995518379
-0.213977198232896,-0.289022232097215
-0.248368254289234,-0.260053094297687
-0.278882521292875,-0.227026197452643
-0.305042704272528,-0.190452764058341
-0.326463778993009,-0.150912761082689
-0.342823490561845,-0.109014686845017
-0.353723245976358,-0.065371356860348
-0.359048942213551,-0.0207119556937315
-0.358795101572167,0.0242563062075637
-0.352956265282409,0.0688418432700193
-0.341603301338148,0.112351011889605
-0.324915865253289,0.154105889019071
-0.303149945974571,0.193454033202394
-0.276644643695348,0.229780062639957
-0.245821807961033,0.262525752893229
-0.211153831545735,0.291174319212651
-0.173199172137354,0.315314420770126
-0.132489984720715,0.334457821246305
-0.0896876663834424,0.348279123637104
-0.0455161780759411,0.356697385452301
-0.000645813425793973,0.359596747919225
0.0442369109615031,0.356876851223568
0.0884347305942761,0.348590084060103
0.131254335586929,0.334847768365564
0.172029021471195,0.315871733140406
0.21012069336484,0.291955514770781
0.244939830695932,0.263477500641539
0.275940268165241,0.230876385247
0.302539057508415,0.194596172450624
0.324400795982155,0.155289906407609
0.341192202069414,0.113574028147751
0.352683050778336,0.0701040498634454
0.358715084197534,0.0255456293074792
0.359134668673535,-0.0194231312603249
0.353954871565166,-0.0641004664760013
0.343223787278281,-0.107784457584658
0.327125665059217,-0.14979319337945
0.305841263103925,-0.189427725730518
0.279783287546187,-0.226094353980804
0.249350952898516,-0.2592143523289
0.215033125366906,-0.288281057036269
0.177354688923192,-0.31282703185007
0.136923997350396,-0.332503014547158
0.0943612290748014,-0.347000702672814
0.0503278860779127,-0.356128053667347
0.00549023610061773,-0.359708983586632
-0.0394463962587934,-0.357591643615553
-0.0837542423962932,-0.349824920892185
-0.126746271443019,-0.33660793864714
-0.167752296759194,-0.31813699804915
-0.206133049562335,-0.294699176633012
-0.241286239308701,-0.266655681861617
-0.272668822946479,-0.234451310632906
-0.299785061199264,-0.198583055533264
-0.322238864611365,-0.159625908801162
-0.339675795913326,-0.118175910640712
-0.351863513004783,-0.07488000416339
-0.358431016499159,-0.0303780534139102
-0.359371261382226,0.0145897195794362
-0.354703916862532,0.0593182335357435
-0.344517609351502,0.103117755594426
-0.328946447672686,0.145302521818787
-0.308238606256451,0.185216819510185
-0.282714622791867,0.222236443612318
-0.252772061233907,0.255783461504776
-0.21888490277848,0.285342141898953
-0.181579647176927,0.31045533526084
-0.141443058631749,0.330754575113716
-0.09906209530962,0.345837758419903
-0.0551117862421908,0.355401397780477
-0.0103269268970868,0.359464941836746
0.0346126339448653,0.357929634140531
0.0790118261342192,0.350817837388753
0.122177525170608,0.338220450195556
0.163436888197736,0.32033948169511
0.202145586553791,0.297451001408339
0.237698175800054,0.269911420666377
0.269551972679282,0.238160730332087
0.297203185512419,0.202683480175888
0.320187582636255,0.164012731637655
0.338079462121347,0.122744032492239
0.35069011421065,0.0795779365390308
0.357857563198481,0.0351894049787036
0.359474311220175,-0.0097457841456367
0.355469633273113,-0.0545342675253573
0.345914514771833,-0.0984785876561699
0.330944734252019,-0.140888850731547
0.310801239899513,-0.181104818410077
0.285796742069953,-0.2184977597907
0.256316030872031,-0.252479663917738
0.222769022062064,-0.282452107559567
0.185745267154309,-0.307992709606222
0.145835482709941,-0.328718734099889
0.10366366886969,-0.344318950324668
0.0598853906177985,-0.354572766357323
0.015170034291905,-0.359330190025554
-0.0297964626746068,-0.358457716774684
-0.0743110289967273,-0.351992725705667
-0.117671634763315,-0.340002228002083
-0.15916584833061,-0.32262155534111
-0.198166170361151,-0.300206951927169
-0.234063245336164,-0.27310658381682
-0.266289895626613,-0.241735912192696
-0.29435529145449,-0.206599085888241
-0.317809674903507,-0.168234740775546
-0.33632333071155,-0.127259636178666
-0.349607592361511,-0.0843004504536543
-0.357472946877374,-0.0400193710390627
-0.359753207215999,0.00490845682862142
-0.356265600297075,0.049759205237872
-0.347231867275327,0.0938216738226018
-0.332784328565866,0.136412494036838
-0.313140950768136,0.176867054390883
-0.288607951316819,0.214554681427168
-0.259564002043598,0.248883717147894
-0.226470835790318,0.279326019481495
-0.189838365868424,0.305400139566113
-0.15025441839911,0.326732388425126
-0.108321684802823,0.342985025269908
-0.0646880219547841,0.353927441440187
-0.0200051745334869,0.359127230536293
0.0249674414759339,0.358779382960019
0.0695414249841741,0.352830365843375
0.113028125720741,0.341386802843457
0.154745995421811,0.324606746235302
0.194046109852605,0.302756427159639
0.230314596076292,0.276175862011407
0.26298563436966,0.245279128156544
0.291558477997987,0.210555057510633
0.31559418069446,0.172543613784154
0.334742672828607,0.131840166412745
0.348517569011612,0.0890161622259577
0.356825959860743,0.0448158684674873
0.359605714592324,-6.50639373698109e-05
0.356778568022631,-0.0449413282130121
0.348389888422535,-0.0891171546863311
0.334552442722955,-0.131901915326537
0.31548771862154,-0.172628566071559
0.291491959276592,-0.210661900835318
0.262937882283513,-0.245406638489649
0.230282754958646,-0.27633547769559
0.194023577493054,-0.302958146041169
0.154676867850395,-0.324764390786265
0.112914176175904,-0.341459433564616
0.0694088126939549,-0.352833948144995
0.0248336495827478,-0.358727038313298
-0.0201300884043264,-0.359048423080164
-0.064785388351001,-0.353753174255744
-0.108436386434625,-0.342932198841413
-0.15039774297647,-0.326743454392636
-0.190016577293018,-0.305446724470007
-0.226674085675533,-0.279373215627214
-0.25976846113328,-0.248899887158214
-0.288757319536528,-0.214502507530231
-0.313216327290765,-0.176758395428478
-0.332783564903575,-0.136270324653724
-0.34717030036288,-0.0936703709066319
-0.356163580674916,-0.0496151747898167
-0.359629667581856,-0.00477977371238366
-0.357458292569316,0.0401442830703464
-0.349707769212293,0.0844545265459255
-0.336449146700006,0.127444254478857
-0.31787937170683,0.168418642221174
-0.29434777779805,0.206754031278524
-0.26622238851589,0.241852375466782
-0.233934055143482,0.273157958591173
-0.198002421058928,0.300196506219275
-0.158978605740136,0.322534694748574
-0.117488750834057,0.339863829895485
-0.0741651815003683,0.351911907211567
-0.0296733592757675,0.358496399585391
0.0153023647084457,0.359446249911731
0.0600325893068991,0.354670285406243
0.103815416963931,0.344370409702687
0.145970909619892,0.328699747267652
0.185840681896324,0.307896066879212
0.222803413441337,0.282284683316052
0.256278405698257,0.252261028218861
0.285752430628313,0.218303108986793
0.310758841207377,0.180933822038225
0.330945465471318,0.14075288008716
0.345992236076593,0.098370216376162
0.355628222946392,0.054429429510493
0.359545939859859,0.00961831015498651
0.357903319424731,-0.0353246735969713
0.350671767147485,-0.0797082163888124
0.337976673484277,-0.12284598925747
0.319998560050977,-0.164061612295031
0.297021460616563,-0.202713613566724
0.26940435895425,-0.238199030118838
0.237577050413888,-0.269964165389096
0.202043339208208,-0.297523999610787
0.163355556681822,-0.320456974883777
0.122117284300226,-0.338430095232542
0.0789035268704796,-0.350927974240875
0.0344849157075184,-0.357965676082752
-0.0104569365138864,-0.359451965794203
-0.0552328493806904,-0.355330847608537
-0.0991477435502935,-0.345668690262946
-0.141514691668173,-0.330600545526872
-0.181672981060204,-0.310366251835939
-0.218997218958614,-0.285281951961665
-0.252902663373001,-0.255736230922912
-0.282877559397154,-0.222202957807634
-0.308445677998871,-0.185191572236042
-0.329085513943422,-0.145221081300397
-0.344566634045041,-0.102995453559186
-0.354689453318194,-0.0591831761509319
-0.359296667712708,-0.0144568119469004
-0.358318430888814,0.0304977234999567
-0.351734054912984,0.0749814262101688
-0.33965462331045,0.118301063035699
-0.322259350021248,0.159776621361563
-0.299826519717071,0.198763177314697
-0.272705479499498,0.234652419433138
-0.241286633298109,0.26685021608704
-0.206064790419329,0.294830619917761
-0.167629234295047,0.318186224044167
-0.126594069791458,0.33657576681797
-0.0835991393202984,0.34973359393325
-0.0393025409274341,0.357453769320339
0.00561503836060872,0.359621685781306
0.0504578620291943,0.356151139750324
0.0945250250911449,0.347120223794317
0.137113915245889,0.332625817179717
0.177534958452591,0.312880398809537
0.21517365330125,0.288249680546746
0.249443886139966,0.259121107958627
0.279801612897757,0.225940420452708
0.305789795023142,0.189242531351189
0.32699142581422,0.149590339341908
0.343119755300781,0.107619168872531
0.353918377421185,0.0639663407245426
0.3592133482725,0.0193013147036581
0.358847465081059,-0.0256830539108741
0.352785044535009,-0.0702564964611698
0.341225919362621,-0.113723637967147
0.324344055649615,-0.155408818827372
0.302396439184205,-0.194660458130246
0.275727204122767,-0.230867192041942
0.244748172771606,-0.263459741704268
0.209953139237032,-0.291940225586184
0.171877662536198,-0.315857260828124
0.131132619444535,-0.334880580989767
0.0883346675027693,-0.348707933612875
0.044127380241395,-0.357036967497609
-0.000776020032445552,-0.359667611535149
-0.0456523885590384,-0.356730288882669
-0.0898086222703802,-0.348221282120195
-0.132561400215037,-0.334284758530144
-0.173240250791245,-0.315123225426989
-0.21121167469895,-0.291038292516663
-0.245884215692242,-0.262407539695254
-0.276716734534376,-0.229676097222426
-0.303240510119119,-0.193362312317299
-0.325051843151492,-0.154030313582293
-0.341797298577366,-0.112278988553196
-0.353046854818269,-0.0687263557819643
-0.358807022202965,-0.0241255827986398
-0.358998091009596,0.0208399816271031
-0.353586301578185,0.0654782272050781
-0.342658828520659,0.109095506429558
-0.32637271426717,0.15100932175383
-0.304985956725589,0.190565816538974
-0.278834253735943,0.22715005088185
-0.248321754402756,0.260188274071781
-0.213938484966514,0.289184984299777
-0.17620581498263,0.313678348290717
-0.135644112096636,0.333129804014768
-0.0929914262666194,0.347385417998221
-0.0489083424415553,0.356248820013127
-0.00406784470695257,0.359566898416337
0.0408401101382044,0.357290549100348
0.085115385152626,0.349423274254176
0.128067942955263,0.336096127107228
0.169023732936196,0.31750937623497
0.207346352863946,0.293959630325446
0.24243851572623,0.265813987657802
0.273704623684719,0.233468172949699
0.300653450977282,0.197452557787655
0.322886984990924,0.158358977822068
0.340085849111679,0.116812274658585
0.352006665210172,0.0734584749877469
0.358449009711752,0.0289571130083092
0.359318813300987,-0.0160056614658211
0.354553328583694,-0.0607306810883278
0.344250818496467,-0.104519129541781
0.32851636241968,-0.146665548741202
0.307612991593246,-0.186498889541478
0.281905072521007,-0.22340905038633
0.251799031477822,-0.256822511747624
0.217755403285992,-0.28620765479931
0.180323492105728,-0.311125156569983
0.140077724005523,-0.331175640907221
0.0976610997009139,-0.346094386130832
0.0537147596537721,-0.355638197211936
0.00891269519446971,-0.359642356610857
-0.0360409339576829,-0.357937210103331
-0.0804194355816164,-0.350595303718398
-0.12353397628013,-0.337788544191389
-0.164713664364877,-0.31971120483368
-0.203314359442733,-0.296639648625477
-0.23873532861002,-0.268936535200759
-0.270419248240913,-0.237029709346967
-0.297884701466847,-0.201428483141807
-0.320695812672958,-0.162680146341288
-0.338546244966837,-0.121406091490859
-0.351149340351247,-0.0782277001468105
-0.358133063626224,-0.0337878435112729
-0.359478442582742,0.0111690276941365
-0.355251832050228,0.0559405472264492
-0.345475123435551,0.0998324344493005
-0.330310946398724,0.142164693280003
-0.309983866472226,0.182273446279628
-0.284813059272824,0.219533770431089
-0.25519415998637,0.253366288523456
-0.221587728400142,0.283243578022512
-0.184525422279188,0.308713425250972
-0.144583026889819,0.329392207108801
-0.102342506933595,0.344860706133351
-0.0584907718400662,0.354859030715963
-0.0137463517220381,0.359341872390065
0.031205112354719,0.358242324659685
0.0756689123158846,0.351547537097541
0.118953290694518,0.339366733762694
0.160380602590279,0.321878282735833
0.199304451900618,0.299358695195525
0.23512117871691,0.27216298589754
0.267268479718748,0.240710403304398
0.295268699063302,0.205506953378799
0.318619364028934,0.167056042148839
0.336879899484387,0.125948856616687
0.349906571564722,0.0829090760713646
0.357510469998429,0.0385931205594533
0.359542991255755,-0.00632451449994356
0.355974744955452,-0.0511499144470344
0.346834589086587,-0.0951822207786386
0.332273227687283,-0.137734845752357
0.312512158516669,-0.17814030105044
0.287866485465908,-0.215771485423094
0.258699815753595,-0.25002268535885
0.225439383373591,-0.28031106703183
0.18866580393286,-0.306208528752602
0.148952151366677,-0.327306433545229
0.106933383737007,-0.343310522338061
0.063258322230149,-0.353995645908188
0.0185879541133342,-0.359162207012746
-0.0263854491906043,-0.358739681566332
-0.0709593721678379,-0.352687086887877
-0.114424409966287,-0.341085865134334
-0.156082281543569,-0.32410690887818
-0.195293256852575,-0.302067582682974
-0.231443748820985,-0.275308789181626
-0.263973473511992,-0.244255160467651
-0.292364954065017,-0.209382471009865
-0.316196602886645,-0.171252506999038
-0.335090173037434,-0.130451374180655
-0.348801627403324,-0.0876264638732444
-0.357093558740889,-0.0434206928051379
-0.359758111637004,0.00148543072231276
-0.356699556577183,0.046364240909785
-0.348089931233555,0.0905086152480255
-0.334051637220115,0.133233523877946
-0.314798421845603,0.173873102656434
-0.290626626678218,0.211791429798319
-0.261917313216736,0.24639942960143
-0.229113655382553,0.277152258663968
-0.192740499264261,0.303587272832306
-0.153354927765526,0.325283842587818
-0.111588057690554,0.341964123868264
-0.068041407535685,0.353241229120376
-0.0234199944348599,0.358902304585612
0.0215504141993293,0.358971287336728
0.0661789576998013,0.353465874192763
0.109770480863365,0.342435528018049
0.151648387291284,0.326061039210262
0.191156107589777,0.304589359907335
0.227678288418156,0.278357687956835
0.260648061141352,0.247778623491316
0.289554195018669,0.213328903580213
0.313960436086973,0.175550963832921
0.333470618038557,0.135017291267003
0.347605078609681,0.0923147474330617
0.356360684302201,0.0482065200020766
0.359573458157731,0.00335692690700069
0.357193972526662,-0.0415441892418476
0.349227879842536,-0.0857991368213187
0.335809090525158,-0.128718481152363
0.31713652748974,-0.169629685832249
0.293505827064897,-0.207894551853729
0.26529140395105,-0.242922083177863
0.2329265930095,-0.274161735413458
0.196887908846665,-0.301086533857405
0.157744632251926,-0.323246465455688
0.116144148127258,-0.340328658269983
0.0727599132848112,-0.352137084526208
0.0282477792557656,-0.358490852370297
-0.0167132468121202,-0.359248107696701
-0.0614243337565687,-0.354398491235767
-0.105184082464879,-0.34399855432613
-0.147309447273436,-0.328218600782843
-0.187126844905199,-0.307279875007049
-0.223987240533562,-0.281491890777052
-0.257338485790425,-0.251310401888391
-0.286654401859223,-0.217202889569281
-0.311487999321259,-0.179712582770395
-0.331446634871571,-0.139420883403535
-0.346267869679279,-0.0969719048862169
-0.355733756662708,-0.0530111638367808
-0.359633529001826,-0.00820226933942305
-0.357880098187766,0.0367486712814257
-0.350453362008917,0.0811154266233527
-0.337555228569102,0.12420467773628
-0.319394869723353,0.165349635650769
-0.296246045790754,0.203905483241702
-0.26846743349638,0.239268679504483
-0.236500223097803,0.270892605676515
-0.200836700051409,0.298277530238808
-0.162047407002429,0.321018541597045
-0.120730630643424,0.338766004988981
-0.0775319724394781,0.351292371215419
-0.0330800690025885,0.358192203977282
0.0118789321582201,0.359459110656461
0.0566412548315759,0.355137852513315
0.100514389502541,0.345277189532666
0.142815647482552,0.33002777031551
0.18288438585965,0.309622001144302
0.220093874198745,0.284376912379685
0.253868627369618,0.254692319494635
0.2836765596357,0.22102514212056
0.30907843060889,0.183916184506637
0.329667412683627,0.143928543497026
0.345050664360726,0.101657703271387
0.354942730054721,0.0577850197276489
0.35936102803533,0.0130368547692338
0.358170259133067,-0.0319111112386608
0.351401625626045,-0.0763634341931163
0.339135416859896,-0.119624285587311
0.321570821845733,-0.161020496788631
0.298977334980838,-0.199903548544152
0.271711607219759,-0.235669691796848
0.240200818447497,-0.267764481663429
0.204939680641768,-0.295698048899432
0.166407008418982,-0.318912559802828
0.125275685896787,-0.337106823682238
0.082214588505435,-0.35005353204012
0.0378888488247675,-0.357593241467863
-0.00703447520261618,-0.359549689884905
-0.0518571172895838,-0.355905611775696
-0.0958771888938412,-0.346682321438912
-0.138408315940132,-0.332042119617101
-0.178783463334877,-0.312204104050205
-0.216343785715229,-0.287444111798467
-0.250493900358877,-0.25816392204159
-0.280724261601021,-0.224860136534434
-0.306547515418499,-0.188040652512735
-0.327591406466034,-0.148302557708219
-0.343518731796982,-0.106255349061862
-0.354138054193471,-0.0625631181371938
-0.359254647427173,-0.0178813536480096
-0.358748160031195,0.0270993736511735
-0.352531340278173,0.0716540170324328
-0.340796088237024,0.115077389291173
-0.323743623868613,0.156696026696475
-0.301638060255925,0.19586142861897
-0.274819057779257,0.231959307621554
-0.243710849610648,0.264430035184586
-0.208794073225156,0.292761235986487
-0.170627617455799,0.316531802229679
-0.129797474981011,0.33536541714391
-0.0869498809310473,0.349024852222942
-0.0427163375001342,0.357200438965323
0.0021963981934273,0.359676013798522
0.0470600034396291,0.356542721226184
0.0911842146867872,0.347867753579667
0.133879365647643,0.333756223344062
0.174482448886581,0.314434714715175
0.21235776119516,0.29019988990104
0.246914004049965,0.261429506659139
0.277618111442357,0.228578762150299
0.303992938625256,0.192157747846394
0.325648081966864,0.15274124990551
0.342250259662702,0.110932659027472
0.353302643624018,0.0673291336534972
0.358895359258716,0.0227084928320498
0.358904304606982,-0.0222569164048213
0.353325174044107,-0.0668737503540472
0.342222073514393,-0.110446696322397
0.325774015030253,-0.152296780785449
0.304232599519809,-0.191769698437919
0.277934430298659,-0.228248550551614
0.247298537392219,-0.261173664292414
0.21279361516974,-0.290025470317747
0.174958214947117,-0.314359686754642
0.134328257308225,-0.333663640943301
0.0916160126124153,-0.347739565434718
0.0474997574717104,-0.356424071012423
0.00264810874408919,-0.359587747632028
-0.0422507204579382,-0.357130032290825
-0.0864978494716207,-0.349097566396251
-0.129398759761426,-0.335599925646401
-0.170285141304026,-0.316855475483639
-0.208517145646486,-0.293154418551294
-0.243491619457962,-0.264859402105913
-0.274604214287591,-0.232368061465059
-0.30140825857168,-0.196248833117839
-0.323498505735817,-0.157077517455081
-0.340535636034566,-0.115465688520707
-0.352288599283954,-0.0720670754703999
-0.358587740420611,-0.0275438308555476
-0.359269849566319,0.017425507981366
-0.354349098301673,0.062137468511772
-0.343836757657181,0.105879080057954
-0.32789721807779,0.147945251565561
-0.306843273547736,0.187693910625871
-0.280999057977008,0.224503158345592
-0.250761800481913,0.257793296446819
-0.216615844691378,0.287054389154079
-0.179085023583674,0.311819348794238
-0.138772420857095,0.331733243320427
-0.0962963132415827,0.346486532172966
-0.0523146542527735,0.355880390252724
-0.00749160413992244,0.359688865297708
0.0374499421126551,0.357747294466017
0.0817950282382548,0.350239082899787
0.124856525005363,0.33727029858
0.16596319637213,0.319036427798922
0.204473922009261,0.295820324644482
0.239784812724488,0.267980575708527
0.271351456582002,0.235959274190322
0.298675180379403,0.200249617528179
0.32135960457048,0.161424756676948
0.339043820302504,0.120075741189468
0.351470930341311,0.0768426794357104
0.358203445494508,0.032367546036333
0.359407804819014,-0.0125875938619335
0.355001734619207,-0.0573380984394848
0.345068340966953,-0.101192577131894
0.329739850557225,-0.143464048734169
0.309261117255025,-0.183495221414268
0.283949231795808,-0.220660045036914
0.254199834670978,-0.254379665285274
0.220482332655096,-0.284134987117593
0.183322212878466,-0.309469314270655
0.143300925201655,-0.330008359033579
0.100968534528564,-0.345224956072336
0.0570833912672744,-0.355051514457641
0.0123276152257012,-0.359382179723292
-0.0326183342786315,-0.358108856052366
-0.0770577727738129,-0.351254901934021
-0.12029581659033,-0.338904802678487
-0.161658570321428,-0.32125966878882
-0.200499862012615,-0.298591428234321
-0.236212604711656,-0.271253810145056
-0.268252789136486,-0.239684159095305
-0.296107162556983,-0.20435873797207
-0.319218308891637,-0.16576503598754
-0.337351475565224,-0.124609458538987
-0.350219276012693,-0.0815241679752286
-0.357653544952037,-0.0371812753538715
-0.359534242870842,0.00774439521273672
-0.355790313225654,0.0525578797005125
-0.346487334401248,0.0965600438772576
-0.331759134879048,0.139059768686055
-0.311843415019935,0.179395251958255
-0.287019413074768,0.21691314442675
-0.257672162487062,0.251006183249674
-0.224304625662945,0.281166832176702
-0.18743534491051,0.306918702120678
-0.14765323731202,0.327878917385139
-0.105577122544599,0.343729012138697
-0.0618608001397649,0.354246100321522
-0.0171713755747696,0.359270591432698
0.0278045159587966,0.358659761251524
0.0723544126478007,0.352414057284773
0.115757948844927,0.340592189518339
0.157343756746049,0.323452268380354
0.196465639836707,0.301264424901032
0.232512308173742,0.274373274770124
0.264915752778371,0.243192456888724
0.293181617918545,0.208221459459758
0.316860778311998,0.169997962515177
0.335617433260669,0.129133343732489
0.349159590968285,0.0862518894948556
0.357291868259483,0.042013288536664
0.359711435178065,-0.00290633511154235
0.356485213673118,-0.0477687888711692
0.347708123146285,-0.0918766383348594
0.333506271995863,-0.134544715902068
0.314096576311633,-0.175107348035297
0.289781251667637,-0.212932037870723
0.260936180023922,-0.247425404911871
0.228020542019659,-0.278058056735917
0.191540327307378,-0.304345394000654
0.152081582140766,-0.325913669616595
0.11024172746859,-0.342417498634197
0.0666438251810793,-0.353497450957863
0.0220009350826019,-0.358963678802595
-0.0229674979534898,-0.358879433622904
-0.0675716293013462,-0.353190208528785
-0.111121108327071,-0.341997417325776
-0.152933145182959,-0.325457037755639
-0.19235728345886,-0.303832177048819
-0.228777666206849,-0.277459247508772
-0.261627692362929,-0.246750556885346
-0.290403000737242,-0.212190231774389
-0.314665376191879,-0.174317308216237
-0.33397904858173,-0.133690251594539
-0.347967052383763,-0.0909414917995177
-0.356539236580676,-0.0467976300079523
-0.359585893159327,-0.00193722450123539
-0.357019753805253,0.0429535810815418
-0.348887017944277,0.0871775234395998
-0.335294345628076,0.130042156126462
-0.316462095131122,0.17087936506156
-0.292682581102148,0.209052132951707
-0.264325675083287,0.24396341147087
-0.231846141180039,0.27508469113555
-0.195699891433968,0.301864789878183
-0.156458759747316,0.32385069253244
-0.114801968684805,0.340791659297808
-0.0713690291030647,0.352425288529336
-0.0268309157252877,0.358585403229939
0.0181315152679787,0.359170144486676
0.0628197336831534,0.354134114410516
0.106536164525185,0.343563114308405
0.148594214853462,0.32761296128194
0.188339490370753,0.306540381241864
0.225107223514908,0.280618496182304
0.258336403311121,0.250299677204823
0.287519300613625,0.216076443377071
0.31219487379952,0.178480727528238
0.332001285209962,0.138113551116887
0.346641437509448,0.0956015832658543
0.355898734321612,0.0515998083570712
0.359631574320308,0.00678199197954744
0.357720802134704,-0.0381594070703028
0.350163601440072,-0.0825057324536168
0.33709542589978,-0.125548850583983
0.318763447268937,-0.166621839725326
0.295455041330384,-0.205085498502718
0.267534533305705,-0.240339707029439
0.235431091896063,-0.271828056833756
0.199659580248553,-0.299072501699602
0.160770232010452,-0.321640620458863
0.119383719537634,-0.339217235461143
0.076129642835373,-0.351525037473814
0.0316718845331184,-0.358376550818105
-0.0132998949751592,-0.359464432549551
-0.0580495578698744,-0.354948785946913
-0.101885219262195,-0.344903616119902
-0.144125095670689,-0.329476123367471
-0.184109713900112,-0.308902806559996
-0.221215967480141,-0.283505177251843
-0.254861309390051,-0.253675723080609
-0.284531378194477,-0.219890029202053
-0.309756165965849,-0.182666956330237
-0.330183661638211,-0.142604477750318
-0.345485027806035,-0.10030705455504
-0.355257545634259,-0.0563973491021257
-0.359442289719284,-0.0116180734260011
-0.358062562673961,0.0333285738056371
-0.351089206723579,0.0777498182901042
-0.338642687048899,0.120957607577609
-0.320901266460296,0.16227428506885
-0.298146034366215,0.20105690127648
-0.270732224796952,0.236700367548113
-0.239087997890341,0.268650346376081
-0.203712337181368,0.296417956304731
-0.165156709391392,0.319582639957545
-0.123975371693826,0.337683370540494
-0.0808448196332456,0.350436740662931
-0.0364744119330001,0.357738793141934
0.00845494440540704,0.359491534435381
0.0532530416630803,0.355630288979329
0.0972234110260016,0.346222085075371
0.139677266378655,0.331396151098805
0.179952794663299,0.311390978382687
0.21742283247013,0.286518975668034
0.251500741891763,0.257165730234912
0.281673677969248,0.223802733067296
0.307385750161139,0.186889447429299
0.328225597785671,0.147029528762174
0.343956887200991,0.10490276296455
0.354340446711745,0.0611548809294889
0.359214629143712,0.0164574096953047
0.358498964202142,-0.0285036050969011
0.352172147092925,-0.0730277152788193
0.340340436507657,-0.116419959117768
0.323180721443651,-0.15799903142472
0.300968405759926,-0.197118552613861
0.273994873623873,-0.233121663834958
0.242727217512837,-0.265459206604433
0.207674236169087,-0.293639138665251
0.169381072643289,-0.317216264724837
0.128460109233865,-0.335849621769197
0.0855456202490769,-0.349264068433693
0.0412942362668847,-0.357248723415859
-0.00361375802747233,-0.359682858728089
-0.0484815344304242,-0.356471708574161
-0.0925901667859465,-0.347631964495318
-0.13523783204012,-0.333326207069857
-0.175764196574777,-0.313815542959968
-0.213537587714503,-0.289404375601773
-0.247969671679789,-0.260476310858228
-0.278515855438645,-0.227475531939593
-0.304715077826427,-0.190932063136997
-0.326151505763989,-0.151407969541603
-0.342531502976196,-0.109533034904522
-0.353591389498955,-0.0659416442610723
-0.3591485077618,-0.0213022436959364
-0.358924368667963,0.023681981709739
-0.353121021260086,0.0682823908308725
-0.341814517957456,0.111809605166281
-0.325173176345913,0.153586088161073
-0.303452498795911,0.192959132550189
-0.276993004016216,0.229315634069637
-0.246203423019703,0.262084331541651
-0.211575245220596,0.290766330725861
-0.173639891351732,0.314906672531991
-0.133006522932705,0.334175470285527
-0.0902861842278085,0.348260562781078
-0.0461055874882528,0.356725879135997
-0.00122593497165334,0.359623350176731
0.0436815446241792,0.357120244793263
