-0.394495348540436,-0.394495348540436
-0.41363601706722,-0.374170488961908
-0.431772541093368,-0.352955363813915
-0.448866078792022,-0.330896472557021
-0.464879807204058,-0.308041759715155
-0.479778912329279,-0.28444058582021
-0.493530578391998,-0.260143699175284
-0.50581047997514,-0.235070512092351
-0.516858092553641,-0.209439120852723
-0.526659773940091,-0.183310359639924
-0.535185922526588,-0.156738533950071
-0.542457213660283,-0.129791467134113
-0.548361426786055,-0.102504312167624
-0.552659652538329,-0.0749212596116101
-0.555645142557097,-0.047173612745064
-0.557323956218766,-0.0193183342770706
-0.557649318342763,0.00858827741282758
-0.556631837116204,0.0364841666138424
-0.554107254859939,0.0642884656061494
-0.550088473160935,0.0919118740026469
-0.544755083907013,0.119306164234243
-0.538098657517421,0.146407534200283
-0.530137590034005,0.173155857141031
-0.520889343114809,0.1994912928391
-0.510352266472337,0.225345327563022
-0.498331017657454,0.25054301422139
-0.485106143459002,0.275122520042014
-0.470707833954715,0.299029031527547
-0.455168542976271,0.322209209169738
-0.438521245605815,0.344609778523242
-0.420813498663304,0.366189529190059
-0.401956460081679,0.386777778977842
-0.382030657397247,0.406326798064903
-0.361189194648378,0.424888036045767
-0.339472438630773,0.442413324419867
-0.316948435656264,0.458891086033854
-0.293658438128634,0.474279354028775
-0.269546719287258,0.488353066661585
-0.244727906753832,0.501126071710136
-0.21932560924959,0.512679942446389
-0.19341690342518,0.523045174998632
-0.167046458917738,0.532192221561294
-0.140211582051209,0.539893862782639
-0.112997612287251,0.546098352216664
-0.0855335076740252,0.551044714356071
-0.0578625474218031,0.554661734307901
-0.0300461040612114,0.55695345853269
-0.00214290473511542,0.557879085747067
0.0257649811323321,0.557145023369879
0.0535993697835451,0.555093810191464
0.0812987850766419,0.551696788828879
0.10880197127461,0.54696599952572
0.136048068361098,0.540911667254687
0.162976838161641,0.533546711256404
0.18943577907247,0.524636233798034
0.215412914667679,0.514423384555537
0.240860434507939,0.502965350627037
0.265721505084147,0.490288115791058
0.28993995674492,0.476419217341904
0.313464422645305,0.461394039754849
0.336192125913187,0.445179298362117
0.35797044073949,0.427713994382157
0.378873410652056,0.409219611163559
0.398849457286034,0.38973245377772
0.417870518586685,0.369312034351139
0.435891567773461,0.347998428836561
0.452857000608643,0.325825822240274
0.468476935100998,0.30268630470906
0.482946495643414,0.278820021110099
0.496274599484402,0.254303239070651
0.508430029459872,0.229182680089964
0.519387664896488,0.203508904061567
0.528871477860026,0.17725066916145
0.536968219381177,0.150539175855874
0.543791091139479,0.123480153696554
0.549326691894842,0.096128727247723
0.553563407355877,0.068540325979271
0.556337388382951,0.0407600589344112
0.557568892037871,0.0128726111651613
0.557456016288513,-0.0150357201564849
0.556001732363221,-0.0429039990157856
0.553209236838315,-0.0706717344598701
0.549085649398497,-0.0982789924435516
0.543521064024138,-0.125637829669186
0.536448329715819,-0.15264318365919
0.528078300287433,-0.179268487864034
0.518430173785109,-0.205454569103384
0.507526281809811,-0.231143456176833
0.495388060092511,-0.256276417416788
0.48204320364778,-0.280797117287524
0.467339647524273,-0.304530313181053
0.451445045853828,-0.327476166662941
0.434455969455394,-0.349617826770422
0.416421377135399,-0.370914059423207
0.397379087755447,-0.391316462093822
0.377370772431863,-0.410779757416499
0.35637328862223,-0.429179813391894
0.334375351351653,-0.446366494591269
0.311588849772747,-0.462480235549159
0.28806147031121,-0.477486611488784
0.263842827266126,-0.491354007237399
0.238982655751121,-0.504050432953285
0.213435742557505,-0.515310787113429
0.187349288183017,-0.525234118888556
0.160833750326204,-0.533928390590045
0.133939679858462,-0.541377262303887
0.106718228506044,-0.547567072332115
0.0791738118283394,-0.552123678393197
0.0514436238068926,-0.555297035203645
0.0235984472193553,-0.557142910543062
-0.00430302716137174,-0.557657721201985
-0.0322023660812236,-0.556843581970648
-0.0600353186769502,-0.554653987820791
-0.0876905111028509,-0.550828748605214
-0.115121392016207,-0.545673926270661
-0.142267587355315,-0.539201584054068
-0.169070256495626,-0.531429134625277
-0.195466252053795,-0.522362255705388
-0.221397047403062,-0.512024633227802
-0.246731233880069,-0.500292718167927
-0.27140370226449,-0.487235610402566
-0.295408801551673,-0.47299903776747
-0.318695351182808,-0.457619562842748
-0.341211034830091,-0.441130848887657
-0.362905496840492,-0.423569399999944
-0.383729814675755,-0.404973523571777
-0.403410651523882,-0.385171327748093
-0.422111797812474,-0.364452281888621
-0.43979319267271,-0.342861797989926
-0.456416753410702,-0.320446786860698
-0.471942094715191,-0.297253111467235
-0.486329487334524,-0.273327123362703
-0.499258152100607,-0.248584285264268
-0.510998253182533,-0.223265705465847
-0.521526694277152,-0.19742300170998
-0.53082186626736,-0.17110844211822
-0.538866707141882,-0.144375776988637
-0.545299148691229,-0.117208370189519
-0.550383462400768,-0.0897656319513845
-0.554164794942102,-0.0621177899285297
-0.556644149869765,-0.0343209766750398
-0.557767797136431,-0.00643031738446848
-0.557429422455702,0.0214864150103932
-0.555537893788877,0.0493375433761856
-0.552310879429856,0.0770590830068955
-0.547762666681902,0.104592461826249
-0.541880950304421,0.131873488487781
-0.534684537622648,0.15884183124302
-0.526173166138634,0.185431558090103
-0.516122471530983,0.211477962276616
-0.504827110807054,0.237001777695976
-0.492309524982727,0.261944695324924
-0.47859838443208,0.286250998476294
-0.463724318744414,0.309866200277481
-0.447719672043198,0.332736798668846
-0.430518466991741,0.354727367324396
-0.412152030419887,0.375749221477561
-0.392796467597153,0.395855683715889
-0.372494803217167,0.415002816715398
-0.351288036083324,0.433143638346727
-0.32924194171245,0.450263425219914
-0.306324277308093,0.46620812066921
-0.282552049074291,0.480841053658507
-0.258114160104084,0.494318573415299
-0.233056152467141,0.506598393361738
-0.207455521828885,0.517710744810136
-0.181342582009555,0.527587448604374
-0.154670900894786,0.535832910924085
-0.127652991427192,0.542821385669246
-0.100343000723171,0.548553900768008
-0.0727842926369247,0.552962289804142
-0.0450387573569497,0.556051927845169
-0.0171580250091171,0.557503426506638
0.0107526757046922,0.557568170944131
0.0386311163983767,0.556313642712751
0.0664160621784887,0.553707137457483
0.0940460414418165,0.549762066495534
0.121459940702734,0.544486519009561
0.148529260938688,0.537652249808119
0.17521485149135,0.529466910551814
0.20146785820273,0.519998434807339
0.227229737186881,0.509269436953857
0.252442781475329,0.497303944176358
0.277050259344715,0.484128131601134
0.300964827697464,0.469721116676107
0.324021114172899,0.45398034865838
0.346283177373053,0.437146064445502
0.36770182659512,0.419256236689391
0.388225930184221,0.400347282294731
0.407824862997586,0.3804762045101
0.426450853711506,0.359680402369012
0.44382881292868,0.337829643401434
0.460099843755779,0.315151438528342
0.475246848034683,0.291713328481129
0.489274822315835,0.267589581327517
0.502147614523262,0.242824101560873
0.513729289739794,0.217421350740138
0.523832228181667,0.191398698003048
0.532687038981811,0.164933417818702
0.540283294853479,0.138081992546632
0.546604434643428,0.110898113680619
0.551614174882617,0.0834329532521554
0.554936849979192,0.0557137303740821
0.556966298211946,0.0278786578597147
0.557649843133859,-1.92994010290107e-05
0.556992633328149,-0.0279188164852112
0.554995713313516,-0.0557594906751436
0.551579403582701,-0.083468312051564
0.546601997348762,-0.110937583277724
0.54030171139613,-0.138127439490038
0.532693790443322,-0.164977388350997
0.523795370787934,-0.191427672337389
0.513626636896228,-0.217419613005157
0.502205847067533,-0.24289325148464
0.4893770081144,-0.267690152767019
0.475293077134262,-0.291789970589343
0.460060418432626,-0.315174841278144
0.443710625118008,-0.33779045291885
0.426289921285073,-0.359593517871666
0.407833740162881,-0.380533652452135
0.388333531661926,-0.400513516546037
0.367730100284926,-0.419350764487984
0.346238027593231,-0.437156682652255
0.323925093246707,-0.453916170337021
0.300836040632636,-0.469590832232992
0.277019588487157,-0.484147087595672
0.252467439635082,-0.497437566062872
0.227201151058314,-0.50930537866571
0.201416443976614,-0.519977861236226
0.175162155042819,-0.529432861689864
0.148488783810093,-0.537651848382472
0.121409720069061,-0.544445280921738
0.0939989483206742,-0.549720787102926
0.0663738176695155,-0.553680091052993
0.0385931142456151,-0.55631796580833
0.0107150900356728,-0.557628780926933
-0.0172019406103292,-0.557609746435037
-0.0450721322553194,-0.555961299956657
-0.0728183171775009,-0.552921043196288
-0.100380809325922,-0.548546145555873
-0.12769897916342,-0.542846594093166
-0.154713362404049,-0.535836957037563
-0.181360030145355,-0.527519403831435
-0.207531977716278,-0.517798598715206
-0.233134082162934,-0.506672266311464
-0.258161782739389,-0.494320822684937
-0.282558713859156,-0.480771358302243
-0.306272056269925,-0.466057479214469
-0.329248239322515,-0.450211026476243
-0.351435597707612,-0.433266862677183
-0.372614171204221,-0.415075515381824
-0.392845061422356,-0.395844950672609
-0.412125603818812,-0.375668647482872
-0.430412890239922,-0.35458938252054
-0.447667082294777,-0.332652902568297
-0.463849138100538,-0.309905777139885
-0.478706848407529,-0.286268990274095
-0.492335757758615,-0.261911674080203
-0.504792959366526,-0.236940755125072
-0.516053285331239,-0.211407381058674
-0.52609257288237,-0.185363254736648
-0.534732758538742,-0.158815319771252
-0.541879111647208,-0.131832042699085
-0.547743400911607,-0.1045488965916
-0.552314409617561,-0.0770205993910625
-0.555587614372569,-0.0493024598945225
-0.557469179917078,-0.0214471268528634
-0.557709622718721,0.00646951843526842
-0.556609722808085,0.0343577223851797
-0.554172564793756,0.0621573722338858
-0.550408771714734,0.0898094952199973
-0.545302110834074,0.117249642391963
-0.538871946505513,0.144417270029147
-0.530868783198172,0.171164306760014
-0.521562154620404,0.197478987571007
-0.510996456454396,0.223309470761494
-0.499190913429191,0.248596256647811
-0.486172907239843,0.273282866313141
-0.471971248803495,0.297313747251282
-0.456540976351391,0.320580990091706
-0.439838812288332,0.342949642156854
-0.422080279938428,0.364480803225248
-0.403304778738845,0.385126948610572
-0.383553907305894,0.404842579148232
-0.362869019890954,0.423581445819757
-0.341300587200329,0.441308792854831
-0.318711530663618,0.457714600320474
-0.295370784481712,0.473016833916929
-0.27132828067921,0.48718366803415
-0.246630585028637,0.500175484850262
-0.221353688784296,0.512017614504668
-0.195445551894843,0.522419686567167
-0.169027277796696,0.531425593780081
-0.142222340536623,0.539183264439759
-0.115084237839673,0.545686206850656
-0.0876575919923826,0.550874663833087
-0.0599871027932788,0.554588449819478
-0.0321587152394581,0.556771886507843
-0.00426458454404444,0.557627040662343
0.0236375907820696,0.557162323307056
0.0514870657561858,0.555341033466944
0.0792221048791348,0.552177718009208
0.106748160602095,0.547512194161578
0.133981258095092,0.541383740268635
0.16088340531588,0.533955834402471
0.18739146550499,0.525231463439343
0.213446489194588,0.515232575968802
0.23898999432922,0.503981284884746
0.263964105089481,0.491501259215257
0.288159727324457,0.477571542864926
0.311646465867633,0.462490598974862
0.334372177463537,0.446292657253684
0.356286361724802,0.429014088929929
0.377337959496983,0.410691089171988
0.39749376510543,0.391378172331479
0.416563675678184,0.370987116494018
0.434519591805886,0.349615247698398
0.451423071188319,0.32740879031346
0.467228238499078,0.304410332633712
0.481936131480142,0.280692241837932
0.49550670633041,0.256296103912917
0.50761443456103,0.231139845688139
0.518449966855914,0.205418727354144
0.528046969110986,0.179215399681076
0.536403014114808,0.152589427198985
0.543497279957679,0.12559238823935
0.549070786750284,0.0982361321723482
0.553178021416996,0.0706282778933842
0.555996510145166,0.0428647323023728
0.557469172449403,0.0149971260147601
0.557603015206869,-0.0129127991466393
0.556397009285207,-0.0408048313571222
0.553530753995567,-0.0685758860149051
0.549332927629785,-0.0961695082632703
0.543803078317085,-0.123523580943924
0.536956534321969,-0.150577419074498
0.528808416704232,-0.177270774727901
0.519376644932599,-0.203544288415822
0.508531708371353,-0.229270827571111
0.496335688491603,-0.254380286706089
0.482939635846363,-0.278864283082201
0.468373965182439,-0.302668236632797
0.452669546800637,-0.325737566962609
0.435869855044125,-0.348026943005926
0.418008308650004,-0.369484370683363
0.398907336134438,-0.389846208204066
0.378848623131818,-0.409254674558847
0.357872264793788,-0.427661055908887
0.336043766706051,-0.445047107903723
0.313405361314317,-0.461371177454281
0.290004865634936,-0.476597827913098
0.2657284784043,-0.490385535505058
0.240815313294337,-0.502966912969369
0.215346926057739,-0.51437039823847
0.189370036640459,-0.52456854383985
0.162935065849408,-0.533540752463243
0.136006441173191,-0.540907941739855
0.10875913762137,-0.546952155350774
0.0812580291537116,-0.551687544519604
0.0535618281343296,-0.555108757071117
0.0257282480579028,-0.557208214983473
-0.00218347650424281,-0.557820299319127
-0.030083013940541,-0.556906813991274
-0.0579001369252846,-0.55464746590551
-0.0855735909764804,-0.551049672863174
-0.113042585234116,-0.546121402177849
-0.140247138963573,-0.539874372319934
-0.167106837576574,-0.532257068759093
-0.193486959786666,-0.523120967750276
-0.219387211148192,-0.512719770620027
-0.244749910998262,-0.50107731384384
-0.269518191944106,-0.488219385829307
-0.29363763718831,-0.474176589031722
-0.317053645251282,-0.458979228037973
-0.339609514341205,-0.44252667812636
-0.361259317222919,-0.424905930316521
-0.382021303045878,-0.406255418406903
-0.401862049108943,-0.386631263120868
-0.420736278735126,-0.366073969685503
-0.438602495753513,-0.344628117474738
-0.455336436106183,-0.322280314112824
-0.470772169678772,-0.299020473140149
-0.485083639086625,-0.275061674386543
-0.498240735910315,-0.250452806676322
-0.510216327228782,-0.225244526061379
-0.520984821043816,-0.199488270096012
-0.530193554516432,-0.173132223469831
-0.538096525321323,-0.14636515338078
-0.544730173472307,-0.119260230761202
-0.550081492337625,-0.0918712430086584
-0.554140849754879,-0.0642524548293529
-0.556597801493853,-0.036442020832128
-0.557623732535191,-0.00854856652800307
-0.557310849984164,0.0193567074813356
-0.555660216235264,0.0472138655662576
-0.552678857951934,0.0749636889265038
-0.5483464662099,0.102541621730779
-0.54248614571328,0.129838455361877
-0.535218858946011,0.156789259764282
-0.526658000054729,0.183352144335314
-0.516824799017486,0.209468999535803
-0.505735192682184,0.235079203255684
-0.493415490984093,0.260125637349327
-0.479868164147311,0.284537194955539
-0.464931908402192,0.30812358994628
-0.448870059000925,0.330950178599839
-0.431727400695092,0.352971641211276
-0.413541183441891,0.374138668007065
-0.394351577467493,0.394404285568279
-0.374199992046994,0.413722535961278
-0.352997392947671,0.431885818590918
-0.330886656719722,0.448921650993783
-0.307990238157709,0.464876307802737
-0.284357197981569,0.479716097290865
-0.260034861444921,0.493403222823813
-0.23508724724233,0.505935424673472
-0.209416036127774,0.516907221147102
-0.183267497423562,0.526658619992439
-0.156693107527686,0.535171321975999
-0.129745787137675,0.542433047464856
-0.102471571660165,0.548392927509498
-0.0748875278830646,0.552701680810935
-0.0471354376308655,0.555665078842015
-0.0192780668957433,0.557305012778914
0.00862706688721829,0.557625940931093
0.0365199269944932,0.55658705412797
0.0643321252503266,0.554150192797964
0.0919559203494412,0.550114465178711
0.11934614770154,0.544753100856017
0.146444373571316,0.538083716660042
0.173186858033829,0.530105644159677
0.199514295358866,0.520840311749527
0.225367513290813,0.510307934823511
0.250594284329421,0.498346955282457
0.275166497102694,0.485104138975567
0.299064362155672,0.470689586859122
0.32223455069492,0.455135764561242
0.344625334550986,0.438477441629256
0.366185468113574,0.420750337578535
0.386837610707659,0.401963410822274
0.406372424500613,0.3820197333914
0.424919439091545,0.361163935985292
0.442438681856819,0.339441958330733
0.458885244570791,0.316896784300814
0.474256253857737,0.293598907086767
0.488407403444937,0.26953257322138
0.501158543126348,0.244699952157329
0.512712490179367,0.219296485264942
0.523039168155163,0.193372486584292
0.532144613042284,0.166991021265436
0.539987269399229,0.140196847490602
0.546160028012819,0.11297013023497
0.55104450500541,0.0854930169192732
0.554646199453177,0.0578210822851243
0.556903487026096,0.0300043413813322
0.557825156441139,0.0021050181279094
0.557212065040122,-0.0258067354814148
0.555113802552545,-0.0536410452425264
0.551695102007857,-0.0813387447289591
0.546936327171596,-0.10883661372056
0.540853016043212,-0.136073772852871
0.533458292726916,-0.162989565927873
0.524686315246937,-0.18949437662464
0.514446889399231,-0.215465201945883
0.502963033891485,-0.240903477799866
0.490261203081862,-0.265752385356679
0.476370030868008,-0.289956351775223
0.461319449940028,-0.313460386163552
0.445150155179894,-0.336217162152313
0.427732105275593,-0.358036190574717
0.409213742058141,-0.378921961356711
0.389711147823341,-0.398884719639575
0.369262772061746,-0.417874712253187
0.347931846855583,-0.435870601948652
0.325758344098878,-0.45282795498838
0.30268380426845,-0.468544398793271
0.27880821194359,-0.48300492906954
0.254263861491978,-0.496285501522971
0.229128354435528,-0.508405714203234
0.203446484144867,-0.519333605017968
0.177233976028713,-0.528942373697116
0.150507784686038,-0.537001997605083
0.123442810359475,-0.543805773322394
0.096085658218549,-0.549310693430002
0.068494525550007,-0.553509909798102
0.0407264954777877,-0.556393955613091
0.0128343477542225,-0.557603761068381
-0.0150757248353708,-0.557473280449881
-0.0429433320179208,-0.555993736943432
-0.0707070669097743,-0.553173159130206
-0.0983060604275379,-0.549017518075668
-0.125679896541101,-0.543535561761873
-0.152693167233834,-0.536482357979215
-0.179314025113183,-0.528089374431095
-0.205492719252448,-0.518418179743421
-0.231170860180545,-0.507490736851636
-0.256291026636747,-0.495331357375246
-0.280797270584771,-0.481967590454177
-0.304594999358027,-0.467368678743207
-0.32752954528925,-0.451451822690501
-0.349661195511662,-0.43444668419153
-0.37093689934803,-0.416387280444745
-0.391320713894992,-0.397327186063296
-0.410765311511304,-0.3773048407509
-0.429227607110835,-0.356363624843006
-0.446434582327237,-0.334377997739805
-0.462516612735119,-0.311565519951364
-0.47749615653861,-0.288020667153471
-0.491339472859865,-0.263790246463787
-0.504017527851059,-0.238924368610294
-0.515400892143905,-0.213432123246276
-0.525290316963904,-0.187327395864137
-0.533941866170292,-0.160795702049906
-0.541338051284461,-0.13388890233868
-0.547464146705092,-0.106659755374296
-0.552205501893066,-0.0791471323107432
-0.555348811651603,-0.0514089137458172
-0.557157667353403,-0.0235588729721025
-0.557630456419711,0.00434297200074388
-0.55676624548039,0.0322369484068354
-0.554568317311243,0.0600637175059077
-0.550901339852718,0.0877407002727853
-0.545713411597021,0.115170075753801
-0.539206729114882,0.142310462259056
-0.531396267154624,0.169101797511737
-0.522301166110122,0.19548538697161
-0.511934011834119,0.221399562484077
-0.500320248175555,0.246786666698189
-0.487273567690941,0.271469379325766
-0.473008187734546,0.295461294421246
-0.457596436304146,0.318728033293093
-0.441080280966019,0.341222314877054
-0.423495004292397,0.362893267523643
-0.404879317641525,0.383692506929693
-0.385205936719939,0.403501824513896
-0.364452718089939,0.422172693755549
-0.342834606630557,0.439823641887319
-0.320397739223872,0.456416576363493
-0.29719025628529,0.471915997038928
-0.273260110208405,0.486285460201642
-0.248584901313758,0.499345829359802
-0.223240120749457,0.511039698635311
-0.197379642861043,0.521525835701847
-0.171054819489522,0.530783905882944
-0.14431802730653,0.538797094053638
-0.11718719509183,0.545382234217997
-0.089733465057877,0.550432791185733
-0.0620781291003881,0.554173071993866
-0.0342782557670456,0.556595944265214
-0.00639101266227359,0.557701813281741
0.0215244300188302,0.557445673460919
0.0493820193982735,0.555599443941942
0.0771032445823542,0.552338994672898
0.104630397606451,0.547747891812369
0.131904610010699,0.541841193961173
0.158861635143885,0.534614494927104
0.185441856117588,0.526088911719746
0.211542248652107,0.516178284420337
0.237056364877281,0.504850922040934
0.261986676870941,0.49230356740409
0.286277524896459,0.478564823844325
0.309874544625157,0.463665558480886
0.332724840342336,0.447638909238042
0.354776826887197,0.430519946299004
0.375819594089159,0.412171644305474
0.395903507614307,0.392787827907198
0.415026694163171,0.372462338766549
0.433147561870326,0.351239929771549
0.450221881936355,0.329163854475278
0.466243002624901,0.306302691848006
0.480911466862581,0.282548136384698
0.494354647994977,0.258087916222657
0.506616558237316,0.233020292632175
0.51766454290764,0.207394703340812
0.527513201633032,0.181277996439197
0.535935825144816,0.154660511897853
0.542871106655027,0.127623294710895
0.548529772967625,0.100297624136045
0.55291271663497,0.0727381031954877
0.555953651097354,0.0449929442712582
0.557607093635375,0.0171233580037987
0.557629910700611,-0.0107934203703524
0.556316649425851,-0.0386716207999074
0.553679957270331,-0.0664530699406548
0.549695977062378,-0.0940746497704819
0.544380743430333,-0.12147527788167
0.537743818404895,-0.148593528585308
0.529514094217079,-0.175271590916568
0.520010708664985,-0.201515385844952
0.509247139833737,-0.227263832952648
0.497248676184108,-0.25245948108158
0.484042140225757,-0.277045822857107
0.469656341451768,-0.300967357720234
0.454028810444378,-0.324102638954895
0.437159805059461,-0.346344597694065
0.419238958228912,-0.367740174394989
0.400306439555055,-0.388242257802256
0.380400733317586,-0.40780145390345
0.359582759470519,-0.426393446790656
0.337857567019419,-0.443928125486004
0.315148694650802,-0.460165712265007
0.291693633051739,-0.47529155912787
0.267536032846229,-0.489260492833356
0.242751908028851,-0.502087477630596
0.217384069812764,-0.513736357716962
0.191385266913805,-0.523909167817089
0.164901809044742,-0.532720100755374
0.138039478436465,-0.540278685183729
0.110847100875718,-0.546550628760681
0.0833819547416022,-0.551526579498914
0.0556853226437322,-0.555037496490848
0.0278404245332778,-0.556998835596627
-5.93690476009216e-05,-0.557652840260246
-0.0279569150037514,-0.556955452468788
-0.0557905913172133,-0.554915597375879
-0.083499520033421,-0.551537233854109
-0.110990506254495,-0.546669873182578
-0.138176904601112,-0.540335705166892
-0.16501910347652,-0.532692719703969
-0.191457301209167,-0.523759455516226
-0.217432457699943,-0.513555970452066
-0.242886544749631,-0.502104891866127
-0.267762165877365,-0.489430670979409
-0.291857334140119,-0.475328148540385
-0.315225173544579,-0.460063200099679
-0.337822673880487,-0.443686636306421
-0.359596710619718,-0.426232051820234
-0.380508929536592,-0.407750432753462
-0.40051012377298,-0.388278204791984
-0.419434220046712,-0.367752044346943
-0.437223151058364,-0.346240223439389
-0.453939540963034,-0.32389233982082
-0.469576168424816,-0.300779250411976
-0.484095864314371,-0.276945619367155
-0.497467714757655,-0.252440925796691
-0.509403106178468,-0.227202437146608
-0.520018142491454,-0.201388841118661
-0.529414650308505,-0.175113563834264
-0.537571069251941,-0.148426046001202
-0.544470963540059,-0.121377925309193
-0.5497891209551,-0.0939710284986017
-0.55371431051479,-0.0663376771756642
-0.556307267850817,-0.038551963263737
-0.55756811419906,-0.0106742560941944
-0.557493901595988,0.0172361087285865
-0.556055231161301,0.0451174482541995
-0.552978357122502,0.072865332055355
-0.548564885180336,0.100425022475588
-0.542825507998059,0.127735468118574
-0.535773190610336,0.154736237517253
-0.527424696076726,0.181368023525609
-0.517789212679467,0.207568184907098
-0.506729497559098,0.233202946830903
-0.494342166825288,0.258217802302542
-0.480759457831137,0.28259832803718
-0.466010332963017,0.30628892609903
-0.450133905500938,0.329240449381863
-0.433163577627879,0.351400610404797
-0.415124103663577,0.372708473115077
-0.395868115839157,0.392923045133408
-0.375654454729691,0.412169550484452
-0.354545840393042,0.430423357491463
-0.332585974063882,0.447643413799751
-0.309821996322205,0.463792434455486
-0.286299345807622,0.478829926999322
-0.261905103458666,0.492407452619952
-0.236906686556255,0.504815526903187
-0.211354469121474,0.516029924604048
-0.185299565107056,0.526028273211266
-0.15879383590921,0.534790230441862
-0.131810994076346,0.541957443860474
-0.104514268391321,0.547776869591535
-0.0769770827596213,0.552295193087266
-0.0492558292432784,0.555503405034491
-0.0214071514163308,0.557397351793799
0.00650869826692145,0.557798123387721
0.0344005281993809,0.556659059070188
0.0621987883570251,0.554179470026383
0.0898429806591281,0.550365313909268
0.117273810675129,0.545228699774266
0.144426594248787,0.538761428831365
0.171230844772938,0.530951875008018
0.197538319745417,0.521607886701983
0.223356139501859,0.511003345114521
0.248627166414222,0.499162965994779
0.273294342443318,0.486112230101032
0.297302385717568,0.471880541244653
0.320597270762023,0.45649934530697
0.343034614522801,0.439885604502517
0.364541076058516,0.422089435969015
0.385160485798384,0.403281580267358
0.404847322693774,0.383503122837285
0.423558400089582,0.362797552292382
0.441250102384063,0.341208394144963
0.457814826524772,0.318734932626839
0.473076920833573,0.295361372324914
0.487204043563534,0.271293420578743
0.500167169597658,0.246581743122376
0.511932455164219,0.221275324373301
0.522522817665123,0.195444832624428
0.531504429129411,0.169010806335662
0.539202485761231,0.142185345847653
0.545636958643482,0.115033071484076
0.550803412840634,0.0876073060077585
0.554630806671082,0.0599543961311014
0.556848136610107,0.0321240537899407
0.557660214780615,0.00422465110249602
0.55713769934029,-0.0236767784454865
0.555289353905712,-0.0515219194805509
0.552087030158383,-0.0792478062918521
0.547547752324038,-0.106793129041865
0.541446715482547,-0.134036899966604
0.533975075733006,-0.160930772574685
0.525218051607161,-0.187429234120081
0.515185713167625,-0.213470277257419
0.503902428615425,-0.23899591812366
0.491393147607039,-0.263948754035273
0.477631969736103,-0.288240331163731
0.462515029037827,-0.311710270498266
0.446284470019072,-0.334416147771499
0.428976769762987,-0.356307647864237
0.410630571493619,-0.377336246864336
0.39128435740905,-0.397452834963661
0.370996668698069,-0.416630283503322
0.349626355196463,-0.434595735340407
0.327391583279287,-0.451467554766854
0.304376492255319,-0.467250070280762
0.280625521066172,-0.481899994987292
0.256212955491067,-0.495427949914324
0.231144068423051,-0.507715520019382
0.205397628262589,-0.518504589181004
0.179178661357844,-0.528063730759732
0.152540619885397,-0.536376716304831
0.125534613616671,-0.543417437109544
0.0982165837601419,-0.549173134101092
0.0705983667783998,-0.553254856987837
0.0428249156887204,-0.556003645630625
0.0149565492963804,-0.557447488249508
-0.0129505554469276,-0.557538106902593
-0.0408344446680249,-0.556285915487329
-0.0686260360930199,-0.553627296919037
-0.0962170532656463,-0.549376139616708
-0.123566796598574,-0.543812739579204
-0.150611604157591,-0.536929660487588
-0.177291406965227,-0.528745165783031
-0.203546555725579,-0.519277343035877
-0.229318346500585,-0.508546865801811
-0.254448722040011,-0.49638443812895
-0.278918249537476,-0.482953440447052
-0.302704044515435,-0.468355175001347
-0.325753126852617,-0.452622642124043
-0.348012224793591,-0.435788924166234
-0.369440716140099,-0.41790236638291
-0.389938031074496,-0.398946841315624
-0.40932056509265,-0.378855836140418
-0.427706955031009,-0.357858381545902
-0.445048512114428,-0.335994547243494
-0.461334540025661,-0.313333068278794
-0.476524389545824,-0.289916201008301
-0.490478722208048,-0.265735449710789
-0.503042344989825,-0.240807585509137
-0.514381000769997,-0.215307506421261
-0.524523392242087,-0.189311469149522
-0.533442389766938,-0.162865533595471
-0.541013848037688,-0.135993848072129
-0.54698524352565,-0.108725202216809
-0.551696857835593,-0.0812190201607324
-0.555078820214407,-0.0535189573017038
-0.557133817512986,-0.0256860206814567
-0.557856821563257,0.00222085323940049
-0.556958483959943,0.0301247702210179
-0.55467168591627,0.0579425479704884
-0.551041385363654,0.0856128632057045
-0.546079030947488,0.113074516478245
-0.539795508154024,0.140266752159098
-0.532204776954202,0.167129589918558
-0.523174214122379,0.193547560534228
-0.512742642218615,0.219439986227761
-0.501070698925684,0.244791262800329
-0.488184968213458,0.26954484245283
-0.474113340310869,0.293644697412639
-0.458892040765592,0.317039926340358
-0.442552612452141,0.339676917229943
-0.424924208591666,0.361326058888483
-0.406253389464384,0.382073874019381
-0.386597755339557,0.401884952109345
-0.366017571492494,0.420731930480394
-0.344553909552173,0.438570814516364
-0.322252804304825,0.455362527849642
-0.299029339291605,0.470858035449291
-0.275038991398943,0.485124574388161
-0.250408760016624,0.498242495572754
-0.225186458565607,0.510182479362163
-0.199422821525981,0.520920071394254
-0.173119180088392,0.530276552795952
-0.146337781845634,0.53814668950278
-0.119220921301182,0.544738946730222
-0.0918239924783335,0.550040595544496
-0.0642026420048299,0.554040672254944
-0.0364098239012481,0.556683756761101
-0.00851025046999628,0.557678635735051
0.0193974734038848,0.557330141424655
0.0472525523123892,0.555640326728815
0.0749944991549836,0.552613059391547
0.102563569617462,0.548256870213586
0.129894670995233,0.542559745616916
0.156844070317003,0.535266974081138
0.183399620289392,0.526672900363581
0.20950409975895,0.516804683321698
0.235099766580715,0.505685301269115
0.260128250808644,0.493337090303404
0.284533453077994,0.479788127180458
0.308199178751087,0.464976624744656
0.331012549269023,0.448888427754975
0.353011225744656,0.43171264228618
0.374154543193834,0.413499027020437
0.394394818279705,0.39428626038345
0.413687269058578,0.374116463275114
0.43198898787783,0.353033540926074
0.448991017639878,0.330889093473506
0.464911071501012,0.307965125392355
0.479717011896201,0.284311086539116
0.493377844044979,0.259976874411764
0.505860445192484,0.235011756698308
0.516998705015243,0.209411608230797
0.526697601974047,0.183238587642625
0.535163061253514,0.156648716906983
0.542379403242449,0.129692748313292
0.54833561431971,0.10242231241767
0.552761501667893,0.074856801534222
0.555699962275707,0.0470986786139128
0.557309373996356,0.0192381390270435
0.55758682223072,-0.00866602491373309
0.556536258730958,-0.0365554193880131
0.554125215800526,-0.064367211419872
0.550160122367453,-0.0920028700005462
0.544774073764362,-0.11939125957136
0.538072938532117,-0.146482671015396
0.530075108794614,-0.173218514615519
0.520787236172913,-0.199535903104138
0.510233084128838,-0.225376416091887
0.498386211216483,-0.2506568139763
0.485121071089912,-0.275220946792606
0.470682244071123,-0.299106610106403
0.455107140234542,-0.322263081164746
0.438430092951633,-0.344638503770013
0.42068811935315,-0.366182948106329
0.401919727039231,-0.386847596500294
0.382027130197468,-0.406436762124884
0.361148950770065,-0.424962977087533
0.339409108104804,-0.442461391981334
0.316854885962728,-0.45889448859907
0.293531714626989,-0.474221053874309
0.269511964909024,-0.488447712880534
0.244683013030005,-0.501213133851939
0.219263618766175,-0.51273692746526
0.193332066757561,-0.523044512558003
0.166940868822567,-0.532115257362146
0.140143292488626,-0.539930408236234
0.112945565505732,-0.546232499625945
0.0854585752452084,-0.551082957219955
0.0577789950535246,-0.554627829274826
0.0299631668306312,-0.55687029205363
0.00206637824569009,-0.557757827018683
-0.0258482728062405,-0.557289891957391
-0.053685159840586,-0.555163037282824
-0.0813798991289406,-0.551701520762631
-0.108874115690038,-0.546920970806098
-0.136103761810345,-0.54081015726991
-0.163008553998819,-0.53338760691996
-0.189528260016041,-0.524669342779619
-0.21552296034243,-0.514484922287292
-0.240952653767413,-0.50297441043159
-0.265790191336309,-0.49024718814346
-0.289980114015221,-0.476332355579634
-0.313468284871933,-0.46126110819348
-0.336201238572629,-0.445065942722676
-0.358112959650152,-0.427764758331344
-0.37898099529882,-0.409219767853017
-0.3989244486726,-0.38969426521079
-0.417899882713991,-0.369231723902634
-0.435859828438679,-0.347872846565115
-0.452790392198908,-0.325684115863813
-0.46862776050373,-0.302692416779247
-0.483059331601164,-0.278794250388263
-0.496329395186943,-0.25424159660704
-0.508394310949938,-0.229079479451247
-0.519285603974736,-0.203385966305139
-0.528969278806245,-0.177203339263486
-0.537052029490417,-0.15048104573644
-0.543808509642721,-0.123402769442079
-0.549309278713144,-0.0960453986370868
-0.553484334267143,-0.0684519222391697
-0.556338671334267,-0.0406840624933174
-0.5576537632054,-0.0127967720354964
-0.557482731893624,0.0151153881038882
-0.555993295135838,0.0429828762310653
-0.55315385464837,0.070744436592271
-0.548977216028156,0.0983386722986729
-0.543472121616332,0.125704550392033
-0.53650873838216,0.152740726784228
-0.52809943627494,0.179358770147396
-0.518411322975311,0.205532577566998
-0.507467165130987,0.231203724014023
-0.495291587823307,0.256314765812212
-0.481911188833054,0.280809145273619
-0.467359278147303,0.304634302507057
-0.451455668813338,0.327580495368333
-0.434434469893093,0.349702022358191
-0.416365523457601,0.370970512885133
-0.397285161655888,0.391334654056065
-0.377251137772777,0.410764514214969
-0.356301758781172,0.429213220354933
-0.334366979260026,0.446484654408901
-0.31155107640835,0.46256529752829
-0.287984981456856,0.477513733926794
-0.26374360092533,0.491336009293455
-0.238871854507562,0.503997642164855
-0.213411592597158,0.515451798380518
-0.187301748352542,0.525334277493417
-0.160761560088355,0.533965619314418
-0.133846869666366,0.541333624437847
-0.106611845640511,0.547422828652829
-0.0791113179367851,0.552220244038766
-0.0513730188453514,0.555384077345843
-0.0235202504718158,0.557178082312169
0.00438273894300752,0.557626856291883
0.0322747939456079,0.556734617809116
0.060095491139501,0.554503073665804
0.0877846374150394,0.550936535607528
0.115216603993056,0.545745815799312
0.142354280722987,0.53921770577963
0.169140020034366,0.531384950059614
0.19551424170043,0.522265315457495
0.221418503870185,0.511879695844973
0.246793195892848,0.500247263689554
0.271528885928138,0.487301256779113
0.295511841699815,0.473014955211418
0.318769327622259,0.457586440618384
0.341247041753692,0.441047431051506
0.362902256636215,0.423444953588293
0.383685215178981,0.404815222080452
0.403549546770575,0.385198896234023
0.422236723997762,0.36445685719382
0.439861696124332,0.342814087584196
0.456432009042762,0.320359929895959
0.471910571946579,0.297140147462292
0.486264402569559,0.273203752096141
0.499433557169191,0.24858656328887
0.511086656917371,0.223217738180208
0.521538417696514,0.197341731498952
0.530768916032182,0.171008340316251
0.538760301641145,0.144268120748146
0.545414138653181,0.117154647257078
0.550458805372399,0.0896981948623565
0.554186085821333,0.0620398353692853
0.556590057712359,0.0342381634567057
0.5576657303636,0.00635155603545304
0.557412062875802,-0.0215616488967164
0.555623764248647,-0.0494230047418146
0.552351840157549,-0.077144679070672
0.547746695361561,-0.104670451573809
0.541818956187679,-0.131939773181502
0.534584177129199,-0.158893401449826
0.526045529560657,-0.185467642602068
0.516195517303181,-0.211591008346458
0.504855338707581,-0.237101622806373
0.492295148114394,-0.262026694379063
0.478542403584971,-0.28631000141764
0.463631568822614,-0.309899176987956
0.447595057559181,-0.332741033763284
0.430468239679009,-0.354784303428118
0.412171967600447,-0.375872013054263
0.392771405423768,-0.395942576017872
0.372433567045136,-0.415053781395453
0.351202129608296,-0.433163644356442
0.329123210901879,-0.45023286002033
0.306243056774839,-0.466221801896422
0.282530951019818,-0.480958592827157
0.258057601468475,-0.494381762809813
0.232981994326181,-0.506627901897492
0.207355452889469,-0.517672480230479
0.181229814393091,-0.52749188466824
0.154637186798945,-0.535992841065126
0.12759255113594,-0.542912134040076
0.100259970620018,-0.548545797318423
0.0726944047171313,-0.5528832229092
0.0449514401745868,-0.555921925355651
0.0170853084069891,-0.557605039040734
-0.0108331369860281,-0.557669797416108
-0.0387126713148035,-0.556336109760075
-0.0664912898392473,-0.553665624229933
-0.0941101702776869,-0.549670282243155
-0.121504968491474,-0.544334966901277
-0.148615194270778,-0.537678728334889
-0.175322420825728,-0.529544430589934
-0.201560232479399,-0.520017824061696
-0.227389787133323,-0.509435220593178
-0.252562195118665,-0.497362728772224
-0.277168252991435,-0.484173872301787
