-0.0830426361614307,-0.0830426361614307
-0.0869936251303328,-0.0786935231426399
-0.0909079735678284,-0.0743142099272018
-0.0944243895953183,-0.0696069091915716
-0.0978620522716035,-0.0648465027433476
-0.10091144347487,-0.0598242733639193
-0.103835680035385,-0.0547340241662411
-0.106390274728297,-0.0494428797232972
-0.108770163377462,-0.0440773950003345
-0.110806735293411,-0.0385658233903088
-0.112616911090618,-0.0329827729409335
-0.114116451345349,-0.0273016471881452
-0.115337280789539,-0.0215611840337848
-0.116285882088188,-0.015762763634207
-0.116904282614695,-0.00992643367456827
-0.117293408556026,-0.00406378124875008
-0.117328252873471,0.00180700140444002
-0.117184778725373,0.00768122977089411
-0.116561782048543,0.0135243344810018
-0.115767106302908,0.0193418457740343
-0.114661477102852,0.0251130010289933
-0.113225121494438,0.0308064547599368
-0.111627644961842,0.0364605616398265
-0.109589780137608,0.0419722591085618
-0.107365393968847,0.0474062915641576
-0.104890462314963,0.0527360002039266
-0.10207172613134,0.0578887903251811
-0.0990927382694316,0.0629502965728874
-0.0957945563354836,0.0678136442883453
-0.0922691727462029,0.072509249941001
-0.0885899578681453,0.0770912825756028
-0.0845590798892847,0.081366745007696
-0.0803993536475523,0.0855109863292218
-0.0760318488563255,0.0894422345951672
-0.0714342406169632,0.0930961477855054
-0.0667232606220549,0.0966043989423771
-0.0617778215778751,0.0997782709241059
-0.0567103756688893,0.102743507560176
-0.0515200061725222,0.105498541227885
-0.0461519778961927,0.107882432595113
-0.0407179188559169,0.110110108483926
-0.0351452364972889,0.111974068382392
-0.029497634006228,0.113578310357944
-0.023788132187668,0.114967972296785
-0.0179965916396682,0.115944156961383
-0.0121821023579343,0.116775775429155
-0.00631958396906578,0.117173470725781
-0.000451750697497293,0.117358972730931
0.00542334423009071,0.117254557765315
0.0112777346366478,0.116799682165618
0.0171184762808882,0.116167208121198
0.0228962865916645,0.115096072203061
0.0286266797069196,0.113817257334776
0.0342974233799017,0.112277188433814
0.0398511979604608,0.110366959533484
0.0453461631452528,0.108292616595808
0.0506919873675686,0.105852572102503
0.0559174052683943,0.103174625593109
0.0610498175804253,0.100312916164892
0.0659461797734492,0.0970654064604351
0.0707346641907073,0.093666940937195
0.0753422545676018,0.0900199931659662
0.0797205715013576,0.0861061130153231
0.0839770713084127,0.0820578014455362
0.0879377232841238,0.0777168304187153
0.0917135713646478,0.0732205429102675
0.095310115165123,0.0685735610136436
0.0985616914339933,0.0636812243545799
0.10165761578247,0.0586913254438588
0.104452017395796,0.0535220185179129
0.106978958654003,0.0482222599026997
0.109333407832316,0.0428383696291804
0.111257451364118,0.0372873681602731
0.113024892705529,0.0316876844789029
0.114453553980195,0.025987895953049
0.115586240205564,0.0202269144562885
0.116532459621353,0.0144273808650836
0.117022387607876,0.0085731126203086
0.117357357920429,0.00271036651906348
0.117315353750469,-0.00316551432532288
0.116999571637246,-0.00902788509834188
0.116462182437743,-0.0148793202659739
0.115507005047616,-0.0206750820059792
0.114374828537962,-0.0264376783646242
0.112887950888499,-0.0321227238635667
0.111120018096409,-0.0377218392393542
0.109176049824614,-0.0432671333247384
0.106792549482238,-0.0486379927808586
0.104249295990097,-0.0539304328407691
0.101435145759146,-0.0590891266953224
0.098314016193948,-0.0640639301005769
0.0950365666273439,-0.0689384011589394
0.0914327737175545,-0.0735797835152154
0.0876322879070874,-0.0780553701812385
0.0836673302025963,-0.0823923207749736
0.0793859033099455,-0.0864156770741561
0.0749860970818228,-0.0903045795197021
0.0703729827549176,-0.0939445942451213
0.0655666403034136,-0.0973180014968131
0.060657104865154,-0.100544752843882
0.0555156007631317,-0.103389838260433
0.0502782866075269,-0.106043532057988
0.0449192669641935,-0.108454105123782
0.0394208905907214,-0.110516274657985
0.033867075819633,-0.112431153965181
0.0281801205892279,-0.113909781718368
0.0224518983856066,-0.115197003917247
0.0166607491954855,-0.116192356521796
0.0108244495651282,-0.116838684193227
0.00496912822700715,-0.117323403332934
-0.000907026643208543,-0.117340001249448
-0.00677594950866423,-0.117172179840022
-0.0126328695231816,-0.116698280413111
-0.0184474226565936,-0.115880134613012
-0.024240716029631,-0.114901422876378
-0.029939376363896,-0.113467366810584
-0.0355815001620557,-0.111841845712137
-0.0411454605205345,-0.109951618521633
-0.0465720910428284,-0.107705424759891
-0.0519267669798247,-0.105292364299431
-0.0571130915771041,-0.102529809411996
-0.0621637197710711,-0.0995353733827017
-0.067110612733129,-0.0963636721979656
-0.0717975881284779,-0.0928204543602387
-0.076367527711136,-0.089133301802425
-0.0807422279521133,-0.0852100860462915
-0.0848716696471804,-0.0810345560042911
-0.0888678045510631,-0.0767294310304627
-0.0925546296078365,-0.0721536025949291
-0.0960469757452338,-0.06743381184255
-0.0993478317117454,-0.0625722711835883
-0.102293385029086,-0.0574902576556541
-0.1050847001667,-0.0523234564767838
-0.107550184598224,-0.0469895423410357
-0.10974194751231,-0.041542698556036
-0.111754418709263,-0.0360218841496572
-0.113336242562647,-0.0303646115827986
-0.114773199760874,-0.0246704811858721
-0.115821023949131,-0.0188886781570971
-0.116620355014064,-0.0130726735299588
-0.117172771906564,-0.00722268462493499
-0.11733086902292,-0.00135190734764614
-0.117319645702096,0.00452181386745946
-0.116893437277711,0.0103825349286942
-0.116229393821756,0.0162159685432516
-0.115319890457525,0.0220212398887177
-0.114010739378821,0.0277468498520909
-0.112539517022959,0.0334328085654329
-0.110691414000813,0.0390109598686533
-0.108589819439103,0.0444935859175702
-0.10629819334187,0.0499046008555686
-0.103595258711549,0.0551213910446948
-0.100732149572422,0.0602479086302455
-0.0976009466138685,0.0652203598700805
-0.0941825812795697,0.0699955055148508
-0.090614927898598,0.0746622436277919
-0.0867261412764881,0.0790676940183389
-0.0826610949013534,0.0833043718067331
-0.0784303222996963,0.0873823630769907
-0.0739147765510917,0.0911400658437432
-0.0692844545075334,0.0947515037114379
-0.0644511981709617,0.0980936856493723
-0.0594497952058843,0.101169879028934
-0.0543567226035264,0.104100567247945
-0.0490412942509309,0.106605520362884
-0.0436577565714267,0.108949064104351
-0.0381543766141109,0.11100859877019
-0.0325406569113601,0.112730686131265
-0.026883625451121,0.114320315004502
-0.0211111133201624,0.11541844995777
-0.0153181049186434,0.11637619875013
-0.0094725990716414,0.116973393607965
-0.00361044614225656,0.117288010090983
0.00226478856813024,0.117380567937524
0.00812936726142841,0.117058066192182
0.0139814112588841,0.116561233740918
0.0197912222738264,0.115680332759825
0.0255496942063629,0.114535028534099
0.0312675112633389,0.113180346179573
0.0368657628171317,0.111399702007605
0.0424074147195089,0.109456999669982
0.0478287884462582,0.10718985783626
0.0531167683118714,0.104636734107509
0.0583244340727052,0.101916749583374
0.0633121441975543,0.0988099578189287
0.0681799502883863,0.0955268745891741
0.0729017238296592,0.0920290838864334
0.0773732075783101,0.0882202881595868
0.0817235311206571,0.0842749171128594
0.0858216025280822,0.0800634740734517
0.0897029826365304,0.0756576724112785
0.0934475530399537,0.0711291609496111
0.0968149966729824,0.0663136221071852
0.10002641340175,0.0613981522361068
0.102987944055678,0.0563227722028199
0.105636961251997,0.0510820682661607
0.108137486308856,0.0457658793001009
0.110219627839359,0.0402710826460928
0.112112597655981,0.0347134346792679
0.113732078550324,0.0290649214480036
0.114991856299979,0.0233293673479418
0.116105139505928,0.0175607470011674
0.116752688085182,0.01172043529294
0.117221581687373,0.00586800464887198
0.117371608060993,-6.0561313851102e-06
0.117190980928701,-0.0058745466872357
0.116842487147363,-0.0117402093435212
0.116023509609316,-0.0175584860133865
0.115029537020322,-0.0233456386127518
0.113723622723381,-0.0290749171649152
0.112090166969364,-0.0347152651456265
0.110286340828774,-0.0403061846023129
0.108067286965493,-0.0457472211159301
0.105653830014176,-0.0510997207709126
0.103001871316098,-0.0563435997468177
0.100002300559963,-0.0613937076038609
0.0968450793109244,-0.0663456750684692
0.0933876770423463,-0.071097065428638
0.0896971445888022,-0.0756640582369603
0.0858613867077085,-0.0801150841137927
0.081686214687516,-0.0842501502175747
0.0773820176885276,-0.0882438789516217
0.0728854798327714,-0.0920269124308285
0.0681612563526782,-0.095515750717514
0.0633314957462238,-0.09885820476284
0.0582828636877303,-0.101864957283965
0.0531101997068124,-0.104642499926003
0.0478310757897259,-0.107223305561795
0.0423813560998238,-0.109414475157774
0.0368745804538336,-0.111455746918962
0.0312391362043687,-0.113119885707573
0.0255419518409269,-0.114537407181228
0.0197869904883742,-0.115724141813022
0.0139651976240766,-0.116501277962068
0.00812460054448684,-0.117120370575939
0.00225219638130866,-0.117329565899629
-0.00361861561661104,-0.117297502076882
-0.00948776604629787,-0.117013662547137
-0.0153208198714721,-0.116330843567268
-0.0211342110433802,-0.115491132243985
-0.0268755202543217,-0.114238878020626
-0.0325548041780355,-0.112749095689226
-0.0381757064865087,-0.111035738825046
-0.0436558028691346,-0.108920058162452
-0.0490664065520932,-0.106637687072441
-0.0543366253240056,-0.104038844895081
-0.0594588806147211,-0.101167977756129
-0.0644905348685586,-0.0981342193702632
-0.0692754647111817,-0.0947232265263435
-0.0739332238138064,-0.091148286802775
-0.0784285540621957,-0.0873639458929179
-0.082658763998657,-0.0832891900349262
-0.0867571003014076,-0.0790827820890624
-0.0905859940404917,-0.074625189233448
-0.0941907391137204,-0.0699904551377856
-0.0976438227604957,-0.0652358653514953
-0.100711102898273,-0.0602245545529898
-0.103623633000054,-0.0551260681499755
-0.106258887959646,-0.0498739850794072
-0.108578570664352,-0.0444796303510558
-0.110760748578214,-0.0390240722867024
-0.112481940332382,-0.0334057132898205
-0.11404651502088,-0.0277465819844305
-0.115286232955843,-0.0220028803308511
-0.116215447302713,-0.0162057840370484
-0.116964913143388,-0.0103777779335464
-0.117252216003114,-0.00450974798719564
-0.117373664415765,0.001361092150134
-0.117143949763268,0.00723275153201575
-0.116612390125726,0.013079937695224
-0.115895949027423,0.0189121338978829
-0.114717282806029,0.0246679650287562
-0.113379571621247,0.0303855602507602
-0.111714520287682,0.0360210198716452
-0.109741814975022,0.0415518576517959
-0.107596732083665,0.0470212231853187
-0.105046727248936,0.0523152228581949
-0.102305608042697,0.0575074734327711
-0.0993366505707859,0.0625784231449001
-0.0960318309000678,0.0674342376073618
-0.0925761768352557,0.0721828368262077
-0.0888319454875921,0.0767117449439338
-0.0848678171307558,0.0810433425358183
-0.0807663326869495,0.0852508856876981
-0.0763444075540487,0.0891207606818637
-0.0718005053240194,0.0928393170440841
-0.0670789811502338,0.0963375245853751
-0.062149519499323,0.0995295093100366
-0.0571266787760447,0.102574897112299
-0.0518972910206044,0.105254784361491
-0.0465689243781935,0.107720328762842
-0.0411374953879965,0.109962687414123
-0.0355624699930951,0.111811177035034
-0.0299441511732472,0.113523760381869
-0.0242121863059411,0.114816985639518
-0.018442225043254,0.115899925962938
-0.0126206772689785,0.116697369041483
-0.00676576442422113,0.117138310038032
-0.000897277440503351,0.1174342128635
0.00497560295015723,0.117237512582958
0.0108357679532428,0.116870252858519
0.0166723670623271,0.116189468017232
0.0224554829403269,0.115172058100831
0.0282095387989103,0.113986184480671
0.0338551928796694,0.112356784690157
0.0394388422496935,0.110541080404536
0.0449333457904109,0.108457521168495
0.050279303625264,0.106025388651891
0.0555462387827729,0.103426404958647
0.0606351494975687,0.100488386548948
0.0655770188792504,0.0973178124990464
0.0704130041434178,0.0939797756805871
0.0749725903788683,0.0902737424546375
0.0794111628661045,0.0864295500931103
0.0836482172815989,0.0823580080385795
0.0876297812640623,0.0780413190937328
0.0914753800170567,0.073601255909371
0.0950029048685512,0.0689017109740612
0.0983242924183887,0.0640601748538451
0.101456689488801,0.0590884585969249
0.104222590067282,0.0539065287862086
0.10683770583706,0.0486482200127284
0.109108991793824,0.0432288915009851
0.11112232974155,0.0377137672714472
0.112938366068493,0.0321253699414286
0.114319547428509,0.026415550622951
0.115557235097358,0.0206749003185254
0.116405234813197,0.0148603653325533
0.117002060595483,0.00902015361932495
0.117351073328546,0.00315460875155541
0.117300139679444,-0.00271765773864189
0.117102733926781,-0.00858860550204944
0.116460472501476,-0.0144296402645017
0.115600892376429,-0.0202377114381405
0.114483499447717,-0.026006676749003
0.112981216667026,-0.0316845256334042
0.111309965757573,-0.0373147922435205
0.109267810691104,-0.042824615617102
0.106981997872061,-0.048232824948486
0.10450008530857,-0.0535592536367482
0.101620516351639,-0.0586804856492575
0.0985823340152576,-0.0637053289032937
0.095279319520019,-0.0685652687006437
0.0916979811768039,-0.0732192361048975
0.0879702535463343,-0.0777589184325387
0.0839302124620267,-0.0820260667668181
0.0797217041905803,-0.086120214818331
0.0753497414772821,-0.0900465102147357
0.0707080481942897,-0.0936466747271434
0.0659588409015369,-0.0971005101217448
0.0610109590796398,-0.10027026984892
0.0559039730462269,-0.103167710674644
0.0507125405360849,-0.105920614963245
0.0453126576257071,-0.108237266750466
0.0398543685328044,-0.110401315478027
0.0342780366345356,-0.112253852626048
0.0286134667043085,-0.113798482249674
0.0229021519143441,-0.11517999520217
0.0170963107868723,-0.116084517110322
0.011272625085097,-0.116834011502769
0.0054105898957505,-0.11724001696745
-0.000459622417395959,-0.117340227597286
-0.00633490131730955,-0.117250966219412
-0.0121837248805782,-0.116700496934047
-0.0180137772965327,-0.115997380770814
-0.0237926278268814,-0.114931935366345
-0.0295056191054512,-0.113576189256788
-0.0351787957527703,-0.112044944409959
-0.0407089262216292,-0.110058546646612
-0.046171647901571,-0.107905931838281
-0.0515219822220482,-0.105476402852258
-0.0567122086512426,-0.102728786979631
-0.0618137806439616,-0.0998172382631142
-0.0667047412950387,-0.0965601648795539
-0.0714467171866378,-0.0930978598896439
-0.0760601530551315,-0.0894584866176185
-0.0803877873880156,-0.0854853008403527
-0.0845849025826228,-0.0813786863373592
-0.0885541763390248,-0.0770456622956436
-0.0922683096207927,-0.0724973762717383
-0.0958438280516837,-0.0678358684108527
-0.099058701257774,-0.0629172375801962
-0.102089772970692,-0.0578888579946253
-0.104894351748255,-0.0527252383888404
-0.107339756997094,-0.0473853491930603
-0.109643557186747,-0.0419823846560637
-0.111550540946315,-0.03642435809312
-0.113241192837058,-0.0308022134416526
-0.114673560318972,-0.0251035164880229
-0.1157315871268,-0.0193273073738609
-0.116635806934609,-0.0135229912052712
-0.11709454656786,-0.00766476124273594
-0.117346831971503,-0.00179903523000601
-0.11731560232742,0.00407698479817095
-0.116915153710623,0.00993553148919571
-0.116352189801824,0.0157828700518269
-0.115345034219385,0.0215719265436916
-0.114140308421354,0.0273182836299123
-0.112661280207605,0.0330053577413051
-0.110817546553335,0.038581606376113
-0.108801901107693,0.0440981807710637
-0.106425728550276,0.0494724048699886
-0.103807256676485,0.0547275719684838
-0.101004389821695,0.059892134133954
-0.097814315230093,0.0648260331998616
-0.0944720209578146,0.0696539722587246
-0.0908767648463232,0.0743019853385342
-0.0870152531238464,0.0787262680986277
-0.083015002839424,0.0830276380869474
-0.0787214572405527,0.0870394254368575
-0.0742660590742314,0.090863327541302
-0.069661501932386,0.0945140796539283
-0.0648063124019184,0.0978206162095001
-0.0598559212234482,0.100979583353367
-0.0547183701616465,0.103831525435044
-0.0494475215715256,0.106418377932292
-0.0440941007206617,0.108841018485314
-0.0385603352457067,0.11081634527708
-0.0329822266573836,0.112650028243652
-0.0272980119634535,0.114139116690016
-0.0215526403834152,0.115345889097179
-0.0157623920489332,0.116345498772996
-0.00991613569339779,0.116911268404283
-0.00405805747504414,0.117330298501929
0.00181811466805777,0.117340499262663
0.00768429289676824,0.117099390095368
0.0135411550942581,0.116624017250814
0.0193466245781767,0.115731513528451
0.0251230860236344,0.114672929052926
0.0308215796163543,0.113239412964423
0.036444172365384,0.111548577273165
0.0420069234949421,0.109654866080106
0.0474079012003637,0.107342278382193
0.0527307446466438,0.104863057650565
0.0579169639657431,0.102100515416714
0.0629296672197108,0.0990416371535402
0.0678457311575338,0.0958262445964881
0.0725211806859168,0.09226667806492
0.0770448779531626,0.088523666799089
0.0814184866542005,0.084599221945794
0.0854973825620167,0.0803719671431995
0.0894402731866988,0.0760203197414975
0.0931271211379861,0.0714447382366054
0.0965558734587804,0.0666779332859584
0.0998476731389328,0.0618109206171688
0.102738851629411,0.0566952581001999
0.10546638941539,0.0514958548678125
0.107926785490842,0.0461597458077038
0.11005872387315,0.0406882752683022
0.11203004369122,0.035154550870546
0.113572105974674,0.0294844448219037
0.11493107668197,0.0237729254540808
0.115980859075762,0.0179914710593024
0.116702949270973,0.0121650415810136
0.117252631875775,0.00631494951383798
0.117329215057481,0.000440809287766366
0.117265425894448,-0.00543122570563334
0.116817994022255,-0.0112903612537408
0.116091861588624,-0.0171166337823151
0.115165584318417,-0.0229193062017258
0.113794003376937,-0.0286319125581796
0.112255070444985,-0.0342985212717053
0.110392946307169,-0.0398717162278886
0.10823518047338,-0.0453327244145136
0.105903495184427,-0.0507254989100172
0.103168102975174,-0.0559262024677293
0.100250013387861,-0.0610211659259096
0.0971053798539404,-0.0659850121249556
0.0936346727408386,-0.0707234335964883
0.0900165905256676,-0.0753493116514538
0.0861162155280328,-0.0797444462618236
0.0820053709374702,-0.0839369741071685
0.0777628064424802,-0.0880027029058948
0.0732058877974414,-0.091712514072068
0.0685394498427095,-0.0952761321717451
0.0636976762610688,-0.0986056660857108
0.058658826130734,-0.101621929856126
0.0535361828922229,-0.104496732185811
0.048213254310255,-0.106985691805814
0.0428057969241249,-0.109272250242577
0.0372947901524193,-0.111310863397589
0.0316651847113737,-0.1129828062094
0.0259894251940017,-0.114494711199949
0.0202161417432857,-0.115589079811489
0.0144114983696995,-0.116468421518875
0.00856635228545306,-0.117070046583934
0.00269905269085392,-0.117302439162995
-0.00317532101495346,-0.117382507434573
-0.00903807534463286,-0.116989202872246
-0.0148821253311713,-0.116423362375901
-0.0206922523116655,-0.115544603244114
-0.0264363141060079,-0.11432413118955
-0.0321428763746398,-0.112929913405782
-0.0377331730846727,-0.11111981155634
-0.0432455363399147,-0.109098731363805
-0.0486699144832723,-0.106839461382658
-0.05392582440903,-0.104217420392042
-0.0590952506234416,-0.101430477397125
-0.0640863082936949,-0.0983290332112828
-0.0689107133146593,-0.0949821181417829
-0.0736300619340637,-0.0914819061825081
-0.0780599979031248,-0.0876212894346824
-0.0823547159676179,-0.0836175509967172
-0.0864587610461875,-0.0794119943151067
-0.0902816225038917,-0.0749535424752056
-0.0939661757714507,-0.0703796120357768
-0.0973363283172616,-0.0655660803345463
-0.100485994280279,-0.0606111353245455
-0.103454744948393,-0.0555401568120286
-0.10602656895998,-0.0502582422612208
-0.108453313090708,-0.0449109299925277
-0.110541287479452,-0.0394183549457822
-0.112359867975047,-0.0338361785148362
-0.113980306254055,-0.0281880992652805
-0.115169526586207,-0.0224356264018686
-0.116201665045192,-0.0166546440254951
-0.116856657021728,-0.0108151473335399
-0.117241422375994,-0.00495679654220303
-0.117405160300429,0.000916975650226915
-0.117137911295668,0.0067845872311247
-0.116711041999091,0.0126416876029499
-0.11589223055619,0.0184603207715785
-0.114823127023318,0.0242332758972795
-0.113527889467231,0.0299649618018034
-0.111816236241209,0.0355845777431244
-0.109933092820901,0.0411466252685168
-0.107729432787078,0.0465938150805627
-0.105237070175636,0.0519103730887866
-0.102580671550862,0.0571508114263415
-0.0995280570909914,0.0621719327915386
-0.0963029644783828,0.0670784247057407
-0.0928568504075529,0.0718380251556513
-0.0891020977888872,0.076354554680242
-0.0852069547948804,0.0807497068970139
-0.0810430357855429,0.0848958325630547
-0.0766803486220121,0.0888255547318067
-0.0721945760839737,0.0926212709999825
-0.0674181110210561,0.0960434818612176
-0.0625441177480376,0.0993176124577344
-0.0575014380073519,0.102334081350202
-0.052292115837256,0.105044310160227
-0.0470011290448938,0.107596268711702
-0.0415319596549985,0.109744857186763
-0.0359973369879635,0.111703476891323
-0.0303659251029241,0.113381179741213
-0.0246481465302169,0.114716213387714
-0.0188937510284338,0.115903308707668
-0.0130600651726309,0.116606506112536
-0.00721396206467626,0.117151766655452
-0.00134164849005896,0.117363652406231
0.00452886381614172,0.117252442667135
0.0103983174985757,0.116974951186523
0.016224678430914,0.116213089335837
0.0220223921285567,0.11528581747276
0.0277655104033194,0.114043309962297
0.0334259721889255,0.112481805516083
0.0390372841091682,0.110741660840604
0.0445035541827863,0.108585471348437
0.049881996302614,0.106230651201243
0.0551563732747543,0.10364047855455
0.0602398811464056,0.100698269041234
0.0652285662394593,0.0975995684083002
0.0700182833779624,0.0941953688160319
0.0746281761491096,0.0905586380704263
0.0791245498055261,0.0867758841107889
0.0833062000575641,0.0826476950185277
0.0873484477111999,0.0783892176896848
0.0911844674474381,0.0739379959500518
0.0947233220654544,0.0692509542711369
0.098123443870231,0.0644615854080795
0.101184300056585,0.0594456320405969
0.104028465261456,0.054309429797245
0.106667578430992,0.0490594375079247
0.108922857361503,0.0436358201627906
0.111014153922014,0.0381485069320318
0.112749117288901,0.0325344556927626
0.114231590996743,0.0268541401114021
0.115478618494913,0.0211120331353334
0.116327060856601,0.0153012400330716
0.117033737746216,0.00946977256301421
0.117280933773573,0.00359911642283038
0.117345323358641,-0.00227165346800127
0.117098490890743,-0.00814261701563024
0.116502335524231,-0.0139844088723714
0.115735647386222,-0.0198087974826067
0.114529456391586,-0.025559646004912
0.113119916436019,-0.0312590321648565
0.111444711114652,-0.036891185292191
0.10941276053825,-0.0424013862480052
0.107207307789583,-0.0478449936685862
0.104645651639301,-0.0531333931460164
0.101846379671768,-0.0582945697175285
0.098867541632316,-0.0633596040467516
0.0955066142726264,-0.0681787277139848
0.0919977527212668,-0.0728867653807662
0.0882446251704746,-0.077408248267212
0.0842314329825508,-0.0816954514537924
0.0800852281394633,-0.085856385901375
0.0756540972359429,-0.0897155327259223
0.0710710120034544,-0.0933853022456237
0.0663430686333453,-0.0968745382861284
0.0613732187815706,-0.100006390106226
0.0563175948898597,-0.102993968757652
0.0510821668285645,-0.105662024381886
0.0457267435199072,-0.10806822930144
0.040288793507387,-0.110294346458883
0.0346954747220339,-0.112091150779579
0.0290552959867008,-0.113723959026353
0.0233232395355478,-0.115016769176368
0.0175392005029076,-0.116022398223306
0.0117179455394825,-0.11682242547539
0.00585548134629721,-0.117183901047836
-1.340268342506e-05,-0.117397063063281
-0.00588589457037049,-0.117197661900865
-0.0117409897431671,-0.116767047477488
-0.0175766876197763,-0.116078630800941
-0.0233487849971978,-0.114992090867677
-0.0290851477353876,-0.113733227428656
-0.0347308068779163,-0.112104150380335
-0.0402894395319003,-0.110213987273577
-0.0457832492884926,-0.108129350563903
-0.0511015829298273,-0.105632914911065
-0.0563354872715058,-0.102970909639835
-0.0614227078609381,-0.10002992657791
-0.0663263720674661,-0.0967991402189078
-0.0711269535078207,-0.0934140189488716
-0.0756773547518623,-0.0896962072199362
-0.0800667311864201,-0.0857967032809968
-0.0843026517160387,-0.0817240474992081
-0.0882317052559675,-0.0773571359280035
-0.0920227684065119,-0.0728725740734412
-0.0955459950975233,-0.0681699622705907
-0.0988121074932703,-0.0632904913518034
-0.101927738838468,-0.0583092725743325
-0.104639774304709,-0.0530964656159671
-0.107188053225419,-0.04780699390579
-0.109455874673415,-0.0423862223903474
-0.111401443550405,-0.0368462691172157
-0.113193967166417,-0.0312511123414658
-0.114529124853467,-0.0255288679236617
-0.115688167790132,-0.0197732002736253
-0.116539427414859,-0.0139591212009833
-0.117055490115742,-0.00811034711291861
-0.117414595207207,-0.00224532691311574
-0.117279823284245,0.00362897298559347
-0.116988473306401,0.00949313237207388
-0.11635908840054,0.0153352389466899
-0.115425703276895,0.0211319755333779
-0.114311520724809,0.0269013740518959
-0.112736776245105,0.0325625505688755
-0.110986944708208,0.0381672239655544
-0.108957855645521,0.0436817769282729
-0.106592857757753,0.0490570121305941
-0.104064426303308,0.0543587317763595
-0.101171943223645,0.0594737346949046
-0.0980659956135523,0.0644563963496653
-0.0947720414483079,0.0693224998808915
-0.0911263476610791,0.0739291750750131
-0.0873386209714401,0.0784161202565754
-0.083307994992058,0.0826918931138182
-0.0790407027418286,0.0867258607594171
-0.0746514657907271,0.0906304581098434
-0.0699829483021693,0.0941988733319586
-0.0651881836067406,0.0975873102976019
-0.0602450629214386,0.100764250683986
-0.0551002595922508,0.10359743289669
-0.0498714178899171,0.106271011060996
-0.044475309103612,0.108596958326877
-0.0389869479698462,0.110681246073126
-0.0334141121215594,0.112544248188228
-0.027726619811366,0.114008807723532
-0.0220021333594708,0.115322065058117
-0.0161956791246418,0.116222773585002
-0.0103635033045523,0.116895513240347
-0.00450182427430054,0.117306767708875
0.00137091434152734,0.117326398744375
0.00724279329977916,0.117182506509098
0.0130912408402384,0.11661506168245
0.0189080652937715,0.1158205128518
0.0246889645998506,0.114767964387852
0.0303851473603447,0.113337766933994
0.0360340942193971,0.111730124874615
0.0415676993444576,0.109753256251026
0.0469999122140682,0.10752529994378
0.0523555570009565,0.105107730510288
0.0575082529617661,0.102285045583299
0.0625682091551053,0.0993059371338997
0.067465345043134,0.0960582240693532
0.0721604765788754,0.0925310789279879
0.0767433554390905,0.0888565479862609
0.0810565892206829,0.0848660870740106
0.0851978907357368,0.0807041526532712
0.0891763976038343,0.0763798579621808
0.0928255816657957,0.0717762762032825
0.0963348181952389,0.0670679370906392
0.0995588485818224,0.0621553046635139
0.102520903613305,0.0570857734632589
0.105332367976204,0.0519260525154371
0.107712737580571,0.046553800161709
0.109926543841295,0.0411159121125908
0.111849863092078,0.0355635859986578
0.113456766264704,0.0299166136223643
0.114899674423657,0.0242205871171502
0.115874620338933,0.0184271845090935
0.116703300876209,0.0126141172115864
0.11715739009776,0.00675584370375065
0.117344241914655,0.000887975715085706
0.117305268874833,-0.00498799994196831
0.116834363691611,-0.0108431931187022
0.116195218490249,-0.0166806733702097
0.115189850722341,-0.0224699594790023
0.113905481485338,-0.0281988396948133
0.112425590472079,-0.0338853879919793
0.110515979680176,-0.0394413761418292
0.108433862279711,-0.0449317989591149
0.106054703229874,-0.0503047317657766
0.103371806118803,-0.0555281635029232
0.100525458103379,-0.0606667515967173
0.0973144577665541,-0.0655878646920542
0.0939133242529515,-0.0703737672782213
0.090316376746449,-0.0750204195234909
0.0863997965396765,-0.0793983016342504
0.0823491465662522,-0.0836499356269439
0.0780528643829984,-0.0876586184834848
0.0735527726259707,-0.0914304313756483
0.0689338131681489,-0.0950611994194211
0.0640466527826627,-0.0983237601808921
0.0590582597245156,-0.101420200157605
0.0539191028498009,-0.104269239736178
0.0486161258804521,-0.106791536679465
0.0432404365073191,-0.109159260224945
0.0377034311829145,-0.111126117628235
0.032099327280602,-0.112875532820376
0.0264166615083615,-0.114370357419955
0.0206540209484321,-0.115497534478675
0.0148621381349971,-0.116483654237618
0.00900788101453419,-0.116986195302159
0.00314675572355932,-0.117328358766901
-0.0027290623242002,-0.11732743391387
-0.00859252528088077,-0.11702889360698
-0.014447905224016,-0.116535645731374
-0.0202451906827879,-0.115580672684435
-0.0260079627745544,-0.114455054572462
-0.0317040380012752,-0.113012299339683
-0.0373055278175052,-0.111251450615717
-0.042855609184829,-0.109324547970771
-0.0482416978912492,-0.10697520029699
-0.05353648097239,-0.104437631072327
-0.0587162510201819,-0.101662968772153
-0.0636957433201361,-0.0985482293515025
-0.0685739003599597,-0.095278367026502
-0.0732420160252871,-0.0917095375256803
-0.0777226942757088,-0.08791490061907
-0.0820870626189858,-0.0839803435762309
-0.0861204221838601,-0.0797071039502225
-0.0900149180891581,-0.0753130841698042
-0.0936897268777403,-0.0707279860038661
-0.0970695587357204,-0.0659254372818227
-0.100298306045227,-0.0610190658924324
-0.103180973519213,-0.0558986694398581
-0.10584863163788,-0.0506687697016104
-0.108296061400313,-0.0453267086642888
-0.110366903525119,-0.039830821273222
-0.112282213105853,-0.0342788916237692
-0.113811525084024,-0.0286054712898825
-0.115095546086543,-0.0228768024222732
-0.116144118854936,-0.0170951019677135
-0.116789345219284,-0.0112578152872046
-0.117282090647429,-0.00540492101512847
-0.117341270252777,0.000470609531490679
-0.117183930522104,0.00633916549738216
-0.1167460450012,0.0121986844446953
-0.115947606598189,0.0180163514061148
-0.114970493420109,0.0238086305005563
-0.113578881451701,0.029517540844493
-0.111962396972373,0.0351617742544295
-0.110110836595459,0.0407383960730224
-0.107873700596404,0.0461693362421535
-0.105474053839936,0.0515292776815809
-0.102745193139989,0.0567333745241402
-0.0997596927511221,0.0617894143766676
-0.0966136191047817,0.0667519091137503
-0.0930867249148871,0.0714517507813083
-0.089408179696937,0.0760279694383781
-0.0855151687356777,0.0804293597334245
-0.0813454368234199,0.0845654290604157
-0.0770512682622836,0.0885722512345504
-0.0724992419443633,0.0922880780059735
-0.0677861471274767,0.0957892665772923
-0.0629477306120514,0.0991234527615434
-0.057870086202148,0.102078446164817
-0.0527059489867403,0.104872767759511
-0.047388579473346,0.107373440503442
-0.0419490798050263,0.109583214844708
-0.0364408007158602,0.111629165405743
-0.0307861808228612,0.113223579692107
-0.0250938310415484,0.114663490349193
-0.0193211719080043,0.115760024618705
-0.0135049501811954,0.116560561296434
-0.00766058864842802,0.117169894600509
-0.00178779790352465,0.117320453945284
0.00408416460127834,0.117310303563912
0.0099481408141114,0.116936782513206
0.0157816740401495,0.116275571201095
0.0215938850344096,0.115412861971752
0.0273233306040073,0.114115195309573
0.0330074848478325,0.112641440631591
0.0386020754339261,0.110844533376497
0.0440857679863878,0.108745253550636
0.0495050109156436,0.106476618409311
0.0547361764014235,0.103800374310063
0.05986545295656,0.100943218823285
0.0648639055496757,0.0978537756449833
0.069642675440168,0.0944390069526967
0.0743106744505294,0.0908753985127849
0.0787495846783556,0.0870252750316287
0.0829888892950699,0.0829628785547138
0.0871007228122268,0.0787654591057002
0.090863053009382,0.0742517528392937
0.0944812770330334,0.0696276012734073
0.097862990664305,0.0648221843218615
0.100943258002086,0.0598226218082148
0.103872441028707,0.054731159614467
0.106428012789694,0.0494400252636062
0.108765643398518,0.0440545902493636
0.110872416730041,0.0385692659109602
0.112605984190827,0.0329585531597236
0.114194783864918,0.0273033766795618
0.1153443254599,0.021541119742318
0.116298078624349,0.0157483656707631
0.116954908939091,0.00990936118490929
0.117266927971018,0.00404599862570728
0.117410787624416,-0.00182745183962654
0.117088621408144,-0.00769461310385754
0.116579148091244,-0.0135436283545944
0.115771833536737,-0.0193637892207501
0.114615181628111,-0.0251206491630871
0.113295407206984,-0.0308451149270769
0.111544124285703,-0.0364542131546678
0.109588388567564,-0.0419902721092396
0.107390455777981,-0.0474398079235182
0.104827349106711,-0.0527245292309572
0.102100944072333,-0.0579258653058332
0.0990554421315344,-0.062951035471273
0.0957657333534654,-0.0678145001577831
0.0923219472964665,-0.0725755254846918
0.0885094216748559,-0.0770468857226313
0.0845580504166006,-0.0813897953564791
0.0803981472387629,-0.0855397853445213
0.0759849760242523,-0.089414608472718
0.0714513795720567,-0.0931482795948003
0.0666768903971538,-0.0965735679811696
0.0617594503957003,-0.0997812000593563
0.0567200212311749,-0.102803091967214
0.0514732045238745,-0.105444323736559
0.0461526970723145,-0.107929123071061
0.0406868926618436,-0.110085895498883
0.035121561584704,-0.111955668063305
0.0294939647346783,-0.113645888062456
0.023754876560466,-0.114896974804981
0.0179883705169352,-0.116008544962964
0.012154708041223,-0.116710494424648
0.0063032078168403,-0.117180672539729
0.000430779362017814,-0.117378923729489
-0.00543882167114071,-0.117210586597544
-0.0113031196292446,-0.116867658854284
-0.0171274940030758,-0.116090336475233
-0.0229139030473762,-0.115097101186194
-0.0286545495271595,-0.113843609273677
-0.0342961111604169,-0.112211671408178
-0.0398881789034971,-0.110416056970623
-0.0453480360816111,-0.108243751077979
-0.0507008431040358,-0.105831112177138
-0.0559682208121152,-0.1032266801493
-0.0610208683908612,-0.100228886719089
-0.0659738527125711,-0.0970753051713571
-0.0707553231128335,-0.0936599059604373
-0.0753248705278388,-0.0899716258506192
-0.0797786960229985,-0.0861415934085119
-0.0839492517984645,-0.0820021881510969
-0.0879451994729134,-0.0777005929897542
-0.0917681100308515,-0.0732382671799496
-0.0952600446455281,-0.0685147757542846
-0.0986004794448715,-0.0636853924848386
-0.101650934314784,-0.0586631733365762
-0.104437159067661,-0.0534951240042166
-0.107061660389331,-0.0482378185415947
-0.10925742776509,-0.0427883493153673
-0.111295287620111,-0.0372817664279116
-0.113016915326342,-0.0316637378436477
-0.114425475507659,-0.0259639321860405
-0.115669916449732,-0.0202212565722829
-0.116443644524392,-0.0143974385346451
-0.117068571368586,-0.00855895899690384
-0.11732189192237,-0.00268864938081614
-0.117298486093361,0.00318183185001252
-0.117051741269269,0.00905245158683755
-0.116388838473162,0.0148883987510531
-0.115549608273821,0.0207008308904738
-0.114341464185375,0.0264513195423211
-0.112859601391689,0.0321324540742299
-0.111186249109535,0.0377650695071681
-0.109078702771242,0.043249171886876
-0.106809784284909,0.0486648711689405
-0.104245915823226,0.0539521641832109
-0.101383271444778,0.0590793920960409
-0.0983590236603273,0.0641152737458174
-0.0949815141397185,0.0689235485575714
-0.0914148987431867,0.0735873103965365
-0.0876620093005451,0.0781087233210376
-0.0835929895700485,0.082345558057968
-0.0793969596153248,0.0864536370149702
-0.0749647317812481,0.0903115288151357
-0.0703365992558388,0.0939249081009239
-0.0655963603955931,0.0973960053521585
-0.0605995955984218,0.10048782829418
-0.0555034248362516,0.103403197715635
-0.0502693489291566,0.106073774499886
-0.0448820273885945,0.108410102014037
-0.0394301751939733,0.110597905546738
-0.033824854336302,0.112360236515577
-0.0281673580008794,0.113928685823157
-0.0224344469358879,0.115216897484953
-0.0166366060171702,0.116147021791434
-0.0108131048088555,0.116922076573346
-0.00494544671854202,0.117233730165326
0.000924215350734729,0.117358970779889
0.00679718652446109,0.11717639378562
0.012645031517988,0.116650635185648
0.0184807544850946,0.1159677978582
0.0242421975311286,0.114812700673892
0.0299593577729237,0.113475533409491
0.0356080497171666,0.1118568566826
0.0411411859251573,0.109889377697879
0.0466123771032348,0.107753003270137
0.0519248478078106,0.105242119309341
0.0571219503332407,0.102510485704726
0.0622145717061993,0.0995789340866265
0.0670758414563882,0.0962805239351993
0.0718282184357745,0.0928316340266856
0.0763855358311554,0.0891224784905952
0.0807224559845467,0.0851637056593093
0.0849334746168021,0.0810680184156988
0.0888359182935474,0.0766749239993264
0.0925638449826157,0.0721391134014503
0.0960959625260102,0.0674431743602261
0.0992956336877702,0.0625178689281794
0.10234395269604,0.0574983708059657
0.105067769760337,0.052291878959773
0.107531595671881,0.0469628005264782
0.109814774168619,0.041548546310027
0.111678349091698,0.0359779246896434
0.113393815341935,0.0303617339181375
0.114734177415759,0.0246408686867191
0.115817352252786,0.0188710820075278
0.11667033940051,0.013057509660117
0.11711165664423,0.0072009048002322
0.117388579066562,0.00133439120804826
0.117262439683472,-0.00454020690043684
0.116886314825886,-0.0103989451500918
0.116271805251457,-0.0162425595291923
0.115246970078996,-0.0220256838474306
0.11406225112813,-0.0277778920226777
0.112494168091257,-0.0334408974395887
0.110669238587825,-0.0390214366919626
0.108648874729749,-0.0445392274788357
0.106210360531026,-0.0498843295534851
0.103608471777306,-0.0551480301687004
0.100725980169206,-0.060268400311444
0.097552701074767,-0.0652093837747055
0.0942238961595669,-0.0700493463064973
0.0905571271408024,-0.0746409513897032
0.0867099891422148,-0.0790761582662188
0.0826859549275567,-0.0833579781745847
0.0783648704191502,-0.0873372511627895
0.0739213761875278,-0.0911760057943198
0.0692604992122235,-0.0947543108872626
0.0644189246919653,-0.0980760937596153
0.059477153215382,-0.101254569006328
0.0542952155909986,-0.104024699157428
0.049033948666134,-0.106630613754573
0.0436427122584465,-0.10896748512949
0.0381204516830387,-0.110963710299724
0.0325479163977281,-0.112825141404344
0.026840256552128,-0.114220970864844
0.0211005224355963,-0.115455966953393
0.0152946420040856,-0.11635927865531
0.00945414811196675,-0.116953907146104
0.00359231222496242,-0.117358207498722
-0.00228183387889665,-0.117313269291232
-0.00815003824912891,-0.117097963366924
-0.0139979700845547,-0.116524619233711
-0.0198047668560254,-0.115657795006288
-0.0255853568544616,-0.114603997294932
-0.0312635142003789,-0.113095452790874
-0.0369013067793232,-0.111449068270196
-0.0424329948654745,-0.10946906339908
-0.0478597435603456,-0.107216280925217
-0.0531681935708599,-0.104696208480721
-0.0583452996875854,-0.101914979902894
