-0.0331308646541884,-0.0331308646541884
-0.0363613807736492,-0.0316858558479049
-0.0394487122557649,-0.0301690199337525
-0.0423865126193644,-0.0285825046643113
-0.0451686263832703,-0.0269285707910974
-0.0477890894346978,-0.0252095907176246
-0.0502416719415885,-0.0234278926465803
-0.0524761321301244,-0.0215725326406982
-0.0545289596964253,-0.019661875097239
-0.0563953620394761,-0.0176988624629941
-0.0580424239223173,-0.0156802977414922
-0.0594999866310334,-0.0136166014385461
-0.0607563751095642,-0.011512745266402
-0.0618153089166861,-0.00936947175055049
-0.062621553402414,-0.00718618743276659
-0.0632680542334816,-0.00497760932064544
-0.0636094953060208,-0.00273272506327286
-0.0638327100317048,-0.000473770307247264
-0.0636945443465511,0.00181429274333351
-0.0634816823291734,0.00410837239795634
-0.0628695706921971,0.00641927566417322
-0.0622104737041025,0.00873215880277825
-0.0611207000795794,0.0110465980833689
-0.0600013785814867,0.0133606796921299
-0.0584471537663187,0.015659405735554
-0.0568502444381922,0.0179548648019941
-0.0548355796153789,0.0202183497988827
-0.0528209147925656,0.0224818347957714
-0.0503388821713592,0.0246886223816296
-0.0478545915535006,0.0268951360449696
-0.044961331828827,0.0290320102319067
-0.0420214567487315,0.0311609467314003
-0.0387318189674233,0.033211693478817
-0.0353548324580442,0.0352429133430972
-0.0316846523177411,0.0371910404993052
-0.027890401259579,0.0391040052663255
-0.023870112024921,0.0409371905471042
-0.0196829587509127,0.0427114816731967
-0.0153339048841793,0.0444152984345616
-0.0107853270992093,0.0460322636214574
-0.00613221172040184,0.0475932197101073
-0.00125756408691277,0.0490354833613136
0.00367226992632524,0.0504411093343813
0.00883249303904505,0.0516937823195588
0.014014818744859,0.0529279407758308
0.0194174380243626,0.0539775674117687
0.0248200573038662,0.0550271940477066
0.0304188147852302,0.0558632536194998
0.0360197294625682,0.0566969643066465
0.0417552819291146,0.0573293825819318
0.0475079766038704,0.0579361721206239
0.0533402244008227,0.0583623298036473
0.0591942610986637,0.0587390140091772
0.0650894285530121,0.0589336942478863
0.0709957017920085,0.0590792312898191
0.0769062822847456,0.0590383055566212
0.0828180091776479,0.0589477516916498
0.088696514594604,0.0586677837052967
0.0945663052517137,0.0583381280234893
0.100368709704109,0.0578254723094374
0.106153693907302,0.0572655086014275
0.111820365152934,0.0564939260277804
0.117461190256516,0.0556857268947955
0.122960044280725,0.054687942481582
0.128398561523987,0.0536263579762334
0.133694711519988,0.0524142343909172
0.138880904320595,0.0511065814596873
0.143940765057899,0.0496891729155392
0.148812451768678,0.0481343364743243
0.153605076938962,0.046521759539111
0.158113799211064,0.0447320363065733
0.162544762043576,0.0428990148977701
0.166702978137052,0.0409193143372781
0.170708965538941,0.0388687214077159
0.174505207817869,0.0367204509082259
0.178038066565369,0.0344659009621191
0.181445610573356,0.0321607845242651
0.184465173409284,0.029720208393675
0.187373422053978,0.0272448631175994
0.189926706402149,0.0246628514886304
0.192271997104703,0.022027612499329
0.19436179752009,0.0193269913511823
0.196118080753762,0.0165549356062235
0.197722028288282,0.0137502517393996
0.198861243621058,0.0108642738726342
0.199878673164682,0.00796011274720683
0.200462941851099,0.00499633913234377
0.200832636445739,0.002010860814153
0.200879858642437,-0.00100723638952745
0.20060788561432,-0.00404602907066734
0.200100417787008,-0.00710009039284469
0.199172557184125,-0.0101661540445296
0.198105573627993,-0.0132361896948406
0.196518877831799,-0.0163021932873328
0.194831787114008,-0.0193651602995276
0.192626347507691,-0.0224044776632747
0.1903349114192,-0.0254364019608187
0.18753846474945,-0.0284249108003574
0.18463328712254,-0.0313993744385426
0.181258050910332,-0.0343131187779102
0.177753495273197,-0.0372042109752177
0.173816513772312,-0.0400195576137923
0.169730078627665,-0.0428011607225917
0.165244765974283,-0.0454927055714917
0.16062544301852,-0.0481463152073475
0.155610831860397,-0.0506880279076394
0.1504800890917,-0.0531892323569378
0.14496878262643,-0.0555576911251625
0.139358963656918,-0.057884236071934
0.133388246584552,-0.0600572307789451
0.127336648811296,-0.0621883633915317
0.120951278383824,-0.0641467425263003
0.114489748257668,-0.0660569016455391
0.107737633852511,-0.0677830792274488
0.10091529766653,-0.0694542441285991
0.0938443886299314,-0.0709306737394129
0.0867111579348667,-0.0723452923270861
0.0793726373880036,-0.0735563031146413
0.0719820395466961,-0.0746992956697015
0.0644313823538492,-0.0756332344653045
0.0568360930167306,-0.0764846050206999
0.0491304323591698,-0.0771317916667859
0.0413924559839532,-0.0776810674980604
0.0335889863924475,-0.0780319106582793
0.0257709198776421,-0.0782695378079971
0.0179283006868406,-0.0783167305787495
0.010093141082388,-0.0782418609312389
0.00226848366794125,-0.0779951422495824
-0.00551186545101366,-0.0775667996036143
-0.0132677655327583,-0.0770382380028786
-0.0209198370809832,-0.0762628567497578
-0.0285395581140622,-0.0754228554341704
-0.0360078725023238,-0.0743303211400554
-0.0434058534426222,-0.0731476838744662
-0.0506621618188721,-0.0717835523217802
-0.0577549732878882,-0.0702503133433444
-0.0647594950025518,-0.0686257548816764
-0.0714785311114347,-0.0667549127112075
-0.0780918018418817,-0.0648052517195844
-0.0844636691561193,-0.0626785740068665
-0.0906101140689992,-0.0604095503054501
-0.096607607336048,-0.0580464690961449
-0.102215727850982,-0.0554699800379253
-0.107669891193962,-0.0528184726419579
-0.112812998601168,-0.0500181767817814
-0.11764400544191,-0.0470873602421165
-0.122307383614576,-0.0440864625268346
-0.126459662929632,-0.0408989642101095
-0.130423162086935,-0.0376515938898365
-0.134033794738769,-0.0342923112535724
-0.137248381173842,-0.0308247017011937
-0.140264101851182,-0.0273037492321637
-0.142712930041299,-0.0236505619245958
-0.144918604111902,-0.0199499024201835
-0.146746781832673,-0.016175542412308
-0.148119044731173,-0.0123288333619956
-0.149288151187539,-0.00845034775315688
-0.149808788043533,-0.00449181483093999
-0.15010459541441,-0.000513209179663741
-0.149951786016496,0.0035054488822057
-0.149347292525079,0.007549025289262
-0.148497304825659,0.0116061450322567
-0.14701212655828,0.0156762981007819
-0.145356566160197,0.0197468393191245
-0.143071085015068,0.0238080719372537
-0.14052863695428,0.0278562914242843
-0.137529401244709,0.0318813786044082
-0.134090000837596,0.0358673693540001
-0.130353969025565,0.0398270126268844
-0.126110237515986,0.0437204764906043
-0.121620739777509,0.0475819043615917
-0.11658228130958,0.0513468333771298
-0.111361064652362,0.0550796363130701
-0.105557876962048,0.0586815114201541
-0.0996326487368528,0.0622559306894804
-0.0931060282490307,0.0656624343393752
-0.0865103171280013,0.0690493684817216
-0.0792958728923314,0.0722255525780253
-0.0720167042084399,0.0753751298887064
-0.064221743291463,0.0783126764482794
-0.0563118353239797,0.0811933890434285
-0.0479839948007823,0.0838674607208825
-0.0395030441344594,0.0864502292370152
-0.0306966206160163,0.0888389106749425
-0.0217044057617343,0.0910926009413784
-0.0124773643966456,0.0931756723485017
-0.00304673231591026,0.095075533119162
0.00654160760946254,0.0968334731028184
0.0163345892973898,0.0983567303368661
0.0262215526008506,0.0997722096487987
0.0362933826958189,0.100905004157134
0.0464101019003465,0.101968677659323
0.0566863664262148,0.102678520874413
0.0669818156688458,0.103314720387685
0.077353229760411,0.103659316289982
0.0877360903517562,0.103855225717299
0.0981361992295204,0.10382708526418
0.108515076042029,0.103582815100185
0.118879571612522,0.103192152503726
0.129155907855503,0.102472810708086
0.139383608659563,0.101633229705994
0.149502229560212,0.100542143827248
0.159489528822483,0.0992326484239466
0.169398239657273,0.0977924475154932
0.179054125254377,0.0960243137045067
0.188583965116142,0.0941209026697213
0.197923134395261,0.0920158089083084
0.206975990344627,0.0896562823153497
0.21586962450124,0.0871662594356954
0.224438822824963,0.0844296215197856
0.232725352248735,0.0815068549668382
0.240809209617135,0.0784532149053869
0.248427462999598,0.0751318671017231
0.255774312120245,0.0716734633441149
0.262852396162594,0.0680793363891373
0.269382294316767,0.0642414526010576
0.275641156936381,0.0602956927550348
0.281516910536884,0.0561999569771044
0.28685190653875,0.0519184240693887
0.291889167388834,0.0475424391261633
0.29641517272577,0.043013003403369
0.300435227027874,0.0383519125737142
0.304133181485719,0.0336109594320714
0.307179435911581,0.0287248645698901
0.309791220825822,0.0237575545982298
0.312048428701024,0.0187239637661774
0.313525701206443,0.0135713041826617
0.31466285606165,0.00837691704787241
0.31528103852526,0.00312040703885634
0.315225364361687,-0.00219482608334689
0.314866215415693,-0.00753262675983962
0.313740516230836,-0.0129121983902365
0.312184049638189,-0.0183011038753228
0.310167340690514,-0.0236999818773313
0.30740809086787,-0.0290905031268769
0.30433213449862,-0.0344717063753387
0.30050321073408,-0.0398185819733739
0.296289901940899,-0.0451339218124121
0.291517516985079,-0.0504033938631329
0.286158694718937,-0.0556019727312164
0.280459579798141,-0.060759414330419
0.273984922426763,-0.0657913100907224
0.267308465720743,-0.0707872760618185
0.259824435925799,-0.0756167363653946
0.2521006357635,-0.0803850255046365
0.243764504777353,-0.0849970943825275
0.235040255394192,-0.0894889639352802
0.22589420495416,-0.0938502027249238
0.216232426624568,-0.0980198937286219
0.206324620286677,-0.102098206854132
0.19580177739925,-0.105904251018572
0.185127668221444,-0.109637960217565
0.173876805859345,-0.113067391535512
0.162439434573272,-0.116379167078113
0.150610951883838,-0.119444217078427
0.13850315136613,-0.122296527397075
0.126163954174819,-0.12497259671104
0.113484956377994,-0.127330473563118
0.100704997596168,-0.129593809605524
0.0875646674636744,-0.131429322664597
0.0743619151282237,-0.133168508654961
0.0609291570078554,-0.134544475128966
0.0474123278856873,-0.135728035500515
0.0337750759587446,-0.136635994511103
0.0200649903605185,-0.13725845781566
0.00631077217676646,-0.137705200270113
-0.0074802321481401,-0.13771339010585
-0.0212574515052972,-0.13754494936844
-0.0350134560421101,-0.137104677318491
-0.0486856464026909,-0.136312566100636
-0.062305547368437,-0.13534850551972
-0.0757795952286177,-0.134015991887237
-0.089102895937477,-0.132410920420396
-0.102306523228893,-0.130603262226111
-0.115243674323566,-0.12842044617577
-0.127965392225046,-0.125990591593179
-0.140509721391574,-0.123362443247312
-0.152659720073788,-0.120354820166132
-0.164532791624128,-0.11711910713078
-0.176154641753047,-0.113682111342687
-0.187294790580015,-0.109900546771476
-0.198073462249988,-0.1058923397185
-0.208541522826266,-0.101695501520283
-0.218451960189719,-0.0971903011651092
-0.227909604987999,-0.0924635231722052
-0.236994415699879,-0.0875618783329768
-0.245478710110597,-0.0823996506296985
-0.253404182951849,-0.0770224344835715
-0.260905083979403,-0.0714908105525062
-0.267777936526377,-0.0657455531913466
-0.27398789956312,-0.0598020161523609
-0.279735519868855,-0.0537298225818972
-0.284828109740608,-0.0474865901465102
-0.289169377294382,-0.041073840734932
-0.293009379882061,-0.0345585093043537
-0.296177681713334,-0.0279143580810815
-0.298528266234226,-0.0211401443425708
-0.300377316076092,-0.0142956511213328
-0.301483019367872,-0.00735650927237116
-0.301769876094174,-0.000338338137646604
-0.301532690986407,0.00672172174229252
-0.300481218211065,0.0138353417781701
-0.298665605375015,0.0209754669664536
-0.296376557096458,0.0281286078136786
-0.293062654518751,0.035285006112588
-0.289167312145051,0.0424247709792772
-0.284722832556131,0.0495488265038954
-0.279188213779293,0.056605299067244
-0.273309364982546,0.0636309394273383
-0.26649827289076,0.0705655377890024
-0.259086851113004,0.0774185552374727
-0.251100969707814,0.0841935073460235
-0.242200156257845,0.090807089138642
-0.232972634517262,0.09735878959492
-0.222741480945623,0.103689813198197
-0.212099123389824,0.109910810245407
-0.200815107229379,0.115960117598063
-0.188837669449406,0.12178733468672
-0.176551962852206,0.12751581891059
-0.163328025406239,0.132888070124138
-0.149839707608985,0.138142280881368
-0.135735117954872,0.14312042917192
-0.121135827121008,0.147837059400075
-0.10623021254076,0.152391755119279
-0.090641348927961,0.156518859717499
-0.0748389732451442,0.160491779368424
-0.0585577541074033,0.16410694615341
-0.0419465398971071,0.167423257769365
-0.0250997054822053,0.170526183423132
-0.00782288870479025,0.17314503861385
0.00958510697147301,0.175588901044136
0.0272950078896,0.177593934914636
0.0451591037971278,0.179290546119771
0.0631584255695304,0.180716676929705
0.0813146509112143,0.18166128158646
0.0995273889099882,0.182343711932412
0.117800817769993,0.182651927792606
0.136077679627248,0.182517166946791
0.154333947951372,0.182117274110209
0.172530200755368,0.181301511294011
0.19060738783268,0.180079632979276
0.20857301709668,0.178555657297048
0.226370416354203,0.176649959733974
0.243902084381501,0.174291745997364
0.261228452330274,0.171637957748452
0.27831948736585,0.168664725956605
0.294970675662367,0.165197018594653
0.311311981506855,0.161429925944775
0.327330447279105,0.157365591176031
0.342835951456319,0.152877950431194
0.357852234833377,0.148037115737886
0.372452783073118,0.142916461144914
0.386564370473983,0.137484331259911
0.399937715585728,0.131634967166623
0.412798534339176,0.125524472888679
0.425134080940783,0.119157018384437
0.436701674836783,0.112444409956736
0.447535430264154,0.105437410437809
0.457767266152653,0.0982052630062943
0.467353552150344,0.0907424562909899
0.47590522302428,0.0829514522994883
0.483786399979298,0.0749713789890907
0.490986599970254,0.0668076995702159
0.49723061247999,0.0584093655956355
0.502554955593878,0.0498158324137185
0.50716367448872,0.0410838326513262
0.51095016241246,0.0322033656820298
0.513561915723234,0.0231464554622015
0.515409233072935,0.0139944836328555
0.516549811178478,0.00475882625524324
0.516374072150121,-0.00459649334134875
0.515413041402172,-0.0140001540093468
0.513714779162139,-0.0234450583677412
0.510769128866317,-0.0329304644595674
0.506911096645492,-0.042418359069952
0.502410720183812,-0.0519043143981407
0.496556038189132,-0.061352220067722
0.489930266071376,-0.07075377972934
0.482611488194396,-0.0801136866068355
0.473886412785903,-0.0893427584347077
0.464514369836549,-0.0984905025660444
0.454296050333398,-0.1075300242458
0.442925932970924,-0.1163790690264
0.431016706168376,-0.125129186572598
0.41794161405536,-0.133639234318871
0.404123195737068,-0.141963670732476
0.389692275699175,-0.150135163176622
0.374072493249676,-0.15795294432624
0.357954539741314,-0.165601104728911
0.341030165427305,-0.172966399609799
0.323263908247656,-0.17998601039343
0.305045619342747,-0.186809229002776
0.285924102185982,-0.193199331773598
0.266261826472917,-0.199286175960094
0.246166285489427,-0.20513004403273
0.22521633554822,-0.210410266514388
0.20393823172165,-0.215437014413261
0.18217291130472,-0.22008227884796
0.159862078444748,-0.224213159228434
0.137291363601288,-0.22807341654564
0.114267127819832,-0.23140811898752
0.0909307923434595,-0.234283615301984
0.0673934934230465,-0.236836205795528
0.0435578422426844,-0.23880232893952
0.0195670945133619,-0.240319547831363
-0.0045286805109377,-0.241500117979334
-0.0287444126903573,-0.24205365700461
-0.0529808168341146,-0.242135308283613
-0.0772079505790554,-0.241814571658471
-0.101386122122241,-0.240992509261629
-0.125421824703081,-0.239571788646574
-0.14931978214439,-0.237749547449528
-0.173044002056311,-0.235488235124141
-0.196455357207225,-0.232619696898397
-0.219547371935579,-0.229262819718263
-0.242325233469788,-0.225479816305135
-0.26476319448441,-0.221272619602751
-0.28661106964303,-0.216438491517797
-0.30798114966664,-0.211166839054598
-0.328859779899158,-0.205478037423393
-0.349218369684043,-0.199376603770755
-0.368771935859832,-0.1927059058107
-0.387661001204963,-0.185617303079398
-0.405890955668245,-0.178141231492719
-0.423435342896084,-0.170285628652402
-0.440014624874174,-0.161943775724827
-0.455714028599166,-0.153203737360724
-0.470606629894198,-0.144124133531561
-0.484673918486006,-0.13471661781904
-0.497655950232402,-0.124913569761288
-0.509549125712742,-0.114755641003297
-0.520514228558847,-0.104319931145834
-0.530530175051446,-0.0936175288645927
-0.539367599833934,-0.0826125818956338
-0.546942772240666,-0.0713239280045349
-0.55350776180077,-0.0598317820754836
-0.559049792276143,-0.0481482841732229
-0.563263094530247,-0.036245490154964
-0.56613573144055,-0.0241596881586761
-0.567973685179264,-0.0119534296814235
-0.568766081805418,0.000363530287207058
-0.567935982418371,0.012810972885831
-0.565945876969035,0.0253197831531091
-0.562871725708998,0.0378715798065222
-0.55852641609201,0.0504551397947639
-0.552655601661227,0.0630331034436542
-0.545789936261235,0.0755872379772047
-0.53777854823621,0.0881034131422985
-0.528100043875034,0.100514303360119
-0.517420510608589,0.112835145689802
-0.505743242473041,0.125061500488355
-0.492348768578143,0.137067471056951
-0.478112455895925,0.148940536896909
-0.462740289155207,0.160626946633393
-0.445881492583163,0.172012221583704
-0.428230462085914,0.183216427034143
-0.409384023697365,0.194129563101273
-0.389267468265953,0.204676877452658
-0.368379658602121,0.214981241014316
-0.346378382652554,0.224910604835736
-0.323258057559965,0.234402088674837
-0.299447088224658,0.243601529058598
-0.2746244429168,0.252342406865276
-0.248843680392838,0.260579924064461
-0.222457182234724,0.268473531787529
-0.195212927827071,0.275843479972363
-0.167169277067518,0.282642826089111
-0.138630168172567,0.289056836086352
-0.109402883120264,0.294890542947344
-0.0795515325608073,0.300092216111217
-0.0493234732617298,0.30486817692261
-0.0186003694294029,0.309027809874565
0.0125593014753389,0.31249472551798
0.0439580126785438,0.315517551123461
0.0756455716592133,0.317925713051472
0.107584198257195,0.319547994259387
0.139628976152004,0.32062533993166
0.171748911069418,0.321154353155608
0.203897083475197,0.320966107444113
0.235978380209252,0.320073967505808
0.267945606415493,0.318585296101169
0.299754639495659,0.31650276302503
0.331325573074303,0.313751792227341
0.362518910298093,0.310224531496499
0.393360449488892,0.306111880145065
0.423788546107369,0.301391088472463
0.453756602806998,0.296069725390223
0.483070373213463,0.290009575955873
0.511712335535042,0.283294250051474
0.539700759486131,0.276002990907113
0.5669753085524,0.268132463352679
0.593490225365514,0.25969340864286
0.618983191904245,0.250565034663205
0.643506800412828,0.240850151110249
0.66708915877026,0.230609569992746
0.68968305452202,0.219854222469851
0.711246016585102,0.208598020805479
0.731498594005942,0.196759943652448
0.750477264826916,0.184410753293847
0.768264495091045,0.171620992525233
0.784836356295008,0.158412402320561
0.800156051411213,0.144801756725438
0.813907294244264,0.130733744916018
0.826147961442813,0.116273276878087
0.83700467055929,0.101486592376669
0.846488511539077,0.0864024891017659
0.854569041594017,0.0710392454014343
0.860738516729376,0.0553467881927483
0.865368941073613,0.0394309364847582
0.868501041131483,0.0233246453530629
0.870198268529918,0.00705778482932972
0.870090949500526,-0.00937492351704848
0.868142345026357,-0.0259281879198113
0.864702251630785,-0.0425489356016315
0.859753911525167,-0.0592165370025597
0.853002670155658,-0.0759068016241926
0.84436616955358,-0.0925688773219229
0.834324853791158,-0.109182661113972
0.82288085767067,-0.125734374637319
0.809178827535487,-0.142122692740784
0.794031031421394,-0.158362522080074
0.777610472588493,-0.174458768343937
0.759265139856766,-0.190295415950499
0.739281373299039,-0.205855033089776
0.71806675888812,-0.221184949146694
0.695234375591133,-0.236182661669668
0.670666630277652,-0.250756842986609
0.644916884917967,-0.265009229459667
0.617936621083692,-0.278909694259232
0.589082018096154,-0.292188490967985
0.559165444956817,-0.305064466074917
0.528202869285356,-0.317528941839203
0.495710695245631,-0.329321290807171
0.462087602753896,-0.340542537032119
0.427556398938769,-0.351272848163009
0.391953501427524,-0.361380185722528
0.355164301987292,-0.370690158134482
0.317637191634666,-0.379442362650591
0.27939338151327,-0.387627803077858
0.240093647801225,-0.394836895111262
0.200207684835666,-0.401395066086696
0.159798857701966,-0.40733101066149
0.118756041971792,-0.412399770282655
0.0772264863018455,-0.416621134569433
0.0353464204390403,-0.420101379834838
-0.00682340825952145,-0.422840758271104
-0.049248562290867,-0.424700428086076
-0.0918246423061458,-0.425595279756369
-0.134438117858619,-0.425734494511654
-0.177028046327853,-0.425054391664038
-0.219523776671386,-0.423562060649227
-0.261808320501467,-0.421116159735116
-0.303771431806965,-0.417736443377855
-0.34537398369872,-0.41354800141205
-0.386530501931395,-0.408523110196396
-0.427168307295318,-0.402670061099738
-0.467212849249498,-0.395992702990188
-0.506429429058031,-0.38833089716148
-0.544832785647002,-0.379831894014552
-0.582367857067799,-0.370528018671549
-0.618962277760371,-0.360431429371056
-0.654543621421172,-0.349554301785178
-0.68904108725975,-0.33791040081184
-0.722281948163884,-0.325454689109593
-0.754101244260196,-0.312169242177435
-0.78459032276891,-0.298174880308667
-0.813684694974914,-0.28349182341398
-0.841320252530595,-0.268140937807344
-0.867442104846238,-0.252147333428681
-0.891989611365085,-0.235533847835857
-0.914648453953356,-0.218241530066815
-0.935483824488918,-0.200356095824124
-0.954546499527072,-0.181942654696492
-0.971815018023604,-0.163037747746171
-0.987241662549547,-0.143669594327246
-1.0007854972763,-0.123868621277256
-1.0122076697893,-0.103630036663931
-1.02135479089348,-0.0829829863427106
-1.02852350596273,-0.0620271131640446
-1.03368617973999,-0.0407947214493156
-1.0368201235425,-0.0193191081070476
-1.03790406887707,0.00236600859925134
-1.03631498350722,0.0242593583692776
-1.0326378987243,0.0462628916566956
-1.02692089732955,0.068340533180831
-1.01915927023515,0.0904603242962123
-1.00912222544782,0.112584785032241
-0.996403577064131,0.134644452152168
-0.981780867855767,0.156612443481587
-0.965252625082692,0.178465785258623
-0.946326552538051,0.200126929299485
-0.924963835106616,0.221520861475215
-0.901755862193317,0.242671017938699
-0.876713319981541,0.263553907393802
-0.849149629367039,0.284001152096804
-0.819538855895787,0.304024529188114
-0.788204531791475,0.32365365190745
-0.755170315663577,0.342866410102022
-0.719638343792979,0.361372405578829
-0.682451940958796,0.379339302676844
-0.643702536481195,0.396760055830751
-0.603413197233853,0.413606569738458
-0.560934018084821,0.429521611280777
-0.517093423383763,0.444777357752229
-0.471930924089274,0.459350925268967
-0.425441654945287,0.473190164554211
-0.377221040825742,0.485931956090154
-0.327922957581284,0.497891937197222
-0.277603577349851,0.509056663672081
-0.226258722198423,0.519352351835546
-0.173669256180104,0.528408805476175
-0.120318741410079,0.536564937346412
-0.0662729183081154,0.543805386018533
-0.0115989401017249,0.550117456153578
0.043764453599967,0.555159065901205
0.0995716542124872,0.559109879308678
0.155697827120402,0.562018954321523
0.212050992662511,0.563874280326709
0.268538628091212,0.56467048325051
0.325061313567086,0.56434327536276
0.381470350778579,0.562698798801254
0.437652386434021,0.559931048056673
0.493503835258731,0.556046042327174
0.548924838436558,0.551051846631331
0.603796602984879,0.544920815597719
0.658013914427246,0.537664396073331
0.711468931166688,0.529287414526029
0.764028294790819,0.519767824777883
0.815470421691733,0.50901395451031
0.865789644380549,0.497166519492164
0.914880794344808,0.484240254302457
0.962640202870912,0.470251790772006
1.0089685499037,0.455221564910646
1.05375817710533,0.439165430790304
1.09691254328809,0.422108043299749
1.13833525333291,0.404074397083868
1.17793237387581,0.385091421884243
1.21551448912172,0.365145147274947
1.2509207642098,0.344249044998897
1.28421499369143,0.322507319601919
1.31531703267123,0.299955481840641
1.344141384744,0.276628067817551
1.37063570234682,0.252570848179135
1.39472590496205,0.22782225056272
1.4163471387357,0.202424084427323
1.43543508215382,0.176418916835597
1.4518815071279,0.149841394203681
1.46533858353088,0.122693168018337
1.4761117958082,0.0950972092846195
1.484161465073,0.0671017044112307
1.48942342703183,0.038752909669307
1.49195919672619,0.0101107120022766
1.49171740724375,-0.0187797604579717
1.48854401251571,-0.0478753709499369
1.48203594648009,-0.0771256669496577
1.47262504141339,-0.106444197752049
1.46048442194291,-0.135776583840684
1.44559368524964,-0.165077729574894
1.42795641352292,-0.194301534367626
1.40674934409993,-0.223335992025246
1.382701065996,-0.252144279176838
1.35605457392077,-0.280696961426733
1.32681458425708,-0.308952435759702
1.29455868067532,-0.336795790195452
1.25916644460341,-0.364114826941688
1.22132755601947,-0.390960705432025
1.18101523811035,-0.417279551733476
1.13828485847524,-0.443031420690666
1.09240373254767,-0.467934548673995
1.04418030283324,-0.492115167469949
0.993763496097863,-0.515558854351097
0.941190473281369,-0.538217606863462
0.886379579828199,-0.559985225637599
0.829037765157162,-0.580612213549595
0.769833846587086,-0.600298534138029
0.708844393769624,-0.619007894095463
0.646156652287819,-0.636710289203484
0.581593205752755,-0.653177373029038
0.515287879068539,-0.668330175725046
0.447641539521407,-0.682343945598921
0.378759581124881,-0.695205362822497
0.308664226421313,-0.706801108208598
0.237414197840331,-0.717007905490671
0.165117332744688,-0.725696592697693
0.092063722634116,-0.733049065817726
0.0183833095853438,-0.739069525959047
-0.0558305253601278,-0.743654090896597
-0.13042924407967,-0.74680644860045
-0.205274622338976,-0.748509294813372
-0.280226037426011,-0.748722674184192
-0.355109843014833,-0.747285619804848
-0.429769107248684,-0.744345924986354
-0.504055857188457,-0.739898206377847
-0.577821943277637,-0.733939524539445
-0.650925396955536,-0.726481249850507
-0.723205715660018,-0.717501548997884
-0.794515829408971,-0.707013320883707
-0.864706689893523,-0.695025341307492
-0.933633830861217,-0.681552845444724
-1.00113808490683,-0.666598204647387
-1.06707893264907,-0.650185981822244
-1.13131233419085,-0.632337132931724
-1.19369734836896,-0.613076079385641
-1.25408829353268,-0.592425640729159
-1.3123524109771,-0.570418943204658
-1.36829930541759,-0.547058550557474
-1.42177776927017,-0.522377392388316
-1.47272314343207,-0.496450599237081
-1.5210172917223,-0.469322141174732
-1.5665425713403,-0.441036528639232
-1.60918638201395,-0.411641013642672
-1.64882921037356,-0.381181570296374
-1.68538756750155,-0.349717465347873
-1.71875982609185,-0.317301666040469
-1.74885443086274,-0.283991005638047
-1.77556939943198,-0.249840947392101
-1.79886911445042,-0.214922700120633
-1.81866245628936,-0.17929439674455
-1.83488239243927,-0.143020470840818
-1.84745993375902,-0.106165999321619
-1.85642631381601,-0.0688085710117907
-1.86130251860319,-0.0309721373287531
-1.86231351548367,0.00722945161338812
-1.85953494698044,0.0457129320987451
-1.85287479911079,0.0844087828503213
-1.84247394606889,0.123236963679692
-1.82829102862061,0.162129645007992
-1.8103228990823,0.201016384259537
-1.7885709883201,0.239826212117827
-1.7622272661839,0.278433321604373
-1.73218334456168,0.316783590050012
-1.69852835586047,0.354815652019085
-1.66129252132358,0.392465511406823
-1.62051372643496,0.429669858545158
-1.57555339854308,0.466241779383279
-1.52680409674503,0.502129078933202
-1.47466133818856,0.537317040913932
-1.41919063992601,0.571740924757872
-1.36046733119857,0.605338151611456
-1.29852914335545,0.638033313005211
-1.2328602898583,0.669546433635477
-1.16410535281811,0.699955588507202
-1.09248749003032,0.729239697853623
-1.01811192383022,0.757340181655221
-0.941085480293157,0.784198151462641
-0.861523276622239,0.809757499786133
-0.779118111634534,0.833687570530763
-0.694377384441896,0.856105736632674
-0.607572300237701,0.877044760882832
-0.51881056387747,0.896434700150233
-0.42824311359263,0.914233616851581
-0.336018165575036,0.930397461214527
-0.24217012423986,0.944726678519578
-0.146913164367841,0.957168126066959
-0.0505178085122891,0.967795213290539
0.0468327541025588,0.976578499709624
0.144956706542847,0.983486701461955
0.243664754843306,0.988516812618009
0.342783703532791,0.991581206852212
0.442111233345156,0.992681021452375
0.541450964865697,0.991798321197921
0.640607223922673,0.988928220870371
0.739372865884314,0.984025842805409
0.837548108071296,0.977105472011747
0.934931002013719,0.968164742331063
1.03132231111417,0.95720930162805
1.12650788654907,0.944225669197671
1.22029360014621,0.929238111330368
1.31247950039705,0.9122606427637
1.40286952232888,0.893313311309056
1.49125703920537,0.872408834362854
1.57745519243173,0.849581405719272
1.6612729654251,0.824861487328745
1.7425237847884,0.798284202409992
1.82101946769438,0.769885436436306
1.89658283336543,0.73970990603678
1.96903832297691,0.707804029828049
2.03821397272291,0.674217392748235
2.10395019684449,0.639006712148539
2.16608262686792,0.602227639245197
2.22445729859898,0.563941551256126
2.27892117366152,0.524211476978049
2.32935425619288,0.4831126286488
2.37560772736182,0.440711316020951
2.4175548966542,0.397082349335019
2.45506658906929,0.352301228991267
2.48807602023511,0.306458684033651
2.51644975138082,0.259630398860467
2.54009338524627,0.211902473759557
2.55891052247019,0.163361947216642
2.57290711396823,0.114110304081537
2.58195646373102,0.064230310671278
2.58598191038285,0.0138148050534176
2.58468956277248,-0.0370547312850317
2.57819185659968,-0.0882581542728004
2.56661086063208,-0.139684283533776
2.5499235138212,-0.191234954269042
2.52812293403109,-0.242810644911235
2.50110763827585,-0.294307033220202
2.4691798727294,-0.345632649171422
2.43227512267892,-0.396692242851029
2.39042147565463,-0.447391073996108
2.3429007419292,-0.497541964220396
2.2903463542268,-0.547076883363076
2.2329726086433,-0.595913852824441
2.17085816028088,-0.643957233864868
2.10408308298099,-0.691111450514396
2.03274481756719,-0.73728407975667
1.95689205372392,-0.782368463639834
1.87665587069689,-0.826275498399401
1.79156072609578,-0.868711199337777
1.70232906243532,-0.909739989342591
1.60914971387071,-0.94928972070207
1.51215846758615,-0.987269982611484
1.41151243904213,-1.02359721081058
1.30737444903514,-1.05818965326913
1.19991276126549,-1.0909668774068
1.08931876450821,-1.12186157690584
0.97559284199158,-1.15066325743981
0.858899431480055,-1.17722433544948
0.739714822829255,-1.20166391879935
0.618294472944459,-1.22397331625651
0.494741026199213,-1.24398401920052
0.369310743755457,-1.26166324444603
0.242237348744368,-1.27695743408761
0.113771390770953,-1.28984464013479
-0.0158798523961514,-1.30020119551726
-0.146441496405821,-1.30802586995394
-0.277658382335924,-1.31328256559109
-0.409271870734728,-1.31595552227485
-0.541022603637267,-1.31597509928955
-0.672642299332327,-1.31334848550564
-0.803865483242405,-1.30805972377877
-0.934430058533805,-1.30011036981357
-1.0640607630448,-1.28947004499151
-1.19249431435851,-1.27615472985482
-1.31946412950152,-1.26016964175068
-1.44471238797646,-1.24153568787773
-1.56796561702115,-1.22025476311233
-1.68896622437211,-1.19635510036252
-1.80745495722266,-1.16986333447805
-1.92318369933754,-1.14081835998429
-2.03589283634014,-1.10925077175687
-2.14533526819495,-1.07520463758686
-2.25105318896724,-1.03859203566895
-2.35299213923444,-0.999605354126214
-2.45092340535501,-0.958306317044409
-2.54462040488286,-0.914758770375772
-2.63386022698505,-0.869030087326643
-2.71843769296143,-0.821197435372741
-2.7981401269411,-0.771336078760038
-2.87276990874497,-0.719529160073974
-2.94212292439316,-0.665859428396728
-3.00604008827202,-0.610426507932445
-3.0643374898181,-0.553322639296251
-3.11685362473934,-0.494648486923863
-3.16339891975078,-0.434499971338453
-3.20387499411292,-0.372996797513707
-3.23813795862418,-0.310247995978365
-3.26606915919404,-0.24636935041657
-3.28748762852733,-0.181469454490364
-3.30237680602093,-0.115684417987539
-3.31064176087171,-0.0491374445844506
-3.31221272630076,0.0180438157873202
-3.30691289101423,0.0857364686172027
-3.29484351127987,0.153795264960045
-3.27595721492986,0.222088184510632
-3.25023763423079,0.29048035815387
-3.21751966106569,0.358831651333661
-3.17809990865248,0.427006739277154
-3.13194110318785,0.494871767798317
-3.07908019170326,0.562292380478933
-3.01958245579051,0.62913593346375
-2.95344486911298,0.695259932340726
-2.88077715833857,0.760531502773255
-2.80166920530292,0.824815623605633
-2.71602082318861,0.887936597687196
-2.62382072560442,0.949713640803379
-2.52554351479827,1.01007533573234
-2.42133743427589,1.0688914129415
-2.31136212852828,1.12603359829465
-2.19579889646334,1.18137916704406
-2.07481433415703,1.23479845772009
-1.94860997252693,1.2861716176217
-1.81739440324593,1.33538063309006
-1.68138481605264,1.38230938415719
-1.54082155483742,1.42685151351983
-1.39594188567758,1.4688974103731
-1.24699779408322,1.50834378811137
-1.09425867435009,1.54509830478544
-0.937917941938763,1.57899631783739
-0.77832746844644,1.60999544370575
-0.615781074413111,1.63801000733418
-0.45054695479111,1.66291448534795
-0.282978727131275,1.68467341988108
-0.113369365669005,1.70317453579009
0.0579237240439654,1.71839904036353
0.230568973395308,1.73029558927084
0.40424151332051,1.7387620265665
0.578582151993248,1.74381054279654
0.753249205920814,1.74540399000484
0.927899733892228,1.74352558358527
1.10218394537633,1.73812204765038
1.27575539314074,1.72920389763377
1.44826644733977,1.71676083769745
1.61937800941489,1.70080762465836
1.78873651472251,1.6813303072466
1.95600008016491,1.65834790392723
2.12064911658141,1.63165852050513
2.28238603286131,1.6014055261457
2.44095326942996,1.5677320002552
2.59601772552044,1.53067674274165
2.74725526186112,1.49028891687289
2.89433721847,1.44661679660195
3.03694932638798,1.39972272022711
3.17477974033087,1.34967208225967
3.30715765889086,1.29633314426122
3.43392106365047,1.23989824090398
3.55495670805971,1.18055865189069
3.66997881019583,1.11840402579319
3.77872556655308,1.05353692421616
3.88092673446444,0.986058051783169
3.97633179149554,0.916078025143299
4.06467018516344,0.843703216081861
4.14542659534501,0.768976304142209
4.21829573371984,0.692022641954476
4.28341611781749,0.613082174917299
4.34064119950884,0.532303581550264
4.38974696145387,0.449819537627021
4.43057225846131,0.365779289233923
4.46291139258171,0.280327620129356
4.48670734365998,0.193634913997157
4.50179943209705,0.105856431798418
4.50808785315338,0.0171582679042492
4.50535910455766,-0.0722991455332617
4.49368235506803,-0.162329400556634
4.47297636677857,-0.252759169111546
4.44321010242109,-0.343410127146936
4.40414129299652,-0.434099479246424
4.35604142699126,-0.524639420966096
4.29890524546328,-0.614847663886785
4.2327753500112,-0.704540930975679
4.15773166016413,-0.793537407884229
4.07382407198112,-0.881650824126634
3.98115658274264,-0.968697642683024
3.87984504589233,-1.05449480408366
3.77005834975689,-1.1388671125414
3.65188686168576,-1.221623051396
3.5255222799466,-1.30258657550391
3.39115279503947,-1.3815806387926
3.24899685167838,-1.45843475787265
3.0992532144583,-1.53297017752962
2.94217254119669,-1.60502097284855
2.77801170785103,-1.67442234689212
2.60704235859712,-1.74101295463079
2.42955677527942,-1.80463757116223
2.2458581389446,-1.86514360743728
2.05626583872253,-1.92238437428473
1.86112748777154,-1.97622837150105
1.66075952689826,-2.0265194108805
1.45554034579139,-2.07313790020068
1.24584370112819,-2.1159605673525
1.03210589832435,-2.15492742294451
0.814621449208813,-2.18982522298477
0.593858988248763,-2.22061325828138
0.370231742816033,-2.24719737887759
0.144190563247484,-2.2695525931048
-0.0838735205004071,-2.28754266190269
-0.313521363094737,-2.30109790151949
-0.544364949835474,-2.30980385668167
-0.775836513079304,-2.31394980446926
-1.00748339052229,-2.31354510853794
-1.23886089850204,-2.3085552001345
-1.46952790532944,-2.29897848850288
-1.69903457373277,-2.2847783464999
-1.92688399086841,-2.26584344743154
-2.15242117299312,-2.24184133006031
-2.37536205865795,-2.21322724026038
-2.59527708287436,-2.18004212340424
-2.81172865898651,-2.14231329859045
-3.02429388896503,-2.10008861204041
-3.23211106125767,-2.05301114022267
-3.43487387210294,-2.00133260264088
-3.63238014571401,-1.94533270368818
-3.82421727974338,-1.88508116212983
-4.00998678072066,-1.82066119227389
-4.18885416153376,-1.75190594000841
-4.36028721903483,-1.67888406374293
-4.5244037896368,-1.60200796593425
-4.68084091451906,-1.52139205572303
-4.82923108661557,-1.437151652062
-4.96899762890636,-1.34932732914468
-5.09906534474154,-1.25780900484709
-5.22001481230407,-1.16311017819206
-5.33156649273681,-1.0653909080509
-5.4334065379182,-0.964802757145912
-5.52526651251697,-0.861513888240141
-5.60594059050949,-0.755486283764041
-5.67606258730765,-0.647128816120226
-5.73602026640905,-0.536745698313036
