-0.562714078635413,-0.562714078635413
-0.628372272622764,-0.487960444231455
-0.684272171316108,-0.405673908540753
-0.729564376950991,-0.31710942255772
-0.763543270539921,-0.223612092001035
-0.785649373981469,-0.126604432123524
-0.795105807920697,-0.0275614027971033
-0.792235280754512,0.0718755114608558
-0.777137856209704,0.170200815533091
-0.750045843678941,0.26593347610557
-0.710782452212797,0.357350982420288
-0.660578180671822,0.443231252990038
-0.600189977366984,0.522286650923295
-0.530383401528989,0.59317578552918
-0.452106917167305,0.65458016978914
-0.366847927523213,0.705824750181092
-0.275902271099239,0.74611688298483
-0.180655355404993,0.774825375761923
-0.0825679285525536,0.791501653571476
0.016849343907698,0.795392914989501
0.115972719204473,0.786997231581147
0.213306043163242,0.766447540093519
0.307358197448843,0.734004514295233
0.396448007659891,0.68971874098498
0.479405147329256,0.634819706499522
0.554981000435964,0.570127941339993
0.621836666819446,0.496448334094176
0.678772916395723,0.414866677402858
0.725196333593769,0.326890901405068
0.76034858739507,0.233837619816559
0.783690170697229,0.137136082594878
0.794854178455888,0.0382715655667482
0.793202242187561,-0.0612061928622282
0.779299413320771,-0.159708010710396
0.753370668223452,-0.25574929918998
0.715674873077313,-0.347820211844089
0.666507024346314,-0.434308241403828
0.607084381163814,-0.514086788116835
0.538276723868373,-0.58593673897575
0.46096759914857,-0.648558731118112
0.376347620672716,-0.700872699046695
0.285915389761564,-0.742308544165625
0.191043846420445,-0.772208693425842
0.0931904580237611,-0.790112717901352
-0.00614159338261113,-0.795730540110983
-0.105372074939039,-0.788545707603174
-0.20294610080622,-0.769175558006469
-0.297400286633174,-0.737951250860265
-0.38719586989818,-0.695119593380547
-0.470817915979359,-0.641225193138376
-0.5471684712964,-0.577458364575464
-0.61507002286587,-0.504749894942686
-0.673255550123297,-0.424049637011488
-0.72078906886063,-0.336655218790718
-0.757110597715122,-0.244049518151982
-0.781662428924464,-0.147655351701542
-0.794102193826098,-0.0489572275272239
-0.794128077126209,0.050533201315017
-0.781420992757342,0.149207066758382
-0.756657100537087,0.245552729887025
-0.720233240503938,0.338128256692531
-0.67240179431865,0.425362670130414
-0.613947489651418,0.505860754484207
-0.546024307917938,0.578537724896347
-0.469649649204471,0.64228792619765
-0.385827532583255,0.695882828309863
-0.295913067039779,0.738459861150443
-0.20142179243154,0.769550652268664
-0.103807209445428,0.788680427457689
-0.00456898658198183,0.795610746311233
0.0947655131186422,0.790053275431425
0.192575841474316,0.77186400501819
0.287396799329379,0.741785598969975
0.377806843818303,0.700272398817643
0.462206145397241,0.647597661724672
0.539327911127164,0.584758745669129
0.60810983026055,0.512893954925554
0.667505834555253,0.433085115615009
0.716342412413943,0.346401693816804
0.753831235174243,0.25424820106807
0.779592904296643,0.158166443566667
0.793262890137997,0.0596373866108048
0.794640611023692,-0.0398348724967901
0.783501981711737,-0.138697985814521
0.759904498571916,-0.235343689625548
0.724603304814222,-0.328346937315803
0.6781305035905,-0.416312990276253
0.620778759606953,-0.497608258208364
0.553743191968381,-0.571108831599727
0.478165275924406,-0.635787680271567
0.395152908526409,-0.690616555535457
0.305894961520573,-0.734570332183366
0.211788910376275,-0.766850695389605
0.114418169166727,-0.787206087615921
0.0152791173209321,-0.795359852521916
-0.0841162626270703,-0.79119474586046
-0.18219524580914,-0.774512311984363
-0.277378705804989,-0.745581533189117
-0.368276366172396,-0.705165351252857
-0.453523399220313,-0.653870237970688
-0.531459029313072,-0.592028587961387
-0.601117926376561,-0.521010751180436
-0.661485184482949,-0.441946322933779
-0.711577838267905,-0.355993217388401
-0.7505100325654,-0.264433371532094
-0.777481081005202,-0.168669118952219
-0.792381376968242,-0.0703141117379704
-0.794978947225858,0.0291271846320369
-0.785300458015415,0.128140009668756
-0.763112338031486,0.225122142405569
-0.72893565751204,0.318548896647059
-0.683531991128188,0.407061222996102
-0.62757276422053,0.48932520879666
-0.561432925147604,0.563649774905898
-0.486655198666494,0.62925397059154
-0.404336411982152,0.685100110260406
-0.315726135991112,0.730321612805843
-0.222144945826222,0.764108396058005
-0.125023136411019,0.785689226939623
-0.0259881388403351,0.795066684119826
0.0734433665919006,0.792121326836415
0.171767978709915,0.776958553948196
0.267345958220205,0.749338573506348
0.358727090660895,0.710021420956587
0.444578282819058,0.659765730289723
0.523561626517777,0.599267486983246
0.594094039099735,0.529099877516121
0.655429406559079,0.450783504205949
0.706589018609441,0.365473665402516
0.746789719047462,0.274476860258848
0.775326576087559,0.179163160652994
0.791457226671753,0.0809872339581767
0.795275087858879,-0.0184182846198057
0.786808825041929,-0.117533578253077
0.766197207070826,-0.214864641489539
0.733229862157167,-0.308734079807043
0.688897548783257,-0.397788627914441
0.63394602502797,-0.480713982122331
0.569093145571778,-0.556160368291674
0.49511905384122,-0.622686541871461
0.413497666388635,-0.679546884246736
0.325473128559897,-0.725876144582891
0.232374274387567,-0.760933134926196
0.13562192558334,-0.78412950892884
0.0366959078676855,-0.794730856359315
-0.0627669501817772,-0.793005934556769
-0.161259067798497,-0.779040404366445
-0.257296264761379,-0.753049648795246
-0.34915896004319,-0.714840214805065
-0.435610330908311,-0.665626329945349
-0.515354850672107,-0.606151372897601
-0.587038000311418,-0.537161013085078
-0.649338266848694,-0.459596335914135
-0.701561785580509,-0.37493374936172
-0.742901521602676,-0.284459241561228
-0.772704599850622,-0.18954854352326
-0.790490148125509,-0.091656592538817
-0.795528692647552,0.00770829517852097
-0.788275522857939,0.106921348216394
-0.768846417698878,0.204484257948314
-0.737485603584306,0.298902488574406
-0.694226826069157,0.388495150032827
-0.640285516258042,0.472077937240147
-0.576467990077978,0.548393338520511
-0.503556559023662,0.616085248888307
-0.422636386244775,0.67395667106622
-0.335201763969461,0.721390746114878
-0.242559852240173,0.757613311799748
-0.146133424763301,0.782067793272248
-0.0474022823318204,0.794352122136657
0.052087120755498,0.793848274276106
0.150742110848969,0.781080964870163
0.247074971390797,0.756258414164648
0.339571980464015,0.719621459123336
0.42661949550326,0.671451727933311
0.507076247702013,0.612950961046595
0.579714489562076,0.544975945601958
0.643211647226463,0.468384571017337
0.69649596700852,0.384373219095561
0.738972002237276,0.29442538601168
0.769963633204487,0.199904885159748
0.788993719880227,0.102264041022462
0.795739559500956,0.00300265506218706
0.789700300739902,-0.0963034170189598
0.771454851311257,-0.194093608029603
0.741319396586949,-0.288900600111587
0.699519589597199,-0.379180804338651
0.646590969025819,-0.46341703809574
0.583707544958865,-0.540496584188839
0.511787222380106,-0.609232621834574
0.43175235740468,-0.668329385748054
0.344911823123076,-0.716865283755581
0.252731521291462,-0.754251245040447
0.156627678083173,-0.779914567251455
0.0580793451768511,-0.793491062404276
-0.0414039987380759,-0.794648189390695
-0.140217200589643,-0.783080027159331
-0.236841226940142,-0.759427046738134
-0.329829730953501,-0.724071221904646
-0.417605805132229,-0.677241729590046
-0.49877088697678,-0.619717794235084
-0.572225820583367,-0.552636856466757
-0.636853736925614,-0.477003038537001
-0.691391517663241,-0.393791890218545
-0.735001069633851,-0.304375100897619
-0.76717999625537,-0.210249799932519
-0.78743522120645,-0.112862954307907
-0.795509390755168,-0.0137111602159266
-0.791083045638422,0.0856799023151758
-0.774022341797846,0.183692784523274
-0.745037973118746,0.278853542909488
-0.704568291081836,0.369735396525633
-0.652862225625866,0.454731331567947
-0.590915744075708,0.532571243682095
-0.519849068880009,0.602177415493246
-0.440731521762981,0.662491956213514
-0.35460314665749,0.712299755799289
-0.262889112892412,0.750846889765187
-0.167112995658614,0.777718411648935
-0.0687487596870124,0.792525163762044
0.0307010970245652,0.795049208863819
0.129684457009317,0.785037519747372
0.226595128976221,0.762555421915656
0.319998523242691,0.728327777646528
0.408493824939608,0.682870933637237
0.490438837871831,0.626451749346122
0.564706768570334,0.560267896717851
0.630253366953285,0.485441260342165
0.686039447313307,0.403068299083838
0.730988768880718,0.314308246756513
0.764353691950015,0.220583139740481
0.785833700245956,0.123455419864086
0.795131806844666,0.0244175351431011
0.792111880098748,-0.0750192910493953
0.776548858449993,-0.173281914467598
0.748717056900547,-0.268791987184776
0.709350355804143,-0.360148836163902
0.659040879163184,-0.445981312656058
0.598092496153386,-0.524617412764112
0.527882619797548,-0.595090066891129
0.449520465153789,-0.656366343866435
0.364152387457222,-0.707451263679813
0.273032504491202,-0.747400340418557
0.177589243936851,-0.775479378601805
0.0794141613577896,-0.791516247097877
-0.0199901984561505,-0.795261181389104
-0.119108029144995,-0.786724018327855
-0.216336816175452,-0.765643548544285
-0.310150708307945,-0.732545682285537
-0.399179925719567,-0.688164504171394
-0.482080258179441,-0.633152812290996
-0.557157460528244,-0.567869004545089
-0.623619190241699,-0.493852874900612
-0.680413267454259,-0.412184961807565
-0.726658294193374,-0.324103376564436
-0.761484863868,-0.230904794900572
-0.784189259032534,-0.134041312642983
-0.794711294233575,-0.0351222767169475
-0.792912842080025,0.0643362673952176
-0.778883985479244,0.162829127492174
-0.752356694130785,0.258716087834019
-0.714094734335243,0.3505436137674
-0.664831666873886,0.436968092415345
-0.605237814434606,0.516635281209251
-0.535887840041575,0.58797073934463
-0.458284596274085,0.650205362713231
-0.373571726277231,0.702348042416991
-0.283045818195083,0.743600926462764
-0.18805632002735,0.773197661503071
-0.0900754269248055,0.790464461651867
0.00927857553989527,0.79543046163242
0.108484648652513,0.788107751743199
0.206046712779871,0.768618382177652
0.300286461728988,0.736725017084159
0.389845371199716,0.693421472733452
0.473398566421123,0.63942945647044
0.549578122837201,0.5754402177925
0.616951409781795,0.502237869812615
0.674750192634164,0.421278699322375
0.722094118722223,0.333795332643457
0.758224591208386,0.241106721555792
0.782502140794366,0.144620530492852
0.794248046598371,0.0458252574654505
0.793671492588042,-0.0536501932302683
0.780842403806841,-0.152296543794154
0.755957061789706,-0.248626045908328
0.718801540706299,-0.340919929649964
0.670587016095925,-0.42793226202112
0.612035208251023,-0.508357065531197
0.543864788962627,-0.580819700632141
0.467023921070499,-0.644009258373332
0.382970125195484,-0.697206447827037
0.292979549868703,-0.739590103018601
0.198417788176584,-0.770485282292076
0.100732448425324,-0.789370097339807
0.00143363487305203,-0.795557286904009
-0.0978559402392598,-0.789449626098966
-0.195636018069912,-0.771145744248341
-0.29040601158729,-0.740865990969778
-0.380490390235181,-0.698641983462885
-0.464688827933366,-0.645667277452457
-0.541735038683006,-0.582733873734362
-0.610250337664818,-0.510596321515482
-0.669050516415943,-0.430349532314763
-0.717490220074242,-0.343468437723202
-0.7547795515935,-0.251250604810563
-0.780344557342708,-0.155112094261907
-0.793742397371102,-0.0565263578356361
-0.794388111255853,0.042961219814865
-0.782759481080947,0.14175640282328
-0.759047762708971,0.23836851078692
-0.723471013026518,0.33127804269681
-0.676307098411836,0.418874083036133
-0.618737043686231,0.499999156169012
-0.551604545068674,0.573416975561021
-0.475738528373657,0.637778389723235
-0.392347615372479,0.692026827003637
-0.302896613323374,0.735538342498119
-0.20873981515222,0.767617889522309
-0.111324420283882,0.787771915701344
-0.0121462966009865,0.795642032755665
0.0872220745919543,0.790749960230876
0.185215579869705,0.773632413801558
0.280363088228462,0.744590482138391
0.371115276005726,0.703826300547677
0.455954864840796,0.65187109989666
0.533753587649434,0.589879917882764
0.603315404540374,0.518757661679235
0.663314649435471,0.439397558109176
0.712847000926842,0.353122727578512
0.751292840208463,0.261380199132591
0.778064196508033,0.165579433226214
0.792775607888256,0.0671939285429615
0.795063113867586,-0.0322695048039624
0.784635572291502,-0.131208899293882
0.762096721465928,-0.228098497418211
0.727813641687752,-0.321487671019477
0.681992201111958,-0.40979388682736
0.625406258766118,-0.491615226144438
0.559176440936617,-0.565838332484879
0.484293507331744,-0.631335295026367
0.401704298079839,-0.68680964751582
0.312797042880097,-0.731446104606553
0.219050070350606,-0.764708582300613
0.121903803197143,-0.78608607155411
0.0228515948614037,-0.795302496100045
-0.0765832355936126,-0.792009206711702
-0.174785621111988,-0.776078779626135
-0.270273387377689,-0.748191697735444
-0.361614675995381,-0.708770282677627
-0.44719705055993,-0.658041231047745
-0.525744406589723,-0.5969948239791
-0.596165085765482,-0.526735255963634
-0.65738951129503,-0.448319209265811
-0.70816498723105,-0.362758301318738
-0.747764971772889,-0.271495532690236
-0.775741847872581,-0.176037504251962
-0.791682420654194,-0.0778510358282536
-0.795351301824714,0.0215631581927031
-0.78647116346558,0.120654247636419
-0.76510618289107,0.217816860654678
-0.731955367114832,0.311607554687297
-0.687519300524017,0.400619610358
-0.632043176626871,0.483205693684006
-0.566718758803733,0.558230298615071
-0.492652558782077,0.624634956691555
-0.410929465681969,0.681369646067246
-0.322680929229412,0.727313974499145
-0.229348570459981,0.76175792553624
-0.132476396547273,0.784358332311908
-0.0335527199650499,0.794797906659292
0.0659121527939501,0.792921809367881
0.164346390686785,0.778485358367207
0.260170009758413,0.751754291124863
0.351973098634923,0.713440396678249
0.438378354314773,0.664121507708099
0.517707960912602,0.604078926739553
0.588983771237842,0.534684912607981
0.651159377339032,0.457034364253037
0.703228217407157,0.372262157233335
0.74419658707551,0.281596682540895
0.773378125089563,0.186486306590031
0.790547511275522,0.0885037540978634
0.795436979649653,-0.0108505201934802
0.788039883635236,-0.110059760199801
0.768076691055364,-0.207523887464608
0.736059412531619,-0.301711758613992
0.692704138619208,-0.391244762281129
0.638648223128912,-0.474771052428116
0.574231841344723,-0.550593390175819
0.500985410102753,-0.617902121988714
0.419978003798662,-0.675634545844084
0.332436317111577,-0.722895034215008
0.239635373240888,-0.758766609298874
0.143042176414529,-0.782589358302609
0.0442517802577453,-0.794251837077156
-0.0552204957381216,-0.793597607483437
-0.153867755398977,-0.78070138547002
-0.250053284014776,-0.755278830328781
-0.342313905007154,-0.718073886259635
-0.429298368752225,-0.669807015829539
-0.509644795301143,-0.611132658134165
-0.581772031630734,-0.54260697828518
-0.6448953568108,-0.46572514624516
-0.698011885180564,-0.381619332083246
-0.740309048928129,-0.291575830849188
-0.7709737654034,-0.19692587293204
-0.789371582467328,-0.0991520306030538
-0.795481561090928,0.000137662309147798
-0.789299774064327,0.0994209925578746
-0.770931411728759,0.197199921039972
-0.740126366439604,0.291800656501326
-0.697853516229487,0.381850434539099
-0.64482482751233,0.466017974653758
-0.581716122819512,0.542928206133689
-0.509292406669766,0.61113741746562
-0.429004076049141,0.669864224752674
-0.342072354829053,0.718213947625072
-0.249805709129203,0.755410192698988
-0.153601144934678,0.780779931245201
-0.0549486893497511,0.793665028342282
0.0445263826525398,0.794232830285954
0.143313166458027,0.782537454164526
0.239921710900239,0.758760108015243
0.332637516618832,0.722671356438353
0.42019709189432,0.67545829662301
0.501288466727437,0.617833733569912
0.574530523393842,0.550501885406419
0.638598133054079,0.474391893891885
0.692759066835993,0.390956031582795
0.736177923887422,0.301460145437435
0.768157610257885,0.207259256295634
0.788155455844358,0.109795831704847
0.795485822328918,0.0105752910762024
0.790519666726349,-0.0887775980144611
0.773338292843122,-0.186760725064015
0.744156927486192,-0.281874661056941
0.702968050678333,-0.372437098819425
0.65096233281757,-0.457237260147964
0.588917435963878,-0.535000294263109
0.51757397357732,-0.604341557958218
0.438008009762897,-0.664059426514275
0.351689988529007,-0.713495242553583
0.259907217083668,-0.75184282704185
0.164068878352582,-0.77851090904557
0.0656433734598234,-0.793038337615507
-0.0338299799348091,-0.794828285653934
-0.132751842442979,-0.784334154219554
-0.229628722557359,-0.761730737456057
-0.322944398402597,-0.727233517727263
-0.411075048481461,-0.681075975988121
-0.492854280615963,-0.624439316765433
-0.567037486587003,-0.558154183875202
-0.632268479681536,-0.483035019418237
-0.687470569986696,-0.400272566574256
-0.732008185985027,-0.311328198038665
-0.765167235916556,-0.217546323832934
-0.786438102674185,-0.120368978035631
-0.795450652508866,-0.0212882220195738
-0.791700397057822,0.0781297887019078
-0.775706554875501,0.176312742374555
-0.74775577350383,0.271785864888847
-0.708048459865941,0.363005274222963
-0.657067544388909,0.448434078765366
-0.5959715871302,0.526937512241764
-0.525652915169995,0.597310893197837
-0.446990199606507,0.658220986626832
-0.361289506090324,0.708739790092179
-0.269994783336739,0.748236322168399
-0.174508628123855,0.776107415625977
-0.0762988487270164,0.791946595465435
0.0231314533365467,0.795384890783025
0.122184044485134,0.786092344707774
0.219324959477153,0.764663612848302
0.313099416560111,0.731451039541367
0.401932814254459,0.686660775336829
0.484396014787583,0.63101400813584
0.559372620542686,0.565638791639708
0.625724352788061,0.491512862879394
0.682147294998825,0.409569308935953
0.727800768742868,0.321180247128192
0.762137665092297,0.227821886614419
0.784629468946982,0.130928060277005
0.794980465269888,0.0319886210451261
0.792842906022546,-0.0674777814618973
0.778037076442706,-0.165856285993113
0.751243419636895,-0.261656345365827
0.712868287716565,-0.353441192064632
0.663141183165778,-0.439609065204691
0.602996336235509,-0.518849130457315
0.533548080749413,-0.59006965472401
0.455840159176895,-0.652189485309155
0.370871250139778,-0.703948554482295
0.280068630529489,-0.744591666056426
0.184939275249755,-0.773664829596472
0.086942705818434,-0.790731144133513
-0.0124222352450406,-0.795537023976886
-0.111610043345187,-0.787812986328625
-0.209010789076511,-0.767559628005094
-0.303173552176163,-0.735481898604909
-0.392685981232986,-0.692065002154783
-0.475914363861315,-0.637558523079763
-0.551680695138006,-0.573095552403709
-0.618928701583537,-0.499794620795219
-0.676597636894746,-0.418728821551335
-0.723556698661429,-0.331016599710883
-0.75906992975538,-0.238086125122844
-0.782782002081236,-0.141480396091674
-0.794354286962783,-0.0426833213583838
-0.793614494842199,0.0567955148144205
-0.780330833577232,0.155391683081259
-0.754695140536231,0.251514545090949
-0.71743056411228,0.343748121603423
-0.669101140803717,0.430709261982437
-0.609992387985284,0.510735903959629
-0.541417020978997,0.582799965101465
-0.464483410877259,0.645859965016511
-0.380315591068791,0.698899027227621
-0.290129023318684,0.740909938181073
-0.195360953147987,0.771184222935309
-0.0975820748750189,0.789477178544456
0.00170931048952327,0.795502201413707
0.100995331127146,0.78923766402815
0.198686596993325,0.770419769676054
0.293233593978006,0.739477821038211
0.38325409725045,0.69714534440587
0.467394644488772,0.644052425221704
0.54396252775135,0.580525155926147
0.612103314446172,0.508051852412449
0.670759300310171,0.427711110878896
0.719022047826961,0.340718668080822
0.75596515069854,0.248339255239418
0.780896809608846,0.152026067377771
0.793689963157494,0.0533756996090973
0.794171281823898,-0.0460969987059767
0.78239989029232,-0.144883401814777
0.758111929568414,-0.241360910239327
0.721958990738869,-0.334039218490574
0.674685708214364,-0.421566845489907
0.616960519690873,-0.502598639937721
0.549260406164987,-0.575502705752022
0.473103904953745,-0.63949953525161
0.389612439994922,-0.69357589232917
0.300061249921652,-0.736904229884625
0.205773824415485,-0.768666753276893
0.108216982673421,-0.788185836764727
0.00900340436697464,-0.795429730744748
-0.0903433143418928,-0.790380162365991
-0.188323188065391,-0.773125071982838
-0.283280050479701,-0.743439802806021
-0.373804721340904,-0.702193016251975
-0.458569316661558,-0.650125688775065
-0.536218989176738,-0.587928359232582
-0.605249136198108,-0.516285202898694
-0.664888948890622,-0.436672475580027
-0.71423098987173,-0.350300521591536
-0.752480458448352,-0.258466379176346
-0.77897508111336,-0.16256517943135
-0.792988657812228,-0.0640657246386044
-0.794691040918934,0.0353966418478539
-0.784120306739945,0.134309343877445
-0.761441845170361,0.231179747824688
-0.726454561198247,0.32431505462538
-0.680238840243821,0.412405338053401
-0.623540210821008,0.494145531895355
-0.557078968557649,0.568178812324343
-0.481702255806838,0.633109203086451
-0.398890262707187,0.688219718217738
-0.309897711213171,0.732660374839901
-0.21606888298533,0.76571275782545
-0.118847474207512,0.786858335235074
-0.0197158173879952,0.795320797021297
0.0796874830312969,0.791486292024633
0.177858458066733,0.775418391336953
0.273313450990057,0.747368914363596
0.364338489404752,0.707209003885917
0.449723362496553,0.656168807917628
0.528184952493255,0.595011744245203
0.598367166225049,0.524495374095629
0.658987653432488,0.445613494454536
0.709405996886068,0.359865304271253
0.748798961603595,0.268526863788499
0.776558776661933,0.173000429319441
0.792251609549528,0.0747533788918329
0.795174973234215,-0.0246945993351182
0.785805049322065,-0.123729570067818
0.764301341198241,-0.220855334847747
0.730918338920258,-0.314576224979181
0.685761511546785,-0.403225440784113
0.630055441839509,-0.485641341836596
0.564617923992916,-0.560571330909942
0.490279129338061,-0.626690030033084
0.408149597159491,-0.682831640564762
0.319719104330172,-0.728381820312354
0.226322069892532,-0.76260816752443
0.129394999132449,-0.784985048469325
0.0304278460708464,-0.795176655978292
-0.069028057297101,-0.792557265807433
-0.167386175999913,-0.777676836232035
-0.263168270528002,-0.750808943073635
-0.354856062250666,-0.712194358605442
-0.440857549308569,-0.662182741580103
-0.520047661397831,-0.60197983218538
-0.591213992368375,-0.5324662171885
-0.653056538583692,-0.45453479273004
-0.704548266807165,-0.369413507133685
-0.745082437205027,-0.278574437639297
-0.774041461107369,-0.183413330280775
-0.79099728464511,-0.0853918465326476
-0.795624346357665,0.013991020540204
-0.787455338487664,0.11314436694638
-0.767126861025527,0.210521604423208
-0.734976785402058,0.304663894084303
-0.691254757196478,0.394027881119538
-0.636542838335255,0.477115912326939
-0.572020978464646,0.552827646730386
-0.498654563014362,0.620015453465911
-0.417391022798994,0.677412847809211
-0.32952586749676,0.724069823341839
-0.236564596449038,0.759468649390975
-0.139934120782334,0.783063447254627
-0.0411203364285437,0.794536763966637
0.0583652547270803,0.793594358848041
0.156906696082231,0.779901629653652
0.253003275815857,0.754191842990837
0.345213462669776,0.716855477072546
0.431972671734693,0.668168504482408
0.511887842914661,0.608921505770159
0.583889857797924,0.540284564750852
0.646886107767358,0.463288100879063
0.699659048821643,0.378945657977763
0.741332188562233,0.288609478832845
0.771489461525948,0.193817769410619
0.789669816421325,0.0960223280668931
0.795600138422969,-0.00327990192004433
0.789072452934215,-0.102554021293238
0.769919624979402,-0.200178979180744
0.738905658773113,-0.294697208469454
0.696501112013871,-0.384691063982393
0.643003389413528,-0.468570104353156
0.579399089221621,-0.54506021285398
0.506864460607743,-0.613133136375276
0.426460545613075,-0.671717552471731
0.339318471280153,-0.719725690297213
0.246796774216869,-0.756295538321913
0.150466918046803,-0.781107542744664
0.0518079729227734,-0.793799593365951
-0.0476706601248388,-0.794184081337893
-0.146420375052263,-0.782094048656739
-0.242827754867759,-0.757542921972437
-0.335474427524412,-0.721318815680944
-0.422971797702908,-0.67397284856506
-0.503706423094876,-0.615837723307891
-0.576540823510309,-0.54807949005713
-0.640466471321756,-0.471864651093241
-0.694457984065021,-0.388307456312991
-0.737549565538847,-0.298632393313747
-0.768904138685827,-0.204213988620188
-0.788308463827747,-0.106648513026348
-0.795455724336959,-0.0074321178405577
-0.790311725312714,0.091915779583572
-0.772680903223371,0.189827886142318
-0.742803684915762,0.284718430022086
-0.701485837089273,0.375208289295998
-0.64934469072999,0.459938240025679
-0.586753179599173,0.537270020506328
-0.515052514335913,0.606224872103451
-0.435381521319483,0.665785912325382
-0.34894575470682,0.715033840023372
-0.257018938203549,0.753090212301696
-0.160993560658864,0.779118715627503
-0.0624932397423094,0.793028988162486
0.0369670649530739,0.794633037146074
0.135876881044361,0.783973977610044
0.232642205335096,0.760863439291838
0.325721809047358,0.725752360800863
0.413773733551281,0.679465298216084
0.495474949372732,0.622692613839553
0.569167945732324,0.555851877149278
0.63401994525416,0.480420985358774
0.689038680309808,0.397548603945113
0.733381239321177,0.308497924954202
0.766286892736412,0.214602249364563
0.786914622639282,0.117270497921458
0.795278435224823,0.0181436323375558
0.791348221148117,-0.0812529137495414
0.775194044070526,-0.179417138152958
0.74667210834561,-0.274728127134785
0.706441896509003,-0.365710520705536
0.655329520314137,-0.451052693955335
0.594084207630308,-0.529458081409324
0.523219563703023,-0.599291779477437
0.444283956477971,-0.659826511940879
0.358477669613238,-0.710144129338188
0.267085260995206,-0.749430907734651
0.171508582421366,-0.77707270610788
0.0731761597013863,-0.792226354867878
-0.0262621790907335,-0.79504978077979
-0.125286399350538,-0.78559028796733
-0.222401234484598,-0.763999067387406
-0.315956245721577,-0.730157337031908
-0.404559327790735,-0.684930250860869
-0.486928292470448,-0.629152108563943
-0.561772300194504,-0.563602640945625
-0.627547708160909,-0.488957893611837
-0.683590828845305,-0.406772933459008
-0.729036634975383,-0.31829033268352
-0.763147343051866,-0.22484387380068
-0.785401967127339,-0.127874218399317
-0.795069682697559,-0.0288545896645374
-0.792353189806266,0.0705870430088704
-0.777385461733517,0.168930587212245
-0.750430568228218,0.264697890136462
-0.71137048987036,0.356198465722084
-0.661288062510907,0.442149524030084
-0.601014312134699,0.521289021360652
-0.531366475487259,0.592334995502402
-0.45316858710387,0.653840589251702
-0.367994524175989,0.705225200295724
-0.277108019294389,0.745647853646699
-0.18190449440109,0.774485928643481
-0.0838494368532553,0.791322869772885
0.0155561296945479,0.795435723272986
0.114691274348247,0.787175776487774
0.212049796981953,0.766759158812833
0.306173733579075,0.734523862728827
0.395329356559316,0.690368877253353
0.478362815407601,0.635586587399498
0.554018581229683,0.570993421292977
0.621050955186719,0.497476189707317
0.67811572606137,0.415981122359145
0.724662259337354,0.328069464584598
0.759941602057214,0.235065907499129
0.783411703481168,0.138400635336032
0.794776195513573,0.0395622953953464
0.793328037907445,-0.0599183696295437
0.779546848405733,-0.158437822379273
0.753749712114751,-0.254511856785154
0.716272841645289,-0.346672835145063
0.667221455397534,-0.4332295743834
0.607905677951803,-0.513086628616685
0.539195447209535,-0.585024946159621
0.462036170008302,-0.647829396760588
0.377496932414909,-0.700278403615549
0.287119414755821,-0.74183486298818
0.192292650879555,-0.771868294181281
0.0944712670752608,-0.789927534929829
-0.00484875803858734,-0.795752411724413
-0.104091783027353,-0.788731841867026
-0.201690646907804,-0.769490089660943
-0.296182785022066,-0.738390732541754
-0.386084598821141,-0.695782369639406
-0.469779428318037,-0.641997150806817
-0.546206190211346,-0.57832396649679
-0.614209073495814,-0.505716715055486
-0.672614680584672,-0.425173866087638
-0.720259512923359,-0.337835866594714
-0.756706131773145,-0.24527856118288
-0.781391017297951,-0.148921230108184
-0.7939719447169,-0.0502451355055221
-0.79424849793276,0.0492454922860529
-0.781679589570457,0.147939194897987
-0.757040594279422,0.244316678120041
-0.720731891850871,0.336933349752317
-0.673130855345546,0.424293691185429
-0.614774413046984,0.504865281724954
-0.546945681912691,0.577628741839745
-0.470661366183879,0.64148014858977
-0.386985523766886,0.695305099691256
-0.29711991787022,0.737993370259559
-0.202673348220488,0.769221259091951
-0.105089095949648,0.788502236053785
-0.00586220725474254,0.795541930364546
0.0934881959792394,0.790259896753237
0.191324208874827,0.772193226992144
0.286181323002221,0.742230267826158
0.376636958689663,0.700827905603037
0.46117904228963,0.648384914538319
0.538373865223408,0.585633201405189
0.607251617717194,0.513863061505709
0.666730585736864,0.434123250140411
0.715829803170169,0.347590097902441
0.753442383790859,0.255482224133057
0.779341372677069,0.159436217762329
0.793138206831924,0.0609256930805887
0.794632613524949,-0.0385393349549772
0.783785081454951,-0.137435049809056
0.760304559830533,-0.234112851302322
0.725108809730441,-0.327155152531236
0.678737160450632,-0.415168355604906
0.621621588012081,-0.496625954047927
0.554675962276287,-0.570211693508393
0.479179071910837,-0.634982604993375
0.396236671867437,-0.68990683367452
0.307110010347204,-0.734124813805842
0.213046893428136,-0.766546285664516
0.115703058059042,-0.787048440786457
0.016572543877068,-0.795302533061755
-0.0828230564257106,-0.791264734909317
-0.18095090115257,-0.774869945522088
-0.276169916229383,-0.746043788348061
-0.367110854045342,-0.705729349423808
-0.45240918125381,-0.654531996079216
-0.530522640590211,-0.592922147926896
-0.600272500151302,-0.521990848047231
-0.660718540423898,-0.442990270477053
-0.710932745676012,-0.357116736868426
-0.750108776749464,-0.265662103880638
-0.777264236216704,-0.169945822547012
-0.792276449345546,-0.0716040234279083
-0.794988471885846,0.0278322220056449
-0.785426839936379,0.126850420410778
-0.763542958645778,0.223900866688403
-0.729460676123102,0.317365786206358
-0.684149604819718,0.405922968794232
-0.628286932047583,0.48824301826375
-0.562387257950736,0.562774894841866
-0.487679644100612,0.628462675107211
-0.40542892582028,0.684404949970896
-0.31688518842846,0.729743029763544
-0.223380925946468,0.763732017447074
-0.126313296258449,0.78556761605823
-0.0272822281417271,0.795035681459827
0.0721517006155394,0.792210033446888
0.170484345706484,0.777142073157251
0.266149125848342,0.749832615962164
0.357572430610061,0.710606760857107
0.443472509973377,0.660440237861902
0.522558470495788,0.600083406187984
0.59327287029095,0.530100987829867
0.654683452471479,0.451841615704512
0.705958624492364,0.366604908078623
0.74626545462732,0.275661954263059
0.774975364495236,0.180407848345781
0.79138813603319,0.0822801896408445
0.795317523223945,-0.0171242553755239
0.786953873801856,-0.116246681442692
0.76643608824361,-0.213589166937254
0.73378878018748,-0.307565880737184
0.689539063008542,-0.396664173497391
0.634673443945787,-0.479641673723689
0.56999729148473,-0.555237904197603
0.496163935464916,-0.621921560398354
0.414606993909666,-0.678879444720955
0.326639066148224,-0.725312529054227
0.233584063493693,-0.760466497175398
0.136876421269163,-0.783804298293829
0.0379912440220802,-0.794742830588836
-0.0614780647402846,-0.793129180659382
-0.159979955350748,-0.779246388349332
-0.256033095042532,-0.753348803490047
-0.348022384851075,-0.715461391880724
-0.43452140221665,-0.666326566960654
-0.514318003435801,-0.606929253473627
-0.586188819689821,-0.538134926765466
-0.648626573566859,-0.460678074690548
-0.700960403116676,-0.376080400941453
-0.742396178763358,-0.285651769678703
-0.77229869038765,-0.190780988697057
-0.79022823631309,-0.0929266689366238
-0.795621208362562,0.00641552912831715
-0.788455420021256,0.105639308947903
-0.769111488193487,0.203215504824599
-0.73791363288806,0.297682172834059
-0.694906746736844,0.387392731075562
-0.641039160971643,0.471024942183508
-0.577284879658493,0.547385374565617
-0.504594792233929,0.615313977095084
-0.42377159765315,0.673331617621179
-0.336381784184516,0.720857549321774
-0.243778922029914,0.757175276142032
-0.147385733979106,0.781725545458021
-0.0486861746387094,0.794185291689441
0.0508023191267412,0.79402360029459
0.149470642805271,0.781325945721407
0.245820626869924,0.756585738851367
0.338406932426377,0.720179437621595
0.425556682437382,0.672192151803889
0.506061277642029,0.613755462424484
0.57875057855516,0.545844878070074
0.642522763071635,0.469481206142653
0.695939424443842,0.38554386608542
0.738502373567555,0.295632046321793
0.769596671793214,0.201147541290118
0.788745798756451,0.103536705792303
0.795667086230936,0.00429382597122776
0.789932882679356,-0.095028547671335
0.771762920723935,-0.19283569928392
0.741700857036876,-0.287660751708276
0.700201152214749,-0.378080838736102
0.64738520419841,-0.462393708195291
0.584554012008394,-0.539515774559052
0.512703614124469,-0.608312767094439
0.432885843521621,-0.667704535215663
0.346113919156149,-0.716379471604899
0.253965912315362,-0.753859785768176
0.1578900802445,-0.779621899899968
0.0593622248063859,-0.793295299106225
-0.040112184077905,-0.794669053513259
-0.138956725490776,-0.783382124909959
-0.235600855816327,-0.7597995131788
-0.328606235539559,-0.724505815470298
-0.416578520439811,-0.678037109686357
-0.497789234497462,-0.620563102953171
-0.571294519967823,-0.55353758166353
-0.635979930840556,-0.477964219042496
-0.690805129862308,-0.394943714646077
-0.734585441549565,-0.305603280099592
-0.766870740863637,-0.211507831786133
-0.787238929629122,-0.114143289896604
-0.79537250173907,-0.0150028177659941
-0.791215671705456,0.0843955979507486
-0.774391736429086,0.182450138334494
-0.745465742926497,0.277630928086038
-0.705053952683014,0.368529828502282
-0.653712680956128,0.453748837793601
-0.591805704450494,0.531630100367138
-0.520796423581075,0.601293074940851
-0.441721114750101,0.661645856729566
-0.355772861193531,0.711752260664074
-0.264145444878188,0.750521432979895
-0.168389701490526,0.777494788372164
-0.0700362398362409,0.792381341879366
0.0294033840225832,0.79497096273432
0.128418338411015,0.785295115923369
0.225374238547473,0.762991445400698
0.318796103270213,0.72881072664602
0.407305932915494,0.68340288355931
0.489502794711897,0.627353230309318
0.563821692628939,0.561213996623379
0.629418034344644,0.486432476233417
0.685255494422403,0.404107264698067
0.730480962659413,0.31549516700899
0.764122302796182,0.221862186026263
0.785709047191969,0.124746581226892
0.795054492587163,0.0257111293524739
0.792108232772875,-0.0737196720151052
0.776927729886996,-0.172043233171525
0.749209575320534,-0.267593225244001
0.709886201759545,-0.358968418273851
0.659623331461348,-0.444815347365754
0.599040957561685,-0.523729325211767
0.528874119503159,-0.594255997910542
0.450542909387844,-0.655567593950716
0.365235404383001,-0.706729475488376
0.274229029370203,-0.746915126553852
0.178884840064481,-0.775345608381855
0.0807083010827843,-0.791444827124297
-0.0186939748962027,-0.795250054165851
-0.117807275898885,-0.786770608138955
-0.21513463698084,-0.766139425346852
-0.308977122894984,-0.733095417711521
-0.398022036146369,-0.688749039904741
-0.480940670062746,-0.633788285674531
-0.556333119855178,-0.568875066263059
-0.62283821528882,-0.494886813424726
-0.679685824391967,-0.413258638247546
-0.726001089844451,-0.325226509126119
-0.761023534945314,-0.23211321840266
-0.784157538414785,-0.135346741737641
-0.794714449617231,-0.0364187650650554
-0.792978583982963,0.0630419223938378
-0.778981841965115,0.161528882887258
-0.752933612355898,0.257548150093604
-0.714699104007608,0.349397256459371
-0.665468291348392,0.435837139562393
-0.605977975118949,0.515569568520636
-0.536937584887443,0.587202605441542
-0.459351997357196,0.649470930693382
-0.374687080205492,0.701686292155964
-0.284199617867245,0.742996478622234
-0.189278240404587,0.772761231624426
-0.0913784931899143,0.790487128851186
0.00798402741621527,0.795507697464144
0.107193242894572,0.788224499805932
0.204748501473712,0.768766093054908
0.299149863286118,0.737361107711753
0.388727537494737,0.694076738908544
0.472294978218092,0.640114657754482
0.548584818955429,0.576268448957415
0.61624158507837,0.503328050569521
0.674097342960084,0.422398536802128
0.721500540986218,0.334948296095151
0.757683569886299,0.242292245344336
0.782092149801798,0.145857124650379
0.794353728955221,0.0471257340588826
0.793828071758445,-0.0523624922396949
0.781015015852346,-0.151010475253441
0.756161329998464,-0.247333769281563
0.719493835823359,-0.339816970927604
0.671295699875108,-0.426847533724622
0.612766945346202,-0.507282163188882
0.544764583864599,-0.579892864274307
0.468149133228453,-0.643357017926781
0.384128519271214,-0.696623968388246
0.294162047829087,-0.739057159699982
0.199632214978013,-0.77001129568685
0.101989175947607,-0.789020644988768
0.00272639424394069,-0.795745226178272
-0.0966075531543976,-0.789897193195156
