-0.145904084584701,-0.145904084584701
-0.152945804574926,-0.138352535366436
-0.159658565793949,-0.130515087604163
-0.166035735662909,-0.122399919459584
-0.171957229574135,-0.113941528747428
-0.177386864341552,-0.105163774198756
-0.18244017631447,-0.0961666810439987
-0.187111835327913,-0.0869592937660965
-0.191144434405374,-0.0774540979001464
-0.194755116314735,-0.0677871145880289
-0.197955065697798,-0.0579750561863012
-0.20062478009618,-0.048001013183538
-0.202686305918645,-0.0378876652782507
-0.20436838456459,-0.0277071948949016
-0.205546429391231,-0.0174496805261142
-0.206073780926116,-0.00714213247806803
-0.206211659961534,0.00317518956722032
-0.205846664531862,0.0134935703804689
-0.20483319220497,0.0237652704978313
-0.203411018405514,0.0339853424970186
-0.201543562240205,0.0441401261509931
-0.198981643335258,0.0541407826597717
-0.196025672481456,0.0640264347670173
-0.192677268312107,0.0737922637742726
-0.188660107375124,0.0833039252271683
-0.184235731132039,0.092626050278689
-0.179435966751134,0.101763464121611
-0.174098007262948,0.11060155470653
-0.168304305802075,0.119141559532206
-0.162168955485689,0.127439062029964
-0.155618467416186,0.135420280868378
-0.14859027154841,0.142979562683662
-0.141266526525973,0.15024830024395
-0.133634539721702,0.157202278318584
-0.125536917625498,0.163606607126117
-0.117190752191874,0.16967334766042
-0.108614583376071,0.175420747616839
-0.0996516032907677,0.180546201393103
-0.0904892583491846,0.185290822601945
-0.0811465540723551,0.18968080970014
-0.0715255434178716,0.193427720629495
-0.0617508662815083,0.196731487627878
-0.0518600803602663,0.199686505773745
-0.0417833597831314,0.201936358479734
-0.0316286236742613,0.203760491997278
-0.0214079177392276,0.205217806996653
-0.0111061780624606,0.205906233192697
-0.000793109263599596,0.206213753772341
0.00953074311769666,0.206109457275463
0.0198213903612893,0.205267689138598
0.0300619462517208,0.204005171144883
0.0402496728745582,0.202342176634807
0.0503063312018898,0.200003890752672
0.0602402897560319,0.197212542689795
0.0700547968283674,0.194018768313494
0.0796693761626614,0.190254782997327
0.0890625490820737,0.185980416878589
0.0982747058693368,0.181330312388979
0.10724955021903,0.176225609233064
0.115884234402462,0.170569736687891
0.124280455308728,0.164571718773903
0.132429956309555,0.158231898999914
0.140104866336836,0.151325536012903
0.147489804354915,0.144119162121163
0.154579625185688,0.136617005266283
0.161175816632177,0.128673602858535
0.167380752039533,0.12042886967695
0.173258425570381,0.111945303534664
0.17862376111154,0.103123929247035
0.183510638522362,0.0940350261810639
0.188033625767667,0.0847596774861248
0.192039885926049,0.0752436993729757
0.195502119110064,0.0655227404238888
0.198607730830781,0.05568143906191
0.201124701790115,0.0456682332856799
0.203104493336917,0.0355415130864517
0.204715707643003,0.0253475464177221
0.205695001893209,0.0150690671807103
0.206142635023005,0.00475983607668022
0.206194803307585,-0.00556021967113609
0.205642500149338,-0.0158702631436383
0.204534671048943,-0.0261298348218644
0.203036792131802,-0.0363403596579451
0.200975012479051,-0.0464575470941084
0.198333099402702,-0.0564344444787385
0.195293420449291,-0.0662954311670683
0.191795272465407,-0.0760097330572844
0.187666476386534,-0.0854708563169063
0.183164125711041,-0.0947551465427413
0.178285277692128,-0.103854025680285
0.172784270428371,-0.112591680007964
0.166918807059571,-0.121081079713704
0.160712391613406,-0.129328037198273
0.154016652096814,-0.13718760931283
0.146923254034296,-0.144682911165373
0.139538064043267,-0.151890920581866
0.13177722154482,-0.158700909846682
0.123628488981437,-0.165034866124048
0.115236027768025,-0.171038220540217
0.106570566943295,-0.176651994233046
0.0975484696429144,-0.181668087198947
0.0883485391921808,-0.186339332929627
0.078947023087939,-0.190607270077436
0.069275937580519,-0.194216614014033
0.0594803986877754,-0.197457395575493
0.0495472257430731,-0.20027407349121
0.0394440381224002,-0.202392858308122
0.0292739815540872,-0.204132595346111
0.0190308388345112,-0.205429241303067
0.00872493505291161,-0.206015231446322
-0.0015907678320344,-0.206216302571223
-0.0119123999863237,-0.205961471990073
-0.0221914858393109,-0.205013251112298
-0.0324202755395295,-0.20365717837726
-0.0425938072590713,-0.201894897155643
-0.0526120848957413,-0.199397308313392
-0.0625168057487764,-0.196505829635048
-0.0723034250975943,-0.193222419722619
-0.0818554244337133,-0.189302211742618
-0.0912068238403768,-0.18493930926285
-0.100374999347782,-0.180200396528923
-0.109266818489653,-0.174952478472296
-0.11784544625635,-0.1692149445618
-0.126182917959448,-0.163134842945717
-0.134230272562409,-0.156665815228331
-0.141836430183751,-0.149686904852818
-0.149152863971824,-0.142411093869311
-0.156175169215723,-0.134842563956715
-0.162642741696309,-0.126794236318589
-0.168763635457692,-0.118487547042581
-0.174564699676056,-0.109949198591144
-0.179783266084206,-0.101040135310097
-0.184586170030199,-0.091907900929532
-0.189034174996203,-0.082594086813704
-0.192882807769954,-0.073013336432917
-0.196246569011225,-0.0632586913497385
-0.199262990752393,-0.0533879169477302
-0.201617711493604,-0.0433352217964224
-0.203505403940152,-0.0331919371995129
-0.205028089079874,-0.0229822037720569
-0.205820806651204,-0.0126880011239673
-0.206195503161204,-0.0023771477279208
-0.206159858104793,0.00794598200098397
-0.205420370986153,0.0182444526692605
-0.204225862428924,0.0284933128057716
-0.20263148674828,0.038691037607645
-0.200391631096904,0.0487700425759304
-0.197667406918044,0.058722927907617
-0.194540631879531,0.0685582829154087
-0.190870118830795,0.0782089032218705
-0.186659458752591,0.0876313983197749
-0.182072411896578,0.0968746771950159
-0.177054637085948,0.105898378004786
-0.171457464584757,0.114572181171747
-0.165516841050629,0.123008955640225
-0.159236509689273,0.131203235424083
-0.152401602713031,0.138942018835687
-0.145245478044872,0.14637585861404
-0.137791994184404,0.153515639035322
-0.129913372280571,0.160189035596131
-0.121710180252383,0.16644943240571
-0.113266507527187,0.172383025343373
-0.104498651361864,0.177835337034909
-0.0954419698763675,0.1827829270269
-0.0861969401253294,0.18736626217654
-0.0767217320571972,0.191467968205222
-0.0670225991171594,0.194993115751443
-0.0572018682071388,0.198160614208997
-0.0472151566243788,0.200780662689603
-0.0371004262663394,0.202824503901069
-0.0269176142063151,0.204498828376494
-0.0166499658792504,0.205585514066068
-0.00634314264178917,0.206098545755445
0.00397552502034031,0.206217070195048
0.0142906635912873,0.205770676781443
0.0245578290031916,0.204728750970015
0.0347773292034648,0.203298107590943
0.0449148179723934,0.201338736215205
0.0549097098143281,0.198762511313052
0.0647903031365748,0.195788403456183
0.0745391764096267,0.192387879935534
0.0840284444799709,0.188321497417622
0.0933425863087822,0.183881348090858
0.102472874840242,0.179063936401777
0.111264968499042,0.173650413899113
0.11979357254212,0.167841646001673
0.128081133787478,0.161690907711812
0.136007198494605,0.155074053995057
0.143550113677291,0.148030433077451
0.15080635322493,0.1406933974145
0.157694137305414,0.133001546682142
0.16408236107294,0.124894172617667
0.17014048688701,0.116541541361504
0.1758420919038,0.107933645059091
0.180917708751915,0.0989434975285845
0.185647444066625,0.0897736980955166
0.190012492310122,0.0804168970089009
0.193683973648846,0.070767746714183
0.196986084858941,0.0609928762956406
0.199907556281966,0.0510900385478741
0.202088834630876,0.0409985910296742
0.203892182562583,0.0308398490782613
0.205295707572899,0.0206108376746888
0.20594636240021,0.0103074525012473
0.206213269088445,-6.51695204370367e-06
0.206063781701359,-0.0103301772947157
0.205182069425698,-0.0206163756807391
0.203893437006784,-0.030853778176934
0.20219904612748,-0.041037561524098
0.199801709869304,-0.0510802697595633
0.196976011849864,-0.0610040924217482
0.193758741509045,-0.0708116521512266
0.18993330663148,-0.0804019704201494
0.185633140031925,-0.0897828092917576
0.180956267023473,-0.0989820676182998
0.175796497090655,-0.107925294032869
0.170116388525882,-0.11654287506665
0.164092721496955,-0.124920810946482
0.157703588114557,-0.133031710698953
0.150775238215022,-0.140685291073241
0.143548515119555,-0.148050123187048
0.136027725826736,-0.155121845679524
0.128044421902106,-0.161669472740592
0.119778314145803,-0.167845455759007
0.111278749629857,-0.173701347452247
0.102423027291122,-0.17900988542239
0.0933218950124174,-0.183872289875412
0.0840377526310865,-0.188379659713893
0.0744971561026212,-0.192326725483419
0.0647633069346177,-0.19575186292966
0.054913081221317,-0.19883104797882
0.0448847646666201,-0.201287368795793
0.0347534948239911,-0.203240040360887
0.0245551013056454,-0.204829521100461
0.0142692240419569,-0.205723376275117
0.00396098500226136,-0.206166670053099
-0.00636120193084475,-0.206201025239724
-0.0166662890212256,-0.205560818956615
-0.0269232142447063,-0.204435736099289
-0.0371308808551608,-0.202911362994247
-0.0472306304029911,-0.200767140487224
-0.0572023619728553,-0.1981114714166
-0.0670586589133434,-0.195053058900861
-0.0767433405949356,-0.191473464662725
-0.0861952490045142,-0.187327946815743
-0.0954699158916909,-0.182805321917968
-0.104540147197251,-0.177872213565334
-0.113253344820615,-0.172335189536662
-0.121731138627292,-0.166453328940792
-0.129968079195081,-0.160230454486076
-0.137770691841604,-0.153468544440155
-0.145254090116417,-0.146363990250224
-0.152444685939067,-0.13896039700638
-0.159192221254915,-0.131145207393598
-0.165509029644294,-0.122984860536147
-0.171499658708547,-0.114582209873554
-0.177035639382002,-0.105866967372044
-0.182045107188128,-0.0968436803126615
-0.186690204823175,-0.087629976640865
-0.190883857061034,-0.0781951245963976
-0.194473534303232,-0.068518871081609
-0.197704694953831,-0.0587194846239822
-0.200424154496058,-0.0487594032216336
-0.202533894829251,-0.0386574266192063
-0.204273122110333,-0.0284862074264157
-0.205463495034949,-0.0182300952843454
-0.206043573660735,-0.00792613435377941
-0.20623008702468,0.00239091882265795
-0.205886062058035,0.01270994562359
-0.204911739822364,0.0229844595892998
-0.20354994002586,0.0332128926792803
-0.201689657855396,0.0433690022698462
-0.199180760980382,0.0533818161446798
-0.196273806747584,0.0632821550519077
-0.192967853165757,0.0730634714349036
-0.188965543244659,0.0825810152696146
-0.184589170739588,0.0919253375073912
-0.179834677632921,0.101087571788913
-0.174506081393748,0.10993136335885
-0.168755561727394,0.118499713152652
-0.162661927405804,0.126828609592239
-0.156121795500106,0.13481806391625
-0.149129479856141,0.142409367222082
-0.141842002140936,0.149714850414987
-0.134217421712198,0.156676991841664
-0.126152868776683,0.163120532416901
-0.117841340420933,0.169234658379251
-0.109287049281803,0.175015998819125
-0.100332957564713,0.180156874792834
-0.0911944624185193,0.184946758126503
-0.0818751153487649,0.189389747657283
-0.0722556782841992,0.193140291470954
-0.0625023796160632,0.196505623990302
-0.0526226105244472,0.1995006328205
-0.0425509758141425,0.201773408321429
-0.0324041227440875,0.203642204606403
-0.0221882577751139,0.205134583343554
-0.0118895010184474,0.205865709873521
-0.00157759685647218,0.206200346424902
0.0087469988868974,0.206152239406952
0.0190399454696628,0.205338919815174
0.0292858300005129,0.204119511201049
0.0394799694400067,0.202494728364545
0.0495452258091451,0.200194035812002
0.0594882393385592,0.197435920487247
0.0693170455916279,0.194286493701376
0.0789433100720016,0.190552511693813
0.0883538808349365,0.186316848186436
0.097584739673988,0.181703681236882
0.106576541392001,0.176629091855386
0.115233593470164,0.17100815183909
0.123652738415078,0.165042554177289
0.13182393530689,0.158730760259735
0.139525727485437,0.151854704578785
0.146939964309612,0.144678641798748
0.15406230732676,0.13720698155841
0.160686189721895,0.129286866039593
0.166918560013414,0.12106283526635
0.172830872509017,0.112603364691495
0.178225260921853,0.10379970011764
0.183148811034266,0.0947310153147311
0.187717370736855,0.0854776172916974
0.191758494435491,0.0759765026007942
0.195246936193525,0.0662645374584866
0.1983908691698,0.0564356399174676
0.200944388089547,0.0464316684941972
0.202964087055266,0.0363132087733474
0.204622421298138,0.0261266523053184
0.205613120503697,0.0158496875169985
0.206127019466627,0.00554457763609729
0.206233266897151,-0.00477641852674694
0.205688211751234,-0.0150869444410789
0.204634515651157,-0.0253516648960216
0.203182059841943,-0.0355692645609572
0.201129574820609,-0.0456880230824221
0.198544399932898,-0.0556785595905223
0.19555618389478,-0.065555996461321
0.192063898864795,-0.0752724729034324
0.187985435061236,-0.0847539817946379
0.183529047780966,-0.0940604630679703
0.178677347618273,-0.103174467248373
0.173202371355853,-0.111927483562587
0.167381060824414,-0.12044696951523
0.161217284607322,-0.128727471943594
0.15452574279983,-0.136590481942222
0.147474472251284,-0.144124351818312
0.140122343991931,-0.15136693156498
0.132368453408841,-0.158184784149391
0.124252627273007,-0.164559267417126
0.11589245168787,-0.170608414787571
0.1072282432303,-0.176223888848024
0.0982398563272754,-0.181296761166889
0.0890587767729255,-0.186005459516275
0.0796633172773373,-0.190286589650371
0.0700113063505214,-0.193942855825192
0.0602342825382585,-0.197239945633315
0.0503005581444142,-0.200054090138257
0.0402123482838153,-0.202232072701624
0.0300533331327391,-0.204038545978746
0.0198092114685495,-0.205327783496715
0.00950873360224341,-0.205977119308285
-0.000806398767208903,-0.206233818952776
-0.0111281871238474,-0.205987503397288
-0.0214097252713591,-0.205083052213619
-0.0316470498741203,-0.203792230535904
-0.0418200160431883,-0.202026623544892
-0.05185067270747,-0.199587198073882
-0.0617709599312857,-0.196749470288093
-0.0715753393763884,-0.193514927805975
-0.0811283618833282,-0.189597890972203
-0.090503312124796,-0.18528733172189
-0.0996982054753552,-0.180597667519745
-0.108590500563982,-0.175350466032892
-0.117199306105342,-0.169660181668283
-0.125570495729851,-0.163625481512658
-0.133619651404452,-0.157159010515184
-0.141260335634832,-0.150219940570134
-0.148616351396498,-0.142983804022362
-0.155648702707077,-0.135423964549327
-0.162148879610823,-0.127404083992585
-0.168320556392095,-0.119135277414771
-0.174160065949509,-0.110621696361236
-0.179384909893987,-0.101716365035905
-0.184236989358502,-0.0926106737470943
-0.188742124688453,-0.0833223296462473
-0.192584744322251,-0.0737393239119225
-0.196015626750274,-0.0640087765556105
-0.199075578685066,-0.0541500521182058
-0.201445668911905,-0.0441009071889117
-0.203382307596844,-0.0339667356381748
-0.204944047425258,-0.0237622935165634
-0.205772426841265,-0.0134709376225997
-0.206177253470598,-0.00316155395450066
-0.206201323596208,0.00716223131801656
-0.205482996654798,0.0174622212958258
-0.20433508870583,0.0277164178204155
-0.202782129959339,0.0379210525553601
-0.200573432342657,0.0480068638805811
-0.197885188303988,0.057969184576581
-0.194805759246673,0.0678196323911534
-0.191158924897413,0.0774792193560657
-0.186989971972271,0.0869198912611071
-0.182442597721502,0.0961830052409174
-0.17744928748275,0.105220163972462
-0.171889685862681,0.113917334404742
-0.165984188545886,0.122378615862956
-0.159739503296729,0.130600786972156
-0.152924688397987,0.138357315798981
-0.145801230877006,0.145822191866378
-0.1383804244151,0.15299663681523
-0.130520920746546,0.159692287030182
-0.122340813541029,0.165982618412803
-0.11392306405943,0.171953276811859
-0.105169532840251,0.177428599875242
-0.0961349658371708,0.182415269992898
-0.0869136608752241,0.18704721846811
-0.0774508293145393,0.191177136457857
-0.0677622574556893,0.194731574003368
-0.0579555185400171,0.197942136194437
-0.0479758025033014,0.200588745693313
-0.0378709792627131,0.202677353352862
-0.0276967119215025,0.204405510807361
-0.0174293325144704,0.205490764142032
-0.00712782767051355,0.206075920082152
0.00319157982971287,0.206254802208377
0.0135065911510916,0.205803226492773
0.0237786988789095,0.204821731085783
0.0340059158271074,0.203441970657033
0.0441425360303434,0.201479767468062
0.054151549275085,0.198965912565285
0.0640498941598399,0.196048703357129
0.0737968335374817,0.192642450909982
0.0833077199623235,0.188631921091062
0.0926458913197016,0.18424262830016
0.101802166351534,0.179471244263531
0.110594895353171,0.174059246946824
0.119156078526425,0.168299387900838
0.127480249734417,0.162195563734285
0.135401924838144,0.155573616449199
0.142986404160965,0.14857654332275
0.150281224110995,0.141276749134967
0.157167535760101,0.133583625360969
0.163600024855409,0.125513257843091
0.169708127155374,0.117196407738122
0.175401125585828,0.108582967908721
0.180537892117547,0.0996303743104383
0.185310831717483,0.0904827278340137
0.189677388280836,0.081126687279573
0.193401024752528,0.0714997682979873
0.196764933384204,0.0617458032148343
0.199671642911722,0.0518387889961439
0.20191883088016,0.0417650463031277
0.203793497796679,0.0316187458559159
0.205179487995958,0.0213872977243624
0.205898977057086,0.0110908276241038
0.206226767384701,0.000778020543971253
0.206076170545672,-0.00954557501387902
0.205242564843722,-0.0198337222209522
0.20402366264197,-0.0300796322352944
0.202350891958145,-0.0402682456306665
0.1999819267756,-0.0503164273739991
0.197214398799291,-0.0602564665501207
0.194049828274472,-0.070082926225018
0.190218885974744,-0.0796707667926434
0.185975154823813,-0.0890762689851061
0.181351294831102,-0.0983038699480492
0.17618414314719,-0.107242886967666
0.170555136066408,-0.115892214281639
0.164580353698324,-0.12430588073734
0.15818644739168,-0.132412764416534
0.151301688892927,-0.140103054060476
0.144117898690861,-0.147509974706268
0.136621980711581,-0.154610386407651
0.128647833416824,-0.16116761397433
0.12042270975962,-0.167397372996086
0.111950712461694,-0.173295743767364
0.10309379321977,-0.178602197653807
0.0940218357656442,-0.183517289131197
0.0847652686963702,-0.188085504902456
0.0752187033616699,-0.192017728855426
0.0655116999014214,-0.195515158421648
0.0556746165583576,-0.198641090024273
0.0456483405680307,-0.201105991349418
0.0355274604113392,-0.203111494257032
0.0253349063335588,-0.204743634863164
0.0150516598696274,-0.205666858876524
0.00474527724433159,-0.206142982072204
-0.00557734280013074,-0.206240065941756
-0.0158833631283896,-0.205614680706341
-0.0261455077580585,-0.204539360753045
-0.0363604149941002,-0.203059301991608
-0.0464654591118167,-0.200940486004466
-0.0564468598558064,-0.198323259385639
-0.0663188530968969,-0.19531493253003
-0.0760101608704689,-0.191753331057598
-0.085480839166736,-0.187652254143318
-0.0947762544479284,-0.183171794219028
-0.103856904618693,-0.178258078150648
-0.112594253021768,-0.172761007562818
-0.121097872690681,-0.166916752080249
-0.129364197527639,-0.160731626841405
-0.137180423377476,-0.153985403337469
-0.144696323044711,-0.146915689878985
-0.151923384785742,-0.139546778235135
-0.158688389406024,-0.131746924303634
-0.165037270005684,-0.123611865575053
-0.171067051806469,-0.115236860436992
-0.176620716815534,-0.106532849461521
-0.181671339369131,-0.0975334628638536
-0.18636763430747,-0.0883451575075733
-0.19058361724096,-0.0789203800893905
-0.194205886850819,-0.0692564060757262
-0.197482870231875,-0.0594721283952045
-0.200222646138442,-0.0495176058090048
-0.202379872406564,-0.0394266994246953
-0.204175466175034,-0.0292648067838485
-0.205359370026334,-0.0190083522586347
-0.206012809680888,-0.0087105743398625
-0.206261779264399,0.0016066699864903
-0.205908945521887,0.0119254994043742
-0.204997174458071,0.0222044356760374
-0.203687659306095,0.032440325975882
-0.201821088036304,0.042594958797099
-0.199376250326491,0.0526215451721748
-0.196527969792143,0.0625395871467427
-0.193212990349504,0.0723179154861011
-0.189268361005142,0.0818570293199565
-0.184944289199044,0.0912254430503451
-0.180243340090565,0.100417378552164
-0.174907390187261,0.109256714848647
-0.169207361122341,0.117857962480336
-0.163162068692102,0.126223916319199
-0.156614229009754,0.134206922142747
-0.149669956838127,0.141840207604673
-0.142421301968541,0.149185212685382
-0.134793036198912,0.156143266560228
-0.126766912913621,0.162631745346309
-0.118492430705653,0.168796572684547
-0.109933365748206,0.174570956309836
-0.101015614566354,0.179769464608472
-0.091900679601992,0.184604219080188
-0.0825871019603729,0.189060581315719
-0.0729845094774141,0.192849116168376
-0.063253170724803,0.196277195700939
-0.0533752807736409,0.19928132425177
-0.0433155838784443,0.201595134334061
-0.0331819255553717,0.20353523274534
-0.0229648366319966,0.205023158557364
-0.0126723332524207,0.205810099303176
-0.00236223137096086,0.206206316825238
0.00796230971044644,0.206156669289642
0.018256684483672,0.205391309682667
0.0285104142601422,0.204241964193257
0.0387146050436394,0.20266719851988
0.0487795957999307,0.200366500933233
0.0587383476169277,0.197667091145238
0.0685855431860364,0.194570557160379
0.0782092267381223,0.190830650103854
0.0876440144487384,0.186651913333399
0.0969027993381141,0.182092212784462
0.105890245566694,0.177009817933124
0.114578643551467,0.171440479316947
0.123033091743663,0.165524191266582
0.131200051261474,0.159207244338278
0.138938321271025,0.152375388655832
0.146394277551975,0.145242721224496
0.153563504763803,0.137812775094008
0.160178185757992,0.129885125192415
0.166464030665763,0.121702706817817
0.172419022473655,0.11327152238711
0.177810856579778,0.104466344878616
0.182786718081629,0.0954273167957477
0.187415598137605,0.0862020118905343
0.191441688793075,0.0766946745422717
0.195003324126181,0.0670107110740966
0.198192610793575,0.0571950334337401
0.20075694933134,0.0471937628146976
0.202828657663842,0.0370859658686131
0.204528560784283,0.0269055206113215
0.205551356497095,0.016631735562175
0.206096214369934,0.00632860273594034
0.206263989800636,-0.00399220213715414
0.205736265650977,-0.014303653931268
0.204731409001616,-0.0245731213224207
0.20332222300132,-0.0347973591580197
0.201297941959053,-0.0449217327302325
0.198749767395174,-0.0549213091656706
0.195810783341355,-0.0648136731928877
0.192338918881222,-0.074537460369214
0.188304057087212,-0.0840370453080617
0.183888988902025,-0.0933634128150277
0.179059179151287,-0.102488936182595
0.17362315362632,-0.11126517984452
0.167838827849459,-0.11980963327844
0.161712121272901,-0.128118391396098
0.155038385680028,-0.135996566838816
0.148021305340517,-0.143561845351213
0.140703378956307,-0.150839692471505
0.132966715024819,-0.157676835123278
0.124875781026346,-0.164082476781899
0.116542781857266,-0.170169370408859
0.107891420586286,-0.175804659523933
0.0989264934550569,-0.180917294193992
0.0897707151765842,-0.185675845921894
0.0803866450235004,-0.189981622187749
0.0707467536607666,-0.193669607313096
0.0609846567434967,-0.197010636233277
0.0510574476031133,-0.199847718098825
0.0409802018372746,-0.202071248969178
0.0308307428803221,-0.203931857271863
0.0205867371064867,-0.205218897231644
0.0102927609110521,-0.205938276684545
-2.18682512810658e-05,-0.206255076581347
-0.0103436817002415,-0.206005584987877
-0.0206290041754516,-0.205161345615337
-0.0308727940317815,-0.203919966894191
-0.0410453012447648,-0.202153588755484
-0.0510887223570234,-0.199775824126815
-0.0610254577778535,-0.196994713284312
-0.0708356903239009,-0.1937754681971
-0.0804020798857028,-0.189895027117152
-0.0897995310649589,-0.185634594987474
-0.0990223885880353,-0.180996847959483
-0.107913073163517,-0.175746951184197
-0.116553034068126,-0.170105401862011
-0.124959206271385,-0.164117453191887
-0.133005544786662,-0.157647639704809
-0.140686147440411,-0.150755007989498
-0.148079644137223,-0.143556499319418
-0.155111974120252,-0.135996684528951
-0.16165479842187,-0.128013805375478
-0.167874528726552,-0.119780895346182
-0.173733330667974,-0.111279421180853
-0.178991832591982,-0.102395725530608
-0.183886437583237,-0.0933128974170517
-0.188436090762674,-0.0840445570068316
-0.192287548001861,-0.074465649353724
-0.195777676902884,-0.0647565544591826
-0.198883125686711,-0.0549100679199286
-0.201261501004272,-0.044864039075483
-0.203264771217735,-0.0347429060585451
-0.204858835026545,-0.0245418712119404
-0.205710973446042,-0.0142532443050337
-0.206173387729988,-0.00394611549601658
-0.206228963634426,0.00637836146481257
-0.205529681956445,0.0166786873195728
-0.204447927126975,0.0269396292847001
-0.202950660936776,0.0371545557082113
-0.200741184650072,0.0472402750570946
-0.198108174624438,0.0572168974517347
-0.195078075137306,0.0670837317408621
-0.191433313873564,0.0767438189445801
-0.187318073795217,0.0862068614153571
-0.182821193143057,0.0954955906057287
-0.177827504658837,0.104532594887899
-0.172316534084235,0.113258887803984
-0.166457585942389,0.121752741534763
-0.160221322564773,0.129981441871155
-0.153441243086305,0.137766385031235
-0.14635872057154,0.145269878631995
-0.138977546420292,0.152487625273825
-0.131116086080047,0.15918079949912
-0.12297559269809,0.165521138129411
-0.114584602728159,0.171530971624403
-0.105834099039437,0.177011050825372
-0.0968273588937217,0.18204592592894
-0.0876328943991397,0.186733573990756
-0.0781673081895305,0.190856815933967
-0.06850597107572,0.194480832963276
-0.0587114679943587,0.197731371504133
-0.0487372208111762,0.200398753651868
-0.0386422934759875,0.202534496509061
-0.0284741021854914,0.204300001598954
-0.0182111611386243,0.205426087883123
-0.00791145618209251,0.206037592183061
0.0024070150902504,0.206274172982974
0.0127231260215163,0.205847851199021
0.0229994088519735,0.204911751971216
0.0332322116550543,0.203571808740692
0.0433757030825115,0.201645780240639
0.0533927176967971,0.199165090093351
0.0633044953716696,0.196294054857132
0.0730610850144572,0.192915554461216
0.0825886828715898,0.188945613207252
0.0919449106923801,0.184594748966645
0.101116133148059,0.179852350721279
0.109930237529249,0.174476223594468
0.118514318308057,0.168750822268398
0.126864139415486,0.162681664888333
0.134805796836037,0.156083638724145
0.142419152287982,0.149118355809957
0.149746337231351,0.141850732130977
0.156657584745737,0.134180228525649
0.163118591898088,0.126132738164276
0.169261039016354,0.117841203745891
0.174980328238986,0.109245169747936
0.18015348541759,0.100314179111573
0.184972689572869,0.0911905886386807
0.1893710065748,0.0818495591868065
0.193123109391389,0.0722333811257164
0.196526405952512,0.0624932599905965
0.199463883955381,0.0525953125580049
0.20175200521532,0.0425315361255173
0.203675831399507,0.0323945426859715
0.205069393987699,0.0221645011072645
0.205852937952595,0.0118743599675553
0.206235798158572,0.00156267850282003
0.206093160800687,-0.00876113254472359
0.205314745752882,-0.0190525103738029
0.204139856150249,-0.0293036048126224
0.202477189522974,-0.0394935443071992
0.200165002971415,-0.049553226218961
0.197449715447285,-0.0595078725853753
0.194329681851515,-0.0693500774471695
0.19051213230227,-0.0789430020246567
0.18631414006179,-0.0883685532866473
0.181738538422718,-0.0976212247880534
0.176578004124637,-0.106564045039657
0.170993937692281,-0.115241682342818
0.165062453777398,-0.123686874386639
0.158673815819342,-0.131797781707009
0.151831977808205,-0.139524569167448
0.144682895515941,-0.146965277857925
0.137194467740748,-0.154073542541964
0.129254121019932,-0.160669491440343
0.121062215745945,-0.166942771853789
0.112621017716576,-0.17288804925801
0.103770822843751,-0.178205261408494
0.0947196752316177,-0.18315828570048
0.0854872159355363,-0.187777978797514
0.0759432825903074,-0.191716625455622
0.0662561539789884,-0.195267290962059
0.0564371547340927,-0.198455958695675
0.0464104817271321,-0.200918314536356
0.0363017570479004,-0.202983098136057
0.0261157592191093,-0.204665730365458
0.0158335654098844,-0.20560195785476
0.00552959111051782,-0.206128878975011
-0.00479314841100164,-0.206267200549551
-0.0150997805202502,-0.205657961521235
-0.0253674760613098,-0.204642328248336
-0.035590709166169,-0.20321206624747
-0.0456985229830583,-0.201106122178608
-0.0556923744005826,-0.198538250048034
-0.0655780134976605,-0.195573406788576
-0.0752745641294681,-0.192026880252871
-0.0847650800187645,-0.18797406293727
-0.0940828221920429,-0.183539049771536
-0.103169872015998,-0.178637076818071
-0.111933182246887,-0.173183565137577
-0.120465417883142,-0.167381149748044
-0.128756753500319,-0.16122845230023
-0.136587411849761,-0.154499383508222
-0.144137356706489,-0.147466347545081
-0.151402415357885,-0.140133406887712
-0.158175548951797,-0.132340762719507
-0.164569243309074,-0.124241680285209
-0.170632659563317,-0.115890481885696
-0.17620280055377,-0.107197055075074
-0.181295478252952,-0.0982221909467733
-0.186040586945208,-0.0890582961539299
-0.190263125058299,-0.0796366086218278
-0.193948285739806,-0.0699976341177771
-0.19725858376751,-0.0602241308852941
-0.200031419943214,-0.0502787201690448
-0.202229615072413,-0.0401964956294757
-0.204059142756729,-0.0300406632140553
-0.205291049504427,-0.0197899225357413
-0.205967689235856,-0.00949378642765002
-0.206271721225447,0.00082194744504447
-0.205949383877837,0.0111417998304571
-0.205080844501327,0.0214244922776866
-0.20380900004966,0.0316652671669949
-0.201983826751668,0.0418273580612578
-0.199569540084007,0.0518612363088975
-0.196765507497422,0.0617916953252739
-0.193482946977073,0.0715809510323005
-0.189577077582791,0.0811358792826792
-0.185289641303582,0.0905211486381753
-0.180623280074767,0.0997306344742788
-0.175320227170566,0.10858948580673
-0.169653124741749,0.11721230940975
-0.163640986952432,0.125602206068975
-0.157121064217537,0.133608076125369
-0.150207087373976,0.141268580839461
-0.142989374715891,0.148644080313784
-0.135387292270887,0.155630480582901
-0.127382873111891,0.162145889210424
-0.11913252050682,0.168342832574915
-0.110593914897303,0.174147470238595
-0.101696598492349,0.179380158248978
-0.0926050455436826,0.184258951192192
-0.0833089634513689,0.188751436379491
-0.0737163349112821,0.192566633781678
-0.0639981142031976,0.19603108351538
-0.0541311174033602,0.199070843431987
-0.0440807397788468,0.201422506892788
-0.0339562631615503,0.203408453195529
-0.0237416269857197,0.204910657116184
-0.0134553590118581,0.205757241441467
-0.0031468684138693,0.206204970467956
0.00717784134833546,0.206171437347645
0.0174750255969545,0.20545771655748
0.0277329925716032,0.204348222586815
0.0379396318660799,0.202791569529361
0.048015149125742,0.200544002295705
0.0579871402905317,0.197893685943542
0.0678497260376791,0.194842797169731
0.0774798514279327,0.191119729339293
0.086932838478437,0.186983439346409
0.0962145520746206,0.182469347142037
0.105209604525358,0.177400457885296
0.113924207987612,0.171873305596417
0.122407609173891,0.165997787994749
0.130583487438666,0.159692553027115
0.138355704862396,0.15290104863811
0.145842788969201,0.14580101480744
0.153027683060757,0.138386111817405
0.159675986386939,0.130487944845548
0.166001969737179,0.122336771112918
0.172002621070006,0.113936509064304
0.177409835532843,0.10514092700078
0.182420425046886,0.096121275607958
0.187096280784616,0.0869188142395065
0.191136435489073,0.0774174276908782
0.194746786256792,0.0677521541113167
0.197994270347425,0.0579541705650024
0.200565704485934,0.0479549354854366
0.202691017971326,0.0378585587566115
0.204436120505001,0.0276847602604497
0.205483162574941,0.0174132931960591
0.206073530414229,0.00711260991371368
0.206276596118285,-0.00320753391640502
0.205776201558875,-0.0135199891105378
0.204825802100775,-0.0237941026080379
0.20346175693947,-0.0340251696514094
0.201461236405015,-0.0441543450834738
0.198957776449332,-0.0541649699531755
0.196057513553262,-0.0640688396491457
0.192611134075716,-0.0738014027453056
0.188620164990657,-0.0833188549612782
0.184246525398524,-0.0926649904784373
0.179438186461118,-0.101801900809393
0.174041688324426,-0.110601651338719
0.168295416024368,-0.119171609564309
0.162203046922908,-0.127505983354824
0.155549789801056,-0.135401427368661
0.148565968657134,-0.142997166754352
0.141281049000859,-0.150308817620247
0.133559051941124,-0.15716234983882
0.125501198106808,-0.163608740899231
0.117189665946042,-0.169725033227113
0.108555072677229,-0.175385907364312
0.0996119673768482,-0.180535752776739
0.0904785831927201,-0.185337642369343
0.0811024624901462,-0.189660368487272
0.0714857995335812,-0.193406059640442
0.0617332390897553,-0.19677529749948
0.0518181864422803,-0.199654675875985
0.0417486073977799,-0.201914407108309
0.0316052473478954,-0.203807040659214
0.0213679737818904,-0.205145976962818
0.0110755568327947,-0.205886900760545
0.000762881274377169,-0.20625763841914
-0.00955969077108314,-0.206040574310254
-0.0198484583459335,-0.205238976310743
-0.0300967655610043,-0.204034644331498
-0.0402766516501136,-0.202311679319305
-0.0503269626750402,-0.199963274113947
-0.0602755854645489,-0.197225812990629
-0.0700969127871085,-0.194040584114067
-0.0796786886068826,-0.190198447909354
-0.089092450938613,-0.185974139000463
-0.0983321630709276,-0.18137037897413
-0.107242887716916,-0.17615501487537
-0.115903894904782,-0.170546026647746
-0.124333272330896,-0.164590776884575
-0.13240324100732,-0.158150402051119
-0.140110350529112,-0.151287643670241
-0.147533581848074,-0.144119798212986
-0.154595204700431,-0.136587573715774
-0.161164496724634,-0.128626220399433
-0.167415400550323,-0.120417081001351
-0.173305632896643,-0.111937322737235
-0.178597378035341,-0.103073736937802
-0.183535263761748,-0.0940143147793649
-0.188117292297314,-0.0847622945471146
-0.192000205337857,-0.0751955857469549
-0.195525388648989,-0.0654993761503403
-0.19866801023312,-0.055664676391272
-0.201082865864366,-0.045627806777009
-0.203130572302052,-0.0355159725771634
-0.204742155151516,-0.0253180390361573
-0.205651359240342,-0.0150357431415481
-0.206163411785936,-0.00473064134784473
-0.206239851268478,0.0055938075750193
-0.205590340806847,0.0158965882081884
-0.204545773718668,0.0261611262394035
-0.203096098251579,0.036383475214902
-0.200912794117028,0.0464745195661755
-0.198327153722152,0.0564634832101256
-0.19534096889344,0.0663445302783816
-0.191717631864579,0.0760125896606652
-0.187642832681348,0.0854926071849518
-0.183190095469316,0.094802919856534
-0.178213987716305,0.103849599658254
-0.172743668487589,0.11260077638843
-0.166924058426901,0.121121961984206
-0.160703416211879,0.129362352917771
-0.153962232488949,0.137179620663484
-0.146911269449959,0.14471268973387
-0.139563710157418,0.151965844356822
-0.131715198957288,0.158674241650244
-0.123604836143904,0.165052594313094
-0.11524413791722,0.171106019756848
-0.106505910362837,0.176605395285324
-0.0975178722171196,0.181673285488924
-0.0883455196228588,0.186405064890907
-0.0788879812195636,0.190546774238125
-0.069244678941755,0.194216637804063
-0.0594678176243337,0.197522760547361
-0.0494973404451042,0.200203462973736
-0.0394133712984246,0.202389038621098
-0.0292518881303561,0.204196182249816
-0.0189923929890956,0.205354365792821
-0.00869514547479324,0.20600781209257
0.00162217975966692,0.206275261990267
0.0119393229316724,0.205884150696823
0.0222196017601481,0.20499873855903
0.0324581963664141,0.203700715112701
0.0426076944403716,0.201806159749472
0.0526347926070731,0.199366979887588
0.0625565558246958,0.196531182524242
0.0723241884284907,0.193185582821764
0.0818682608851021,0.189256442333263
0.0912424642709243,0.184944194026011
0.100428382068816,0.18023021414147
0.10926427871741,0.174890802309086
0.11787165345653,0.169200755581872
0.12624472397604,0.163163768313011
0.134208283061367,0.156592232423282
0.141849580957943,0.149657794064346
0.149207589361452,0.142421061940367
0.15614090379753,0.134770650715887
0.162639808777924,0.126754229495493
0.168808823700706,0.118482569812969
0.174559915915624,0.109907828459348
0.179766868827576,0.100996716036862
0.184625491804398,0.0918940512217779
0.189047991964796,0.0825645996686374
0.192854230232964,0.0729704685938496
0.196282289076211,0.0632389749461362
0.19926791259085,0.053355432529657
0.201588975952049,0.0432986176564604
0.203544512352366,0.0331679088577155
0.204990297398156,0.0229452153524982
0.205795366078855,0.0126567312340209
0.206232721744928,0.00234739480239471
0.206120853366126,-0.00797682182269868
0.205386201870234,-0.0182713612788723
0.204249400648407,-0.0285268810844726
0.202628671344186,-0.0387235110513221
0.200346232148794,-0.0487899356117794
0.197675470836735,-0.0587563935171091
0.194587703614205,-0.0686087672218453
0.190809513408707,-0.0782170811615771
0.186648549666937,-0.0876590372699389
0.182107613276997,-0.0969286868552317
0.176980236583018,-0.105890297307659
0.171429661180993,-0.114589237251078
0.165531607539317,-0.123057879775071
0.159171196508984,-0.131190989062338
0.152360015495443,-0.138944528356853
0.145242384662144,-0.146415340491525
0.137780552926764,-0.153551268270633
0.12986267102759,-0.160174360332419
0.121695134763926,-0.166479201484669
0.113274884440535,-0.172454153568214
0.104445450347459,-0.177804991221365
0.0954185424671525,-0.182802037242439
0.0861973252531576,-0.187442683818507
0.0766709973885465,-0.191423590325147
0.0669971472793938,-0.195009776636661
0.0571924229694194,-0.198243237773866
0.0471726599744673,-0.200732887122063
0.0370737241502082,-0.202842731459174
0.0268935795572934,-0.204563004051146
0.0166154743589807,-0.205535127540365
0.00631396675681937,-0.206111641074506
-0.00400896674474702,-0.206292657937319
-0.0143172147071373,-0.205712387690578
-0.0245881083098003,-0.204732945147263
-0.0348199225262774,-0.203359831654445
-0.0449313062439535,-0.201271059527409
-0.0549370268712278,-0.19875039346682
-0.0648363454892127,-0.195829204065452
-0.0745410851634228,-0.192305376134689
-0.0840479554368602,-0.18829242260668
-0.0934222088628605,-0.183968641122208
-0.102510793872454,-0.179067561763744
