0.669913601828077,0.669913601828077
0.702505086838392,0.635480183298546
0.733346121078198,0.599478953472352
0.762362206953669,0.561997758260107
0.789483395509502,0.523127791437996
0.814644256620081,0.482963497933871
0.837783771949206,0.441602553740025
0.858845639225529,0.399145494596596
0.877778609693391,0.355695309833473
0.894533982380585,0.311356400544845
0.909087811255083,0.266241304390166
0.92139428177332,0.220454885560039
0.931143434901472,0.174056841217282
0.938585518559558,0.127240450716951
0.943730354132549,0.0801208576497384
0.946518708101656,0.0328056022108669
0.946951340273561,-0.0145878335344596
0.945027355092567,-0.0619432036098275
0.940760416827474,-0.109145578041114
0.934136524011508,-0.156076262130159
0.925182153255964,-0.202619559432826
0.913919293194269,-0.248660333197198
0.900376741253608,-0.29408524535254
0.884581208995979,-0.338779556909939
0.866575837708412,-0.382633359368281
0.846404924748933,-0.425537785357545
0.824070766766919,-0.467359640923502
0.799595522374592,-0.507964137068267
0.773129736774029,-0.54729549043996
0.744739062867457,-0.585256496944279
0.71449390701001,-0.621753623836988
0.682459690196734,-0.656687818825166
0.648733435966526,-0.68998820381173
0.613394251667365,-0.721569787352448
0.57652890305093,-0.751355148794688
0.538220352519968,-0.779260171403897
0.498587760762331,-0.805253635168733
0.457714752092112,-0.82925699288131
0.415699710626626,-0.85121181625624
0.372623686468522,-0.871018071250136
0.328531570045861,-0.888442080251986
0.283641059733344,-0.903668178263176
0.238059574259386,-0.916660335387232
0.191896010710882,-0.927388054167569
0.145263406189866,-0.93584598249313
0.0982644690349197,-0.941958152208241
0.0510185951572824,-0.945728839806418
0.00364133814933362,-0.947148586609842
-0.0437518662944833,-0.946217366097576
-0.091042339958959,-0.942906942545548
-0.13811301854253,-0.937244542517246
-0.184828518518773,-0.92914932822698
-0.231064767051042,-0.918668454669577
-0.276720291582665,-0.905906062826483
-0.321679741117297,-0.890883332924338
-0.365831899684676,-0.873638629737137
-0.409067591771652,-0.854214879163459
-0.451278930878158,-0.832658490392287
-0.492363050142944,-0.809026598817622
-0.532217705201679,-0.78337679732698
-0.57074433173797,-0.75577256902695
-0.607843663172241,-0.726277435854995
-0.643436187954712,-0.694978934564988
-0.677428742240433,-0.661946993840844
-0.709737456683033,-0.627262727080194
-0.740279995960895,-0.591009132584764
-0.769012558018697,-0.553297502224077
-0.795674279892751,-0.514092825519566
-0.820312595272726,-0.473592178885667
-0.842911478991792,-0.431925130603736
-0.863391387054763,-0.389181550753113
-0.881752849292717,-0.345490048291298
-0.897943287443172,-0.30094915010768
-0.911924346330539,-0.255664134494862
-0.923671622776314,-0.209743618378413
-0.933093074592941,-0.163284554184222
-0.94019942187142,-0.116409771930639
-0.944776829880037,-0.0692198486186128
-0.946963223335006,-0.0218638122287089
-0.946821104740599,0.0255380871766621
-0.94431469983186,0.0728713016963675
-0.939455047375594,0.120018752276056
-0.932254341404272,0.166864286405605
-0.922736939926591,0.213294102729431
-0.910911626529482,0.259190486768802
-0.896812950636708,0.30444046086956
-0.880475765266338,0.348931963998198
-0.861940324542506,0.392554893721185
-0.841252817273657,0.435201392503631
-0.818464081474456,0.476765438692459
-0.793630321124248,0.517143926614749
-0.766812017278376,0.556236316733186
-0.738086973383267,0.593955395284809
-0.707393646287666,0.630091266953562
-0.674932876258096,0.664642287847013
-0.640794961446935,0.697531770843869
-0.60505146204614,0.728663744833757
-0.567813360958669,0.757985911884729
-0.529168117777046,0.785423185705504
-0.489209987446006,0.810908863979009
-0.448027946279953,0.834364854248338
-0.405750446504114,0.855787579583225
-0.362465209748326,0.875105159064757
-0.318274741575918,0.892271038306386
-0.273224990647103,0.907046968112678
-0.227479378514731,0.919484803438706
-0.181178611834858,0.929638425315483
-0.134435854371167,0.937485914130287
-0.0873643186924929,0.943008656020928
-0.0400784624824038,0.946209978385602
0.00730917607565717,0.947039595259648
0.054680203084972,0.945510387949051
0.101918033591591,0.941625970336288
0.148907187693827,0.935399133388586
0.195528276889373,0.926825740010253
0.241666919656814,0.915938570278437
0.287208749858886,0.902764218728173
0.332023832331416,0.887288902644547
0.375972765079194,0.869504945802959
0.418977098796684,0.849553418601704
0.460930360701365,0.827484113011747
0.501728906991696,0.803351941175193
0.541268099373435,0.777211303282249
0.579455981626586,0.749136848075052
0.616197020985223,0.719196086093164
0.651400620338698,0.687463005564606
0.684972471148031,0.654008885273008
0.716849919636821,0.618935850561822
0.746947002982467,0.582321491725542
0.775189850888771,0.544255259079716
0.801504714294939,0.504827351643232
0.825872706919871,0.464159378193473
0.84798727822382,0.422221569574765
0.867946126548298,0.379223083098845
0.885756225030535,0.335297486924371
0.901380819869538,0.290551741480463
0.914771516830952,0.245089321688091
0.925898543966754,0.199020861808583
0.934735038329686,0.152457238472345
0.941267963437885,0.105511099855966
0.945432274131377,0.0582917720207329
0.947244063551244,0.0109197020792507
0.946695982824838,-0.0364886686348729
0.943591225483301,-0.0837984124748228
0.938156352633974,-0.13089275109507
0.930380541106279,-0.177654300860757
0.920284845473954,-0.223967446695816
0.907894501394305,-0.269717839710535
0.893243886497515,-0.314793805469707
0.876362743332647,-0.359081709511896
0.857294776987936,-0.402472192285417
0.836087253326179,-0.444857821560657
0.812790422274209,-0.486132352071648
0.787468539092935,-0.526197420237917
0.760181070257439,-0.564952078481171
0.730995335112485,-0.602300379902648
0.69998091206487,-0.638147743974253
0.667230839888533,-0.672422011989588
0.632813779687052,-0.70502887188971
0.596719142549853,-0.73577022888177
0.559112396963354,-0.764635884208143
0.520104776455749,-0.791570217389914
0.479819458733409,-0.816543471310762
0.438351156250555,-0.839492076879857
0.395799964547163,-0.860360960610253
0.352266123526585,-0.879093919901067
0.307862470298517,-0.895665845801912
0.262691542139729,-0.91002903027051
0.216861113260528,-0.922148530784812
0.170460205342082,-0.931883522890165
0.123612287164675,-0.939154266697496
0.0764658160629004,-0.944087192165821
0.0291366289600107,-0.946672320117809
-0.0182596104287775,-0.946903746243505
-0.0656081832011393,-0.944795451378886
-0.112791814980683,-0.940322519117726
-0.159693818594108,-0.933504928735476
-0.206198380022732,-0.924359499845761
-0.252191655392899,-0.912911710277466
-0.297556956236569,-0.899179234464137
-0.342182838332771,-0.883201469273447
-0.385958629014292,-0.865017779375088
-0.42877576576335,-0.844672625147133
-0.470530178742276,-0.822219598190135
-0.511107044160899,-0.797696031005192
-0.550334110863631,-0.771067789554073
-0.588182215714403,-0.742519766210676
-0.624549521283544,-0.712112952897399
-0.659357646091333,-0.679938194874739
-0.692519857462791,-0.646073382612818
-0.72395481424016,-0.610601969416696
-0.753572222112633,-0.573601368771871
-0.781329645203746,-0.535186699434373
-0.807150256313118,-0.495443206246798
-0.830971227544249,-0.454467221696771
-0.852728359076952,-0.412355091199472
-0.872419604007777,-0.369230319628833
-0.889764408070186,-0.325105776449734
-0.904791389311136,-0.280145230076522
-0.917587178862521,-0.234506794643435
-0.92815107568185,-0.188304190364737
-0.936395291776055,-0.141632572756331
-0.942314497945153,-0.0946098672746613
-0.945894242485207,-0.0473505586095915
-0.94713358417304,3.05964463668505e-05
-0.945992807624864,0.0474172018043535
-0.942493981136434,0.0946911550290336
-0.936645347827494,0.141735773060149
-0.928461033901283,0.188435169405284
-0.917820261817295,0.234637659206751
-0.904871485847497,0.280243664974738
-0.889666289620246,0.325144123063587
-0.87224263876416,0.369228091217499
-0.852643672437126,0.412386526954951
-0.83091861797502,0.454512638614224
-0.807121361196193,0.495502017220532
-0.781310915814689,0.535253307959163
-0.753546167302363,0.573664365550873
-0.723908144997467,0.610649074566367
-0.692465242345975,0.646112886450855
-0.65929489099565,0.679968285344932
-0.624474648015581,0.712127011675516
-0.588111188295789,0.742535370548183
-0.55027990807547,0.771105085290129
-0.511039491131852,0.797713896178615
-0.470438246105687,0.822192979174728
-0.428660045775265,0.844591833697739
-0.385837840130312,0.864908593875296
-0.342071037626158,0.883091303765588
-0.297463536521372,0.899097131445505
-0.252123988698587,0.912899613035202
-0.206148720995144,0.924421879507419
-0.159655464461666,0.933653894047528
-0.112756842142905,0.940572730827717
-0.0655618552919397,0.945096640171217
-0.0181945237933595,0.947110560329929
0.0292098727837493,0.946764393897613
0.0765344872939395,0.944060162855162
0.123663005200895,0.939004913983168
0.170481523120653,0.931621688829366
0.216871894521543,0.921909489844379
0.262719705470528,0.909897335451801
0.307911546015034,0.895615000602163
0.352336151123667,0.879098856846158
0.395882354526804,0.860386842747757
0.438442489058213,0.839526587408339
0.479911040180181,0.816569621009239
0.520184314300793,0.79157111241358
0.559169152651156,0.764602043238839
0.596765101208125,0.735722529306765
0.632878880441359,0.705003491871397
0.667302241497286,0.67240135299561
0.700041526176029,0.638114260288546
0.731035305445158,0.602247869841682
0.760206983207223,0.564889243412121
0.787485542279019,0.526129940326985
0.812785419168009,0.48605356979318
0.836089304717312,0.444785981071793
0.857328726380963,0.402417465668999
0.876452568848592,0.359049360806765
0.893415737913181,0.314785518981698
0.908165442850839,0.269728220999289
0.920442022202016,0.223933865051207
0.930388220562164,0.17758381401023
0.938030118363248,0.130804347990353
0.943374452683886,0.0837101914708601
0.946359955089845,0.0364090223094069
0.946990196089623,-0.0109811535117408
0.945263676175533,-0.0583440688063347
0.941191733294546,-0.105564551611802
0.934759860361749,-0.152523634810137
0.925995697208445,-0.199105625311962
0.914920677836252,-0.245195245139258
0.90156257098617,-0.290678843029908
0.885947630687824,-0.335441499800183
0.868118937357306,-0.379373222228159
0.847999338758753,-0.422304256187994
0.825755569615525,-0.464170330181557
0.801449026654032,-0.504869818389688
0.775147069165007,-0.544305422271812
0.746914383641751,-0.582379359265123
0.716820925026265,-0.618997743691683
0.684932852575485,-0.65406229480965
0.651346614987345,-0.687502025747434
0.616139624958004,-0.719230440374109
0.579398262235366,-0.749169654252015
0.541206772336989,-0.777237562524937
0.501683588020514,-0.803402838600489
0.460910141029326,-0.827583973342446
0.418979805449101,-0.849712405190123
0.375893226100276,-0.869494800114898
0.33188244560676,-0.887107246014843
0.287062802934573,-0.902527316868767
0.241540943877948,-0.915717112308741
0.19542561091943,-0.9266454629494
0.148829161228896,-0.935302727544535
0.10185474089751,-0.941612335196511
0.0546224526822547,-0.945581480745715
0.00724784257888729,-0.94720008913028
-0.0401535026707244,-0.946465425908113
-0.0874626045704551,-0.943348778173541
-0.134539387258764,-0.937722409992001
-0.181271887940595,-0.929749784730903
-0.227545741080371,-0.919459994658713
-0.273248875923075,-0.906885565782422
-0.318265743091616,-0.892047222456383
-0.362485112776842,-0.874983568366045
-0.405797589103273,-0.855737010732082
-0.448095193289629,-0.834353687339778
-0.489274916532671,-0.810890253729608
-0.529234093296959,-0.785403541676262
-0.567873831844075,-0.757956569334232
-0.605095418563387,-0.728613427644398
-0.64081922800446,-0.697461103695865
-0.674950855895931,-0.664567988742133
-0.707405996282408,-0.630014793929204
-0.738103970740006,-0.593885693682261
-0.766851638814729,-0.55618387341597
-0.793633294402303,-0.517066806011176
-0.818441038213648,-0.476675551032263
-0.841215225018249,-0.435108294671481
-0.861879121634239,-0.392456117615598
-0.880432537660856,-0.348846583762885
-0.896819263222998,-0.30437638103715
-0.911000257936531,-0.259150594160815
-0.922946465044188,-0.213276859517528
-0.932565198831199,-0.166852601087485
-0.939682044040679,-0.119978271302713
-0.944414096015303,-0.0728084997175955
-0.946800443085496,-0.0254670565252786
-0.946856195600236,0.0219313215572362
-0.94454508268744,0.0692717494991708
-0.93988003176964,0.116436985010194
-0.932872658705394,0.163310793156856
-0.923545685379376,0.209779036193029
-0.911907437355163,0.255723782627382
-0.897992967096469,0.301032073418567
-0.881836598084329,0.345591652285364
-0.86347808808383,0.389292232362058
-0.842963154666845,0.432025802815509
-0.820342085462758,0.473686051508961
-0.795670607151505,0.514169570227339
-0.768979024001264,0.553354148730084
-0.740268263352536,0.591083190416188
-0.70971772049352,0.627332853170432
-0.677402927502278,0.662013827928895
-0.643403757994919,0.695040974249753
-0.607792803736002,0.726319620932799
-0.570680409795658,0.755797360322627
-0.532152076840851,0.783396975584226
-0.492301712231166,0.809051243227361
-0.451219711189747,0.832684925609667
-0.40903368438936,0.854294325357059
-0.365829045134079,0.873803629665049
-0.321671016864214,0.891062404881862
-0.276647280845155,0.905907697104142
-0.230960932291588,0.918542009824886
-0.184707519369739,0.928892314683608
-0.138001001801917,0.936938786807218
-0.0909545143100942,0.942662168929985
-0.043682339529359,0.946062272439825
0.0037026145212325,0.947088274236169
0.0510816558445269,0.945755288977225
0.0983381444810674,0.942066340173942
0.145356290767656,0.936032262225831
0.192016465987215,0.927648457884246
0.238204315628441,0.91694850370088
0.283768157130496,0.903841136439399
0.328609224344002,0.888451081336
0.372625329824325,0.870848423651613
0.415706387339735,0.851074129387866
0.457745758438273,0.829177699348509
0.498639525619736,0.805213552983371
0.538283229159099,0.779236265650697
0.576584787765462,0.751319977467256
0.613447892824847,0.721531025255359
0.648781566215243,0.689942962182601
0.682492535891974,0.65662796940598
0.714518039680803,0.621687566410234
0.744770294424307,0.585197500233544
0.773174935924216,0.547246855018252
0.799660649712946,0.507927198478511
0.824052223913769,0.46727148173936
0.846291408686237,0.425404986246445
0.866434379025383,0.382497900730151
0.884433558706552,0.338653117117469
0.900251045443353,0.293977144783858
0.913837396929371,0.248573148336803
0.925163014256064,0.202551929339319
0.93420037762645,0.156024251253831
0.940932571928604,0.109102369478106
0.945293986881143,0.0618960114120247
0.947271619950357,0.014525631872753
0.946720367639537,-0.0328817854141854
0.943813154637672,-0.0801982978335686
0.938573356917828,-0.127309976592734
0.930989682891365,-0.174099168273215
0.921084352581592,-0.220450257652855
0.908882046456611,-0.266248756793914
0.894416097259627,-0.311382676353276
0.877715789810203,-0.355738201453557
0.858824783765208,-0.399205892601388
0.837789839672058,-0.441678069108651
0.814661176082689,-0.483048522422084
0.789502555121483,-0.523218756443752
0.762372460051785,-0.562087229905913
0.733337760581992,-0.599557640449443
0.702468786197468,-0.635536198273571
0.669857998969151,-0.669950634253057
0.635451430278612,-0.702570438190921
0.599455090829775,-0.73341976085795
0.561972880252368,-0.762438692544765
0.523082895977359,-0.789535332060664
0.482907591045919,-0.814679815405412
0.44153949462275,-0.837805644295161
0.399078395462207,-0.858857160606445
0.355624766611807,-0.877778956257977
0.311290774461078,-0.894545015989343
0.266178273107889,-0.909105928760044
0.220386155554102,-0.921389468401802
0.173986830785513,-0.931126583284273
0.127175872375898,-0.938596587293716
0.0800547083872885,-0.943726903736961
0.0327398959985344,-0.946510486350452
-0.0146529111603063,-0.946940814076434
-0.0620088509202795,-0.945029140313045
-0.109210348261961,-0.940750069263913
-0.156140656233449,-0.934125084206868
-0.202683848707748,-0.925170438336076
-0.248725742944968,-0.913910285724613
-0.294149453074577,-0.900361844782862
-0.338843516167617,-0.884564725564563
-0.382697036604258,-0.866557775505425
-0.425601369054347,-0.84638520425765
-0.467407300487583,-0.824021126174706
-0.508011600107088,-0.799547658774584
-0.547342531667821,-0.773082868748834
-0.585303109556279,-0.744692499155927
-0.621792035146202,-0.71443809808467
-0.656730812657655,-0.682409962289988
-0.690031486779679,-0.648684457312723
-0.721612281896723,-0.613344633100021
-0.751384536150439,-0.576469069046804
-0.779305705682905,-0.538172204889438
-0.805296442926722,-0.498537201982273
-0.829293366712319,-0.457660065750138
-0.851234915807211,-0.415638259734943
-0.871015159885045,-0.37255041456677
-0.888430521442305,-0.328457012505351
-0.903653602711657,-0.283567965748133
-0.91664918915522,-0.23798956774348
-0.927411910505441,-0.191834538859764
-0.935853331261196,-0.145198505102115
-0.941971375287326,-0.0982003668666279
-0.945750962351197,-0.0509545678319812
-0.947188046672204,-0.0035758788403117
-0.946242417744988,0.0438189701541081
-0.942937994150526,0.0911117239334184
-0.937251173385656,0.138180984723999
-0.92908522048961,0.184883195364644
-0.918615770177422,0.231119508599832
-0.905854231557739,0.276773177247142
-0.890833449999272,0.32173126207407
-0.873590860975584,0.365882627591159
-0.854169092829799,0.409118042054041
-0.832616901537663,0.451330560140524
-0.808987636582225,0.492415490314557
-0.783339833576663,0.532271177202447
-0.755732755748416,0.570795827760311
-0.726246904491552,0.607903205150676
-0.694949315771059,0.643497768070186
-0.661917003230262,0.677491592285795
-0.627228564514431,0.709797740699757
-0.590990034447094,0.740362406512175
-0.553240392342796,0.769047143127825
-0.514015621799788,0.795676077642247
-0.473522722142325,0.820323232722114
-0.431845169683034,0.842899254366247
-0.38911507724518,0.863402156153527
-0.345429551327831,0.8817760896634
-0.300892232378007,0.8979775702119
-0.255610833867193,0.911976831576307
-0.209681769063797,0.923695851270289
-0.163223610150981,0.933126854541748
-0.116344193640371,0.940207964869016
-0.0691507180079157,0.944735880747893
-0.0217978472213624,0.946948576112729
0.0256030982339316,0.946798815822916
0.0729349642991819,0.944290869436504
0.120081383730174,0.939431192921649
0.166928146944054,0.932240853673221
0.213356866841487,0.922718392560006
0.259253155946925,0.910893641609265
0.304503436213336,0.89679583368162
0.348996181878799,0.880460585837221
0.392620061362718,0.8619253733011
0.435267232627514,0.841237512464305
0.476831904914807,0.818448042345864
0.517210576333256,0.793612324267463
0.556309962293532,0.766800829961137
0.593991019559554,0.738025645642904
0.630120601637138,0.707327728724516
0.664673431416462,0.674871059701261
0.697551231355397,0.640723570430659
0.728692463672992,0.604990312964258
0.758018734414677,0.56775651704527
0.785458534726048,0.529113374583138
0.810928704507723,0.489145855664482
0.83441182155737,0.447979029691345
0.855835999946205,0.40570092904584
0.875149504500899,0.362412609277156
0.892305916068744,0.318217423402739
0.90707072654018,0.273163678026612
0.919493572528267,0.22741388579623
0.92963824305472,0.18111189005785
0.937480938645609,0.134369185185982
0.943024502306996,0.0873000882162735
0.946207097422353,0.0400126776461999
0.947034864988888,-0.00737455810549682
0.945505702360434,-0.0547453283720353
0.941628625587577,-0.101984214645506
0.935388659893753,-0.148971982208748
0.926814577506416,-0.195592941162995
0.915927258591244,-0.241731671737887
0.902753453293808,-0.287274211358802
0.887254992195201,-0.332081418526359
0.869469595138076,-0.376029039594397
0.849516594735947,-0.41903194220882
0.82744571837405,-0.460983885104768
0.80330767876255,-0.501778623760754
0.77716934241212,-0.54131872674458
0.749094426324728,-0.579505829543782
0.719152434868478,-0.616245693086394
0.68741026606375,-0.651440810912428
0.653963793393205,-0.685020085377653
0.618888736629595,-0.716895512877771
0.582271090494085,-0.746988744861891
0.544196380031307,-0.77521968943361
0.504782310347811,-0.801556910058201
0.464108126724982,-0.82591593508342
0.422161284484294,-0.848012896205037
0.37916546330629,-0.867977417078211
0.335235642947562,-0.885778337955716
0.290486475632608,-0.901392340601342
0.245023863493423,-0.914779710548653
0.198956395460101,-0.925908607978045
0.152395759200269,-0.934765129306807
0.105445534317604,-0.941272100776935
0.0582265210928141,-0.945439613262072
0.0108542586223452,-0.947256976359954
-0.0365534431971204,-0.946666018051733
-0.0838631463685,-0.943577423931138
-0.130956221993393,-0.93813604006402
-0.177716290279435,-0.930356144443833
-0.224028046185514,-0.920257300753905
-0.269779080093638,-0.907870694963652
-0.314853644863195,-0.893216594561806
-0.359140495002191,-0.87633383224637
-0.402530013733326,-0.857264297315649
-0.444914132828516,-0.83605386233169
-0.486189700950197,-0.812758702177445
-0.526253628224014,-0.787434883469536
-0.565006695048571,-0.760144960188749
-0.602350743449615,-0.730953593647983
-0.638206032418959,-0.699947220811085
-0.672476914502487,-0.667192696246271
-0.70507864681316,-0.632770329734022
-0.73580666116998,-0.596664377025082
-0.764652580343481,-0.559042946723764
-0.791597408629683,-0.520044241724754
-0.816574731605614,-0.479762071228705
-0.839524353126128,-0.438294292958882
-0.860372284037261,-0.395733163079413
-0.879117618142546,-0.352205217731331
-0.895700572756392,-0.307805343543526
-0.910081423878846,-0.262638432727712
-0.922226488774146,-0.216811153345453
-0.93186230172221,-0.170389122011171
-0.939126352171062,-0.123542153474944
-0.944057211097405,-0.0763977075694
-0.946643411994339,-0.0290705297049281
-0.946896940581247,0.0183246389620309
-0.944781028383053,0.0656725791010877
-0.940310472613984,0.112855888801906
-0.93349631177903,0.159758250091537
-0.92435964479926,0.206265189489885
-0.912908338233623,0.252258559404786
-0.899177936926882,0.297625418310416
-0.883202235533503,0.342253314178628
-0.865020502307885,0.386031778143456
-0.844677982769603,0.42885264576094
-0.822224409367358,0.470609311674892
-0.797620591276143,0.511137247900691
-0.770996863932547,0.550364429459924
-0.742444148094384,0.588206450520283
-0.712046172871339,0.62457817219262
-0.679877125020697,0.659389307474949
-0.646016459151147,0.692554309548481
-0.610537797282607,0.723979809376451
-0.573550846536284,0.753613287132954
-0.535139152165496,0.781375393280723
-0.495396274979862,0.807198382896081
-0.454414024101317,0.831009873543456
-0.412319169304616,0.85280604338348
-0.369190020503935,0.872495788374407
-0.325024352374567,0.889733842275033
-0.280071497967393,0.904774334421615
-0.234444054515439,0.917605133847415
-0.188237637418763,0.928152069054901
-0.141567012764039,0.93639745209089
-0.0945452383089547,0.942321383466113
-0.0472864275994991,0.945920180404131
9.61444588448105e-05,0.94714248226694
0.047483492861894,0.946005618748714
0.0947589220144626,0.942512023864405
0.141806332371678,0.936670590426616
0.188497324825502,0.92843442745426
0.234693799467228,0.917773486030968
0.280297749271668,0.904824156332155
0.325196556702061,0.889618850242013
0.369280110692636,0.872197332890414
0.412438159349147,0.85260010660785
0.454563895734283,0.830876374152484
0.495553128133453,0.807080063034331
0.535301578427995,0.781265927577109
0.573717039160896,0.753507598623205
0.61070242254874,0.723870237529389
0.646166369043194,0.692426963223667
0.680016645475213,0.659250858726457
0.712190379100327,0.624442837427374
0.742597964076094,0.588076805771247
0.771164542023932,0.550241482702206
0.797729116829888,0.510971123834027
0.822183164823939,0.470356403254042
0.844601034186777,0.428591288306823
0.864928244603505,0.385775273394494
0.883116602550252,0.34201096715579
0.899127002568269,0.297404413014218
0.912908961916219,0.252058478215923
0.924433102339865,0.206084149925424
0.933671248482843,0.15959207936118
0.940602630158952,0.112694136872782
0.945100762897482,0.065496341852792
0.947104548146395,0.0181287291675175
0.946750854871469,-0.0292749813029194
0.944041073148643,-0.0765985871067385
0.938996238548402,-0.123727918353078
0.931604590077742,-0.170545053631662
0.921889498126256,-0.21693437840551
0.909875088752635,-0.26278126507782
0.895593660172824,-0.307973411282856
0.879074038551375,-0.352396822002322
0.86035983003982,-0.395941975464957
0.839497290601334,-0.438500942017163
0.81653661219049,-0.479967552705427
0.791541063080852,-0.520243178085694
0.764568140579944,-0.559225680021693
0.735684265535093,-0.596818400283225
0.7049553668476,-0.632923713813106
0.672340507300164,-0.667334728893939
0.638058879954324,-0.700078184907898
0.602194979340295,-0.731073934784494
0.564837025702793,-0.760246323449567
0.526064387220641,-0.787505435668011
0.485998792412245,-0.812821297358578
0.444730592625224,-0.836124479250578
0.402359271056798,-0.857358738372101
0.358985510214409,-0.876469402057777
0.31472082045811,-0.893429554717943
0.269666399242799,-0.908188134112386
0.223865367684121,-0.920438109267084
0.17751471124325,-0.930375670294908
0.130740355490403,-0.938044861576302
0.0836441612601611,-0.94337250016537
0.0363433965144251,-0.946354450786783
-0.0110462944400034,-0.946983576648106
-0.0584099035441248,-0.945268423384756
-0.105629557364901,-0.941183114830308
-0.152588451211806,-0.93475062180496
-0.199170546258067,-0.925986631860261
-0.245261322199418,-0.914913986728326
-0.290743696336599,-0.901549447856775
-0.335506185304162,-0.885932829396556
-0.379431763353915,-0.868088958881144
-0.422356546693089,-0.847957157661129
-0.464219727225951,-0.825709201184221
-0.504919214085249,-0.80140432871098
-0.544354254293808,-0.77510278928873
-0.582427536361491,-0.746869860932443
-0.619038303544165,-0.716767649709351
-0.654107944196583,-0.684885903384028
-0.687547277070715,-0.651299462789715
-0.719274091703264,-0.61609097540368
-0.74920136077465,-0.579340184375544
-0.777286429714122,-0.541160850427166
-0.803447428687689,-0.50163405582088
-0.827620423024732,-0.460855480013688
-0.849741315033586,-0.418921155074452
-0.869495243687839,-0.375821494419724
-0.887102298222435,-0.331810463881562
-0.90252143101899,-0.286992535416617
-0.915716743867452,-0.24147380697624
-0.926678224296728,-0.195366011549641
-0.935316789474908,-0.148765241132127
-0.941633593911732,-0.101791359835442
-0.945612929889101,-0.054558771063838
-0.947247667851512,-0.00718226353600537
-0.946497101212894,0.040221101565532
-0.943304937326639,0.087525166912507
-0.937668366420729,0.134598252740638
-0.929695755053744,0.181328314813111
-0.919416761894255,0.227602631434167
-0.906842336030667,0.273304238950895
-0.892005830942239,0.318320216921112
-0.87494415264976,0.362539236068499
-0.855699425793909,0.405851877882246
-0.834319934214965,0.448151043098851
-0.810858485926959,0.489331754717786
-0.785373139148879,0.529292056343148
-0.757923537367463,0.567930509983791
-0.728589653506785,0.605160756147528
-0.697437165441985,0.640886257742712
-0.664542669601834,0.675018681796899
-0.629985802881956,0.707472415678305
-0.593837431835838,0.73815052256096
-0.556102627276871,0.766852217222701
-0.51699503253261,0.793643112985336
-0.476610190770497,0.818458486671672
-0.435032986509716,0.841211806535519
-0.392394695866404,0.861900961776246
-0.348790130373258,0.880466210413234
-0.304322674018606,0.896863414890233
-0.259099096179088,0.911059461830372
-0.213215906703631,0.922975183918397
-0.166790360239513,0.932592963875137
-0.119908131506379,0.939652669654566
-0.0727401452959777,0.944381104714321
-0.0254014025587961,0.94679249197137
0.0219964097447976,0.946839056241961
0.0693358358776842,0.944527296596483
0.116500455198627,0.939863079044558
0.163375751654659,0.932865511840143
0.209843098843134,0.923532673346888
0.255788135477188,0.911895196795849
0.30109711485689,0.897981773674694
0.345658252693572,0.881827274914768
0.389360052072625,0.863468711567654
0.43209449347351,0.842953081016125
0.473755509451794,0.820330931813558
0.514239792611141,0.795657821172986
0.553384054156464,0.768907105862754
0.591114904458482,0.740202369374312
0.627366153484577,0.70965645536626
0.662048665148585,0.677345021068946
0.695065182775292,0.643336889157378
0.726354057777955,0.607736507348088
0.755835095260733,0.570627275473839
0.78343629434813,0.532100019003288
0.80907690007413,0.492241065125008
0.832739373775881,0.451174703677633
0.854348414826207,0.40898671406642
0.873851668036811,0.365777871418539
0.891068727470667,0.321603520269864
0.905932790445814,0.276586429834071
0.918551087907172,0.230895495024441
0.928894171206459,0.18464118938304
0.936937585133562,0.137934892292356
0.942680301739608,0.0908905213232889
0.946059916073863,0.0436165523214067
0.947085120229808,-0.003768050808862
0.945753209325223,-0.0511469732226446
0.942070894253916,-0.0984045486119271
0.936022731607901,-0.145421276330209
0.927638612085181,-0.192081470386708
0.916938862739467,-0.238269568665113
0.90380834925826,-0.283826629345201
0.888419547827017,-0.328667617010308
0.870815073591487,-0.372682433277871
0.851039144433421,-0.41576212016361
0.829140982415522,-0.457800189431486
0.80517125984374,-0.498690427915733
0.779196349752563,-0.538335270519716
0.751278996496247,-0.576635767313194
0.721488254643803,-0.613497325360334
0.68989176178802,-0.648823215429935
0.656584815811712,-0.682542227340989
0.621641444750237,-0.714564846906895
0.585147259202709,-0.744812261106496
0.547189060803395,-0.773206392832303
0.507883827149334,-0.79971569262645
0.467207184933322,-0.824072118499231
0.425345664342761,-0.846318901591772
0.382440275975449,-0.86646567306212
0.338591059176056,-0.884455113051197
0.293911994088984,-0.900263016256347
0.248508267000276,-0.913847907810051
0.202488314309081,-0.925177278795988
0.155963163972419,-0.934232987666134
0.10903682533768,-0.940937257793553
0.0618307875087481,-0.945303055740981
0.0144596716949431,-0.947254021755339
-0.0329466193748981,-0.946694979240115
-0.0802632524555391,-0.943802971932974
-0.127373756164059,-0.938555436932358
-0.174161688438807,-0.930968158456962
-0.2205116336469,-0.921060134013037
-0.266310844533944,-0.908861221069497
-0.31144337676306,-0.894391229383983
-0.355797967412377,-0.877689211369965
-0.39926477826302,-0.858796539096816
-0.441735654382761,-0.837758825846087
-0.483107301388564,-0.814631765118157
-0.523276201932493,-0.789470654343784
-0.562142808097947,-0.762337584049115
-0.599609520371474,-0.733297787519736
-0.635596480727402,-0.702437151142735
-0.669999421857266,-0.669813625507254
-0.702606576203032,-0.635395792469879
-0.733457870044425,-0.599401743768145
-0.762458245515574,-0.561905608947594
-0.789566414257257,-0.523024983435535
-0.814713466598138,-0.482851606419446
-0.837838655172277,-0.441483008249575
-0.858870672059449,-0.399012587590644
-0.877807898758228,-0.355565868722637
-0.894587035346285,-0.311235972624018
-0.909167675631322,-0.266127600027425
-0.921337397275142,-0.220305314988676
-0.931115214022552,-0.173917848068427
-0.938576341166017,-0.127106887835841
-0.943705934509099,-0.0799874431025016
-0.94649189968601,-0.0326742166062052
-0.946943118418341,0.0147180420105893
-0.945022323806588,0.0620737816614691
-0.940746165466835,0.109275444228374
-0.934125105295933,0.156206628087868
-0.925178631475003,0.202752524576587
-0.913914150710948,0.248794770831192
-0.900367690249355,0.294220441812414
-0.884572516569771,0.33891688924204
-0.86656741495628,0.382773464583957
-0.846365338639086,0.425665816888752
-0.823949195315047,0.467442585586705
-0.799480229524993,0.50804666544278
-0.77301930665611,0.54737785682288
-0.74462443633404,0.585333080755515
-0.714378820026565,0.621827075430462
-0.682355298117699,0.656768572461096
-0.648632906998789,0.690071618228136
-0.61328629808105,0.721644148509455
-0.576424540361126,0.751433529145331
-0.538129226500712,0.77935827520897
-0.498493571718291,0.805350120044747
-0.457610794741031,0.829339537854102
-0.41560682488165,0.851322578763833
-0.372463913763162,0.870981964928155
-0.328379859634512,0.888410861720108
-0.283497556225204,0.903646638874173
-0.237928676304207,0.916673941818653
-0.191768912932686,0.927417463735435
-0.145133848799102,0.935861695121323
-0.0981364655598715,0.941986095322455
-0.0508907133390947,0.945783507330083
-0.00351023130602538,0.94720203268544
0.0438857073245577,0.94626119935462
0.0911803506933775,0.942962852650894
0.138240138797282,0.937199268664575
0.184942536312541,0.929045721252294
0.231176933191815,0.91857454923196
0.276828934303105,0.905812677990877
0.321785755469687,0.89079197743034
0.365937023792698,0.873551451624454
0.409172321711711,0.854131138448659
0.451384671087182,0.832579936038149
0.492469605471499,0.808951280656039
0.532323031386951,0.783300109387791
0.570852614252557,0.755699543199354
0.607960483726292,0.726213566021043
0.64355489840262,0.694914863300972
0.677544666707377,0.661877419817526
0.709866803408814,0.627201542591108
0.740429877167707,0.590959299501312
0.769060028889675,0.553168541064524
0.795695285499854,0.513949970730609
0.820319241205077,0.47344439422944
0.842915935204833,0.431780352823022
0.863427506324051,0.389055094833166
0.881805143498691,0.34537094686076
0.89800848551324,0.300833472144601
0.911986015609748,0.25554525270736
0.92370862242652,0.209617479004843
0.933147476203709,0.16316069091726
0.9401885778377,0.116275429377331
0.94474261561591,0.0690854812135016
0.946943414667328,0.0217320657565242
0.946787193709714,-0.0256682595858232
0.944274740137046,-0.07299927047668
0.939424765807136,-0.120146554501045
0.932225039490974,-0.166991923872182
0.922700067962102,-0.213419765542595
0.910873423581483,-0.259315311649159
0.896776379754942,-0.304565948551035
0.88043730318095,-0.349057501351724
0.861899738837708,-0.392680363759768
0.841209438777264,-0.43532635664357
0.818416573050787,-0.476889353501834
0.7935839154283,-0.517270590824507
0.76676797438968,-0.556367330392785
0.7379778800883,-0.594036667536452
0.707280741510141,-0.630166409270467
0.674811997626263,-0.664707599085181
0.640670360687296,-0.697590198233778
0.604938644538558,-0.728732568137102
0.567704684127954,-0.758058591330885
0.529049115926793,-0.785480341276898
0.489092943947468,-0.810967730984586
0.447924346319111,-0.834448397567897
0.405642501819657,-0.855865512939912
0.362348279955767,-0.875165083531797
0.318152548694772,-0.892319298311291
0.273098297217039,-0.90708152409008
0.227346140697348,-0.919492600273019
0.181043789468942,-0.929630541596761
0.13430569488453,-0.93749885701393
0.0872341469753928,-0.943023757448235
0.0399471156536066,-0.94620399863561
-0.00743976334704946,-0.947031828963559
-0.054811333523195,-0.945513104422218
-0.10204942503423,-0.941621467660531
-0.149037177397414,-0.935381361804828
-0.195658438495017,-0.92680790947195
-0.241798351633963,-0.915922650726074
-0.287339637815166,-0.902741889236377
-0.332138183127061,-0.887219033651925
-0.376084141342613,-0.869431891416572
-0.419085559679757,-0.849477227833761
-0.461034846728182,-0.827402289578707
-0.501829768277802,-0.803265834686866
-0.541369153302942,-0.777127356346647
-0.579555363932218,-0.749051668246195
-0.61628818850002,-0.719101436434676
-0.65148889812144,-0.687365859212848
-0.685067082106717,-0.653918252520734
-0.716940094733283,-0.618840862188345
-0.747022545859601,-0.582214593506261
-0.775271667789479,-0.54415252809375
-0.801603065811794,-0.504733672729618
-0.825952251477574,-0.464053381919089
-0.848043130286034,-0.422103324780643
-0.86798078465998,-0.379095069783317
-0.885779516440439,-0.335166036757887
-0.901394662676475,-0.29041886336553
-0.914789642847004,-0.244959453155756
-0.925949826820099,-0.198898563411947
-0.934785484703684,-0.152332748130326
-0.941300981236951,-0.105382824677949
-0.945479982156642,-0.0581631569139082
-0.947312293256115,-0.0107885551237551
-0.946624077768974,0.0366181080419157
-0.943533130636373,0.0839254504611617
-0.938091050272777,0.131016193239013
-0.930311669675524,0.177774389325941
-0.920223020596993,0.224086983294923
-0.907835591335846,0.269836795832923
-0.893183233365806,0.314910924278604
-0.876302323898499,0.359197845017059
-0.857234490648123,0.402587955157696
-0.836027544628426,0.44497400126302
-0.812733747380731,0.486250718026281
-0.78741068038239,0.526315847558139
-0.760118370005299,0.565068309812744
-0.73093626020356,0.60242162155203
-0.699928669831485,0.638278246701379
-0.667171778836054,0.672549443161526
-0.632713208362414,0.705113997328242
-0.596577387588227,0.735804737875472
-0.558968272501717,0.764661794505767
-0.519977588329029,0.791614813272583
-0.479700531378585,0.816598551346343
-0.43822339051657,0.839529301809249
-0.395676605409532,0.860404826090393
-0.352152698651472,0.879161486412309
-0.307754799024626,0.895754492161848
-0.262588726183278,0.910147338769409
-0.21675109625396,0.922259721427449
-0.170318844673713,0.931844711129291
-0.123472940472356,0.939103197390932
-0.076330108533391,0.944032076416803
-0.0290051746540815,0.946642081284807
0.0183898102204198,0.94688489659413
0.0657370935975002,0.944769234405362
0.112920200757598,0.940300371543576
0.159824308841651,0.933495471027731
0.206330553287525,0.924352147932914
0.252324598761314,0.912901825127558
0.297692529350018,0.899172653382795
0.342342387350445,0.88324733928557
0.386077200918932,0.864956989123653
0.428886276746771,0.844594823523654
0.470674429259312,0.822206008757639
