0.938855711791491,0.938855711791491
0.984607825416676,0.89067004781052
1.02789298168759,0.840260761044028
1.06860329610036,0.787753871137155
1.10663759803641,0.73328042615425
1.14190138934247,0.676976357334684
1.17430666560576,0.618982470132249
1.20377263276064,0.55944365992963
1.23022605501538,0.498508431512688
1.25359850592673,0.436327759224633
1.27383596173418,0.37305875211537
1.29088692020528,0.308858924973983
1.30470901390954,0.243888289363018
1.31529298677451,0.178311931774952
1.32256461147691,0.112285504274021
1.32652422534418,0.0459782336666206
1.32716193913635,-0.0204439510364692
1.32448969914665,-0.0868159436996294
1.31848828194415,-0.1529705556558
1.30918476695341,-0.218741971314885
1.29660244869466,-0.283965549002103
1.28077795491236,-0.348479580439895
1.26174176675147,-0.412120274088584
1.23954583690082,-0.474728981210296
1.21424571052833,-0.536149024609722
1.18590266561589,-0.596225806317586
1.15459110638421,-0.654810341467983
1.12038797637951,-0.711755100652496
1.08337887498098,-0.766917573586246
1.04364796504959,-0.820153177912467
1.00130877549775,-0.871338444243002
0.956461965722478,-0.920341260208252
0.909219802156366,-0.967038988492455
0.859687618966308,-1.01129963468938
0.808012858724297,-1.05303749613951
0.754315997590877,-1.09213886702576
0.6987312712595,-1.12850604653962
0.641384405593128,-1.16202400854462
0.582449323946757,-1.1926617268781
0.522058889523274,-1.22032156958012
0.4603629101951,-1.2449348141703
0.39751763850101,-1.26645191444779
0.333666066412673,-1.28477538551157
0.268977308994704,-1.29988469402311
0.203612910584162,-1.31174193537138
0.137736469820838,-1.32032489704406
0.0715094379847339,-1.32556883266499
0.00510277199255461,-1.32749302982965
-0.0613171879756339,-1.32609260295268
-0.127584746587518,-1.32137449513215
-0.193531238567791,-1.31332941599007
-0.258992219186157,-1.30199538427975
-0.323803725545497,-1.28740079509508
-0.387804059535784,-1.26958335968556
-0.45083114022997,-1.24858205208459
-0.512728172777425,-1.22445440687267
-0.573340169488256,-1.19726086397564
-0.632514804425513,-1.16706809546653
-0.690107455491757,-1.13395771821545
-0.745971243501978,-1.09800779112884
-0.799966259661089,-1.05930835324831
-0.851954014361897,-1.01795224976339
-0.901818116404207,-0.97405877687768
-0.949424011072343,-0.927725584520572
-0.994652431729365,-0.879068678041871
-1.03738350488309,-0.828204590454584
-1.07754196557926,-0.775284512395336
-1.11500563912652,-0.720421926525159
-1.14968073274902,-0.663753820497196
-1.18147572956688,-0.605419169236091
-1.21036129045513,-0.545586005622943
-1.23622897605997,-0.484382326471384
-1.2588323581093,-0.421899425838357
-1.27828239304778,-0.358369183919783
-1.29458730229188,-0.293963531236967
-1.30764508684728,-0.228823171939259
-1.31742908019817,-0.163112974525239
-1.32391503623598,-0.0969970858129679
-1.32711530962257,-0.030641460488566
-1.32698460521528,0.0357914039577594
-1.32353045589535,0.102134278215605
-1.31676155269596,0.168221165874556
-1.30670834454487,0.233889084700595
-1.2933789645679,0.298971684663285
-1.27681036910705,0.363306223984747
-1.25704400344865,0.42673176046268
-1.2341315094292,0.489090526657078
-1.2081276084642,0.550225352429793
-1.17909784055452,0.60998315734134
-1.14711480360443,0.66821446728887
-1.11225089404889,0.724768836525264
-1.07460243427225,0.779509117515829
-1.03426246432362,0.832297383428847
-0.991331922041839,0.88300158737576
-0.945902682731204,0.931479958595278
-0.898107978221638,0.97762663274655
-0.848065294425185,1.02132407866679
-0.795899859145645,1.06246310076722
-0.741722426725543,1.10091210688566
-0.685697324515434,1.13661063014377
-0.627960243343464,1.16946426162869
-0.568655177759524,1.1993913155099
-0.507925046293391,1.22630556212158
-0.445930771901973,1.25015951542984
-0.382824189828534,1.27088870041186
-0.318762194840375,1.28844169293604
-0.253908559254946,1.30279991221161
-0.188412860925842,1.31387210026174
-0.122445433728811,1.32165463804762
-0.0561712948736521,1.32612804919006
0.010244187878099,1.32729455297141
0.0766349033836378,1.32511965626291
0.142833524104579,1.31962600021245
0.208674298770064,1.31082733901844
0.273993850671933,1.29875160250832
0.338626028927191,1.28341602734077
0.402409931211757,1.26486648274705
0.465185903434371,1.24314940538385
0.526796911590517,1.21831899857166
0.587088790641901,1.1904378057885
0.645910290791096,1.15957546973035
0.703114187905581,1.12580924033239
0.758553369028071,1.08921781686203
0.812096290848369,1.04990408061066
0.863605205565745,1.00796092892989
0.912951166548592,0.96349336963711
0.959999994256694,0.916602516739822
1.00465435109564,0.867426571345237
1.04679309195591,0.816078809849436
1.08631080071086,0.762687687787506
1.12309040049782,0.707375396149954
1.15708394877573,0.650308791230909
1.18818595252828,0.591615372676473
1.21631888672946,0.53144118419391
1.24141513868943,0.469936639092283
1.26340233012085,0.407251280093221
1.28223114378382,0.343544115009638
1.29785439199832,0.278973936730232
1.31023883894976,0.213702240609824
1.31930381925797,0.147885834802888
1.32506517238473,0.0816977275239965
1.32750835190218,0.0153036814163103
1.32662942040216,-0.0511304540435146
1.32240425698619,-0.117436135439109
1.31486726704568,-0.183447022997817
1.30403732395301,-0.248997734360209
1.28994258696398,-0.313924603598916
1.27260907303079,-0.378062447342516
1.25208906753156,-0.441252192930581
1.22843399064331,-0.503335588708161
1.20170265218386,-0.56415721233446
1.17196509280963,-0.62356652917999
1.13929303853773,-0.681413317796069
1.10376833428263,-0.737552698212501
1.06547755675722,-0.791842497035077
1.02452973769843,-0.844157394740309
0.981015921729755,-0.894358198419634
0.935045084184577,-0.942319120430319
0.886728732854462,-0.987916122513335
0.836209440047165,-1.03106114259056
0.783594832093371,-1.07162665645355
0.729016438994822,-1.10951102362302
0.672608476470902,-1.14461581061204
0.614539303143412,-1.17690674094229
0.554891701262308,-1.20618512255194
0.493820279827075,-1.23235803439199
0.431523222170991,-1.2554499815319
0.368164246975164,-1.27543460013753
0.30388609048235,-1.2922224624777
0.238851100744935,-1.30577618475492
0.17322155221659,-1.31606217401104
0.107163719872656,-1.32308534858281
0.0408364643025377,-1.32678473020579
-0.025592388264721,-1.32716126983003
-0.0919566259445225,-1.32421408345875
-0.158092094629767,-1.31796619600251
-0.223831826207339,-1.30841149584929
-0.289011331517874,-1.29557993379972
-0.353467521442234,-1.27950362200448
-0.417040716708021,-1.26022747447486
-0.479569974429416,-1.23779358202408
-0.540898975929975,-1.21225968015937
-0.600874300423495,-1.183689632096
-0.659343346790296,-1.15215021904876
-0.716162299970372,-1.11772639262863
-0.771188083258276,-1.08050305532588
-0.824283033560598,-1.04057334060728
-0.875303460932829,-0.998024501432423
-0.924133592780243,-0.952979677820626
-0.970648733631634,-0.905548709330925
-1.01473256188625,-0.855850309789772
-1.05625193874176,-0.803991150525276
-1.09513214024318,-0.750127179238073
-1.13127025292361,-0.694388069741912
-1.16457619519466,-0.636913048064049
-1.19493658824386,-0.577830916670301
-1.22232688248666,-0.517317143375846
-1.24666532834719,-0.455513994345115
-1.26789172205003,-0.392574584793432
-1.2859781157899,-0.32866065986418
-1.30081629933864,-0.263914101789038
-1.3123985941075,-0.198506386280983
-1.32069599848203,-0.13260100007925
-1.32570054528028,-0.0663629287224061
-1.32736167936762,4.39541842655079e-05
-1.32569844717836,0.0664507163509763
-1.32071499529253,0.132691057360719
-1.31242983589834,0.198600302799104
-1.30084648405188,0.264010745295406
-1.286005479326,0.328759506945484
-1.26794398737417,0.392684477193804
-1.24670837195449,0.455626239886397
-1.22234897459016,0.517426173217862
-1.19492869951405,0.577929891797129
-1.16451619662339,0.63698594220281
-1.13118400985739,0.69444443366392
-1.09502405833743,0.750166543865995
-1.0561217861851,0.804009692572725
-1.01457459762475,0.855839068313592
-0.970478854545143,0.905517816279093
-0.923963133357765,0.952938007051793
-0.875133489031241,0.9979719230799
-0.824112135620066,1.04050682187027
-0.771017413600233,1.08042301053427
-0.716008470745712,1.11765729250016
-0.65920700670195,1.15209686738499
-0.600754666905296,1.18365569687066
-0.540794974077239,1.21225014757379
-0.479486857094653,1.23783173210921
-0.416975749046525,1.26032218773398
-0.353417033271802,1.2796652293091
-0.288969024995876,1.29581556902676
-0.223782575322549,1.30867605294725
-0.158033207703271,1.31826037426309
-0.091885511107165,1.32454434289303
-0.0255041676625702,1.32748026774873
0.0409406687453656,1.32709622029471
0.107283101418044,1.32338818390599
0.173356857616689,1.31636568469573
0.238996677667673,1.30604634103435
0.304037485371727,1.29245323785566
0.368312631800409,1.27560922981565
0.431663790064328,1.25557120610586
0.493932587337325,1.23238940132892
0.554963366963238,1.20612200060503
0.614603004933423,1.17683479993525
0.672702117938383,1.1446011877406
0.729114935519915,1.10950109126076
0.78370817068687,1.07163295665581
0.836338370407147,1.03108111243316
0.886873646392726,0.987947140885859
0.935186065748996,0.94233748191204
0.981176111122784,0.894385592214403
1.02471084687137,0.844192594428999
1.06568113020755,0.791884066754653
1.10398385529949,0.737590300260759
1.13948950686028,0.681425920216736
1.17209419822579,0.623532051720452
1.20176544953321,0.564085561621493
1.22842985268914,0.50323446461657
1.25202645853481,0.441132047590763
1.27248986916555,0.37793034906513
1.28977008427967,0.31378748573286
1.30382430532321,0.248863238018082
1.31464897207984,0.183323628041451
1.3221674336886,0.117322690692421
1.32637490040754,0.0510287863429436
1.32726090412871,-0.0153922362874767
1.32484021825569,-0.0817753718840492
1.31909199474516,-0.147953963635002
1.31004012793362,-0.213762054200069
1.29770728343716,-0.279034943206708
1.28213092758069,-0.343611136802948
1.26334019901531,-0.407326709425986
1.24138560833988,-0.470022641152924
1.21632208037127,-0.531542065470071
1.18821028134611,-0.591730148419515
1.1571235144906,-0.65043724610825
1.12313869938492,-0.707515790017789
1.0863408680767,-0.762822964687524
1.04681244144745,-0.816213016085554
1.00466613155291,-0.867561305641529
0.960003809878319,-0.91673655701565
0.912937269580531,-0.96361573668314
0.863569221448655,-1.00806414632526
0.81204669345315,-1.04999431307376
0.75849248259229,-1.08929497023249
0.703040490662513,-1.12586797224824
0.645813243764341,-1.15959309298754
0.586984921787463,-1.19043665973356
0.526691653619764,-1.21830632351664
0.465083115834888,-1.24313294924335
0.402316357964775,-1.26486898435127
0.338535212889404,-1.28342280551484
0.273905975715676,-1.29876583887773
0.208589971763337,-1.31085969405236
0.142751173685784,-1.31968671335597
0.0765497912841647,-1.32518054473049
0.0101563430852021,-1.32735563960857
-0.0562629081362294,-1.32620650692559
-0.122542542193965,-1.3217421635966
-0.18851424318793,-1.31395174974293
-0.254013266548808,-1.30287075239001
-0.318875586313003,-1.28852692490304
-0.382939639064826,-1.27095821607726
-0.446043067144923,-1.25020229571417
-0.50802879585482,-1.22631583204644
-0.568741645030112,-1.19935864113204
-0.628028749421062,-1.16939625785176
-0.685744689467577,-1.13650925657904
-0.74174287352024,-1.10077620980108
-0.795883089113885,-1.06228659368584
-0.848025110128512,-1.02113104188788
-0.89805121796765,-0.977428132205389
-0.945828312688371,-0.931277240874964
-0.991236742793551,-0.882793912633339
-1.03415299061749,-0.832091663754251
-1.07449980946574,-0.779321443893377
-1.11215852175805,-0.724599532192128
-1.1470349207349,-0.668062605397389
-1.17903059118465,-0.609846171350214
-1.20812101576622,-0.550122163421138
-1.23419906298049,-0.48901867816058
-1.25719964240581,-0.426686988211008
-1.27706575120823,-0.363281226544476
-1.2936192825911,-0.298929844631876
-1.30691591706021,-0.233829244330309
-1.31694053535407,-0.168147426108191
-1.32366837580279,-0.102048408060584
-1.32711613489218,-0.0356985352907217
-1.32723676526406,0.0307406951400523
-1.32403332264807,0.0971024072708124
-1.31751389140303,0.163220595130054
-1.30771083507224,0.228932483177239
-1.29463083287838,0.294071898437625
-1.27830841472425,0.358475771998946
-1.25878440231595,0.42198301842027
-1.23611066027334,0.484435951898011
-1.21034069220674,0.545677005669475
-1.18153918131681,0.605552770990464
-1.14977813478251,0.663913507045228
-1.11512889036255,0.720608229320596
-1.0776867980547,0.775498890583976
-1.03754536250264,0.828447756996488
-0.994805005599931,0.879322409761774
-0.949555528602125,0.92797941833083
-0.901929510238945,0.974311480929908
-0.852046080516896,1.01820236870213
-0.800030068447946,1.05954243995211
-0.745989382946566,1.0981966233633
-0.690088187336343,1.13410231311997
-0.632464876203338,1.1671683939939
-0.573263214722793,1.19731271522438
-0.512623285731122,1.22444261455957
-0.450709158177929,1.24851537818014
-0.387672906576561,1.26946724896663
-0.323671169004012,1.2872464132034
-0.258868946975541,1.30183993836611
-0.193414104052035,1.31315495967487
-0.127475698936762,1.32118215142544
-0.0612186245892173,1.3259014797709
0.00519172590592406,1.32731837467163
0.0715899688915779,1.32539667632092
0.137808786306945,1.3201555122574
0.203682410064626,1.31160801159819
0.269047701068216,1.29978325070609
0.333738521146129,1.28469707957481
0.397593611550487,1.26639363296631
0.460453167926216,1.24491871852783
0.522160065326855,1.22032620847087
0.582559621304793,1.19267749672604
0.64150043351495,1.16204189742762
0.698835007003815,1.1284960731454
0.75441534717718,1.09211725620974
0.808108903717125,1.05300743916989
0.859778483487364,1.0112603992358
0.909294769865536,0.966980638692611
0.956521384149483,0.920266913752348
1.00135943328555,0.871256889205254
1.04368966627077,0.820065803738467
1.08340623368121,0.766821731435517
1.12038773747716,0.711643879349465
1.15458392630668,0.65469912892425
1.1858935652241,0.596117888229536
1.21423869812421,0.53604599844137
1.23955026375907,0.474633393472847
1.26176110546064,0.412031464120259
1.28081763979537,0.348397307440378
1.29667222992795,0.283889456757454
1.30929637490262,0.218670018694198
1.31860780249165,0.152894368844574
1.32461739788962,0.0867348207151648
1.32731002543063,0.0203570184666347
1.32668410123892,-0.0460733923835284
1.3227138972096,-0.112388383943285
1.31543104809773,-0.178421412249814
1.30485378775194,-0.244007070768559
1.29101079430897,-0.308981896389426
1.27392674962969,-0.373180575170299
1.2536527852746,-0.436443716697269
1.23023968845071,-0.498612912615208
1.20374544347535,-0.559532421322522
1.1742390021103,-0.619051069981473
1.14179224997415,-0.677018722837641
1.10648644857113,-0.73329022633422
1.0684063070613,-0.787722100250861
1.02766005402332,-0.840187894960599
0.984340038772429,-0.890549428606458
0.938554742237091,-0.938680548226063
0.890413007192246,-0.984454329883991
0.840057004338791,-1.02778100454967
0.78759668397097,-1.06853570444117
0.733163213757467,-1.10661637443998
0.676887660602472,-1.14191914037434
0.618938648963446,-1.17440718343852
0.559437594468379,-1.20396471232011
0.498532190639551,-1.230517852106
0.436362274071584,-1.25396845507449
0.373065164138985,-1.27417890402838
0.308839720624949,-1.29119966664072
0.243846550700737,-1.30498871545786
0.178247761735083,-1.31551198201821
0.112210323089178,-1.32277925743567
0.0458918535809213,-1.32672802213276
-0.0205405119942067,-1.3273540971624
-0.086920595183645,-1.32465600683289
-0.153084391147665,-1.31865926027357
-0.21886530251585,-1.30935621319941
-0.284098608481668,-1.29677389229973
-0.348621117371268,-1.28094378344518
-0.412273320617618,-1.26191141380208
-0.474894021247848,-1.2397175847891
-0.536326525839405,-1.21441880326657
-0.59641718373541,-1.18607832608308
-0.655013048327144,-1.15476215299014
-0.711969533928758,-1.12055418717015
-0.767143594132737,-1.0835394981413
-0.820397224751581,-1.04381067634148
-0.871585381046195,-1.00145309564303
-0.920590996127395,-0.956589145775147
-0.967290373680929,-0.909330063563248
-1.01156676712322,-0.859794124887646
-1.0532840353297,-0.808085269647362
-1.09236551488815,-0.754359132819239
-1.12871105168244,-0.698747892963502
-1.16223010295886,-0.641390491639746
-1.19279971479788,-0.582410639575757
-1.2203997414015,-0.521988089168579
-1.2449523895639,-0.460267124685236
-1.26639713363813,-0.397400561360997
-1.28471227746765,-0.333551812896348
-1.29978795297181,-0.268860713019011
-1.31161033914687,-0.203497018827205
-1.32014990696506,-0.137624046885138
-1.32540243746893,-0.0714069782838084
-1.32731561220279,-0.00500872181228335
-1.32590454391778,0.061401989717566
-1.32117276206691,0.127658882247779
-1.31314029158138,0.193597523882318
-1.30180919949459,0.259050376064961
-1.28721796436851,0.323854239138001
-1.26940311688871,0.387846892606743
-1.24841097500578,0.450868948448612
-1.22429067523566,0.512761400884184
-1.19710450154409,0.573369630917693
-1.16692049905298,0.632541950388122
-1.13380998779529,0.690127819589155
-1.09786392943942,0.745987548367082
-1.05916836498176,0.799978899754621
-1.01782016439234,0.851966721541515
-0.973913541702268,0.901812347395272
-0.927576434319187,0.949406464574898
-0.878916577649985,0.994622846467789
-0.828055762443625,1.03734833485954
-0.775109501630775,1.07745956559729
-0.720236789227294,1.11489128998238
-0.663561965858144,1.14953422252949
-0.605226413786074,1.1813018890724
-0.545371695599157,1.21010625175749
-0.484159558038537,1.23590358058242
-0.421734602348618,1.25861453517694
-0.358251908578396,1.27818242818022
-0.293870667571834,1.29456700153706
-0.228740062056879,1.30766946719545
-0.163034640033515,1.31749836702462
-0.0969188279419571,1.32402894235677
-0.0305577932444768,1.32724779031943
0.0358816737071476,1.3271136957379
0.102231091239966,1.32365585795614
0.168324217819084,1.31688290582831
0.23399603146768,1.30681321352447
0.299079016176128,1.29345811276983
0.363411752734979,1.27686414380934
0.426833112181659,1.25707289223411
0.48918456510559,1.23413402656273
0.550309954811706,1.20810459674573
0.610056109470519,1.17905027323303
0.668273405537216,1.14704384281246
0.724815078404151,1.11216363153028
0.779546871432087,1.07450721175355
0.832326036197651,1.03415989233561
0.883020344225997,0.991222731216336
0.93149951805668,0.945799767174258
0.97766254652007,0.898023933005121
1.02137856650191,0.847998317792414
1.06253803074962,0.795848092800457
1.10103333499834,0.741700614517342
1.13681139500102,0.685717423073579
1.16975042249104,0.628014445108409
1.1997605385509,0.568731804388445
1.22664791360474,0.507969274303094
1.25046707719816,0.445943282386248
1.27115748311753,0.382808146323856
1.288667840839,0.318721391267614
1.30295491011165,0.253842590157307
1.31402010748923,0.188338717454688
1.3217852484578,0.122362388802816
1.3262403648841,0.0560809948268819
1.32737441151757,-0.0103396906584334
1.32520488211234,-0.0767347010580177
1.31970936874834,-0.142937910252624
1.31090864134284,-0.208783266669037
1.29882474008391,-0.274106007245003
1.28349599574559,-0.338744833127744
1.26495023573339,-0.402535707789589
1.24323648122118,-0.465319245174028
1.21840904027752,-0.526938386151766
1.19052809325041,-0.58723811912967
1.15966585767112,-0.646068188182548
1.12589908005548,-0.703280909149648
1.089312227439,-0.758733157634961
1.04998618522281,-0.812278188932776
1.00803284114066,-0.863790268850401
0.96355504132235,-0.913138747666063
0.916664105297633,-0.960200189325659
0.867460384096252,-1.00483756138349
0.816090447353862,-1.04696172934944
0.762679104047073,-1.08646344477445
0.707359917378406,-1.12324410462019
0.6502524941571,-1.15717895814701
0.591531160917073,-1.18823185290557
0.531334962198301,-1.21631494702743
0.469813431332963,-1.24135866569224
0.407123989735837,-1.26331597737013
0.343411541237633,-1.28210066082362
0.278840070142243,-1.29767783448505
0.213570691639365,-1.31000862031841
0.147767821287534,-1.3190796447101
0.0815904673605022,-1.32482300372901
0.0152086576985627,-1.32724854942835
-0.0512114152107554,-1.32635018816947
-0.117504548890447,-1.322138948783
-0.183502780315765,-1.31460244681462
-0.249041105375388,-1.30377367362434
-0.313955429272496,-1.28967974541969
-0.37808432355611,-1.27235891339858
-0.441265184332643,-1.25184757359241
-0.50334063816845,-1.22820144041346
-0.564155307228642,-1.2014797105878
-0.623555886505719,-1.17174694993133
-0.681396215975495,-1.13908270167506
-0.737529867757386,-1.10356585768885
-0.791816319584742,-1.06528533426981
-0.844113861917078,-1.02432980284582
-0.894303535959118,-0.980817106013592
-0.942253405451158,-0.934848061100708
-0.987843424276641,-0.886537752206095
-1.03094692115132,-0.835996979818697
-1.07148479639956,-0.783376389786816
-1.10934131094109,-0.728794703163548
-1.14442182560888,-0.672388280847071
-1.17662085195471,-0.614288927274012
-1.2059171518322,-0.554671906307528
-1.23220620269616,-0.493666306382705
-1.25542256782393,-0.431423089486351
-1.27551479257434,-0.368097663342077
-1.29236794474959,-0.303831433755418
-1.30598734064861,-0.238801193419033
-1.31633867368508,-0.173169515759069
-1.32339632718524,-0.107100208702432
-1.32710272441405,-0.0407576157380656
-1.32748544478231,0.0256875119795473
-1.32454259814044,0.092068609378133
-1.31827231515829,0.158218409739755
-1.3087047635289,0.223972054882806
-1.29584827048823,0.289162032100302
-1.27974682538555,0.353626430009061
-1.26044092448259,0.41720410870831
-1.23797533837111,0.479734625008619
-1.21241020503335,0.541062244637146
-1.18380959295021,0.601033364110724
-1.15224459056062,0.65949775122944
-1.11780178123339,0.716314083048741
-1.08055993462741,0.771335803172937
-1.04061235073767,0.824425057574926
-0.998057500152892,0.875447714537013
-0.953018698161394,0.924292470514594
-0.905592419342175,0.970823379120209
-0.855897393389509,1.01492379777004
-0.804056649199114,1.05648171947994
-0.750224043453263,1.09542928825877
-0.69448615392558,1.13160065032547
-0.636977085096095,1.16488134732966
-0.577879105360605,1.1952451969762
-0.517329042544048,1.22259244069393
-0.455494185555303,1.24688477668467
-0.392527339677928,1.26806003828423
-0.328584892890898,1.28606601854296
-0.263833118603683,1.30089512640545
-0.198418212451308,1.31245293573433
-0.1325079276106,1.32072468779104
-0.0662670380883955,1.32568979236426
0.000138975662904389,1.32735677040516
0.0665454499375302,1.32568783760286
0.132785125218966,1.32069870255993
0.19869221251582,1.31240187239007
0.264103779833871,1.30082756912185
0.328853717665004,1.28599028792287
0.39278042816224,1.2679324099942
0.455723953443103,1.24669911752153
0.517527111145636,1.22234404828809
0.578034739613608,1.19492746505038
0.637095234610993,1.16451823608891
0.694560827004611,1.13119243928893
0.750282777277426,1.09502601648793
0.804127590085177,1.0561200706323
0.855958466748343,1.01456905587683
0.905645715504177,0.970476969512636
0.953051053671637,0.923940445852244
0.998074124557695,0.875096582646958
1.04059723513841,0.824062306863997
1.0805140926772,0.770965308092067
1.11769952479339,0.715922072835021
1.15210110959707,0.659099424635379
1.1836212446795,0.6006303586478
1.21218152187587,0.54066050465886
1.23771041591259,0.479338908338141
1.26014559254041,0.416818944854811
1.27943044770102,0.353256292339061
1.29551689224147,0.288809232669372
1.30838086738542,0.223640535455952
1.31793854339951,0.157904189384739
1.32419610961697,0.0917717761524878
1.32713784298838,0.0254088280737131
1.32676441724558,-0.041019154878678
1.32304854095116,-0.10734465606256
1.31601914832793,-0.173400970395923
1.3056938375646,-0.23902266182171
1.29210183312519,-0.304046453536765
1.27526651338936,-0.368306922216845
1.25523780762246,-0.431644360051073
1.23206587429462,-0.493900197380842
1.20580800006212,-0.554918435792849
1.17653206350339,-0.614547309537451
1.14430995941574,-0.672636686131828
1.10922236908334,-0.729041133415722
1.07135234238505,-0.783616051439704
1.03080729752587,-0.836233932051597
0.987680650329223,-0.886757387302147
0.9420803881163,-0.935059891382224
0.89411295306493,-0.981012013568612
0.843920070682876,-1.02452238360818
0.791613706920314,-1.06546835886866
0.737324663945076,-1.1037474557075
0.681181138947558,-1.13925104864933
0.623351912601208,-1.17193993821077
0.563961221954079,-1.20170309143151
0.503156579577305,-1.2284662212669
0.441089592154291,-1.25216516394039
0.377905650481416,-1.27271141820929
0.313771384269516,-1.29007519774408
0.248845977650387,-1.30420811383996
0.183277403808486,-1.31496911126001
0.117259836509548,-1.32248059315281
0.0509496966714365,-1.32667855067887
-0.0154866117924777,-1.32755394879629
-0.0818829394693587,-1.32510472178901
-0.148075373767293,-1.31935876362593
-0.213897688440468,-1.31030694264935
-0.279184974790741,-1.2979734322672
-0.343773935384106,-1.28238909543974
-0.407505221784361,-1.26360010700624
-0.470217411356646,-1.24164601077913
-0.531753431866993,-1.21658202598147
-0.59195940013003,-1.18847080634756
-0.650674327772147,-1.15736387893228
-0.707755164547052,-1.1233521312478
-0.76306238468773,-1.08652777963468
-0.816457416619332,-1.04698262749652
-0.867819429547807,-1.00482998708128
-0.9170084911736,-0.960160398217841
-0.963901287554678,-0.913085731905604
-1.00838031769704,-0.863723550972065
-1.0503193789307,-0.812185033470986
-1.08960394267774,-0.758597494228379
-1.12615881971084,-0.703114725100648
-1.1598929913435,-0.645875376081851
-1.19067704546694,-0.5869994494095
-1.21849041968864,-0.52666831204885
-1.24325999687171,-0.465029009459671
-1.26492484786536,-0.402234206754301
-1.28346690762943,-0.338448601095444
-1.2987795603545,-0.2738115883582
-1.31084143593492,-0.208490616342563
-1.31962248487826,-0.142648837150407
-1.32512232749139,-0.0764517142572117
-1.32728705938945,-0.0100611654799617
-1.32612762955613,0.0563543639629025
-1.32164695472437,0.122628624400604
-1.31386671003171,0.18859740643657
-1.30278751439894,0.254093369661507
-1.28844565530494,0.318953006589682
-1.27087703100727,0.383013985185638
-1.25012803176453,0.446116974760765
-1.22624658271466,0.508102610276929
-1.19929423203314,0.568816004053037
-1.16933842127858,0.628105231317433
-1.13644935312417,0.685819180914007
-1.10071701967286,0.741817320561902
-1.06222794883079,0.795957670002075
-1.02107847633658,0.848104733365769
-0.977360763997667,0.89811817079154
-0.931202088214403,0.945887317223147
-0.88271175981224,0.991287282618326
-0.832011144972496,1.03420448785933
-0.779213005915128,1.07451212644263
-0.724476142269299,1.11214294122997
-0.66792744171568,1.14699090109219
-0.609708020315435,1.17896908621505
-0.549956954601633,1.20798406375324
-0.488839038425991,1.23399671946444
-0.426498563868506,1.25692765518493
-0.363090312470342,1.27671979093832
-0.298774477479752,1.29333800536166
-0.23369853625906,1.30668188709661
-0.168035946974197,1.31675474236491
-0.10195097620965,1.32353124996094
-0.0356087318653356,1.32700081534822
0.0308247264676432,1.32712055327533
0.097180872931744,1.3239165209962
0.163293481073405,1.31739671585019
0.228997771630098,1.30758041165913
0.294126262834626,1.29447756186057
0.35851720733512,1.27813318963545
0.422009355883062,1.25858824252684
0.484444064199976,1.23589193058532
0.545664700135766,1.21010016327834
0.605517995217119,1.18127837701477
0.663854083519648,1.14949875812136
0.720525301111898,1.11483813667706
0.775396450081332,1.07739319851579
0.828325380436429,1.03725012113396
0.879179520051355,0.994509438105159
0.92782641418006,0.949272886672088
0.974163594483325,0.901672850251135
1.01806208249679,0.851814271867539
1.0594119202094,0.799821914409823
1.09810128690437,0.745820280710731
1.13407494288014,0.689970892042483
1.1672152355522,0.632392383358615
1.1974392770575,0.573228147048953
1.22467142559915,0.512625227303003
1.24884778694541,0.450735803621072
1.26984056696173,0.387693286066593
1.28758073263198,0.323661364210075
1.30210024361524,0.258826802679759
1.31340555876138,0.193357637603189
1.32141697457517,0.127405039811961
1.32611929283253,0.061135331304538
1.32750089597168,-0.00528578657185956
1.32558210560721,-0.0716933331381863
1.32033895849039,-0.137921740236547
1.31178900205051,-0.203804907728994
1.29995365413331,-0.269178008197429
1.28487221285603,-0.333879935644412
1.26657119586289,-0.397746566911684
1.24509803366416,-0.460618145981339
1.22050641942838,-0.522337419619998
1.19285615446296,-0.58274924496899
1.16221836643453,-0.641702781144687
1.12866951781209,-0.699050174154457
1.09229351124193,-0.754647988645037
1.05316980855245,-0.808348595040705
1.0114094597029,-0.860025197188747
0.967116163620371,-0.90954765296275
0.920400765389898,-0.956792120169085
0.871361367598426,-1.00161942239005
0.820144052299226,-1.04393880925522
0.766875511803865,-1.08364283560604
0.711688967979872,-1.12063243386416
0.65470120229277,-1.15477865559975
0.596086627791282,-1.18604293925671
0.535987082138471,-1.21434157333531
0.474551949532699,-1.23960452885172
0.411938667860152,-1.26178414917591
0.348293448114805,-1.28079942409314
0.283778331091314,-1.29661038617616
0.218554226535635,-1.30917767555662
0.152786086573237,-1.31849224671711
0.0866316992183486,-1.32448466131651
0.0202605185391947,-1.32716013549952
-0.0461613302402234,-1.32651197754064
-0.112468823156667,-1.32255332527666
-0.178494374660808,-1.31527027690069
-0.244072752074504,-1.30469323583839
-0.30903978942905,-1.29084868434408
-0.373234205429295,-1.27377528173534
-0.436493175593247,-1.2535081527119
-0.498659007587627,-1.2301019507529
-0.559576123618366,-1.20361525536021
-0.619090847675513,-1.17411178126975
-0.67705631043385,-1.14167003530266
-0.733326168102752,-1.10636910374099
-0.787759585516634,-1.06829734386711
-0.840213513086741,-1.02754159254011
-0.890567792451359,-0.984218939519965
-0.938691489329893,-0.938431502066138
-0.984464157715585,-0.890293902900549
-1.02775622669378,-0.839914353946566
-1.06848680066786,-0.787443158213843
-1.10654279099991,-0.733001328871526
-1.14182911615486,-0.676724907975799
-1.17423482539788,-0.618742669073722
-1.20373598238331,-0.559230236400926
-1.23023366508122,-0.498319812687075
-1.25366203823931,-0.43616224889128
-1.273974473083,-0.372914373238892
-1.2910619072272,-0.308717627203159
-1.30491890408003,-0.243745574484125
-1.31551063627271,-0.178160579330667
-1.32281524359544,-0.112126555075944
-1.32677358398456,-0.0458068070843911
-1.3274090900492,0.0206280856339963
-1.32472010487264,0.0870116821713777
-1.31871542913686,0.153178247910371
-1.30939101216686,0.218959086334838
-1.29678760581354,0.284190524947647
-1.28093679230859,0.348709166857418
-1.26187892286002,0.412353903167716
-1.23965752845987,0.474963932282028
-1.2143322278857,0.536383332286401
-1.18596646936393,0.596458297703122
-1.15462997681425,0.655037877366791
-1.12040835480812,0.711979895272825
-1.08338110345115,0.767138256916068
-1.04364096845403,0.820374798653815
-1.00128410610317,0.871553409874157
-0.95643318410437,0.920561414422078
-0.909186512216839,0.967264572197236
-0.859662372009532,1.0115458552209
-0.807980791768307,1.05328928338354
-0.754295480176559,1.09242496493735
-0.698719589468096,1.12882970998415
-0.641391795055643,1.16241234959296
-0.582454395939053,1.19308777877927
-0.522051206152308,1.2207735629555
-0.460292573462952,1.24528364883883
-0.397392357915314,1.26668030476301
-0.333506700941447,1.28491095901434
-0.268803421291719,1.29997404651518
-0.203426892451081,1.31177354765832
-0.137543302642737,1.3202886880606
-0.0713173065752233,1.32549833440106
-0.00491455157637075,1.327414599731
0.061501110672554,1.32599801968895
0.127762556751241,1.32126045652352
0.193703977624225,1.31321380000744
0.259162665412726,1.30188970342158
0.323972579433884,1.28730126220883
0.38797176946953,1.26948885961144
0.451000124514547,1.24849705285418
0.512900450087723,1.22437938070065
0.573517114341507,1.19719493791128
0.632698270608298,1.16701203730891
0.690295875180894,1.13390617083621
0.746160477304724,1.0979520109554
0.800157622684042,1.05924974229791
0.852150878391542,1.01789449478495
0.902010176457873,0.973989759316681
0.949595321885502,0.927629976304266
0.994804460508672,0.878951657728161
1.03752147201895,0.828073510850326
1.07763961917229,0.775122840509189
1.11502987664012,0.72021326158219
1.14963759886684,0.663511533654472
1.18136890498612,0.605153414599648
1.21014493435785,0.545284324800664
1.23589054108366,0.484051934671492
1.25854835907861,0.42161196308474
1.27805973397047,0.358119059691861
1.29437614630917,0.293731255645673
1.30747854973214,0.228612173522919
1.31728152488808,0.162914290469586
1.32378607560472,0.0968082739362692
1.32697590129138,0.0304595426280689
1.32685433476634,-0.0359665108888633
1.32339247151105,-0.102302953241416
1.31661620222145,-0.168382957433478
1.30654249246025,-0.234041059674375
1.2932013361963,-0.299114199651387
1.2766147678046,-0.363436875039355
1.25683132433363,-0.426849035356008
1.23390053520763,-0.489191950773461
1.20787908491361,-0.550309411727287
1.17883374569808,-0.610049063791981
1.14683634736054,-0.668260737445887
1.11196698929316,-0.724798722207502
1.07430705824445,-0.779517326800002
1.03396313651223,-0.832287968884759
0.991029727333723,-0.882974031396907
0.9456143227701,-0.931448615295532
0.897820878340259,-0.97757976837357
0.847790658018123,-1.02127448603016
0.795637747241961,-1.06241237200372
0.741492582147711,-1.10089051358631
0.685480332702414,-1.13659545307803
0.627769930236908,-1.16948556080366
0.568488612913382,-1.19945465258065
0.507783713834656,-1.22642802921874
0.445807353677791,-1.25034292566396
0.38270601898549,-1.27111631235691
0.318643590533081,-1.28871124984222
0.253779894636255,-1.3030835610148
0.188276872944553,-1.31420054682447
0.122293662207119,-1.32198728752198
0.0560029567666523,-1.32646349002784
-0.0104291828232524,-1.32761782722369
-0.0768367261644386,-1.32544836721927
-0.143050728568981,-1.31993640458355
-0.208905577510741,-1.31111887398143
-0.274236274934194,-1.29901786485889
-0.338879595009549,-1.28366424485185
-0.40267131022579,-1.26508870431392
-0.465453170207532,-1.2433455940195
-0.52706793683631,-1.21848940426478
-0.58736135371224,-1.19058195203857
-0.646184981384398,-1.15969738135025
-0.703389416836449,-1.12590903598999
-0.758831371984292,-1.0893015633892
-0.812370689972907,-1.04996468721403
-0.863885328321538,-1.00801097420399
-0.913236661490915,-0.963532503222407
-0.96030100997691,-0.916640661504868
-1.00495754130572,-0.867450189224715
-1.04712294186586,-0.816106460536887
-1.08666938804768,-0.762717335945138
-1.12349777239565,-0.707416222372753
-1.15751496279216,-0.650340555079359
-1.18858295561563,-0.591605429399936
-1.21661147630433,-0.531364216637326
-1.24159923345995,-0.469804753217159
-1.26348485855154,-0.407079632128821
-1.28225205433293,-0.343354525511473
-1.29780012288766,-0.278769411031126
-1.31009980646335,-0.213489167215927
-1.31912055460962,-0.14767678290854
-1.32486646550378,-0.0814981418879576
-1.32728208281319,-0.0151140505787473
-1.32637356175072,0.0513074739289821
-1.32214321393104,0.11760020798532
-1.31461478771355,0.183600172213523
-1.30378739147248,0.249140286935052
-1.28969475918495,0.31405673452367
-1.27237215784618,0.378187072546746
-1.25186625367436,0.441372080270443
-1.2282237080962,0.503452048631048
-1.20150516896896,0.564271776564269
-1.17177747267987,0.623679102836603
-1.13910974211514,0.681522380664979
-1.10359095994745,0.73766021664823
-1.06530813335946,0.791950860484425
-1.02435706189236,0.8442584720326
-0.980827759501896,0.894441009523418
-0.934846817425552,0.942386406710216
-0.886525247369843,0.987971150879329
-0.835983990532632,1.03108124157167
-0.783332853078651,1.07158628996955
-0.728730437712923,1.10941695110627
-0.672306421303726,1.14447060918095
-0.614201656590858,1.17665990024929
-0.554551896783928,1.20588441744596
-0.493525498838778,1.2321098683134
-0.431267134146892,1.25525810257591
-0.367931286279664,1.27527168141913
-0.303679443492121,1.29212144029672
-0.238657190506156,1.30570529737378
-0.173036615138031,1.31602062505556
-0.106981820834279,1.32304155469029
-0.0406579276976559,1.32676087931341
0.0257698439208935,1.32713397060632
0.092132996944437,1.32418325283451
0.158265323361361,1.31791609653855
0.224002316110235,1.30835299341146
0.289176572712351,1.29550246086943
0.353625996247963,1.2794077366238
0.417189219714906,1.26010912985827
0.479740209524767,1.23773663184405
0.54106469785775,1.21218698875792
0.60107463223442,1.18368270163109
0.659630631961213,1.15228968673113
