0.0312387463758689,0.0312387463758689
0.0344379638630884,0.0317909520409855
0.0376371813503079,0.032343157706102
0.040896173478248,0.0328181761178902
0.0442143454743642,0.0332167753087213
0.0475329149449158,0.0336145654638129
0.0509305818281078,0.0338513575067441
0.0543282487112997,0.0340881495496753
0.057745391825739,0.0342397071395787
0.0611814355192706,0.0343085495213713
0.0646174678365882,0.0343758446627457
0.0680523739087252,0.034289963002708
0.071486889677805,0.0342023345018417
0.0748906661936563,0.0339771293625532
0.0782935519374219,0.033749816899875
0.0816382431851426,0.0333848321586744
0.0849814041633773,0.033017397971741
0.0882392177122058,0.0325133513131519
0.0914947254026922,0.0320065395363116
0.0946381161479929,0.0313652803800536
0.0977782905687726,0.0307209741037422
0.100779931246762,0.0299454220706751
0.103777326862107,0.0291665846042353
0.106610700512425,0.0282608036076622
0.109438696349706,0.0273515513526854
0.112078387676401,0.0263207527348171
0.114711565538711,0.025286401342735
0.11713632065911,0.0241383656040013
0.119541254849373,0.0229811365438166
0.121731663915768,0.0217244066827314
0.123886689569687,0.0204536794858155
0.12582227647791,0.0190961444429945
0.127705041621774,0.0177208377782927
0.129367126122364,0.0162712842004818
0.130957239178178,0.0148013148593316
0.132328420026034,0.0132692421637335
0.13360912554835,0.0117158796249689
0.134673624703397,0.0101116413405431
0.135628565286536,0.0084865175932391
0.136373298455886,0.00682132140741259
0.136989087957574,0.00513695404547431
0.137403389859031,0.00342262977027033
0.137667022501224,0.00169202803379086
0.137737201592046,-5.94733387949905e-05
0.137656553613408,-0.00182119687433363
0.137370958265533,-0.00359681052530426
0.136938040085412,-0.00537650526670804
0.136293159823052,-0.00716207171457329
0.13550576317604,-0.00894587009713154
0.134501128425236,-0.0107269734130446
0.133354937689461,-0.0125003757369546
0.131979983223727,-0.0142613327541164
0.130522010331764,-0.0160140273593236
0.128769661324887,-0.0177374241707575
0.126996106264222,-0.0194576749664873
0.124876248598505,-0.0211265501765086
0.122756390932789,-0.0227954253865299
0.12031969803601,-0.0244005829152744
0.1178460031664,-0.0259982991001268
0.115120764726705,-0.0275304783640565
0.112303970561097,-0.0290388037868117
0.109328661737798,-0.0304948254133893
0.106184121787092,-0.0318950072171785
0.10296896095733,-0.03326604316813
0.0995228177216491,-0.0345417506652164
0.0960766744859681,-0.0358174581623029
0.0923628541288568,-0.0369556317066211
0.0886448613898992,-0.0380916614585797
0.0847525914917998,-0.0391156176355333
0.080797536054847,-0.0400991978972922
0.0767382453386813,-0.040997348614168
0.0725832195246695,-0.0418170363969958
0.0683782778508624,-0.0425829386964065
0.0640608474687206,-0.0432276318334069
0.0597319551175515,-0.0438550903671603
0.0552918796996276,-0.0443153702914831
0.0508518042817036,-0.0447756502158058
0.0463415384472456,-0.0450706050058221
0.0418216610979235,-0.0453429210217113
0.0372731360190901,-0.0454709495760835
0.0327156006924975,-0.0455535970200162
0.0281600313102056,-0.0455119012702707
0.0236055586243115,-0.0454008410260428
0.0190742426836228,-0.0451872816936696
0.0145640392809851,-0.0448802715814274
0.0100865120979759,-0.0444973591353398
0.00565713737950918,-0.0440025951813132
0.0012812465675095,-0.0434234401583678
-0.00303521870285939,-0.0427505188922558
-0.00727174114057737,-0.0419820673006309
-0.0114410123598491,-0.0411332516466344
-0.015499585901667,-0.0401789435877228
-0.0194881366035341,-0.0391579053321593
-0.0233343673261106,-0.0380250944378448
-0.0271142250214612,-0.0368401567203542
-0.030699820682701,-0.0355269425045007
-0.0342454535994303,-0.0341873398028361
-0.0375348323992465,-0.0327034512689617
-0.0407822394791838,-0.0311987923587169
-0.0437766593221018,-0.0295718635014641
-0.0466862245063822,-0.027909651319142
-0.0493682837607562,-0.0261528401388516
-0.0519048819853476,-0.0243441121356272
-0.0542528659841549,-0.0224680654053351
-0.0563881080011791,-0.0205271633173907
-0.0583810319415177,-0.018542874918543
-0.0600888009097507,-0.0164850717231241
-0.0617079617384167,-0.0144044247760894
-0.0629627183343544,-0.0122457418937075
-0.0641629256424874,-0.0100764421115547
-0.0649780277359437,-0.0078406140286349
-0.0657091961955962,-0.00559359792203546
-0.0661015135417764,-0.00330141429307828
-0.0663494214024731,-0.000995464003658305
-0.0663099500012868,0.00133788235818135
-0.0660600130264807,0.00368335011846135
-0.065573088914808,0.00604246674046152
-0.0648442312010669,0.00840625436332555
-0.0638968356101882,0.0107742612868744
-0.0626821251658615,0.0131370037305098
-0.0612741947289204,0.0154959409132069
-0.0595758968242718,0.0178376134509864
-0.0577110434995158,0.0201693829503505
-0.0555212831658052,0.0224679731570506
-0.0531859080425269,0.0247516932760453
-0.0505807238198559,0.0269951837868006
-0.0477662607133022,0.0292074699848387
-0.0447505912323383,0.0313792581714734
-0.0414744547983361,0.0334986206153091
-0.038062717440666,0.0355828817929989
-0.0343469851548024,0.0375884517155492
-0.0305567063466178,0.0395698577812349
-0.0264293756672786,0.0414420102839521
-0.0222753900527147,0.0433034800442564
-0.0177682578352237,0.0450234160074894
-0.0132611256177328,0.0467433519707224
-0.00842233245798765,0.0482998869252084
-0.00356944915775277,0.049849480021682
0.00154471346084221,0.0512403660510043
0.0067055950289551,0.0526028739158975
0.0120625299244872,0.0538167311204676
0.0174892895007111,0.054977646173898
0.0230582073585555,0.0560004948151771
0.0287059845650246,0.0569467539872736
0.0344496877789941,0.0577685380372966
0.0402721882164462,0.0584880735494346
0.0461520991293016,0.0590998897480569
0.0521008222149347,0.0595825936207304
0.0580763590565422,0.0599799030400907
0.064099429928514,0.0602258296192172
0.0701327066769701,0.0603768065818237
0.0761809786502282,0.0603882765803044
0.0822197511266134,0.0602926842417273
0.0882468803002296,0.0600658681949681
0.094240511367625,0.059720465048212
0.100199779246463,0.0592534123117494
0.106100198298226,0.0586618837727751
0.111950071664536,0.0579634420619837
0.117693104660844,0.057103876541013
0.123396392106296,0.0561843715552937
0.128928197720751,0.0550641366172124
0.134420092710156,0.0539027197011444
0.139711486698727,0.0525510876139228
0.144924853591125,0.0511377395552154
0.149957521597888,0.0495814666944803
0.154830014474089,0.0479176790203334
0.159573155829087,0.0461670663527071
0.164056389253984,0.04426650621081
0.168456570677529,0.0423195912428334
0.17252220394483,0.0402057029989892
0.176469781068589,0.0380407007370135
0.180152336796198,0.0357609538455631
0.183600369762811,0.0333932266226367
0.186873266166126,0.0309597975768804
0.189781871088946,0.0284083402767153
0.192573065598123,0.0258209835390804
0.194952056795519,0.023119111873654
0.197154661631019,0.0203757742518712
0.19905092505925,0.0175604200677677
0.200641434526262,0.0146855146457224
0.202032820876642,0.0117718263145334
0.202983709513099,0.00878918626241035
0.203808404725132,0.00578847127046986
0.204145470076259,0.00272926086984372
0.204301925305921,-0.000345109512284898
0.20408534192291,-0.00345079186310028
0.203584085445572,-0.0065700824655866
0.202796479633649,-0.00970306144919673
0.201623670800719,-0.0128404448005385
0.200261860664284,-0.0159799891713868
0.19841658814673,-0.0191073567650105
0.196472236450571,-0.022231876445443
0.193945846310775,-0.0253193143565173
0.191394167978763,-0.0284040935498716
0.188263687546534,-0.0314280193857689
0.185092996973241,-0.0344459162792132
0.181373338850164,-0.0373815032458914
0.17759981114674,-0.0403064217906483
0.173310912894648,-0.0431292754887211
0.168955620373223,-0.0459354498083085
0.164118102030603,-0.0486204807360326
0.159219674858985,-0.051286526079887
0.153859385927382,-0.0538086068241146
0.148444462607963,-0.0563098438933917
0.142596378321885,-0.058645824852894
0.136700109542957,-0.0609594528864014
0.130403771480776,-0.0630874876189788
0.124066037693996,-0.0651921581122206
0.117367740381335,-0.0670933222628119
0.11062539176293,-0.0689639647112982
0.10357461169937,-0.0706209051473285
0.096479386512797,-0.0722394486309248
0.0891261842794736,-0.0736351210384282
0.0817308676363405,-0.0749841023330821
0.0741283988596255,-0.076103419631736
0.0664894615705953,-0.0771682918015012
0.0586960009759603,-0.0780024706757124
0.050866658393961,-0.0787575700452041
0.0429408418484963,-0.0793000526169779
0.0349885389507428,-0.0797370506015872
0.0269873189037301,-0.0799792310726858
0.0189786758492611,-0.0800891058252898
0.0109602498520533,-0.0800246119980821
0.00296152727140612,-0.0798081618527763
-0.00501838392170511,-0.0794466348788164
-0.0129309899801145,-0.0788678372997892
-0.0208208908383832,-0.0782176785223014
-0.0285740548819251,-0.0772856632755027
-0.0362779073324226,-0.076279319212214
-0.0438429873405065,-0.0750637993594359
-0.0512896024336071,-0.0737080638048677
-0.0586234763074611,-0.0722188871451455
-0.0657290679176387,-0.070508629229272
-0.0727377676525198,-0.0687128639823793
-0.0794861455326488,-0.0667050293335325
-0.0860555221990679,-0.0645725181142473
-0.0924473813676913,-0.0623163637511014
-0.0985117932156107,-0.0598630281103979
-0.104428660726094,-0.0573272090568577
-0.109998522143128,-0.0546095566680479
-0.115313828318586,-0.0517753237571162
-0.120419252614052,-0.0488449697095615
-0.125073228805789,-0.0457337555752501
-0.129540293665617,-0.0425548089950094
-0.133617038163783,-0.0392393990758619
-0.13734742534883,-0.0358189429304227
-0.140863465950165,-0.0323334779086452
-0.143808972036792,-0.0286991634637577
-0.146539123055141,-0.02501646164272
-0.148856615532728,-0.0212423133994346
-0.150740793778636,-0.0173882977323272
-0.152419420875693,-0.0134963953780952
-0.153436848754969,-0.00950641694618274
-0.154238926829044,-0.00549189660595718
-0.154574267881465,-0.00142441258119567
-0.154474910828699,0.00267766613563114
-0.154120158219841,0.00680007006324767
-0.153089133557521,0.0109533123750466
-0.1518852108723,0.0151097550376852
-0.150082028100862,0.0192727554102585
-0.147970053551946,0.0234281885620677
-0.145433251441205,0.0275732109316558
-0.142417536031403,0.0316891876166029
-0.139152689860317,0.0357900547325721
-0.135215134099642,0.0398241032032732
-0.131198405676261,0.043850287641491
-0.126442021221757,0.0477717113366972
-0.121634620406656,0.0516848957680743
-0.116104087809173,0.0554619902697034
-0.110504591698845,0.0592226116737923
-0.104259308347889,0.0628289759096193
-0.0979042023589392,0.0664029569352581
-0.090988237787708,0.0698115585665604
-0.083898756681702,0.0731579689331405
-0.0763602921625677,0.0763434560405166
-0.0685942692170751,0.0794307426045167
-0.0604778565104207,0.0823668220016797
-0.0520925472200261,0.0851634411726621
-0.0434475685681982,0.0878253857138148
-0.0345076093327883,0.0903026673932666
-0.0253896947588328,0.0926685460045175
-0.0159601986275167,0.0947961408614918
-0.00642870157866677,0.0968457299411811
0.00341408582832004,0.0985989835003406
0.0133017632336209,0.100308511383787
0.0234739773353426,0.101669864593444
0.0336770268469165,0.102980184567026
0.0440658993640872,0.103982963653095
0.0545076501629917,0.104855353125296
0.0650431993956754,0.105496450256655
0.0756257724101407,0.105922831622545
0.0862425799063016,0.106192894575406
0.0968710132264258,0.10616172190419
0.107501665405854,0.1060482255318
0.118083655383779,0.105572516639822
0.128625685376517,0.104964813439369
0.139100154977303,0.104133947312951
0.149453703427701,0.103044292036185
0.159743107398762,0.101828071435261
0.16982729767144,0.10028826430147
0.179789854885192,0.0985971160801194
0.189598481413453,0.0967144406739982
0.199127581799195,0.0945460648621584
0.208505105716234,0.0922399054744673
0.217614993717382,0.0897028305192085
0.226422969114449,0.0869421819545489
0.235045145259572,0.0840500045950367
0.243259098335713,0.0808953294407617
0.251175709563081,0.0775734167738991
0.258861535220121,0.0741227399138188
0.266005960760124,0.0704043115646579
0.272866118426647,0.0665620002334914
0.279412310195526,0.0625828636213948
0.285369834429514,0.0583777943320662
0.291029492791287,0.0540700781576158
0.296262494687145,0.0496186421599044
0.300918400404347,0.044997461144563
0.305250425916587,0.04028855617262
0.309033952871441,0.0354399017997515
0.31227171972968,0.0304724086701687
0.315182650442239,0.025437205708654
0.317384046957159,0.0202726269405518
0.319139834215558,0.0150419336491264
0.320512529554688,0.00975440145846162
0.321077682099611,0.00437348374518742
0.321278883585687,-0.00103898493542188
0.320928781754121,-0.00649735559970893
0.319923700043246,-0.0119889576402024
0.318598700326451,-0.0174944638459157
0.316435734783605,-0.0230150465492253
0.313880282085354,-0.0285297849196796
0.31080814401057,-0.0340368295827595
0.306998952748949,-0.0395075816324038
0.302975814820029,-0.0449673486916449
0.298002950443051,-0.0503456607403124
0.292803041673079,-0.0556956474262339
0.286885801180313,-0.060956142004513
0.280537843678662,-0.0661451562619784
0.273700312154788,-0.0712529224901141
0.266240137823763,-0.0762296347374683
0.258507526003089,-0.0811490042882995
0.249995708637557,-0.0858660392518015
0.241309968469856,-0.0905329868928236
0.231893930047837,-0.094970248826165
0.222233947191604,-0.0993156420422927
0.212047021395826,-0.103462590181955
0.201487862789539,-0.107442631178622
0.190589735319756,-0.111270680403005
0.179202656356942,-0.114837621933109
0.167657318079832,-0.118320050530453
0.155535585503058,-0.121434544817637
0.143293344403793,-0.124457123465817
0.130648766867143,-0.12716961983496
0.117803430443514,-0.129691821066474
0.104714442635828,-0.131983070262143
0.0913771422868917,-0.133975674666585
0.0779196151240511,-0.135823682621903
0.0642041267326395,-0.137258322372612
0.0504345232967904,-0.138588697395823
0.036484421276821,-0.139498464621817
0.0224950140418419,-0.140250058719324
0.00842926512426791,-0.140694436515711
-0.00566235705042841,-0.140808498784129
-0.0197585779729804,-0.140744538218614
-0.0338219112328178,-0.140282531597711
-0.0478273268725485,-0.139581088546413
-0.0617794979714393,-0.138659527976939
-0.0755683313939873,-0.137328298436382
-0.0892460753354119,-0.135786206934127
-0.102778695971614,-0.133982712186656
-0.11604110349139,-0.131799528669414
-0.12913169682002,-0.129409989013447
-0.141985866331296,-0.126749532134653
-0.154476262140776,-0.123738949640836
-0.166721966472001,-0.120517580267728
-0.178662354195381,-0.117044527126078
-0.190118630642284,-0.113224697802297
-0.201267928860168,-0.109206871153523
-0.212066582238368,-0.104968775388049
-0.222255310894696,-0.100392589008417
-0.232072833511548,-0.0956316317401408
-0.241515731075923,-0.0906870981983205
-0.250214476020808,-0.0854185523642099
-0.258482490806899,-0.0799836363221532
-0.266321599732896,-0.074385908765951
-0.273383055031383,-0.0685224270968531
-0.27991192884151,-0.0624987720526833
-0.285970907889192,-0.0563382318433187
-0.291223509712316,-0.0499657733996772
-0.295852256393442,-0.0434514708539944
-0.299971015380196,-0.0368271838301982
-0.303268159609033,-0.0300438422593906
-0.305871317363672,-0.0231488120310391
-0.307960278614374,-0.0161764549411054
-0.309161064910359,-0.00908925892716228
-0.309656593219901,-0.0019325372470019
-0.309615850389795,0.00527204216577307
-0.308623402304309,0.0125413038640626
-0.306972159615539,0.0198349558271208
-0.304830585241049,0.0271467412077606
-0.301537195066449,0.0344650814423517
-0.297751975318319,0.0417706877043451
-0.293308067519041,0.0490592398564492
-0.28784844866064,0.0562878452823689
-0.282028100190031,0.0634885301002884
-0.275175850896381,0.0705918542095373
-0.267781217616533,0.0776234947033064
-0.259732552613426,0.0845686957745359
-0.250806279270877,0.0913628307427689
-0.241533029076527,0.0980947166555939
-0.231193567517002,0.104597326020485
-0.220465292418984,0.110998063074167
-0.209048206256328,0.117218326023442
-0.196944035674414,0.123222958801422
-0.18450045461073,0.12912107316875
-0.171109589871006,0.134666717441986
-0.157439731022729,0.140091364919878
-0.143128199628389,0.145234439468746
-0.128308805854085,0.15011476749641
-0.113172425521528,0.15483110008213
-0.0973265996066602,0.159113594222308
-0.0812553003134934,0.163236689484971
-0.0646966236920838,0.167004797431012
-0.0477823861330223,0.170459979413636
-0.0306345448916477,0.173709568909557
-0.0130245389576816,0.176455858656213
0.00472253659188496,0.179022792970677
0.0227790500213605,0.181157708590861
0.0410089042771713,0.182963676099375
0.0593755531565747,0.184510049061879
0.0779203350599346,0.185550388586187
0.0965270616364559,0.18632279959909
0.115202054679714,0.186731854467702
0.133892702986332,0.186670436281138
0.152566098532115,0.18633701544789
0.171191702484686,0.185601044856115
0.189700673003714,0.184428647914799
0.208099968612348,0.182946506095198
0.22634810936584,0.181099389870894
0.244322942440088,0.178764016829719
0.262091236715107,0.176124701980926
0.279643820679064,0.173181989338643
0.29674626198553,0.1697154851109
0.31353007507125,0.165935271158377
0.329986107313205,0.161849108227928
0.345972099525208,0.157363759130176
0.361422098605231,0.152480800449091
0.37644874436208,0.147309778098492
0.391027354163677,0.141846982334253
0.404833637498347,0.135936353596697
0.418099982333123,0.129746835615818
0.430829017417865,0.123292319800574
0.442874308298773,0.116522474759713
0.454084229162561,0.109408541300392
0.464676575469521,0.102061879039754
0.474639487222291,0.094487764898424
0.483619795031509,0.0865927781329632
0.491820314044093,0.0784723855063753
0.499320164157851,0.0701621147196711
0.506007069440464,0.0616454445973771
0.511598851878798,0.0528873410230059
0.516453150972749,0.0439861024618188
0.520563929856362,0.0349475614354137
0.523481395023658,0.0257203466702731
0.525511954707904,0.0163793356804295
0.526806649701596,0.00695234325921263
0.527006794533504,-0.00258280656955415
0.526157458731563,-0.0121909772508167
0.524544919022196,-0.0218402520256012
0.521938528118271,-0.0315299429100879
0.518112629628338,-0.0412332928209943
0.513605823204677,-0.0509307093900735
0.508049854691634,-0.0606079507192978
0.501366922208841,-0.0702280350147081
0.49400360459863,-0.0798032616332143
0.485489292839279,-0.0892829440281671
0.475968333990002,-0.0986447075527841
0.465880897668711,-0.107936899536041
0.454391061057753,-0.11701339022751
0.442263733580138,-0.125966598167492
0.429325028915234,-0.134762895918833
0.415237235308972,-0.14328806234356
0.400630298858177,-0.151678299686656
0.384963275116255,-0.159769376861778
0.368525339241142,-0.167603419478365
0.351571918738974,-0.175263659788807
0.333469483182428,-0.18247508071406
0.314878545122203,-0.189463732044988
0.295670059239024,-0.196170765826449
0.275589309511993,-0.202413297160329
0.255104590650698,-0.20841714442358
0.233946620604227,-0.214000453306213
0.212208006715101,-0.219155226069723
0.190130104255147,-0.224047209498221
0.16740312284355,-0.22836614919565
0.144342613850926,-0.232326576600421
0.120991476032786,-0.235973794866056
0.0971358714556439,-0.238941891483993
0.0730898892443462,-0.241574929890722
0.0488333408774644,-0.243837378969854
0.0243017129697945,-0.245415654427537
-0.000318620375448153,-0.246658987650112
-0.0250418575493668,-0.24748371248463
-0.0498324543636193,-0.247613990687653
-0.0746047375076229,-0.247332329762163
-0.0993418105060952,-0.246637768244553
-0.123968784667356,-0.245350418897105
-0.148426103880525,-0.243539707248113
-0.172701740219817,-0.241283729145432
-0.196769374867415,-0.238586490706722
-0.220447743358067,-0.235239818181666
-0.243781050761387,-0.231426537125766
-0.266763283339141,-0.22718177198333
-0.28934921887007,-0.222489884113081
-0.311284548707217,-0.217166705453211
-0.332700897930725,-0.211405094358695
-0.353580259681654,-0.205221162574218
-0.373893604447078,-0.198620254861195
-0.393349762559879,-0.19145362397019
-0.412079990669438,-0.183859492507174
-0.430103202931867,-0.175876876835731
-0.447391517786033,-0.167513911906966
-0.463695772606892,-0.158684535618865
-0.47902947052063,-0.149441731405667
-0.49351045626635,-0.139863177575852
-0.507114737835156,-0.129959239974298
-0.519646888829057,-0.119687934824231
-0.530973016627747,-0.109047572448096
-0.541316550732305,-0.0981343574388029
-0.550682991960467,-0.0869669564246743
-0.558893283203276,-0.0755230990947555
-0.565712917955217,-0.0637897803883414
-0.571475708838071,-0.0518630657859424
-0.576163766430936,-0.0397555118409065
-0.579591301089121,-0.0274590688144914
-0.581548453450759,-0.0149838802134585
-0.582421917458103,-0.00240071088637823
-0.582205914642203,0.0102786493893997
-0.580458634143563,0.0230595206958597
-0.577354758430312,0.035892795815863
-0.573224481752987,0.0487493307144066
-0.567820521414542,0.0616190815637469
-0.560798342038642,0.0744588609333393
-0.552741600367605,0.0872560259021744
-0.5436410044638,0.100003255228802
-0.532661244735275,0.112602758041964
-0.52079454007627,0.125103823174053
-0.507878620130016,0.13748802690571
-0.493233829061312,0.149619164091319
-0.477737103402122,0.161599978996509
-0.461093018605104,0.173370433996865
-0.442971335503523,0.184811885809787
-0.4240048897564,0.196041551427911
-0.403914163697347,0.206973122537888
-0.382493397448023,0.217490644183962
-0.360302078871591,0.227743203485862
-0.33706978354396,0.237618409606756
-0.312667134054667,0.247001903170199
-0.287567131378937,0.256063867860297
-0.261560672865704,0.264684890152019
-0.234528525541981,0.272727700794815
-0.206904947467703,0.280401923887601
-0.178533242377379,0.287585297653091
-0.149301110457075,0.294105960258622
-0.119602086464264,0.300221674235171
-0.0893119134703359,0.305795355255144
-0.058370793668147,0.310644519012945
-0.0270890166667666,0.315053940901362
0.004616354696582,0.31887427750952
0.0367309728734995,0.321955706774089
0.0690841531357965,0.324495192709548
0.101642483796598,0.326493981751348
0.134406566572575,0.327686489955542
0.16724355213366,0.328243073457298
0.200104188295747,0.328245285617894
0.232948167019501,0.327631412393397
0.265663782273811,0.326180701483825
0.29819978521615,0.324094655023207
0.330515461695663,0.321400818823521
0.362566883136591,0.318100800876404
0.394214581828614,0.314055985306643
0.425373210402059,0.309284689767736
0.456051720713191,0.303899364497735
0.486200340504659,0.297904358491608
0.515770180387086,0.291305112698413
0.544541860970187,0.283969365152399
0.572507041869925,0.275978445723156
0.599686782777793,0.267406442045077
0.626032487930525,0.258263228142188
0.65149657705341,0.248559536642326
0.675859804408642,0.238216621433162
0.699065294748865,0.227267680839025
0.721207064102958,0.215807300597235
0.742242328959354,0.203850651143028
0.762128601788333,0.191413275132751
0.780699350281441,0.178467731417811
0.797756627400498,0.164995160613567
0.813521624987433,0.151113365358614
0.827961021095829,0.136841803428893
0.841039850036951,0.122199778324497
0.852601013624895,0.10717992918433
0.862390754594002,0.0917718974481113
0.870730226524568,0.0760829876699186
0.877597997330431,0.060135136082722
0.882969993193405,0.0439501369937706
0.886494909143385,0.0275136810957647
0.888258484976449,0.0108843261221013
0.888505029872724,-0.00588179090828075
0.887225357705333,-0.0227631340761413
0.884183679523919,-0.0397451680560636
0.87909297587255,-0.0567903077400193
0.872539137299915,-0.0738473336994466
0.864516122935335,-0.0909002141267285
0.854503511668032,-0.10790569805246
0.842679527102184,-0.124817181205989
0.829377994013938,-0.141623864373073
0.814660861345771,-0.158315545682102
0.79765198920038,-0.174749847078436
0.779344932856475,-0.19099929471631
0.759744572412573,-0.207056808056604
0.737953775169062,-0.222719995809814
0.714833715335395,-0.238095002053061
0.690448472348049,-0.253180882992706
0.664315486235758,-0.267818824872171
0.63664195828354,-0.281996266334284
0.607819377077028,-0.29579986447305
0.577695350718212,-0.309153478348988
0.545894370149746,-0.321839832848098
0.513065142239494,-0.334066008022456
0.479228303713138,-0.345821919153903
0.443923870767368,-0.356807605455859
0.407609299470356,-0.367182993538805
0.370451521694065,-0.377014102279959
0.332297583054046,-0.386148288467752
0.29310152026889,-0.394429895497663
0.253254970640991,-0.40210864171692
0.212781885729198,-0.409177291296351
0.1713930580549,-0.415173440855491
0.129558939248987,-0.420524753244751
0.0872598365016524,-0.425135941536227
0.0445483634714722,-0.428981305396673
0.00141595419332173,-0.431764561429982
-0.0419190226900751,-0.433782046882729
-0.0854009064504288,-0.435038092454937
-0.128974170455328,-0.435459495910066
-0.172546976109603,-0.434914255849559
-0.216002399630854,-0.433423500765683
-0.259269853929872,-0.431099731672127
-0.302281647100067,-0.427948076484856
-0.344951047797307,-0.423934573904802
-0.387196179053391,-0.419057145595676
-0.428799803997946,-0.413133747273976
-0.469783897986189,-0.406368356475755
-0.510078193536604,-0.398772425357251
-0.549592534523557,-0.390337001407653
-0.588253005802317,-0.381074781445926
-0.625983572760401,-0.370995984550767
-0.662538035353467,-0.359991482078613
-0.697913759690791,-0.348155648851078
-0.73209532124155,-0.335549232767364
-0.765012424100286,-0.322190016712436
-0.796595876993347,-0.308096674849296
-0.826777920828537,-0.293289062445517
-0.855495776284181,-0.277789720521647
-0.882391286704642,-0.261506001658746
-0.907624007886878,-0.244572109981144
-0.93117820733554,-0.227032086832897
-0.952992934210085,-0.208911464237509
-0.973036576018496,-0.190245063771609
-0.991254147109075,-0.171059975294533
-1.00748239243059,-0.151359371416029
-1.02145713753172,-0.131138979613931
-1.03343250755209,-0.11050905015179
-1.04342172103942,-0.0895130376352932
-1.0513874431319,-0.0681827759039236
-1.05730118082244,-0.0465521137487238
-1.06092397488891,-0.0246340192196218
-1.0620397118384,-0.00246400791527581
-1.06107557179052,0.0198684377476067
-1.05801603680494,0.0423301781106736
-1.0528515512674,0.064887358902697
-1.04527932452045,0.0875060370477263
-1.03508053732014,0.110124780719996
-1.02287905963782,0.132698744718458
-1.00867012487071,0.15520080944679
-0.992158460262348,0.177579197987413
-0.972976972667797,0.199739521037592
-0.951816530892368,0.221689315300171
-0.928767906423913,0.243411382837426
-0.903379216135244,0.264802447828263
-0.875558488576166,0.285770735575784
-0.845933157266689,0.306378920328163
-0.814527681247612,0.326604770611312
-0.780747243765793,0.34624982611584
-0.744946560072472,0.365321410827052
-0.707483846353661,0.383874506987274
-0.668393347794155,0.401884858884287
-0.62717603883035,0.419101162265707
-0.584250480220443,0.435590307247744
-0.539890106226129,0.451415045277334
-0.494141022428488,0.466553276246481
-0.446618242343871,0.480710196595575
-0.397711916263359,0.493991355167597
-0.347662958181341,0.506481125837074
-0.296529442411596,0.518164352687353
-0.244039638408408,0.528699334461402
-0.19055047204485,0.538238554187209
-0.136259764293367,0.546884498878983
-0.0812291553043327,0.554626701221816
-0.0253494904234692,0.561128104773811
0.031141924884618,0.566499442571083
0.0880836150363149,0.570831955858134
0.145385654001677,0.574111650439597
0.202956836096022,0.576331163795357
0.260706822469519,0.577386611224282
0.318500524535324,0.577118660599131
0.376202474817988,0.57572061890727
0.433707236280429,0.573187004022746
0.490912812061595,0.569523873199488
0.547700070060855,0.564695984191151
0.603960816858067,0.558714345060551
0.659584445476958,0.551581090861519
0.714389081980412,0.543208452425122
0.768248735951293,0.533622515550211
0.821098631682546,0.522901933079825
0.872829788917954,0.511059531720069
0.923334107235246,0.498109519098255
0.972508111799578,0.484070529612044
1.02023721388074,0.468954083949157
1.06642045370655,0.452783594890357
1.11095596406642,0.435581989004952
1.15374433564798,0.417374306655743
1.19455307605096,0.398122375957864
1.23330654825932,0.377880694542869
1.27000674925777,0.356729964031399
1.30456695853392,0.334704231923189
1.33689706613843,0.311837108127252
1.36693259997369,0.288172000822433
1.39459375523867,0.263746691709115
1.419808636382,0.238602184744752
1.44250538158179,0.212780177305085
1.46266019557787,0.186333543106987
1.47983029741641,0.159231273863363
1.49424676345262,0.131594983368228
1.50592137731928,0.103485978567743
1.51478206883811,0.0749500123818661
1.5208681916514,0.0460483654006937
1.52412917775225,0.0168279229909939
1.52453721259604,-0.0126606437698427
1.52184552788548,-0.0423771517457907
1.51581190901271,-0.0722604906542414
1.50693704472825,-0.102222965113811
1.49521153500804,-0.132215543628604
1.48063488446401,-0.162188590551341
1.4632057102034,-0.192091935563177
1.4421576329448,-0.221819400910076
1.41826227037213,-0.251332392804747
1.39169297665413,-0.280597221587003
1.36246928599969,-0.30957280652263
1.33000564868096,-0.338119366750728
1.29449844208585,-0.366171035507471
1.25641659814071,-0.393741477468619
1.21580622673803,-0.420787999588849
1.17270948598274,-0.447267288288332
1.12631719086505,-0.47287861199378
1.07758211701632,-0.497782897795804
1.02655842335143,-0.521936172510638
0.973313549674981,-0.545297859867878
0.917772175989359,-0.567764730146354
0.859609895530085,-0.589076395730244
0.799517721862368,-0.609434104291165
0.737575995352384,-0.62880097794792
0.673866728354727,-0.647140739825078
0.608271837814329,-0.664269508060701
0.540810838100453,-0.680028673713465
0.471964509041467,-0.694640472839385
0.40177873988556,-0.708028921948092
0.330371028584518,-0.72017111019083
0.257808025135181,-0.730978379296684
0.184065789207909,-0.740147385542644
0.109553612259076,-0.748010665740592
0.0343364913667274,-0.754447608254085
-0.0414403868446777,-0.759449829894291
-0.117639658052911,-0.762996960525814
-0.194122187328985,-0.765076810198591
-0.270745851678883,-0.765618851359521
-0.347348560199036,-0.764572974244828
-0.423751179736326,-0.761895991980723
-0.499804621729325,-0.757679658514124
-0.5753649977073,-0.751937365564611
-0.650271301665996,-0.744638755275794
-0.724371236699109,-0.735791229488968
-0.79751170065955,-0.725400071913417
-0.869545560523631,-0.713479755261529
-0.940308452217582,-0.700025999798241
-1.00965351691031,-0.685059891003561
-1.0774311257421,-0.668599135228833
-1.14349572549736,-0.650666052056376
-1.20769308081359,-0.631278050975462
-1.26988435153432,-0.610466217349877
-1.32992900463529,-0.588260647654802
-1.38768986116724,-0.564694448844884
-1.44303340476441,-0.539803833667112
-1.49582900734486,-0.513627735750372
-1.54581942842212,-0.486152336922967
-1.59299902195427,-0.457481340162924
-1.63724396286268,-0.427660147890857
-1.6784557614688,-0.396744863744097
-1.71652714524864,-0.364788082378461
-1.75135747245893,-0.331845255517778
-1.78283213899016,-0.297969240899092
-1.81089616287748,-0.263229700800635
-1.83545850400364,-0.227686244599004
-1.85644277478607,-0.191402874956117
-1.87375765383455,-0.154442163665407
-1.88740827885297,-0.116882863659572
-1.89730911487605,-0.078787986142997
-1.90341075372338,-0.0402275403619369
-1.90566847370669,-0.00127274524860262
-1.90366079175743,0.0380271803649029
-1.89766199329092,0.07756017576717
-1.88777564600632,0.117243667471225
-1.87399143516603,0.157004210228091
-1.85623912415655,0.196766013120884
-1.83476856713196,0.236460750521252
-1.80950991641981,0.276020986840931
-1.7796292806043,0.315306557998708
-1.74584612110707,0.354260299103118
-1.70836363767472,0.392824206272282
-1.66721669052317,0.430929677736858
-1.6224490904382,0.468508612458395
-1.57397462802261,0.505466578519969
-1.52119999645341,0.541574922324183
-1.46504229294257,0.576911863047509
-1.40552046187211,0.611399094632456
-1.34272185375369,0.644971645651602
-1.27673178893439,0.67756400978388
-1.20753969951647,0.709073223096091
-1.13476682153256,0.739218072430917
-1.0591568050568,0.768152308799248
-0.980823622666856,0.795816490249959
-0.899885774783693,0.82215275328914
-0.816464942374878,0.847103917475057
-0.730701201613582,0.870624051675699
-0.642259390002515,0.892295137840515
-0.551797026767294,0.912376621836515
-0.459490119537177,0.930844639973939
-0.365510809282154,0.947683792577155
-0.269917212739995,0.962742428164363
-0.172919192740151,0.976015120709491
-0.0746911770988592,0.98746216119712
0.0246527464377267,0.996899839820709
0.124852785281689,1.00437081949477
0.225696409972101,1.00988417766082
0.326986253649648,1.01341736409038
0.428524746735826,1.01494781182948
0.530114134026681,1.01448134580408
0.631553410060233,1.01196024550416
0.732636866639383,1.00738466123777
0.833158883013462,1.00074733504505
0.932919582474069,0.992057895511606
1.03170271862752,0.981293146261549
1.12930493541883,0.96846783123919
1.22552049527354,0.953591192604303
1.32015120693724,0.936683665043865
1.41298332202132,0.917749977932381
1.50381996518206,0.896817860714577
1.59246245876254,0.873913348697814
1.67871919244166,0.849069681682043
1.7623908759685,0.822316043743344
1.8432910871689,0.79369320687473
1.92123495306021,0.763243688093806
1.99604129419212,0.731013557195385
2.06753563210437,0.697054052861905
2.13554685136719,0.661419264590013
2.19991026978626,0.624167360826282
2.26045766759036,0.585356586562859
2.31704998822806,0.54505807830246
2.36953674545184,0.503339004189262
2.41777944423792,0.460271837302679
2.46162468324014,0.415926372419314
2.50098130365098,0.370391161861736
2.53572373857538,0.323745200889637
2.56574515772058,0.276073342116447
2.59090998677143,0.227456711510387
2.61119180071951,0.177997673454579
2.62648983625544,0.12778446552565
2.63673357284614,0.0769116578614313
2.64181397171435,0.0254717119124945
2.64179607304984,-0.0264257725337948
2.63659125805195,-0.0786871045891334
2.62616831446935,-0.131211780996012
2.61047262826946,-0.183898073169456
2.58971346080757,-0.236644649984568
2.56347692417825,-0.289346365087047
2.53157093704593,-0.34187192593977
2.49451162576638,-0.394124436070839
2.45229467912263,-0.445999288100363
2.40504419477784,-0.497401894830698
2.35279316566268,-0.548231972814723
2.29560012668486,-0.598390648202625
2.23353612729889,-0.647780299782337
2.16633944984255,-0.696230957379337
2.09398010273662,-0.743586776388412
2.01702637816833,-0.789835817181586
1.93558978613897,-0.834882342556774
1.84979990146043,-0.878635183848872
1.75975986492395,-0.920993049260304
1.66561633319035,-0.961866428344979
1.56751641147543,-1.00116564245093
1.46561533566297,-1.03880326553024
1.35975057634725,-1.07451759837591
1.25030311200889,-1.108289134442
1.13763617368042,-1.14012695461758
1.0219400743976,-1.16995596388122
0.903434562961527,-1.19772309425768
0.782260708016117,-1.22330840488191
0.658656641679849,-1.2466604839806
0.532844371238016,-1.26771595493474
0.40505954056079,-1.2864275096801
0.275474246689779,-1.30263826338697
0.144388615062982,-1.31636205565999
0.012053530700845,-1.32755122080375
-0.121275553493784,-1.33616449345202
-0.255347968269912,-1.34210660289757
-0.389881230290533,-1.34539666655907
-0.524608407660425,-1.34600676457709
-0.659260835074286,-1.3439168417625
-0.793560027389045,-1.33907737043944
-0.927235524034313,-1.33150896849913
-1.0600144579464,-1.32120502621446
-1.19162670200649,-1.30816939207959
-1.32178900438798,-1.29238797294924
-1.45023759974464,-1.27388803646799
-1.57670258355383,-1.25268483300476
-1.70092139447324,-1.22880462345565
-1.82261965880855,-1.20226388235444
-1.94154101437375,-1.17310139836376
-2.05742685913211,-1.14135421178375
-2.17002719598744,-1.10706796525018
-2.27908729037668,-1.07028690282308
-2.38436382715138,-1.03106552862937
-2.48561749914001,-0.989462095095354
-2.58253040442684,-0.945497618284141
-2.67474910989601,-0.899191567055194
-2.76223859632219,-0.850717658636313
-2.8447838475594,-0.800153553978111
-2.92219589164898,-0.747588589801491
-2.99426525958645,-0.693105719384209
-3.06080586066343,-0.636798222947896
-3.12162360105907,-0.578758875091533
-3.17658265516502,-0.519098612228174
-3.2255045325869,-0.457917309775615
-3.26824306175198,-0.395325119401295
-3.30462051874604,-0.331428021508823
-3.33457139109006,-0.266355668755516
-3.35795820326698,-0.20022400033161
-3.37468126837453,-0.133157265894717
-3.38457451083934,-0.0652746168607075
-3.38766944653148,0.00328058585852467
-3.3838739981711,0.0723797421056051
-3.37314055792044,0.141888317126259
-3.35531589315943,0.211672216575114
-3.33057890956821,0.281585618933647
-3.29886734205033,0.351492966518517
-3.26018879045505,0.421255183606018
-3.21451424900268,0.490729057559244
-3.16202810030142,0.55978346360974
-3.10271399028048,0.628277315628764
-3.03663326393936,0.696072091229991
-2.96386498503546,0.763030382395817
-2.88440801195882,0.828998549936081
-2.79793082775869,0.89374586016911
-2.70507639960979,0.957212801410331
-2.60597862586507,1.01926413430319
-2.50080643333397,1.07977243738319
-2.38968276010991,1.13859644455101
-2.27278785331548,1.19560757034704
-2.15030795096047,1.25067839785417
-2.02244327851584,1.30368507323743
-1.88940082227211,1.35450428323965
-1.75140509219865,1.40301807770545
-1.60869037812318,1.44911169286647
-1.46149898651756,1.49267238011469
-1.31010206640983,1.53360341730765
-1.15475593224456,1.57179673390984
-0.995736295082336,1.6071544875383
-0.833236596829094,1.6394934552834
-0.667635957321793,1.66877573239217
-0.49925677066054,1.69493339196006
-0.328418785093875,1.71789157391131
-0.155445656322153,1.73757849201351
0.019328625696498,1.75393034682123
0.195595340553784,1.766810969622
0.372970618377179,1.7762474057033
0.551108408774921,1.78220228314284
0.72966171020926,1.78459672269195
0.90827164011178,1.78344120797999
1.08658545407552,1.77870994997627
1.2643558171557,1.77076989135843
