-0.396068613503877,-0.396068613503877
-0.442337386555412,-0.343495185133651
-0.481690937983066,-0.285574149237898
-0.513519199880621,-0.223207185858239
-0.537318890046819,-0.157363165969433
-0.552746774574386,-0.0890740620060578
-0.55954547598599,-0.0193952562858394
-0.557584843812263,0.0505874016933852
-0.546930287153527,0.119782655317823
-0.527743117478371,0.18711658597794
-0.500327834816918,0.251546869097695
-0.465107769660271,0.312075575674554
-0.422480251993948,0.367639665398301
-0.373247738196332,0.417435276718003
-0.318206409077714,0.460712567169354
-0.258210997769025,0.496801277391974
-0.194184938224711,0.525122657705641
-0.127133482589365,0.545256209054052
-0.0580922268566797,0.556865446062986
0.0118582538247727,0.559747966176928
0.0816233985278835,0.553897552268961
0.150116151375718,0.539395855862297
0.216278261870274,0.516489626891749
0.27908272210607,0.485527375212355
0.337553644018205,0.446983244932533
0.390628523586127,0.401293986230514
0.437609197882032,0.349369851005231
0.477743505703701,0.291997780407379
0.510439112927112,0.230088088136341
0.535153613361487,0.164584040903179
0.551500799837665,0.0965088461069775
0.559237646928555,0.0269275572103586
0.55821477849326,-0.0430752591795691
0.548487458839093,-0.112406521118867
0.530201611372493,-0.179989638684409
0.503650069268502,-0.244778524454651
0.469242986160203,-0.30576984943254
0.427410833784644,-0.361934713410225
0.37884634128207,-0.412385430967915
0.324388166526568,-0.456397155481616
0.264880765664772,-0.493287504384141
0.201240417618087,-0.522467712872249
0.134465347683262,-0.543503180394367
0.0655854429340891,-0.556039172967812
-0.00432060047891883,-0.559860802737247
-0.0741579925184238,-0.55494532571127
-0.142837998539869,-0.541360710827009
-0.209298998105519,-0.519340795900536
-0.272509310876346,-0.489220671438184
-0.331487782936698,-0.451463229153457
-0.385206838520482,-0.40653415708979
-0.432879243987118,-0.355241131718354
-0.473779540657896,-0.298410435740876
-0.507303752247785,-0.236943902292741
-0.53289475237422,-0.171776278553279
-0.550157457347346,-0.103926727190117
-0.558829903025828,-0.0344551623945178
-0.558745170788202,0.0355554295746527
-0.549946936376295,0.105010489032488
-0.532565593566947,0.172830921310103
-0.506882353062908,0.237966990714764
-0.473294067186335,0.299410082472555
-0.432266118882762,0.356165203911785
-0.384378003894227,0.407262060173147
-0.330512399774992,0.452000234445394
-0.271503385708676,0.489685429484162
-0.208259969351649,0.519719004604198
-0.141772691854481,0.541650466923423
-0.0730665945243574,0.55511004344522
-0.00321784705334008,0.559871409693329
0.0666793864205149,0.555893572600084
0.13553495402403,0.543230357886991
0.202284037488745,0.522102504472595
0.265890407957681,0.492831430752427
0.325367651571571,0.455868516061193
0.379710981917285,0.411696910994864
0.428067134855808,0.361045501785582
0.469726648959418,0.304767369578417
0.504073423950795,0.243755542066306
0.530536467772605,0.17893652838703
0.548712231578155,0.111325430303047
0.558319715553678,0.0419765061041045
0.559174744746445,-0.0280292308782891
0.551308806135184,-0.0975959738161259
0.534836763454669,-0.165642381937275
0.51002787251044,-0.231115157945019
0.477265532488027,-0.293000513345776
0.437039338788455,-0.350327160960857
0.389837606167395,-0.402061648154179
0.336575136797537,-0.447518677997285
0.278075783896944,-0.485992382564808
0.215240933079947,-0.516873610874582
0.149053672464928,-0.539696604387927
0.0805342206755824,-0.554077912488971
0.0107557056704308,-0.559779192490133
-0.0591887767465901,-0.556741197412344
-0.128207909383445,-0.545003168295313
-0.195233854503541,-0.524772646343114
-0.259225973759662,-0.496357146832127
-0.319192636208547,-0.460196325981766
-0.374142450385218,-0.416781565577223
-0.423174088134792,-0.366782006767266
-0.465585779966642,-0.31106743977355
-0.500748989457325,-0.250521791491825
-0.528079461633323,-0.186063486639057
-0.547165403528874,-0.118703554101972
-0.557706904188697,-0.0494901804940934
-0.559502754217024,0.0204979630918426
-0.552571774843871,0.0901640503331584
-0.537013287875353,0.158424745050127
-0.513084326652655,0.224223292000188
-0.481154707488592,0.286540859868695
-0.441711552723044,0.344407781222197
-0.395224428952163,0.396785604164439
-0.342575410211414,0.442953632767823
-0.284596816318113,0.482209256575625
-0.222182108983924,0.513932403880006
-0.156307035365102,0.53764254317656
-0.0879869561724573,0.552943383151705
-0.0182915801361838,0.559584240594647
0.0516874604721409,0.557487684206718
0.120857933018118,0.546678026742613
0.188149156634032,0.527349536777268
0.252516237234018,0.499795634760873
0.312962401898189,0.464444093277891
0.368503260948138,0.421788034059295
0.418201855057938,0.372450164225373
0.461358408094595,0.317309861100535
0.497331808381598,0.257241696111262
0.525524919393219,0.193156034085951
0.545517791232359,0.126059814810944
0.556991855640464,0.0569948162289311
0.559729001575333,-0.0129629740146867
0.55373505979039,-0.0827159211233382
0.539093773201105,-0.151178929161244
0.516049772227761,-0.21729190260288
0.484959178208395,-0.280031111010677
0.446296998706784,-0.338420979894
0.400538245979718,-0.391435809271649
0.348512635078472,-0.438306719893633
0.291065619351426,-0.478337401005154
0.229082496899299,-0.510896673637455
0.163531663696796,-0.535489596801336
0.0954235179754679,-0.55170743145736
0.0258240946161891,-0.559287040980562
-0.0441767834580313,-0.558132897098568
-0.113486204604596,-0.548254162014237
-0.181030811603381,-0.529831771171765
-0.245761620952023,-0.50314491523228
-0.30667681845756,-0.468609371053647
-0.362795745105439,-0.426716675417953
-0.413152505451738,-0.378049838613602
-0.457046308953267,-0.323494103439565
-0.493823497676253,-0.263914481293364
-0.522874261057679,-0.200213181558929
-0.543770520743057,-0.133393029765992
-0.55617531920795,-0.0644890968858576
-0.559853662237605,0.00542562341581228
-0.554798243272391,0.075252866246146
-0.541077148580318,0.143905990048031
-0.518922534157606,0.210321685813579
-0.488676724860978,0.27347147347793
-0.450802554072218,0.3323740042418
-0.405779206870691,0.386014436721679
-0.354386513920762,0.433579850119463
-0.297481535150387,0.47437843210715
-0.23594123799732,0.507767923361721
-0.170726537267067,0.533239219133015
-0.102842693917451,0.550371195032882
-0.0333519085781541,0.558888291727451
0.0366581063479814,0.558676923370657
0.10609397021265,0.54973102108619
0.173879799431772,0.53221812864856
0.238962696362167,0.506403145847943
0.300335923727812,0.472689785102562
0.357022379497101,0.43156815673997
0.408028255973034,0.383581129251481
0.45265138647784,0.329619802353744
0.490225751313541,0.270539479758369
0.520128958942317,0.207234018876027
0.541924858627184,0.140702097606867
0.555258259381,0.0719717645847778
0.559877164604874,0.00211273979233925
0.555761181347185,-0.0677762102947306
0.54296260428416,-0.136607085848161
0.521701171913896,-0.203313493713492
0.492305312785804,-0.266862352203396
0.455225688277734,-0.326266692377737
0.410947744388774,-0.380523819345594
0.360196965177446,-0.428775094004206
0.303844058100467,-0.47033410722119
0.24275757229828,-0.504547740218038
0.177890699756639,-0.530892868885567
0.110243329853038,-0.548935848783094
0.0408737228631876,-0.558388797838627
-0.029132787278746,-0.559119996289446
-0.0986825208850231,-0.551108220721674
-0.166697194988449,-0.534507552519111
-0.232120177015343,-0.509568628554378
-0.293939933549578,-0.476683063763066
-0.351185678270769,-0.436343358918265
-0.402831369018416,-0.389044299550255
-0.448175580707407,-0.335686707309191
-0.486540252984888,-0.277116091008933
-0.517290456260763,-0.214217686215501
-0.539982139019908,-0.147985988244679
-0.554241796560102,-0.079441624933208
-0.559800153976065,-0.00965079164437538
-0.556623992629016,0.0602873053252685
-0.54474960821156,0.129283464811765
-0.524384522155649,0.196268333498936
-0.495843158823609,0.2602043677168
-0.459564083183189,0.320099152082082
-0.4160445291002,0.374966381704498
-0.365944096032974,0.423894626190831
-0.310152821125247,0.46620628329645
-0.249530829434404,0.501237763363816
-0.185023249758359,0.528451985295116
-0.117624327696145,0.5474025911967
-0.0483882846217767,0.557789471184961
0.0216021753971725,0.559462517271744
0.0912531905835851,0.552385593685611
0.159484177939337,0.536699222311357
0.225234946999345,0.512639905603641
0.287489295415623,0.480587154224942
0.345281428794508,0.441034759971997
0.397564132431659,0.394439766269862
0.443620866566081,0.341694684719953
0.482768692697749,0.283643789023625
0.514360197793852,0.221163382891042
0.537943796089173,0.155243754293429
0.553127245696746,0.0868975602732561
0.559623548392922,0.0171872456726219
0.557387133055871,-0.0527875236045265
0.546438004329896,-0.121936469798943
0.526971819390813,-0.189187389625639
0.499288873171399,-0.253498402860378
0.463815791633381,-0.313871837503941
0.421070482322747,-0.369344638259601
0.371628229466612,-0.418940744207703
0.316407631145191,-0.461996959098994
0.2562604624154,-0.497839748036854
0.192123366389582,-0.525918073225979
0.124984664462301,-0.54577273908788
0.0558944002780567,-0.557091431694518
-0.0140676062675456,-0.559705173074788
-0.0838073642320515,-0.553563323631373
-0.152242059639718,-0.538792709730526
-0.21830811235338,-0.515615934941904
-0.28098477109283,-0.484400415129923
-0.33929968952139,-0.44562664858935
-0.392228910951377,-0.399768152556377
-0.438989332546858,-0.34764377952033
-0.478912874080181,-0.290122182922309
-0.511339758064365,-0.228070419420617
-0.535811487742744,-0.162474570032703
-0.551916238696602,-0.0943385576354515
-0.559348671315656,-0.0247208710565289
-0.558051540483007,0.0452782518568074
-0.548028175546001,0.114567549331219
-0.529462875998104,0.182072056422902
-0.502641657072186,0.246745663188064
-0.467979448831571,0.307585642331386
-0.426010764181946,0.363647501164113
-0.377249980943221,0.413915944504355
-0.322608550033316,0.457708380723298
-0.26294612287857,0.494355702088233
-0.199190371038815,0.523292871013155
-0.132323436311457,0.544047903511223
-0.0633909626000869,0.55629618281129
0.00653039080070461,0.559849120490884
0.0763464848762354,0.554642140550641
0.144972312791209,0.540788189615955
0.211341057633736,0.518496315535867
0.274427526081891,0.488121855693797
0.333253052242351,0.450132118985761
0.386828244615472,0.405030391996807
0.434283310526704,0.353534323785339
0.474974879271769,0.296551121545653
0.508231524366781,0.234938520581314
0.533585768113015,0.169677295254823
0.550606828799193,0.101762984978501
0.558974218776706,0.0322502954861654
0.558616700693105,-0.0377607983038568
0.549520800049323,-0.107178255565532
0.531859511064173,-0.174924442130302
0.505904426400719,-0.239949147049746
0.472058848002346,-0.301244729459072
0.430845019662887,-0.357860193227457
0.382805665623642,-0.40881784930084
0.328752708816001,-0.453338558857702
0.269585348930689,-0.490783640513473
0.206222102209758,-0.520574250372429
0.139638842941633,-0.542226094973836
0.0708764827099885,-0.555402075423231
0.00100814784981725,-0.55989361115751
-0.0688719747646695,-0.555622333173487
-0.137676793740385,-0.542687161144664
-0.204336397848779,-0.521283692716339
-0.267821241984748,-0.491755113154822
-0.327146527523764,-0.454555571634921
-0.381359718252969,-0.410222428054841
-0.42950081009993,-0.359363206698752
-0.470952909435349,-0.3029280534958
-0.505033891047425,-0.241765586448429
-0.531263181808026,-0.176849470764076
-0.549193771656006,-0.109168459294422
-0.558495893847403,-0.0397738672118522
-0.559079572322679,0.0302363690398633
-0.550914814654382,0.0997698110849986
-0.53416263368085,0.167746294156049
-0.509080109528962,0.233111696940603
-0.476058647082307,0.294853522822143
-0.435607994276843,0.35201428618236
-0.388288165782016,0.403640661473971
-0.334834712040377,0.448882288354581
-0.276173809599704,0.487118506870533
-0.213215073660695,0.51775718319467
-0.146928166114559,0.540302363142275
-0.078348960319885,0.55440443123576
-0.00854660187643607,0.559835262860707
0.0613850290979565,0.556502111824229
0.13035699681909,0.544489842349033
0.197296452447937,0.523980271405362
0.261169594617947,0.49530424868458
0.320985613365251,0.458902625483304
0.375808304376939,0.415326126847655
0.424636689218832,0.365124474792513
0.466842181377867,0.309248329169488
0.501741540256388,0.248547596332791
0.52884052703149,0.183988560994676
0.547677213438025,0.116553481923402
0.557913451776603,0.0472901199005647
0.559439503351889,-0.022706319312304
0.552209008598261,-0.0923433387381199
0.536370525033201,-0.160538391416076
0.512166544216117,-0.226233644231053
0.479976335339376,-0.288411822271231
0.440296958718472,-0.346109005184823
0.393696729727449,-0.398385885492144
0.340853552114892,-0.444340785856027
0.282710373001427,-0.483361382984128
0.22016806372013,-0.514842675473179
0.154190049266712,-0.538277392937411
0.0858069639637098,-0.553303509367817
0.0160835695635891,-0.559673793694865
-0.0538869046284623,-0.557280642177007
-0.123013908210653,-0.546194842030023
-0.190221822533238,-0.526584150806915
-0.254472701707213,-0.49876693583007
-0.314769858954884,-0.463170621497227
-0.37017100729321,-0.42033493184182
-0.419692370104291,-0.370817351709669
-0.462643901977342,-0.315510960616344
-0.498355508561632,-0.255283420059472
-0.526318935425911,-0.191093374693152
-0.546058248042588,-0.123916747089102
-0.55722746602339,-0.0547976396497233
-0.559696516469444,0.0151720580567481
-0.553402779918703,0.0849001048728344
-0.538481994546794,0.153301729727909
-0.515161994729119,0.219315587831753
-0.483809721932765,0.28191972387818
-0.444909392632751,0.340143874268685
-0.399031187337275,0.393055598583218
-0.346808676786263,0.439715847850015
-0.28919425388555,0.479513918068343
-0.227080101889658,0.511832270424819
-0.161423313134934,0.536152440868697
-0.0932491592197575,0.552100188136497
-0.0236176530818705,0.559409537995561
0.0463789441673384,0.557957679761303
0.11564867947597,0.547801296785552
0.18311333844348,0.529093880558569
0.247730952545903,0.502141203473568
0.308499106733882,0.467357155552702
0.364469460926396,0.425270283669827
0.414669789315127,0.376441539227199
0.458359788619886,0.321715328301811
0.494877319365389,0.261972197443908
0.523699983497137,0.198162916339364
0.544338383280838,0.131257084223877
0.556438951751712,0.0622950795546121
0.559851082660426,-0.00763500014698195
0.554495940515511,-0.0774414536582602
0.540496215525615,-0.146037444694339
0.518065013721847,-0.212358311210722
0.487556821892832,-0.275377535522705
0.449442889559911,-0.334118632643363
0.404291808887735,-0.38765222876581
0.35269987363788,-0.435009620205755
0.295624919862602,-0.475578082680433
0.233950397906341,-0.508727785216362
0.168626922280711,-0.533929080961173
0.100674311693794,-0.55079573355961
0.0311474883712886,-0.559043242502222
-0.038862527214889,-0.558533396284394
-0.108262566777262,-0.549308726908572
-0.175971993907092,-0.531508345530254
-0.240944942461967,-0.505425345853705
-0.302173431740595,-0.47146001111923
-0.358703142847193,-0.430129593778235
-0.409571202949736,-0.381997106275855
-0.453991866676703,-0.327861091679956
-0.491308771480977,-0.26861326913658
-0.520985460874978,-0.205196334923376
-0.542519299428608,-0.138573431610392
-0.555549148273443,-0.0697811654820506
-0.559903931346485,9.65356344764697e-05
-0.55548855743811,0.069968760486792
-0.542412597617961,0.138746756337202
-0.520874343690813,0.205362725465545
-0.491215784046154,0.268785724013431
-0.453895105997524,0.328033189793189
-0.409479170892747,0.382178368133228
-0.358527162302057,0.430224409379208
-0.302002003859381,0.471555972628425
-0.240778273354635,0.505531106655411
-0.1757999481546,0.531609008218313
-0.108081281274861,0.549391620151473
-0.0386717625527006,0.558575912513733
0.0313390364999649,0.559008254392862
0.100856889787371,0.550716941254374
0.168798904245501,0.533826700413508
0.234115436968038,0.508617884050682
0.295793117240692,0.475477144693344
0.352871757513103,0.434910378433747
0.404399039017701,0.387484397078324
0.449542322460524,0.333948117624236
0.487651792516107,0.275206122130191
0.518177214809637,0.212192881084774
0.540602691380394,0.145864809691529
0.554559380752491,0.077254693571849
0.559855935772585,0.00744198583034854
0.556380867738295,-0.0624834067046188
0.544230731334631,-0.131430941257641
0.52358889038365,-0.198329846838492
0.494784890458991,-0.262144904212222
0.458263781809918,-0.321887631593205
0.414581059568641,-0.376624826606198
0.364290721758006,-0.425362566206909
0.308325247332438,-0.467449696623258
0.247563117374931,-0.502244082564992
0.182941544622929,-0.529193936317565
0.115469017728091,-0.547889438968838
0.0461892243343902,-0.558008740613784
-0.0238098386943327,-0.559382960627439
-0.0934330112686987,-0.552026018039339
-0.161595291612978,-0.536048378217122
-0.227243369902442,-0.511717600523398
-0.289358671748931,-0.479406743195269
-0.346975276959743,-0.439610332961987
-0.399155817808916,-0.392903981693293
-0.445013434050476,-0.339976447727872
-0.483908381011835,-0.281750368823
-0.515277097224436,-0.219151889840284
-0.538590222202676,-0.153130308675845
-0.553471027442203,-0.0847145296938628
-0.559708097828805,-0.0149792619841199
-0.557173288539006,0.0549867716404984
-0.545950423620154,0.124091330099909
-0.526207784699938,0.191260807397695
-0.498262641652175,0.255455869228946
-0.462546844463196,0.315682276313619
-0.419604039383807,0.371000093884415
-0.369990872334997,0.420426455570857
-0.314594492474094,0.463261361714957
-0.254304383603618,0.498868523659955
-0.190050949929483,0.52668560439915
-0.12283656809783,0.546290907024344
-0.0536986953066921,0.55734313043684
0.0162762732798188,0.559658506992307
0.0859923322226735,0.553236369755211
0.154362492409697,0.538173178621304
0.220329870167644,0.514723650651105
0.282870880960572,0.483247355563889
0.341014023601134,0.444227478242939
0.3938441439198,0.39825666137157
0.440407583092628,0.3459463159184
0.480080639811629,0.288245770632537
0.512287016597845,0.226072800377814
0.536483590185142,0.160369102011293
0.552285593886596,0.0921596208342465
0.559461632641298,0.0225140452188244
0.557866520900285,-0.047480233348805
0.54757182128443,-0.116729321390447
0.528730528153257,-0.184156888778187
0.501647921216033,-0.248719649825004
0.466742589755202,-0.309417766243905
0.42454641383549,-0.365304780821351
0.375628118419287,-0.415418504849715
0.320809729698782,-0.458993147696212
0.26100163559869,-0.495406305360358
0.197127522409275,-0.52408588232905
0.130183102977383,-0.544597967745113
0.0611990892811628,-0.55658080441781
-0.00873964189385622,-0.559836289064166
-0.0785362937243111,-0.554348878707688
-0.147101976228559,-0.540201421352872
-0.213376303956687,-0.51763573519424
-0.276330878508901,-0.486998081589384
-0.334988775482089,-0.448760362179845
-0.388440883340957,-0.403516719320691
-0.435727331411829,-0.351858214463093
-0.476170881640955,-0.294692305415645
-0.509209072810373,-0.23295521459726
-0.534284685600103,-0.167580490106974
-0.55100487044782,-0.0995890243739128
-0.559118129233699,-0.0300451578227406
-0.558461722957346,0.0399651682773689
-0.549095597020796,0.109346399449768
-0.531157195727796,0.177019563512011
-0.504940213141067,0.241937583922148
-0.470849912200126,0.303095171548081
-0.429406551577992,0.359539573697895
-0.381203242098299,0.410341306628674
-0.326971192335473,0.454647441994878
-0.267654635307794,0.491859537049821
-0.204170562754138,0.521396329650632
-0.137507297664448,0.54281030151817
-0.0686890145037179,0.5557204673009
0.00120120452527567,0.559915438058436
0.0710661998417694,0.555363358145162
0.139815300617535,0.542133666500634
0.206384706544339,0.520455146135943
0.269741375173021,0.490660841389149
0.328903061265514,0.453211332749207
0.382952802185661,0.40868798136405
0.430971229182411,0.357709546318663
0.472177786475772,0.301087779674479
0.506041720951236,0.239797119698994
0.531991821058599,0.174762682747717
0.549627400172605,0.107001236061797
0.55867651083933,0.0375712936417661
0.558958525612618,-0.0324428492567367
0.550522110443255,-0.10194400323489
0.533488938527534,-0.169850675638266
0.508141356606062,-0.235112126918046
0.474871195159968,-0.296717741492128
0.434187179516352,-0.353708654788035
0.386713499620475,-0.405193460745684
0.33307656638078,-0.450222950145626
0.274261386643715,-0.488227003792311
0.211177766177002,-0.518614370295109
0.144806312659512,-0.540921879496316
0.0761662403856583,-0.554755008349095
0.00633767959233936,-0.559890060041839
-0.0635829898831879,-0.556276065260179
-0.132503585093077,-0.543968574578716
-0.199357062973665,-0.52318308979754
-0.263105855996746,-0.494239191451793
-0.32276239588219,-0.457585861061431
-0.37740200334601,-0.413791621770993
-0.426131325638974,-0.363492221641886
-0.468093940420048,-0.307425980824156
-0.502777371950413,-0.246593493436837
-0.529597354734061,-0.181911776346832
-0.548145874079253,-0.114393478657027
-0.558130324155599,-0.0450906708021502
-0.559352468823539,0.0249144064798064
-0.551849081394842,0.0945231473375475
-0.535726049250813,0.16265180304776
-0.511254041385826,0.228246048691161
-0.478811289258983,0.290290051488837
-0.438894830976746,0.347818902982281
-0.392120653224396,0.399937202337075
-0.339118928173428,0.445712308243814
-0.280816576875541,0.484501829512109
-0.218145215223217,0.515733863271981
-0.152077993811936,0.538930247381105
-0.0836292415166191,0.553684457211192
-0.0138755464365213,0.559759825291664
0.0560879736884528,0.557086209808111
0.12516786782896,0.545704820642134
0.192294030917363,0.525817762033381
0.256424503248975,0.497730921814912
0.316566429776646,0.461881454651402
0.371787554510594,0.418824970928141
0.421209128839119,0.369205412989225
0.463920616980624,0.313705870100703
0.49941724542898,0.253343190175347
0.52710236854898,0.189026497039603
0.546560943942479,0.121764338821294
0.557479749740522,0.052601830381329
0.559643163341065,-0.0173812279521404
0.553075567814015,-0.0870850319714936
0.537867042458722,-0.155423834915737
0.51427630720829,-0.221339820781786
0.482667851708334,-0.283812069201918
0.443526888886508,-0.341869712843177
0.397457607006448,-0.394609808097941
0.345097463891403,-0.441117001450731
0.287319184959013,-0.480685283074797
0.225071791788853,-0.512756095045851
0.159321118399865,-0.536836805086508
0.0910766328064059,-0.552509869402206
0.0214109326045226,-0.559525264780651
-0.0485825626229881,-0.557793710579942
-0.11780937770766,-0.547341715037279
-0.185196526231312,-0.528357895375957
-0.24969780323804,-0.501134252358237
-0.310315137302256,-0.466095937166684
-0.36610884382424,-0.423785562805988
-0.416194999901708,-0.374838265340167
-0.459659719220926,-0.319926848688372
-0.495963175481333,-0.260045398498048
-0.524508552374282,-0.196105814691987
-0.544873921735606,-0.129112561839852
-0.556725654890576,-0.0601033766198407
-0.55983088351044,0.00984473870032737
-0.554201247571524,0.0796309865389778
-0.539910975921814,0.148167866449305
-0.517206648933013,0.214394179838731
-0.486438891871697,0.277284062881693
-0.448080983582558,0.335860793620721
-0.402725140078203,0.389213932696419
-0.351011823819672,0.43643907358818
-0.293768542892642,0.47677918291962
-0.231956641244822,0.509682873702551
-0.166534654570039,0.534643430471146
-0.0985071499944555,0.551232789654883
-0.0289424177140939,0.559187419771988
0.0410682060227476,0.558398974489188
0.110429455010817,0.548879014461492
0.178065634430471,0.530802598959884
0.242926453272812,0.504447698872845
0.304008721932099,0.470227335688674
0.360365486178493,0.428671041058891
0.411105714214494,0.380403264746523
0.455313530893512,0.326088652028279
0.492417342370374,0.266699558198043
0.521817926346546,0.203148890093005
0.543086522792345,0.136437039612599
0.555869362438405,0.0675939983444049
0.559916365638442,-0.00230635546245308
0.555226247468937,-0.0721624075030414
0.541857308930899,-0.14088512748386
0.520043902841864,-0.207410052666137
0.490122681499892,-0.270706527476232
0.45255492397148,-0.329792100169963
0.407920742454026,-0.383748932371804
0.356862017478949,-0.43168091440449
0.300164253810431,-0.472785676630648
0.23879911003835,-0.506516290584581
0.173717720717566,-0.532352219908761
0.105919642348022,-0.549855003915507
0.0364686479513211,-0.558747620018912
-0.0335463459756094,-0.558902705183639
-0.103029492002316,-0.550316762608481
-0.170902544665489,-0.533151229622183
-0.236111295236541,-0.507669973099427
-0.297647553985708,-0.474273804822214
-0.354557269167815,-0.433479103855852
-0.405942387445228,-0.385899535436913
-0.450884507176472,-0.332191246226674
-0.488782052033726,-0.273305277232878
-0.519032616023844,-0.210155017766826
-0.541200656867694,-0.143736789571059
-0.554912463311895,-0.0750724777708233
-0.559900648939634,-0.00523254334703595
-0.556151014236536,0.0646807143042535
-0.543705803943113,0.133576932620592
-0.522787177636383,0.200388507107055
-0.493717711677033,0.264080142333924
-0.456946676777164,0.323663802292834
-0.413041988876322,0.378214387306601
-0.362648322452446,0.426845093782687
-0.30650612212335,0.468707075474517
-0.245598690986325,0.503258547055179
-0.180869545442124,0.529965304716901
-0.113313058085657,0.548378366749915
-0.0439883456660086,0.558207332797048
0.0260183917026283,0.559305780351665
0.0956108986017443,0.551655197792536
0.163708514859225,0.535403329826103
0.229253286969385,0.510799949367549
0.29123215420801,0.478233617595414
0.348684153818703,0.438207514987932
0.400704356898561,0.391324491914423
0.446375139765713,0.338234752966726
0.485059601444287,0.279862271980733
0.516154720531527,0.217123583459899
0.539218305809227,0.151010937107696
0.553856709364483,0.0825376936969155
0.559784992877021,0.0127706350810647
0.556976258368314,-0.057187324145655
0.545456499544485,-0.126244656289539
0.525435855255996,-0.19333073405941
0.497222719090728,-0.257405767107264
0.461254414173207,-0.317476299979461
0.418086601408003,-0.372610140162359
0.368371230201723,-0.421934267231441
0.312794116448168,-0.464545769909394
0.252354994927783,-0.49991187477683
0.187989444586506,-0.52748477441523
0.120686434702735,-0.546804734775867
0.0515003127342087,-0.557568111472481
-0.0184857091750793,-0.559609223963009
-0.0881750913347659,-0.552894751028516
-0.156484867829495,-0.537558653235888
-0.222353512259541,-0.513836716085563
-0.284763224374759,-0.482105239289532
-0.34274633118278,-0.442854195526198
-0.395391219356784,-0.396675651298456
-0.441787913215774,-0.344219423294042
-0.481252247915238,-0.286370349712372
-0.513186292587082,-0.224054053036081
-0.537141506167474,-0.158258714072973
-0.55270400354419,-0.0899886281073142
-0.559570885926122,-0.0203066641960889
-0.557702983540947,0.0496836409672975
-0.547109765112092,0.118889728923976
-0.527989669611496,0.186238057017474
-0.500636787738686,0.250684471739484
-0.465476634272509,0.31123027941242
-0.423052582943575,0.366936383184192
-0.374009290343582,0.416926413403185
-0.319028378132429,0.460304232188711
-0.259067761344948,0.496478555614019
-0.195076828186153,0.524912713092203
-0.128038905460678,0.545136012041463
-0.059003437077463,0.556831648621586
0.0109496176500815,0.559814276801379
0.0807234976616716,0.554036136043037
0.149233010054521,0.539617277486138
0.215413220026813,0.516779709863309
0.278241713734962,0.485887480622665
0.336744321354741,0.447417391546218
0.390002967542002,0.401950808632647
0.43712534788024,0.350145668563903
0.477362276342605,0.292829441976314
0.510129423522445,0.230946001867812
0.534972430176345,0.165479481562872
0.551456480650303,0.0974243838027487
0.559260137879486,0.0278394550049728
0.558332592451587,-0.0421710506645619
0.548666426431346,-0.111513645123595
0.530448851071214,-0.179111958284696
0.50395951267928,-0.243917587231492
0.469612340306932,-0.30492679349806
0.427938407321041,-0.361193774161889
0.379571075447676,-0.411834426034529
0.325209276065362,-0.455985091491533
0.265736910250159,-0.492961024052419
0.202131242081441,-0.522251329361751
0.135369728330201,-0.543374287379796
0.0664967097997971,-0.555999913861061
-0.00341138416574667,-0.559922544730435
-0.0732575648385774,-0.555080509838587
-0.141954459693175,-0.541579781725037
-0.20843387627778,-0.519628909045763
-0.271668901156154,-0.489579706546888
-0.330679090643129,-0.451895894203658
-0.384540147861538,-0.40714826282983
-0.43239010554124,-0.356014141954189
-0.473392136752383,-0.299239684295768
-0.506986524051195,-0.237799234771771
-0.532712209086418,-0.172672361388299
-0.550113706308812,-0.104843688479331
-0.558852481905296,-0.0353677841062243
-0.558865023287562,0.0346507946631517
-0.550126744950845,0.104117773084588
-0.532813950765925,0.171954029699135
-0.507191687565134,0.237107025187932
-0.473662483977917,0.298568146002723
-0.432745060633253,0.355385041017702
-0.385061505527821,0.406666071135736
-0.331335339878554,0.451588190787335
-0.272360988996473,0.489358969906087
-0.209151247000234,0.519500069642071
-0.142677577452825,0.541519023613941
-0.073978901766202,0.555072516364198
-0.00412777541498663,0.559933932181388
0.065778595556665,0.556028098544342
0.134650723739507,0.543446727789092
0.201417294910338,0.52238516850656
0.265046992615717,0.493182978106239
0.324553305120069,0.456290879221846
0.379005890328795,0.412269146194376
0.427562347350878,0.361806724155362
0.469341647514374,0.305599663895741
0.503757596833804,0.24461251224274
0.53035569804989,0.179834468580087
0.548664988181172,0.112243276134041
0.558338579700537,0.0428897884972145
0.55929277381523,-0.0271237431700877
0.55148617223407,-0.0967026757628858
0.535083386637341,-0.16476526740211
0.51033475838855,-0.230255034136991
0.477631152090382,-0.292158539060717
0.437478692529895,-0.349516887998475
0.390488112389346,-0.40143098702981
0.337386293353709,-0.447088062405594
0.278932812112637,-0.485661801565132
0.216131222637833,-0.516648118152871
0.149958388969499,-0.539559535893712
0.0814474221234549,-0.55403931315896
0.0116665037792149,-0.55984028559829
-0.0582872873122033,-0.556873182832212
-0.127322594763223,-0.545215410211136
-0.194365131157158,-0.52504878743419
-0.258379269352869,-0.496700414906688
-0.318372548199056,-0.460607886762849
-0.373408490559836,-0.417320651794265
-0.422635389702966,-0.367515331974878
-0.465200693030976,-0.31190151325106
-0.500432074767883,-0.251379449295091
-0.527897023888303,-0.186962400096868
-0.547110525551875,-0.119621566910658
-0.557718363872235,-0.0504039261638106
-0.559615470306826,0.0195913508916055
-0.552743778211209,0.0892696051102252
-0.53725572032496,0.15754661157965
-0.513386841785754,0.223362142478617
-0.481516106944262,0.285698007861863
-0.442136836904332,0.343588817663797
-0.395848316562433,0.396128112735116
-0.343366566066728,0.442494270688528
-0.285451319289574,0.481870922325151
-0.223069984785632,0.513696833614262
-0.157210804262429,0.537496862693686
-0.0889007997454223,0.552900905278971
-0.019203325167826,0.559641660192924
0.05078500514621,0.557615260226092
0.119971203227269,0.546884767483889
0.187278168183945,0.527618190199414
0.25166607237434,0.500130009983731
0.312136635500014,0.46484456704265
0.367747212222659,0.422300231144717
0.417636965654585,0.373161288923289
0.460970821881288,0.31814436758166
0.497011372427958,0.258099005736952
0.525337732492612,0.194055010160634
0.545451849005377,0.126977249903593
0.556992836138574,0.057908731769417
0.559833553633385,-0.012055122730552
0.553899373457626,-0.0818199672341801
0.539330165232384,-0.150299242396449
0.516346597806879,-0.216429180632783
0.485315540458298,-0.279186928654657
0.446717339516995,-0.337600686142226
0.401139737453957,-0.390756730452071
0.349287670179132,-0.437824545217989
0.291915876614291,-0.477988420785119
0.229966668255685,-0.51064824172437
0.164433691947122,-0.535332746121419
0.0963376920858511,-0.551658642047906
0.0267367835503432,-0.559338852117379
-0.0432731982115648,-0.55825453699019
-0.112597854929571,-0.548454378828292
-0.180157438809322,-0.530092357914566
-0.244908043923456,-0.503470211682592
-0.305845713751891,-0.468998918486317
-0.362021655096296,-0.42720557532598
-0.412566076080278,-0.378742094050683
-0.456654189335712,-0.324327810543106
-0.493497497264634,-0.264770481579499
-0.522679932768375,-0.201111408659901
-0.543691029426601,-0.134309196041365
-0.556163563412288,-0.0654028369256778
-0.559948031785852,0.00451655452621902
-0.554953295545869,0.0743552436090296
-0.541306405261791,0.143024488292299
-0.519213075171134,0.209457181347514
-0.489027944061911,0.272625915300601
-0.45121824764853,0.331552597739096
-0.406360100121824,0.385316360073056
-0.355147181560307,0.433077830636232
-0.298326181652173,0.474016799980984
-0.236820657467417,0.507504744848371
-0.171626118620636,0.533069351090126
-0.10375689480609,0.550314364051578
-0.0342654814043903,0.558933169793522
0.0357533392628932,0.558791730307912
0.105203956671644,0.549924296395832
0.173004143561266,0.53247069012783
0.238106043024238,0.506719811212897
0.299500178244774,0.473069198887746
0.356231675830426,0.432034544085581
0.407421967312094,0.384255325386235
0.452245819638234,0.33044629669776
0.489892806983879,0.271393443307967
0.519926030690346,0.208130909017034
0.541830400564041,0.141616434952394
0.555232425338336,0.0728849827290191
0.559960256294213,0.00302290783588462
0.555906217443986,-0.0668769310543274
0.543184435414273,-0.135723753873893
0.521985581819733,-0.202447302515447
0.492652007009163,-0.266015742536113
0.455637731063181,-0.325444832296786
0.411507175167737,-0.379806693756673
0.360942643972852,-0.428253214457729
0.304682164670633,-0.469958743306826
0.243631510746357,-0.504268876132636
0.178787309357696,-0.530709027166871
0.11115733802235,-0.548870183815246
0.0417881031819713,-0.558426241063234
-0.0282268812882142,-0.559227905302022
-0.0977909614680101,-0.551294913416393
-0.165819591418321,-0.534752903932225
-0.231261088260095,-0.509877869901519
-0.293100623148848,-0.477053878202474
-0.350377348953262,-0.43678513814418
-0.40220410590047,-0.389698627641944
-0.447747919650705,-0.336499189132234
-0.486199820918583,-0.277967655930308
-0.517078527504,-0.215112976466482
-0.539872352196931,-0.148898124832183
-0.554201428280047,-0.0803540191743992
-0.559871761461342,-0.0105618909085364
-0.556759017529594,0.0593865049152166
-0.544964463062637,0.128398476026158
-0.524663616579485,0.195400784135922
-0.496186575936787,0.25935731007861
-0.459974064536063,0.319277821652635
-0.41657877953177,0.374227588844867
-0.36667158041663,0.423349937240465
-0.310983911182236,0.4658169562438
-0.250398899974246,0.500943140421962
-0.185916613394522,0.528254155410876
-0.118538078226555,0.547328344532045
-0.0493034274290301,0.55781989395247
0.0206952315231394,0.559564381679665
0.0903603367413604,0.552566900122315
0.15860516917077,0.536938999282922
0.224374335562891,0.512943712211732
0.286647833799093,0.48095165642118
0.344458978278088,0.441455536048316
0.396912213016405,0.395069763039343
0.44316700162706,0.3424892644919
0.48242111553068,0.284493041073345
0.51413991516453,0.222057194656046
0.537819228822956,0.156153529838467
0.553072618937964,0.0878089008508226
0.559684197268205,0.0180991028476273
0.557512739330495,-0.0518854035630798
0.546646895110068,-0.121050108799391
0.527246884449336,-0.188318941565401
0.49963069559968,-0.252651650700746
0.464225689784604,-0.313052178790833
0.421572854252555,-0.368579122812613
0.372331578684709,-0.418367475928344
0.317231626777713,-0.461594104969904
0.257122584754545,-0.497529964480422
0.193013490107654,-0.525707102787359
0.125898296610536,-0.545691178451448
0.0568103349259223,-0.557116130805771
-0.0131597380813299,-0.559802727461336
-0.0829135523573899,-0.553741222449565
-0.151362337164497,-0.539029303030036
-0.217447088919424,-0.515916994776271
-0.280142818427496,-0.484761554742123
-0.338477155292206,-0.446044202340495
-0.391546353834784,-0.400366731010811
-0.438502561037118,-0.348414216414389
-0.478559313756091,-0.290969675228311
-0.511112679265012,-0.228963264416342
-0.535673344426596,-0.163382018058962
-0.551848107308624,-0.0952486893989822
-0.559399364310068,-0.0256333377446023
-0.558168647364152,0.0443750268325074
-0.548232415349026,0.11368013011463
-0.529735397816238,0.181203187667088
-0.50298373132835,0.245899973851431
-0.468391356059651,0.306768769590128
-0.42648761766979,0.362861698052713
-0.377920449655507,0.413305685755292
-0.323425654840726,0.457292850227991
-0.263802431963085,0.494031753880229
-0.200077525200504,0.523070281590788
-0.133237312402178,0.543961162473794
-0.0643078206555159,0.556317192411249
0.00562168170199519,0.559944835144335
0.075452080540567,0.554819237221209
0.144092642420242,0.541024583755479
0.210480833194961,0.518797842025749
0.273586866216473,0.48848306944721
0.332432848482103,0.450550055825097
0.386107062569235,0.405587945520439
0.433754633086123,0.354272085849116
0.474617155752309,0.297397831555461
0.507999394908297,0.235831039914163
0.533437097368927,0.170583087168197
0.550530183055403,0.102672570439303
0.559019334570793,0.0331634836564282
0.558728361845743,-0.0368567385587094
0.549722133780835,-0.106290058671131
0.532129644227519,-0.174055069751605
0.506245553038331,-0.23910372772013
0.472470318802836,-0.300428806399412
0.431321773680385,-0.357076171658733
0.383436438958329,-0.408164971319305
0.329543212575863,-0.452883807962226
0.270438479572561,-0.490451030391178
0.207108360572139,-0.520345978282845
0.140554359907386,-0.542139989586411
0.0717948614105348,-0.555424348233068
0.00191774122544377,-0.559991889290495
-0.0679993041122056,-0.555967833681737
