-0.894746969471202,-0.894746969471202
-0.999088631245264,-0.775836451762321
-1.08821192771514,-0.645146359181586
-1.16023986825973,-0.504310890058669
-1.21394968920956,-0.355521337796468
-1.24918398977005,-0.201300027019689
-1.26420467142248,-0.0438199623018415
-1.26001240050315,0.114317532378737
-1.23570613346721,0.270626505339763
-1.19244046607368,0.422789767261441
-1.13019677137397,0.568215842580757
-1.050590192862,0.704920982984966
-0.95427774698092,0.830407496925671
-0.843253811094813,0.943093728025797
-0.718942382142547,1.04091693805022
-0.583356068253512,1.12239617894314
-0.438851321887364,1.18677112885835
-0.287238521669612,1.23193086392956
-0.131252730629827,1.25822420957291
0.0267937721104053,1.26480011488311
0.184425985164415,1.25150871481115
0.339192100802441,1.21880171558533
0.488612473926941,1.16685137033168
0.630457063812152,1.09683484289993
0.762353276779364,1.00949396070506
0.882469955000478,0.906562993461698
0.988569435712235,0.789228083063287
1.07965087394853,0.659880095770713
1.15319057171335,0.519815684802949
1.20914809588641,0.37186112153409
1.24621060623416,0.218078071897362
1.2634906577778,0.060834584189372
1.26153605728238,-0.0973466682349303
1.23921262488511,-0.253961441950023
1.19815857527787,-0.406738491895587
1.13771921379403,-0.55293740572139
1.06010851093198,-0.690787933067597
0.965341123557133,-0.817460569946498
0.856021522467837,-0.931811203292192
0.73282995960688,-1.03105781016065
0.598482855559713,-1.11456867082987
0.454719385840512,-1.18056028631703
0.303786567167119,-1.22791281347724
0.14821439770384,-1.25660489245449
-0.00976250550471515,-1.26492272273779
-0.167583881924888,-1.25406579840449
-0.322718714161214,-1.22312998619799
-0.47292521249578,-1.17349230910101
-0.615569050855474,-1.10510808081267
-0.74880092094871,-1.0198148247863
-0.870074067481468,-0.918245425673977
-0.97795459629184,-0.802547591946846
-1.07043293734418,-0.674211473724674
-1.14608629185412,-0.53529120213493
-1.20425459856722,-0.388181017271373
-1.24298932422889,-0.234804191151994
-1.26268051802803,-0.0778467294933774
-1.26251266609052,0.0803369214156884
-1.24259339601067,0.237269839759343
-1.20331630967033,0.390499540328929
-1.14512836403885,0.537602780274053
-1.06912639072321,0.676331891968077
-0.976313200775354,0.804435611715691
-0.868361408044258,0.920060548723342
-0.74664061430408,1.02109528106443
-0.613562531174808,1.10663230758401
-0.470510092808846,1.17417689973795
-0.320310406151791,1.2237901857008
-0.165100665320139,1.25432392391816
-0.00726700374669224,1.26495134939614
0.150685766626018,1.25625398480592
0.306219473179835,1.22734757134123
0.457104901883946,1.17982083421081
0.600629289224299,1.11328252058696
0.735049680081436,1.02987611988653
0.857613468341887,0.929853680161747
0.967237773125005,0.815794510479787
1.06115252529511,0.688492261014313
1.13890272046715,0.550733778827199
1.19877040834103,0.404314143324366
1.23967271562462,0.251507256108637
1.26176971191766,0.0948613815447532
1.26338229621942,-0.0633280053879095
1.24587121177317,-0.22055191033249
1.20835500075343,-0.374230274648983
1.15244134883083,-0.522216089136572
1.07803749940631,-0.661817310283503
0.98720010909595,-0.791333144585643
0.880565246953902,-0.908178220855444
0.760408253843434,-1.01106819420355
0.628262903909134,-1.09801420463314
0.486268272323969,-1.16772309723952
0.336829880328517,-1.21961961093106
0.181948815881593,-1.25181751741186
0.0242984855585322,-1.2648628486669
-0.133735339223457,-1.25796628112436
-0.289690014220298,-1.23145106623248
-0.441103695342152,-1.18567066880187
-0.585631771249762,-1.12135343522083
-0.72099147247953,-1.03950110781773
-0.845068065973331,-0.941370923717763
-0.955997318301777,-0.828601380143717
-1.05180181010383,-0.70272388701955
-1.13162188419454,-0.566140760387301
-1.19305870930662,-0.420360737219077
-1.23627447908941,-0.26819517352179
-1.26018803291285,-0.111827694668509
-1.26412955350963,0.0463148752944341
-1.24872106465369,0.203752842873122
-1.21328205070358,0.357928711080009
-1.15936771497568,0.50664857485856
-1.0868499373891,0.647244744155444
-0.997796446701188,0.777989760761144
-0.892688505325687,0.89621852923612
-0.774105292812894,1.00093180392284
-0.642934130500058,1.08936509242741
-0.501999041030976,1.16119584874866
-0.353183592645336,1.21483319680483
-0.198780805952991,1.24923370744183
-0.04133691992884,1.26466727693586
0.1167794912632,1.25956150603289
0.273126520946444,1.2354404419386
0.425070199594761,1.19141413199957
0.570572457960641,1.12932059611958
0.706878327177676,1.0490343939377
0.832449120129945,0.952816056497
0.944643606807898,0.841297790756149
1.04236873876984,0.716905415373964
1.12366083344944,0.581206315178907
1.18726641739828,0.43637408412448
1.23278886989515,0.284872148112826
1.25841535741078,0.128768348189775
1.26477411117638,-0.0292946725906143
1.25115137454269,-0.186891316072755
1.21809979956177,-0.341592469116711
1.16590187116629,-0.490915529721583
1.09556298811932,-0.632610536939427
1.0080138860172,-0.764357057299265
0.904744526716675,-0.884189616920833
0.787351461163821,-0.990211958992578
0.657546417763007,-1.08062108983099
0.517705385837521,-1.15458774595267
0.36945784746324,-1.2098040945983
0.215594009935409,-1.24652331156956
0.0583545022508108,-1.26380049507014
-0.0998139020166744,-1.26103912250564
-0.25645055643141,-1.23893862713927
-0.40899645342689,-1.19704050543379
-0.555281880348851,-1.13683894460809
-0.692696607922144,-1.05846265812564
-0.819533075018654,-0.963929567632977
-0.933223712044542,-0.853930442361331
-1.03283050167553,-0.731026110396471
-1.11562311009222,-0.596222022687922
-1.18139955565755,-0.45236202697022
-1.22872299546968,-0.301419782793447
-1.25653144542892,-0.145693071629568
-1.26528868667502,0.0122628231980583
-1.2534821646886,0.170021056562564
-1.22279969284951,0.325215464169529
-1.17233781067553,0.475147618431735
-1.10417164059133,0.617907219788061
-1.01814531810519,0.750667653437392
-0.916720424035359,0.872071990334053
-0.800534374218244,0.979428161311938
-0.672115612512115,1.07179839761182
-0.533105307087335,1.14729294952192
-0.385701844356207,1.20469469353511
-0.232401920132784,1.24373740320583
-0.0753540238476224,1.26273173997825
0.0828364295980222,1.26241165622644
0.239710887136499,1.24209631642009
0.392885413035145,1.20256648572862
0.539846557148447,1.14404618520003
0.678456615515755,1.06780724681392
0.806348375616638,0.974717559815638
0.921724736029871,0.86649347340858
1.02267361039001,0.744708427843798
1.1075007455258,0.61118874946627
1.17543024507904,0.4683201852356
1.22440321848888,0.317896793831532
1.25453044629445,0.162605616403994
1.26512238031977,0.00477593367635635
1.25568419160081,-0.15313398677706
1.22693996323471,-0.308686969493596
1.17865236685892,-0.459331585157685
1.1122766553686,-0.602918977665117
1.02817973034981,-0.736908184313984
0.928335937675092,-0.859605398419347
0.813639745887652,-0.968553815649502
0.68660847469237,-1.06283862084025
0.548440068939701,-1.13988019134108
0.401913195916849,-1.1994783295471
0.249116121949408,-1.24042442585599
0.0923440687612719,-1.26157312984823
-0.0658406741252432,-1.26363417911456
-0.22295731874003,-1.24515463809399
-0.376722089554097,-1.20795840273939
-0.524372680757755,-1.15115908226598
-0.664133237460557,-1.07703620652686
-0.793115203426278,-0.985437265723235
-0.910128442176305,-0.878975629291345
-1.01245566182752,-0.758334946552891
-1.09926802024662,-0.626097989012684
-1.1688703661449,-0.484046989304407
-1.21994644076834,-0.334332208722244
-1.25244286712347,-0.179513791554255
-1.2647852733539,-0.0218054221552699
-1.2577963612553,0.136232074174831
-1.2308174193998,0.292099886182931
-1.1848704998333,0.443474117844413
-1.12014115666366,0.587808980170037
-1.03813207451212,0.723085183414687
-0.939686254777177,0.846902908342446
-0.82668492178559,0.957604493996839
-0.70073038846502,1.05330253156587
-0.563718532368602,1.13236142288628
-0.418095301956259,1.19415153344188
-0.265755128834469,1.23677370666939
-0.10932545286753,1.26028042936031
0.0488101074762249,1.26418148562172
0.206181126337732,1.24808437176239
0.360369488940615,1.2127477163766
0.508842341457911,1.15814705714891
0.649475242922884,1.08572455652928
0.779796739254747,0.996050412842933
0.898153570742045,0.891097024834476
1.00214507344428,0.771888413330194
1.09093467961663,0.640959143786533
1.16208796088588,0.499671658590994
1.21539887984605,0.350743648627794
1.24986846255079,0.196357322140439
1.26434946365031,0.0388296001384122
1.25969815002693,-0.119299189573695
1.23459947369151,-0.275494944033051
1.1909372364371,-0.427551035089434
1.12791653987733,-0.572657470438839
1.04795984934875,-0.709165140006554
0.950961467151688,-0.834139630854289
0.839628971263647,-0.946527405207009
0.714775636592472,-1.04366763805961
0.578964405824407,-1.12477143237804
0.43412043156638,-1.18835958010678
0.282363083456798,-1.23300852171102
0.126308275169413,-1.25892814855126
-0.0317817819562839,-1.26457243380742
-0.189383810301643,-1.25091244242688
-0.343965900750266,-1.21733741614224
-0.493266420754373,-1.16504198792471
-0.634719628966341,-1.09423379591736
-0.766414221669393,-1.00658839859807
-0.885939573014865,-0.90297166956533
-0.991741966093122,-0.78537239722299
-1.08204586965017,-0.655497135069315
-1.15521224976423,-0.515250285476732
-1.21073517109772,-0.367127519798854
-1.24692324261411,-0.213135948012044
-1.26379804310949,-0.0558512050214695
-1.2609680453906,0.102307409365832
-1.23824180602398,0.258858900387024
-1.19637621344394,0.411402773283176
-1.13556646454485,0.557442012329805
-1.05722729399802,0.694866229690819
-0.962135844135349,0.82128834639833
-0.852253192983491,0.935083559470473
-0.728739417106898,1.03392049094468
-0.594168694402788,1.11708279268812
-0.450009912453637,1.18222028101477
-0.298947903306768,1.22914177283492
-0.143245373557585,1.25706622057437
0.014754813875506,1.26487408529441
0.172541512372309,1.25349655250558
0.327537391714849,1.2218234081083
0.477595747320441,1.17173309337275
0.619914850451104,1.10265060078579
0.752902761528179,1.0169699966306
0.873666964106518,0.914779007489476
0.981235014719776,0.798783537455605
1.07298976825634,0.669922819331611
1.14826364757882,0.530798360232464
1.20569816106464,0.383405508264902
1.2438590158707,0.229887796425438
1.26315431930232,0.0728755867411635
1.2620988373394,-0.0853126892878625
1.24178768154337,-0.24219751134355
1.20166742241787,-0.39521267175606
1.14312700583025,-0.542177228829732
1.06636203692838,-0.680489937570737
0.973230079333412,-0.808363180342098
0.86463484308298,-0.923383943288302
0.74265999758036,-1.0241095103968
0.609079206689407,-1.10883397867512
0.465860584207943,-1.17599573675281
0.315520560254599,-1.22520181452573
0.160133766578283,-1.25483272711515
0.0022749537574511,-1.26504088095095
-0.155620298657082,-1.25549184772145
-0.311073922007056,-1.22618128701538
-0.461693727615186,-1.17785192499961
-0.60504456081074,-1.11095208846405
-0.739005590088309,-1.02682918203611
-0.861299614509212,-0.926486346074826
-0.970328103006254,-0.811874812082944
-1.06385649120251,-0.684295144542742
-1.14123680835487,-0.546319304345557
-1.20023214087503,-0.399539873370174
-1.24071680967597,-0.246624964803958
-1.26200422475239,-0.0898760501335773
-1.26311629995687,0.0683135639203072
-1.24504121703279,0.225471821832775
-1.20685627753389,0.378992458297082
-1.15042197423105,0.526778882155148
-1.07540728899588,0.666060641206942
-0.984149443315455,0.795282473163161
-0.876945672576653,0.911616899976736
-0.756510914654326,1.01418886617462
-0.623883045689293,1.10041074524993
-0.481684427474153,1.1697017439432
-0.332000625006704,1.22087181724731
-0.17700300085104,1.25250032205765
-0.0193118853365782,1.26511738168312
0.138689658284418,1.25734532994084
0.294579290694934,1.23043916841888
0.4457493494216,1.18384124120172
0.590118549788721,1.1191625329713
0.725038065893355,1.03657653486269
0.848868175553957,0.938132050273356
0.959160537086635,0.824737867754483
1.05464334957214,0.698618488497314
1.13366933283171,0.5615862453681
1.19467202478969,0.415636163290831
1.23746542627175,0.263345982259853
1.26050067689944,0.106844635741881
1.26401621575067,-0.0513062705954622
1.24774736659306,-0.208650495250172
1.21192409164597,-0.362733063131449
1.15721399688546,-0.511153516449862
1.08434281245115,-0.651562366706134
0.994587702296633,-0.781815530005485
0.889182374077813,-0.899773100067174
0.770033749707849,-1.00382155239402
0.638623481266017,-1.09188409703463
0.497480598444051,-1.16332145353529
0.348352343860311,-1.21609233170132
0.193855233306572,-1.25004964565905
0.0363454304973137,-1.26467990366787
-0.121749895125315,-1.25909305180357
-0.277992356123051,-1.23433742426892
-0.429768245994513,-1.18972540775095
-0.575012665587857,-1.12704521875215
-0.71100890289461,-1.04623023511182
-0.83622988604165,-0.949560639288887
-0.947940772813064,-0.837548891070111
-1.04532852380761,-0.712884311984844
-1.12585561843774,-0.576721919705403
-1.18904656419171,-0.431709161973124
-1.23385593324224,-0.279998896313144
-1.25887167913082,-0.123796293548258
-1.26481095439979,0.0342873487628262
-1.25033652277759,0.191817142025319
-1.21689415223246,0.346437885261837
-1.16389223260728,0.495485844147221
-1.09319377930642,0.63700574545902
-1.00492657043306,0.768280939946893
-0.901353182785525,0.887854075244515
-0.783374430321953,0.993230681005458
-0.653325237496128,1.08328759008554
-0.513080866465761,1.15646749817804
-0.364671106597084,1.21122367271418
-0.21069885716904,1.24750725516952
-0.0533615441976988,1.26388019938208
0.10479666932846,1.26072433207793
0.261304347981947,1.23776602641161
0.41374544236411,1.195498900259
0.559694513994871,1.13450202956478
0.696915662471093,1.05579259659382
0.823217690852761,0.960559179310846
0.936634325246938,0.850284099218754
1.03553669250349,0.726829144934611
1.11795265175261,0.591805981703843
1.18331701676406,0.447751716265689
1.22978813891349,0.296542151601179
1.25713828927953,0.140737635243253
1.26505896910046,-0.017250095500976
1.25281115866174,-0.174968091181055
1.22142081477912,-0.330011278030313
1.17046225114381,-0.479774435666611
1.10164806479,-0.622211980218939
1.01518174167405,-0.754685487352065
0.913267392957759,-0.875672660963423
0.796649191944444,-0.982563511018034
0.667956797297044,-1.07456083558097
0.528524475057398,-1.14927894188697
0.380958655764492,-1.2062540701657
0.227494292694731,-1.24463379563802
0.0703677278730521,-1.26298404723058
-0.0878275004898185,-1.26225861341446
-0.244600068453581,-1.24108559306624
-0.39767810439451,-1.20116592445769
-0.544333143610698,-1.14185585226836
-0.682753579134438,-1.06526441989562
-0.810151060710189,-0.971482209355332
-0.925249850090153,-0.862957362597474
-1.02551729549042,-0.74060446547722
-1.10995533234053,-0.606841126683046
-1.17718874312324,-0.46365127643216
-1.22558026692575,-0.313044072051502
-1.25530646019978,-0.157673199177143
-1.26499399718558,0.0002159481712821
-1.25518608487968,0.15810239618687
-1.22556744139578,0.313488031645593
-1.1769291067949,0.464018000229689
-1.10975671000852,0.607230036215125
-1.02534898929892,0.741021282068549
-0.92482087976057,0.863152385476387
-0.809860284737944,0.971816614280634
-0.682318833770665,1.06539155750856
-0.543915897015777,1.14199303775744
-0.397220671052118,1.20118355160834
-0.244189848103771,1.24124150178804
-0.0873673920994155,1.2619686836005
0.0708126892951887,1.26317184942988
0.22787465626612,1.24429098851336
0.38143622964719,1.20631718370085
0.528920863512516,1.14909979711135
0.668293288247003,1.07427738371213
0.797008684969416,0.982312186372677
0.913560197068697,0.875353939772096
1.01542305084456,0.754319947288353
1.10186811495889,0.621835365721187
1.17063739832173,0.4793767018941
1.22129417185336,0.329524923148836
1.25314101512169,0.174574282246121
1.26482981283254,0.0168131134097329
1.25743668183655,-0.141212471881995
1.22961448909846,-0.296945469757947
1.18328036730249,-0.448207204427409
1.11777410943546,-0.592205000994488
1.03542164930593,-0.727278655323779
0.936295495473629,-0.850567584759679
0.822992833243784,-0.960965724098382
0.696505527413151,-1.0559633519298
0.559277975245587,-1.13464390734095
0.41338772438259,-1.19580035302408
0.260855697993398,-1.23773774766323
0.10436765504439,-1.26088320130743
-0.0537920201122753,-1.2638408291536
-0.211126180043348,-1.24738969373089
-0.365109532743141,-1.21117650570656
-0.513460067430431,-1.15624693827634
-0.65367880955189,-1.08302857208704
-0.783799110102414,-0.993064583479094
-0.901538451869011,-0.887425099444858
-1.00523478923076,-0.767965968528737
-1.09333476209157,-0.636584352561128
-1.16400142597724,-0.495059551996338
-1.21688771025331,-0.345978178826962
-1.25047175880923,-0.191400388364416
-1.26455535547843,-0.0338409973796318
-1.25902385216032,0.124246876347204
-1.23353188154634,0.280372266054933
-1.18905578188425,0.432176521198834
-1.12567554061682,0.577118884709321
-1.04499212482545,0.713181246843631
-0.947679704949436,0.837902099324431
-0.835871808725095,0.949809507254237
-0.710624495535697,1.04644194126621
-0.574599600862613,1.12719660958793
-0.429370841881762,1.18990289449259
-0.277500428616609,1.23413968553577
-0.121342727244375,1.25940754010361
0.0367721760986271,1.26442052670742
0.194342809794997,1.25033418635027
0.348757178288383,1.21593300539035
0.4979331458969,1.16326593967162
0.639014614047668,1.09168816892142
0.77049038361973,1.0037042624955
0.889458176883516,0.899429557024322
0.994956792039689,0.781551757688434
1.08450101551365,0.65114891933328
1.15729667560716,0.510713372389324
1.21224783380586,0.36237402744348
1.2476748937478,0.208199652035521
1.26418478375696,0.0508720383554181
1.26043145155937,-0.107271995619563
1.23735058299566,-0.263772260911942
1.19461291784813,-0.416074961642227
1.13348658618421,-0.561981766630738
1.05436108182782,-0.698955498963887
0.958982850983211,-0.825160534541149
0.848439636089472,-0.938308081238898
0.724699260867109,-1.03685497624551
0.589705558329238,-1.11931220972975
0.445316699343787,-1.18392424568358
0.29412832744871,-1.23044781469411
0.138268159726737,-1.25746432574277
-0.0197476397036681,-1.26485799226205
-0.177458444026467,-1.25262687963218
-0.332366836755091,-1.22055748610615
-0.482141437556323,-1.16966602446363
-0.624281313596003,-1.10022992702652
-0.756791318957676,-1.01383716368247
-0.877281081870192,-0.911334435413572
-0.984357815255303,-0.794893349599452
-1.07560040534217,-0.665666956993622
-1.15049866009674,-0.526333042963172
-1.20704191426108,-0.378596177923623
-1.24479974377357,-0.224984441167722
-1.26342480524441,-0.0678942855913765
-1.26172844837998,0.0902917496889509
-1.24096776634617,0.247121188742589
-1.20007055414648,0.399943028970125
-1.14111252749031,0.546744377287189
-1.06364405569331,0.684677787168894
-0.970179451759183,0.812316209194324
-0.860941079338885,0.926743143005118
-0.738705285931226,1.02715756524154
-0.60464322295324,1.11112565108217
-0.461233902513397,1.1778723762077
-0.310712400605677,1.22653396992353
-0.155172432604949,1.25539461784521
0.0027158342592176,1.2652071103952
0.160558485064737,1.25474994174007
0.315945065518674,1.2250835920626
0.46629418302001,1.1759103122335
0.609492296157029,1.10868213272103
0.742979278424543,1.02380541101666
0.865040338629066,0.923178485760382
0.973388400427007,0.807928212093021
1.06661142031989,0.680130798233945
1.14333522411577,0.541793438350795
1.20172951592086,0.394777128208069
1.24179157643459,0.241748952217308
1.26220903086781,0.0848873843993582
1.26289203221871,-0.073301104001927
1.24396632062114,-0.23034829603204
1.20539468488517,-0.383766208105769
1.14817586213761,-0.531238514084967
1.07280650985591,-0.670322388915269
0.980860795230585,-0.799039850624906
0.8733619676225,-0.915093119155014
0.752482785630786,-1.01713162460696
0.619515381980583,-1.10282951173168
0.477118949726651,-1.17172409234604
0.327141207819771,-1.22201856496381
0.172060776632812,-1.2532088597094
0.0143232205145585,-1.26517624529764
-0.143649202653597,-1.25677250278319
-0.299451559608501,-1.22936057460854
-0.450411402233207,-1.18205533964343
-0.594570583907715,-1.11690843625003
-0.72910880489699,-1.03368605907411
-0.852675449828233,-0.934902931337423
-0.962375965549167,-0.820918508908096
-1.0575191516031,-0.694536864400022
-1.13575658395308,-0.557050532834957
-1.19634698925371,-0.410932377096238
-1.23862157505157,-0.258491524292493
-1.26083824271651,-0.101862795901456
-1.26395908890301,0.0562990324085931
-1.24681704619455,0.213556174834089
-1.21062699221168,0.367555035960563
-1.15509812493283,0.51567599131441
-1.08189123917046,0.655912460922795
-0.99140747198395,0.785664987479582
-0.885719539892821,0.903370390684021
-0.76598138283123,1.00673917045458
-0.63434381460694,1.09445593784262
-0.492903781781873,1.16530638640583
-0.343534318592113,1.21740119119394
-0.188937339398578,1.25091059418038
-0.0313520026104429,1.26465729010492
0.126723817777162,1.25866312207176
0.282822100931898,1.23306998833907
0.434480497332956,1.18807567221887
0.579378491141907,1.12462228622948
0.715165586047025,1.04346450254851
0.839846522501275,0.946117619843057
0.951265544625571,0.833824388182055
1.04810219589971,0.708737184477366
1.12807943365345,0.572251827367012
1.19085216444518,0.427054127591207
1.2348136642747,0.275099024417824
1.2593702169866,0.118828814782793
1.26462408751664,-0.039273123559202
1.24956220485373,-0.196749047597336
1.21554219455109,-0.351240474789698
1.16192048362358,-0.500072464833781
1.09069525477152,-0.641324091372413
1.00187951641083,-0.772235814410977
0.897931231477475,-0.891486722999241
0.779422128410804,-0.996280998639215
0.649105117998357,-1.08595523056062
0.508454725947418,-1.15834586934879
0.359892241024579,-1.21267028514661
0.205804024466151,-1.24848531652261
0.0483706101397301,-1.26401873576264
-0.109783635022675,-1.2604698464261
-0.266169925706783,-1.23664638042316
-0.418509280963504,-1.19400288095371
-0.5641311630033,-1.1322118542506
-0.701160956518407,-1.05316425195199
-0.826946287429906,-0.957238437378531
-0.940084889119648,-0.846675144877983
-1.03827972525003,-0.722656832745747
-1.12030688562555,-0.587403090709656
-1.18517944013067,-0.443122329060773
-1.23085690659093,-0.291664601351199
-1.25778651104726,-0.135787339842088
-1.26483476944148,0.0222383139403304
-1.252192536914,0.179922460658249
-1.21996037568848,0.334785995578741
-1.16862795000287,0.484418082743341
-1.09904886177461,0.626475347400901
-1.01225335305015,0.758729153160622
-0.909688030759628,0.879154233390268
-0.792792117220588,0.985733616058033
-0.663713872478953,1.07718451475994
-0.523954370294113,1.1512901269116
-0.376226143506992,1.20784405682591
-0.222552761471357,1.24535204307727
-0.0653837834705841,1.26327190928105
0.0927967570138323,1.26180056761841
0.24949807065167,1.24011899323473
0.402395457044488,1.19954115374245
0.548837541290553,1.13970274275338
0.686922077841362,1.06252280042953
0.813977987358704,0.968276140941204
0.928711613616332,0.859362980005703
1.02839758885798,0.736526649031184
1.11245330676711,0.602518246240352
1.17885363727148,0.458943648638936
1.22681756003206,0.308207180616426
1.25606408397648,0.152739913836977
1.26493081287177,-0.00520810515463019
1.25471992411143,-0.163073822942311
1.22426159596376,-0.318306934296765
1.17524019539278,-0.468716641238268
1.10729724288032,-0.611575076888606
1.02255075874959,-0.745156542683717
0.921351356914219,-0.866742680905187
0.806095558647843,-0.975096139274768
0.678033450967971,-1.06795411288066
0.539421248619055,-1.14416670878092
0.392539693133758,-1.2029197083455
0.239271764105572,-1.24210367836475
0.0823961344649846,-1.26243763845381
-0.0757873438660987,-1.26274312181962
-0.232800192455775,-1.24347305361329
-0.386148136855918,-1.20466494588422
-0.533489834994712,-1.14708672550675
-0.672449697504079,-1.07151011621018
-0.800935158327612,-0.979228208910714
-0.916881444383569,-0.871625089618101
-1.01841493261267,-0.750322881399837
-1.104328128206,-0.61749603818089
-1.17244973622444,-0.474724121851401
-1.22266730773425,-0.32472521709424
-1.25365632376754,-0.169607769077604
-1.26492751360681,-0.0118215056653168
-1.2567138006628,0.146151698836917
-1.22844643122496,0.301799499751211
-1.1813895906901,0.452826005477073
-1.11544185067032,0.596619167508406
-1.03245367023691,0.731291032634807
-0.932936241166117,0.854260755395962
-0.819250208443636,0.964265879033726
-0.692297843779519,1.05865081643011
-0.554854461748751,1.13695906582073
-0.408606545695695,1.19724282053036
-0.255969656186071,1.23876276108583
-0.0994034091355552,1.26139084479714
0.0587781385365575,1.26358618101772
0.216073891992283,1.24671899556076
0.369871747396828,1.20967670157491
0.518086793149753,1.15436994722092
0.65792184603674,1.08039737395568
0.787810263885784,0.990091209533267
0.904983513503589,0.883811483566168
1.00836316730968,0.764074574566099
1.09569746897145,0.632185198558703
1.16597635590497,0.490474231794434
1.21846354268315,0.341239139689692
1.25112205319246,0.186449926204851
1.26481555643192,0.028854340184444
1.25839431614477,-0.129200257278135
1.23252373991424,-0.285262440905104
1.18720792783914,-0.436815598845422
1.12348896941522,-0.58160764352434
1.04205133532822,-0.717216869482144
0.944434786117518,-0.841696950466673
0.831998988144627,-0.952962098701536
0.706516277581253,-1.04927967931552
0.5701672859994,-1.12948424048221
0.424642915834883,-1.19150779915355
0.272652882814765,-1.23533623025004
0.116359176687652,-1.25971375079654
-0.0417634572962099,-1.26430120836972
-0.199243399278994,-1.24937772490754
-0.353560235638903,-1.21457082424743
-0.502442392535218,-1.16112111770869
-0.643331662772861,-1.0891806788995
-0.774346504617209,-1.00053414816646
-0.893001146021292,-0.895911998649509
-0.998088081673254,-0.777667510752243
-1.08702445293097,-0.646840912002237
-1.15942619297838,-0.506197228363049
-1.21348836546212,-0.357536878594002
-1.24851255391662,-0.203277706781289
-1.26445929278289,-0.0458901043629718
-1.25996156858659,0.112242670598672
-1.23647789758494,0.26868837339519
-1.1929234232458,0.420773054429589
-1.13142446327457,0.566529303437661
-1.05156067338885,0.703088706384192
-0.955854756988696,0.829052458052752
-0.844677725231264,0.941590877003296
-0.720682633296468,1.03982082619717
-0.58522150749101,1.12150853648602
-0.44064869536173,1.18569533720387
-0.289328201959954,1.23182857428019
-0.13329523073681,1.25791365192442
0.0247407492653694,1.26492017863124
0.182379480631751,1.25177720690947
0.337214780677838,1.21936159365563
0.48669905094155,1.16762529781313
0.628681960792002,1.09787006931064
0.760697590441629,1.01072636769656
0.880952296222564,0.907949650455062
0.987325832534528,0.790876309758663
1.07826119164852,0.661441859297712
1.15265752094375,0.521834833652753
1.20843214978764,0.373800863860119
1.24577197693773,0.220086981918852
1.2635229890724,0.0629022200548426
1.26140454074106,-0.0952738332306461
1.23979219259892,-0.251974576668605
1.19851565636036,-0.404687231124211
1.13877470146056,-0.55115684248623
1.06095932224568,-0.688887173110128
0.966823358887798,-0.81601294605829
0.85728761550903,-0.930146010423231
0.734690208683159,-1.03011865842997
0.600223462033574,-1.11344806806079
0.456628596900649,-1.17980258898644
0.305826427612814,-1.22756420761233
0.150216524337221,-1.25600132306583
-0.00770499766819894,-1.26526819399709
-0.165505587436284,-1.2540768369023
-0.320815790353734,-1.22398890555837
-0.470919637595475,-1.17403123011544
-0.613938970902484,-1.10641316340944
-0.746990370735011,-1.02083242495938
-0.868806053264263,-0.919899386807117
-0.976521619005034,-0.804040864803794
-1.06941063432993,-0.675996013569659
-1.14531024724843,-0.537207202866501
-1.20330111038163,-0.39003762968255
-1.24296242648424,-0.236893629690172
-1.26242589765807,-0.0798983188060988
-1.26274810953363,0.078292543390209
-1.24291836029002,0.235230773359793
-1.2040133365572,0.388565115054676
-1.14595224733475,0.535709607525995
-1.0702792936254,0.674629441466167
-0.977586478131001,0.802810458445713
-0.869832722915629,0.9186257658216
-0.748353343254317,1.01994063294435
-0.615179851915558,1.10530647479015
-0.472568832253913,1.17377969927273
-0.322294105488529,1.22321569321697
-0.167125704845064,1.2539652323452
-0.00933125009642106,1.26504354576464
0.148613323320423,1.25624096775441
0.304253061186449,1.22798914022902
0.455089085192148,1.18030996976007
0.598883165931448,1.11439147932452
0.733208190275134,1.03083604971633
0.856214892621279,0.931380161624122
0.965620690025546,0.817124017984304
1.06033952758959,0.690419929054224
1.13787488318414,0.552529318927741
1.19805508208635,0.406240520370413
1.23945696993185,0.25356885413623
1.26123357909215,0.0968858622970484
1.26378971537918,-0.0612854328460351
1.24594163583244,-0.218471320088872
1.20927803724462,-0.372359800484786
1.15303254366095,-0.520221305565328
1.07939669037139,-0.660234637847513
0.988278936531346,-0.789555948389846
0.882287260088013,-0.90699711233424
0.761961682612696,-1.00970051242169
0.630072724235687,-1.09704157741152
0.488229016932889,-1.16706213639197
0.338722255852157,-1.2187344139756
0.184032374990855,-1.25184803330991
0.0263586895054049,-1.26467483201546
-0.131706002416217,-1.25832131341633
-0.287659762233791,-1.23183323853647
-0.439218183866558,-1.18649740359996
-0.58375898409161,-1.12222539060465
-0.71936487854391,-1.04076244603467
-0.84349209023209,-0.942705134242912
-0.954647814865956,-0.830150865902472
-1.05072831471524,-0.704489174455726
-1.13033323645409,-0.567796307187711
-1.19270216028863,-0.422416461359009
-1.23577090358598,-0.270198256167111
-1.25990704969921,-0.113865315632801
-1.26429436455928,0.0442555465748686
-1.24883541667302,0.201688576581661
-1.21398322711965,0.355983983390049
-1.159986633062,0.504675445198166
-1.08800769044815,0.645532377990821
-0.998863794396261,0.776214663360976
-0.894279349347318,0.89489221504171
-0.775494485049804,0.999363115467386
-0.644906124162415,1.08865527581829
-0.503839548230991,1.16025160525298
-0.355126134782542,1.21415675693786
-0.200846625954279,1.24908748749924
-0.0433816339120009,1.26420192751894
0.114754512484753,1.26004463788029
0.271046736513004,1.23557770227282
0.423233601650665,1.19239847852359
0.568590168262135,1.12996607129225
0.705343296540691,1.05044367974745
0.8307046546633,0.953952127897978
0.943542541570084,0.843073259495586
1.04106704871907,0.718514741290529
1.12271392383344,0.583028847679924
1.18672232069442,0.438372751514214
1.23198059232904,0.286799806583459
1.25852613220409,0.130848101110788
1.2646546128743,-0.0272279431846015
1.25163280905798,-0.184884498467889
1.21854198374342,-0.339573304943742
1.16685224643434,-0.48908492004849
1.09648876821927,-0.630762247350365
1.00937788124602,-0.762811413878144
0.906132028495664,-0.882659465500351
0.788961785170105,-0.988936592457616
0.65935949861751,-1.07962958707938
0.519408040066804,-1.15335389419585
0.371505987448404,-1.20947083899691
0.217617058596261,-1.24610656587254
0.0604030545456634,-1.26362068557084
-0.0977617059712481,-1.26127230803526
-0.254403258934086,-1.23918803436859
-0.407073668268596,-1.19779617524265
-0.553359302489097,-1.1375862813098
-0.691023035664304,-1.05967424248403
-0.817832060154523,-0.965102520727781
-0.931956982045755,-0.855568072059335
-1.03129471408054,-0.732460528916945
-1.11500489078165,-0.598225949269602
-1.18055669670081,-0.454249853049585
-1.22808357528943,-0.303378155312743
-1.25647235870781,-0.147763344601391
-1.26492123817112,0.0102005970974631
-1.25403270751077,0.168015350505097
-1.22299239267193,0.323135492430087
-1.17337409471457,0.473343555473306
-1.10487344361162,0.615939641155963
-1.01961046622914,0.749187422863154
-0.917914009982301,0.870363268148541
-0.802354795469781,0.978403055281061
-0.673766839355067,1.07054716505168
-0.53494605588553,1.14638005983962
-0.387721875420421,1.20423725620435
-0.234363505352022,1.24301717774041
-0.0774287804384233,1.26294965661363
0.0807665135749167,1.26237507700027
0.237733685563153,1.24270401867891
0.390875855026283,1.20305913950141
0.53807887529491,1.14511912032673
0.67663271904072,1.06878416927045
0.804885765702133,0.976174713244832
0.920240819151778,0.867931351422204
1.0214606117621,0.746366331376355
1.10657743903875,0.613037147710479
1.17431049106716,0.470091358183807
1.22412378477222,0.319948522167131
1.25420477967488,0.164645206420969
1.26506134370334,0.0068303737543731
1.2559901253982,-0.151091917821021
1.22732126559602,-0.306663680634662
1.1794560292368,-0.457429699787096
1.11314880870086,-0.601054030559657
1.02943773327198,-0.735270454589813
0.929600545289541,-0.857975585692186
0.815318319646249,-0.967343947655704
0.688123785617111,-1.06139024061467
0.550462874676697,-1.13933663947774
0.403844964570579,-1.19874477134384
0.25109594106625,-1.23984640545283
0.0944149955183495,-1.26160052014415
-0.0637655847865173,-1.26335960079806
-0.22097276918363,-1.24576937846315
-0.374645230926801,-1.20821459205665
-0.522600526220992,-1.15224213346527
-0.662185351215903,-1.07780009340753
-0.79168202480411,-0.986944290278261
-0.908450551238936,-0.880219179317963
-1.01151436059645,-0.76020180528862
-1.09812892116445,-0.627824726886874
-1.16799501171707,-0.485907813308264
-1.21959151739148,-0.336374208606965
-1.25184860656248,-0.181510407579901
-1.26510878742327,-0.0238698536091609
-1.25781699270627,0.134159663589102
-1.2315487162643,0.290159205778772
-1.18541877626225,0.441476717922133
-1.12133212977087,0.586110915322205
-1.0391625585534,0.721288878419227
-0.941225074784349,0.845521725725537
-0.828164672740902,0.956160235500518
-0.702434764401466,1.05215541827703
-0.565632809194085,1.13157490524917
-0.419932935517514,1.19316314040222
-0.267815850312778,1.23657683186949
-0.111378786957716,1.26006594033677
0.0467558019396999,1.26423368727791
0.204148198272361,1.2484411855069
0.358376504121536,1.21325536194234
0.506963246177247,1.159001214148
0.647671531379021,1.08671203983336
0.778196668895202,0.997354862108288
0.896586683884992,0.892437406383559
1.00098564872863,0.773600115677127
1.08958224282527,0.642553139331113
1.16159633674726,0.501699702486059
1.21478437088551,0.352715483322384
1.24937006229413,0.198359189713933
1.26447064220579,0.0408974132530943
1.25953193646486,-0.117216548807632
1.23525883563456,-0.273529234332751
1.19127069676401,-0.425483861665631
1.12904348450135,-0.570916882080783
1.04878848777814,-0.707240781223416
0.952506885164354,-0.832752607162157
0.840954311124482,-0.944916755920367
0.716687102408685,-1.04281532382296
0.580755145711623,-1.12373960288089
0.435999676777179,-1.18751683873087
0.284422518953732,-1.23276014827257
0.128327438718517,-1.25841316161841
-0.0297330321402125,-1.26499622213548
-0.18731176319687,-1.25100322731217
-0.342069611548473,-1.2181940776864
-0.491285609966691,-1.16565330504035
-0.633095634322488,-1.09553531287809
-0.764646894480043,-1.0076718492236
-0.88464400841966,-0.904587902818774
-0.990377930343997,-0.786925011330953
-1.08096454312524,-0.657244104284499
-1.15454071733673,-0.517210329664386
-1.20989452771021,-0.36902693122294
-1.24680737199877,-0.21520209636821
-1.26364197244685,-0.0579101194587716
-1.26113694458216,0.100259551240024
-1.23865526880471,0.256836787528325
-1.19701852557706,0.409450648167114
-1.13647024639216,0.555586459492179
-1.05832871808841,0.693131169811404
-0.963480234336112,0.819722241867624
-0.853673569080086,0.933591067507119
-0.730511952472879,1.03285366384495
-0.595829740950831,1.11581955847605
-0.452037273245257,1.18176573822323
-0.300956832436031,1.22866550156496
-0.145266278197685,1.25664938138149
0.0126935893671266,1.26504711794605
0.170457672505354,1.25344409838567
0.325592836370979,1.22253546739363
0.475560833984809,1.17219147220475
0.618207313507366,1.10382237994911
0.751030926555171,1.01789987691614
0.872325583889238,0.916360300882327
0.979687437391002,0.800180476736877
1.07221070405307,0.671862256146551
1.14733350577186,0.532642781752951
1.2049035173269,0.38530877182032
1.24372848775443,0.231960879571067
1.26271896605662,0.0749143262905248
1.2625740236475,-0.0832808355425408
1.2419459552849,-0.240127645917966
1.20264857093564,-0.393368108400732
1.14379723331451,-0.540213195041541
1.06777170358301,-0.678947213962025
0.974381122124479,-0.80663837036163
0.866326478023939,-0.922180803324188
0.744273031889449,-1.02281794141264
0.610853653077641,-1.10779864611812
0.467857517632266,-1.17543504908648
0.317452244519866,-1.22443652109489
0.162201419500447,-1.25479383104939
0.00433858898131209,-1.2649528107884
-0.153608466888541,-1.25598988102565
