2.70938301821029,0.903127672736763,1.80625534547353
2.6969201014027,0.901960060090258,1.80517981774456
2.6844571845951,0.900792447443753,1.80410429001559
2.67199426778751,0.899624834797249,1.80302876228663
2.65953135097992,0.898457222150744,1.80195323455766
2.64706843417233,0.89728960950424,1.8008777068287
2.63460551736474,0.896121996857735,1.79980217909973
2.6224113972067,0.894965043328919,1.79849694745713
2.61032759046184,0.893812464272982,1.79709744595374
2.59824378371698,0.892659885217046,1.79569794445035
2.58615997697212,0.891507306161109,1.79429844294696
2.57407617022726,0.890354727105173,1.79289894144357
2.5619923634824,0.889202148049236,1.79149943994017
2.55006216778173,0.888055716278396,1.78997593217276
2.53834581625757,0.886917842232858,1.78827979347537
2.52662946473342,0.88577996818732,1.78658365477798
2.51491311320927,0.884642094141781,1.78488751608059
2.50319676168511,0.883504220096243,1.7831913773832
2.49148041016096,0.882366346050704,1.78149523868581
2.47980931098101,0.881230299820281,1.77976468083926
2.46844910813904,0.880106811194018,1.77779765375294
2.45708890529707,0.878983322567754,1.77583062666663
2.4457287024551,0.877859833941491,1.77386359958032
2.43436849961314,0.876736345315228,1.77189657249401
2.42300829677117,0.875612856688965,1.7699295454077
2.4116480939292,0.874489368062701,1.76796251832138
2.40055990830777,0.873376966588354,1.76580057012978
2.38952505364743,0.872266738831047,1.76360040623308
2.3784901989871,0.871156511073739,1.76140024233638
2.36745534432676,0.870046283316432,1.75920007843967
2.35642048966642,0.868936055559125,1.75699991454297
2.34546945298198,0.867829274324604,1.75474313700572
2.33473103092587,0.866731235619993,1.75234275199029
2.32399260886977,0.865633196915382,1.74994236697485
2.31325418681367,0.864535158210771,1.74754198195942
2.30251576475757,0.86343711950616,1.74514159694399
2.29177734270146,0.862339080801549,1.74274121192856
2.28124927031192,0.861249765691165,1.74020691565865
2.27079922332445,0.860163686440187,1.73762294743232
2.26034917633699,0.859077607189209,1.73503897920598
2.24989912934952,0.857991527938231,1.73245501097964
2.23944908236206,0.856905448687253,1.7298710427533
2.22904843865644,0.8558214361092,1.72725751800722
2.21887892305609,0.854747092245039,1.72450571616386
2.20870940745574,0.853672748380878,1.72175391432051
2.1985398918554,0.852598404516717,1.71900211247715
2.18837037625505,0.851524060652555,1.7162503106338
2.1782008606547,0.850449716788394,1.71349850879044
2.16820515104835,0.849382708787205,1.71064937658035
2.15831471574248,0.848320144118638,1.70774129136158
2.14842428043661,0.84725757945007,1.70483320614281
2.13853384513074,0.846195014781502,1.70192512092404
2.12864340982487,0.845132450112935,1.69901703570527
2.118752974519,0.844069885444367,1.6961089504865
2.10908811079003,0.843016929059437,1.69308309513765
2.09947506420329,0.841966179839996,1.69003018624038
2.08986201761655,0.840915430620556,1.6869772773431
2.0802489710298,0.839864681401115,1.68392436844582
2.07063592444306,0.838813932181674,1.68087145954854
2.06102385131516,0.837763224819455,1.67781807931776
2.0516803131781,0.836724064045726,1.67463467865552
2.04233677504105,0.835684903271997,1.67145127799329
2.032993236904,0.834645742498268,1.66826787733105
2.02364969876695,0.833606581724539,1.66508447666882
2.0143061606299,0.832567420950809,1.66190107600659
2.00501342786603,0.831530465705885,1.65869497789619
1.99593173623669,0.830502672037227,1.65539459654543
1.98685004460735,0.829474878368569,1.65209421519468
1.97776835297801,0.828447084699911,1.64879383384392
1.96868666134867,0.827419291031253,1.64549345249316
1.95960496971933,0.826391497362595,1.64219307114241
1.95062291932985,0.825368071881233,1.6388518857397
1.94180041133385,0.824351640602847,1.63544536618298
1.93297790333785,0.823335209324462,1.63203884662625
1.92415539534186,0.822318778046077,1.62863232706953
1.91533288734586,0.821302346767691,1.6252258075128
1.90651037934986,0.820285915489306,1.62181928795608
1.89777815922236,0.81927348231493,1.61837911079204
1.88921202529575,0.818268403726686,1.614877019838
1.88064589136913,0.817263325138443,1.61137492888396
1.87207975744252,0.8162582465502,1.60787283792992
1.86351362351591,0.815253167961956,1.60437074697589
1.8549474895893,0.814248089373713,1.60086865602185
1.84646095324664,0.813246572048444,1.59733980872961
1.83814363786209,0.812252625811424,1.59375407864066
1.82982632247753,0.811258679574405,1.59016834855171
1.82150900709298,0.810264733337386,1.58658261846277
1.81319169170842,0.809270787100366,1.58299688837382
1.80487437632387,0.808276840863347,1.57941115828488
1.79662651827449,0.807286034892307,1.57580459220712
1.78855068284259,0.806303006311115,1.57214642234521
1.7804748474107,0.805319977729923,1.5684882524833
1.7723990119788,0.804336949148731,1.56483008262139
1.7643231765469,0.803353920567538,1.56117191275948
1.756247341115,0.802370891986346,1.55751374289757
1.74823253954891,0.801390652642744,1.55383946006516
1.74039571364754,0.800418546757635,1.55011819156999
1.73255888774617,0.799446440872525,1.54639692307482
1.72472206184481,0.798474334987415,1.54267565457964
1.71688523594344,0.797502229102306,1.53895438608447
1.70904841004207,0.796530123217196,1.5352331175893
1.7012115841407,0.795558017332087,1.53151184909412
1.69360611228736,0.794596601349859,1.52773770580019
1.68600567390939,0.793635417943474,1.52396241213088
1.67840523553143,0.79267423453709,1.52018711846157
1.67080479715346,0.791713051130706,1.51641182479227
1.6632043587755,0.790751867724322,1.51263653112296
1.65560392039753,0.789790684317938,1.50886123745366
1.64816435448232,0.788837018731227,1.50505486792039
1.64079306227503,0.787886543680769,1.50123530989964
1.63342177006774,0.786936068630312,1.4974157518789
1.62605047786045,0.785985593579854,1.49359619385815
1.61867918565317,0.785035118529397,1.48977663583741
1.61130789344588,0.784084643478939,1.48595707781666
1.60403109066346,0.783138635038398,1.48212256568783
1.5968819191551,0.782198659856236,1.47826785434761
1.58973274764675,0.781258684674075,1.47441314300738
1.58258357613839,0.780318709491913,1.47055843166715
1.57543440463004,0.779378734309752,1.46670372032693
1.56828523312168,0.778438759127591,1.4628490089867
1.56116875142691,0.777500347555865,1.45899025938522
1.5542393554938,0.776570884620344,1.45510839857266
1.54730995956069,0.775641421684824,1.45122653776011
1.54038056362759,0.774711958749303,1.44734467694755
1.53345116769448,0.773782495813782,1.44346281613499
1.52652177176137,0.772853032878261,1.43958095532243
1.51959237582826,0.77192356994274,1.43569909450987
1.51279469397531,0.771000483740814,1.43180546503364
1.50608257672669,0.770081540016947,1.42790419035311
1.49937045947806,0.76916259629308,1.42400291567258
1.49265834222944,0.768243652569213,1.42010164099205
1.48594622498082,0.767324708845346,1.41620036631152
1.4792341077322,0.766405765121479,1.41229909163099
1.47253538039819,0.765487477756216,1.4083970772534
1.46603361175929,0.764578845085396,1.40448418231594
1.45953184312038,0.763670212414576,1.40057128737849
1.45303007448148,0.762761579743755,1.39665839244103
1.44652830584257,0.761852947072935,1.39274549750358
1.44002653720367,0.760944314402115,1.38883260256612
1.43352476856477,0.760035681731295,1.38491970762867
1.4271291158974,0.759132316742476,1.38100452139412
1.42083098064257,0.758233792596289,1.37708722952589
1.41453284538773,0.757335268450101,1.37316993765766
1.4082347101329,0.756436744303914,1.36925264578943
1.40193657487806,0.755538220157726,1.36533535392119
1.39563843962323,0.754639696011538,1.36141806205296
1.38934030436839,0.753741171865351,1.35750077018473
1.38323927031345,0.75285255961589,1.35358582010957
1.37714255266647,0.751964164431521,1.34967092131839
1.37104583501948,0.751075769247151,1.34575602252721
1.3649491173725,0.750187374062781,1.34184112373603
1.35885239972552,0.749298978878412,1.33792622494484
1.35275568207853,0.748410583694042,1.33401132615366
1.34668787658687,0.747523661907239,1.33009772220087
1.3407902082923,0.746645410512851,1.32619173788668
1.33489253999772,0.745767159118462,1.32228575357248
1.32899487170314,0.744888907724073,1.31837976925828
1.32309720340856,0.744010656329685,1.31447378494408
1.31719953511399,0.743132404935296,1.31056780062989
1.31130186681941,0.742254153540908,1.30666181631569
1.30546422274998,0.741379003159205,1.30276049114343
1.29975898140948,0.740510693058092,1.29886944320684
1.29405374006898,0.739642382956979,1.29497839527024
1.28834849872848,0.738774072855866,1.29108734733364
1.28264325738798,0.737905762754753,1.28719629939705
1.27693801604748,0.73703745265364,1.28330525146045
1.27123277470698,0.736169142552527,1.27941420352386
1.26561656436659,0.735305496269037,1.27553294988289
1.26009734146092,0.734446930594625,1.27166236582449
1.25457811855526,0.733588364920212,1.2677917817661
1.24905889564959,0.7327297992458,1.2639211977077
1.24353967274393,0.731871233571388,1.2600506136493
1.23802044983826,0.731012667896975,1.25618002959091
1.2325012269326,0.730154102222563,1.25230944553251
1.2271006949765,0.7293018434138,1.24845574223462
1.22176540486936,0.728453051352734,1.24461131792583
1.21643011476223,0.727604259291669,1.24076689361703
1.21109482465509,0.726755467230603,1.23692246930824
1.20575953454795,0.725906675169538,1.23307804499945
1.20042424444082,0.725057883108473,1.22923362069065
1.19508895433368,0.724209091047407,1.22538919638186
1.18984312530281,0.723365122744488,1.22156032433918
1.18468952882592,0.722526127638319,1.21774748636723
1.17953593234903,0.72168713253215,1.21393464839528
1.17438233587215,0.72084813742598,1.21012181042332
1.16922873939526,0.720009142319811,1.20630897245137
1.16407514291837,0.719170147213641,1.20249613447942
1.15892154644148,0.718331152107472,1.19868329650747
1.15382748121487,0.717495415655292,1.19488268643446
1.1488492597075,0.716666020319688,1.19110587101191
1.14387103820013,0.715836624984084,1.18732905558937
1.13889281669275,0.71500722964848,1.18355224016682
1.13391459518538,0.714177834312875,1.17977542474427
1.128936373678,0.713348438977271,1.17599860932173
1.12395815217063,0.712519043641667,1.17222179389918
1.11901150434173,0.711691403214882,1.16845244648892
1.11420255213934,0.710871416101902,1.16471566774597
1.10939359993695,0.710051428988922,1.16097888900303
1.10458464773456,0.709231441875942,1.15724211026008
1.09977569553217,0.708411454762962,1.15350533151713
1.09496674332978,0.707591467649982,1.14976855277419
1.09015779112739,0.706771480537003,1.14603177403124
1.08535446193482,0.705951810913017,1.14229649932367
1.08071282493062,0.70514127082853,1.13860447383297
1.07607118792641,0.704330730744043,1.13491244834226
1.0714295509222,0.703520190659557,1.13122042285156
1.066787913918,0.70270965057507,1.12752839736086
1.06214627691379,0.701899110490583,1.12383637187015
1.05750463990959,0.701088570406097,1.12014434637945
1.05286300290538,0.70027803032161,1.11645232088875
1.04830848647835,0.699472489309931,1.11278624046424
1.04383205551646,0.698671428926572,1.10914341439165
1.03935562455457,0.697870368543213,1.10550058831907
1.03487919359268,0.697069308159855,1.10185776224649
1.03040276263079,0.696268247776496,1.0982149361739
1.0259263316689,0.695467187393138,1.09457211010132
1.02144990070701,0.694666127009779,1.09092928402874
1.01697682582712,0.693865262430049,1.08728755902891
1.0126595815941,0.693073489465495,1.08369695938282
1.00834233736108,0.692281716500941,1.08010635973674
1.00402509312806,0.691489943536386,1.07651576009065
0.999707848895036,0.690698170571832,1.07292516044457
0.995390604662014,0.689906397607278,1.06933456079848
0.991073360428993,0.689114624642724,1.0657439611524
0.986756116195971,0.68832285167817,1.06215336150631
0.982517834931998,0.68753576398433,1.05859102558514
0.978353970351113,0.686753091807157,1.05505532610741
0.974190105770228,0.685970419629985,1.05151962662968
0.970026241189343,0.685187747452812,1.04798392715195
0.965862376608457,0.68440507527564,1.04444822767422
0.961698512027572,0.683622403098467,1.0409125281965
0.957534647446687,0.682839730921295,1.03737682871877
0.95337207991749,0.68205713705308,1.0338416320075
0.94935977436928,0.681283615189684,1.03036468022598
0.94534746882107,0.680510093326289,1.02688772844447
0.94133516327286,0.679736571462893,1.02341077666295
0.93732285772465,0.678963049599497,1.01993382488144
0.933310552176439,0.678189527736101,1.01645687309992
0.929298246628229,0.677416005872705,1.0129799213184
0.925285941080019,0.67664248400931,1.00950296953689
0.921289941901803,0.675869964345092,1.00603281180604
0.917427217584236,0.675105635832912,1.00261818305902
0.913564493266669,0.674341307320732,0.999203554312005
0.909701768949101,0.673576978808552,0.995788925564988
0.905839044631534,0.672812650296372,0.992374296817971
0.901976320313967,0.672048321784193,0.988959668070955
0.898113595996399,0.671283993272013,0.985545039323938
0.894250871678832,0.670519664759833,0.982130410576921
0.890418280780004,0.669757222615928,0.978729210386726
0.886699412758411,0.66900189958551,0.9753786892825
0.882980544736818,0.668246576555091,0.972028168178275
0.879261676715225,0.667491253524673,0.968677647074049
0.875542808693632,0.666735930494255,0.965327125969824
0.871823940672039,0.665980607463837,0.961976604865598
0.868105072650446,0.665225284433419,0.958626083761372
0.864386204628853,0.664469961403001,0.955275562657147
0.860710212469226,0.663717372924171,0.95194537394643
0.857129687460124,0.662970873182363,0.948660457227519
0.853549162451022,0.662224373440555,0.945375540508608
0.84996863744192,0.661477873698747,0.942090623789697
0.846388112432817,0.660731373956939,0.938805707070786
0.842807587423715,0.659984874215131,0.935520790351875
0.839227062414613,0.659238374473323,0.932235873632964
0.83564653740551,0.658491874731515,0.928950956914053
0.832122094344111,0.657749021197728,0.925694228727668
0.828678228007768,0.657011406417464,0.92247800091133
0.825234361671425,0.656273791637201,0.919261773094993
0.821790495335082,0.655536176856938,0.916045545278656
0.818346628998739,0.654798562076674,0.912829317462319
0.814902762662396,0.654060947296411,0.909613089645982
0.811458896326053,0.653323332516147,0.906396861829644
0.80801502998971,0.652585717735884,0.903180634013307
0.804580547889109,0.651848725236252,0.89996938311123
0.801271495733189,0.651120050156097,0.896824653777608
0.797962443577269,0.650391375075943,0.893679924443987
0.794653391421349,0.649662699995788,0.890535195110365
0.791344339265428,0.648934024915633,0.887390465776743
0.788035287109508,0.648205349835479,0.884245736443121
0.784726234953588,0.647476674755324,0.881101007109499
0.781417182797668,0.646747999675169,0.877956277775878
0.778108130641748,0.646019324595015,0.874811548442256
0.774893373959564,0.645297030961863,0.871719439434639
0.771713699694,0.644577111531559,0.868646907699678
0.768534025428436,0.643857192101255,0.865574375964717
0.765354351162873,0.643137272670951,0.862501844229757
0.762174676897309,0.642417353240648,0.859429312494796
0.758995002631746,0.641697433810344,0.856356780759836
0.755815328366182,0.64097751438004,0.853284249024875
0.752635654100619,0.640257594949737,0.850211717289914
0.749504159429992,0.639541004089,0.847167386722314
0.746448638076634,0.638829661974585,0.844167525939859
0.743393116723276,0.63811831986017,0.841167665157403
0.740337595369919,0.637406977745755,0.838167804374948
0.737282074016561,0.636695635631341,0.835167943592493
0.734226552663203,0.635984293516926,0.832168082810038
0.731171031309846,0.635272951402511,0.829168222027582
0.728115509956488,0.634561609288097,0.826168361245127
0.725065787454381,0.633850676423302,0.823172052112565
0.722132874986959,0.633147987339947,0.820247286175248
0.719199962519537,0.632445298256592,0.817322520237932
0.716267050052115,0.631742609173237,0.814397754300615
0.713334137584693,0.631039920089881,0.811472988363298
0.710401225117271,0.630337231006526,0.808548222425981
0.707468312649849,0.629634541923171,0.805623456488664
0.704535400182427,0.628931852839816,0.802698690551347
0.701602487715005,0.628229163756461,0.79977392461403
0.698694575094056,0.62752827805387,0.796865130305617
0.695882563199682,0.626834310214788,0.794017604006115
0.693070551305309,0.626140342375705,0.791170077706612
0.690258539410935,0.625446374536622,0.78832255140711
0.687446527516562,0.62475240669754,0.785475025107608
0.684634515622188,0.624058438858457,0.782627498808106
0.681822503727815,0.623364471019374,0.779779972508603
0.679010491833441,0.622670503180291,0.776932446209101
0.676198479939068,0.621976535341209,0.774084919909599
0.673428861794964,0.621285695505804,0.77126559598169
0.670732596043245,0.620600267943476,0.768495069610357
0.668036330291525,0.619914840381148,0.765724543239024
0.665340064539806,0.619229412818819,0.762954016867692
0.662643798788086,0.618543985256491,0.760183490496359
0.659947533036366,0.617858557694163,0.757412964125026
0.657251267284647,0.617173130131834,0.754642437753693
0.654555001532927,0.616487702569506,0.75187191138236
0.651858735781208,0.615802275007177,0.749101385011027
0.64922072468209,0.615121245385184,0.746371127604529
0.646635261967624,0.614444182908303,0.743677194662416
0.644049799253159,0.613767120431423,0.740983261720303
0.641464336538693,0.613090057954543,0.73828932877819
0.638878873824227,0.612412995477662,0.735595395836077
0.636293411109762,0.611735933000782,0.732901462893964
0.633707948395296,0.611058870523902,0.730207529951851
0.63112248568083,0.610381808047021,0.727513597009738
0.628537022966365,0.609704745570141,0.724819664067625
0.626026528501413,0.609033478425332,0.722179492126257
0.623550471066571,0.608364873394501,0.71956401556211
0.62107441363173,0.607696268363671,0.716948538997964
0.618598356196888,0.607027663332841,0.714333062433817
0.616122298762046,0.60635905830201,0.71171758586967
0.613646241327204,0.60569045327118,0.709102109305524
0.611170183892362,0.60502184824035,0.706486632741377
0.60869412645752,0.60435324320952,0.703871156177231
0.606218069022678,0.603684638178689,0.701255679613084
0.603771349908772,0.603018356971619,0.698661977138259
0.60140312990398,0.602358293506026,0.696126534528315
0.599034909899188,0.601698230040432,0.69359109191837
0.596666689894395,0.601038166574838,0.691055649308425
0.594298469889603,0.600378103109245,0.68852020669848
0.591930249884811,0.599718039643651,0.685984764088536
0.589562029880019,0.599057976178058,0.683449321478591
0.587193809875227,0.598397912712464,0.680913878868646
0.584825589870434,0.59773784924687,0.678378436258702
0.582457369865642,0.597077785781277,0.675842993648757
0.580177577919487,0.596424904966037,0.673375395619529
0.577912314483736,0.59577320424241,0.670918944286407
0.575647051047986,0.595121503518783,0.668462492953284
0.573381787612235,0.594469802795156,0.666006041620162
0.571116524176484,0.59381810207153,0.663549590287039
0.568851260740733,0.593166401347903,0.661093138953917
0.566585997304983,0.592514700624276,0.658636687620794
0.564320733869232,0.591862999900649,0.656180236287672
0.562055470433481,0.591211299177023,0.653723784954549
0.559834015075313,0.590563248748895,0.651302027010905
0.557667039199012,0.589919737807967,0.648923413573646
0.555500063322711,0.589276226867039,0.646544800136386
0.55333308744641,0.588632715926111,0.644166186699126
0.551166111570109,0.587989204985183,0.641787573261867
0.548999135693807,0.587345694044255,0.639408959824607
0.546832159817506,0.586702183103327,0.637030346387348
0.544665183941205,0.586058672162399,0.634651732950088
0.542498208064904,0.585415161221471,0.632273119512829
0.540334390009109,0.584771920441848,0.629897084473931
0.538264459282086,0.584136712013408,0.627597709566356
0.536194528555062,0.583501503584968,0.62529833465878
0.534124597828039,0.582866295156528,0.622998959751205
0.532054667101015,0.582231086728088,0.62069958484363
0.529984736373992,0.581595878299649,0.618400209936054
0.527914805646969,0.580960669871209,0.616100835028479
0.525844874919945,0.580325461442769,0.613801460120903
0.523774944192922,0.579690253014329,0.611502085213328
0.521705013465898,0.579055044585889,0.609202710305752
0.519635082738875,0.578419836157449,0.606903335398177
0.517656323625806,0.577792642314301,0.604680563556292
0.515682017242509,0.577165839895425,0.602461532930959
0.513707710859211,0.576539037476549,0.600242502305625
0.511733404475913,0.575912235057673,0.598023471680292
0.509759098092615,0.575285432638796,0.595804441054958
0.507784791709318,0.57465863021992,0.593585410429625
0.50581048532602,0.574031827801044,0.591366379804292
0.503836178942722,0.573405025382168,0.589147349178958
0.501861872559425,0.572778222963291,0.586928318553624
0.499887566176127,0.572151420544415,0.584709287928291
0.49799282955729,0.571531812199812,0.582558999544941
0.496109529663215,0.570913237874196,0.580418591624432
0.49422622976914,0.570294663548581,0.578278183703922
0.492342929875065,0.569676089222966,0.576137775783413
0.49045962998099,0.569057514897351,0.573997367862904
0.488576330086915,0.568438940571736,0.571856959942395
0.48669303019284,0.567820366246121,0.569716552021886
0.484809730298766,0.567201791920506,0.567576144101377
0.482926430404691,0.566583217594891,0.565435736180868
0.481043130510616,0.565964643269276,0.563295328260358
0.479228698617199,0.565352475419913,0.56121602869662
0.477432000503973,0.564741957263304,0.559152464774347
0.475635302390747,0.564131439106694,0.557088900852074
0.473838604277521,0.563520920950085,0.5550253369298
0.472041906164295,0.562910402793475,0.552961773007527
0.470245208051069,0.562299884636866,0.550898209085254
0.468448509937844,0.561689366480256,0.54883464516298
0.466651811824618,0.561078848323647,0.546771081240707
0.464855113711392,0.560468330167038,0.544707517318434
0.463058415598166,0.559857812010428,0.54264395339616
0.461322966799198,0.559253162387286,0.540636163189799
0.459611797891748,0.558650839114368,0.538650482288468
0.457900628984298,0.55804851584145,0.536664801387137
0.456189460076848,0.557446192568532,0.534679120485806
0.454478291169398,0.556843869295614,0.532693439584474
0.452767122261948,0.556241546022696,0.530707758683143
0.451055953354498,0.555639222749778,0.528722077781812
0.449344784447048,0.55503689947686,0.526736396880481
0.447633615539598,0.554434576203942,0.52475071597915
0.445922446632147,0.553832252931024,0.522765035077819
0.444211277724697,0.553229929658106,0.520779354176488
0.442571529684999,0.552634660652087,0.518860302412081
0.440944626773692,0.552040660364397,0.51695323397755
0.439317723862385,0.551446660076708,0.51504616554302
0.437690820951078,0.550852659789019,0.51313909710849
0.436063918039771,0.550258659501329,0.51123202867396
0.434437015128464,0.54966465921364,0.50932496023943
0.432810112217156,0.54907065892595,0.5074178918049
0.431183209305849,0.548476658638261,0.50551082337037
0.429556306394542,0.547882658350572,0.50360375493584
0.427929403483235,0.547288658062882,0.501696686501309
0.426302500571928,0.546694657775193,0.499789618066779
0.424753817338243,0.54610863078885,0.49795726988547
0.423206811349459,0.545522774772005,0.496126523911783
0.421659805360674,0.54493691875516,0.494295777938096
0.420112799371889,0.544351062738315,0.492465031964409
0.418565793383105,0.54376520672147,0.490634285990722
0.41701878739432,0.543179350704625,0.488803540017035
0.415471781405535,0.54259349468778,0.486972794043348
0.413924775416751,0.542007638670935,0.485142048069661
0.412377769427966,0.54142178265409,0.483311302095974
0.410830763439182,0.540835926637245,0.481480556122287
0.409292123338801,0.540250951100931,0.479657986451363
0.407820860834912,0.539673066821292,0.477901267482935
0.406349598331023,0.539095182541652,0.476144548514507
0.404878335827134,0.538517298262013,0.474387829546079
0.403407073323245,0.537939413982374,0.472631110577652
0.401935810819357,0.537361529702734,0.470874391609224
0.400464548315468,0.536783645423095,0.469117672640796
0.398993285811579,0.536205761143456,0.467360953672368
0.39752202330769,0.535627876863816,0.46560423470394
0.396050760803801,0.535049992584177,0.463847515735512
0.394579498299913,0.534472108304538,0.462090796767084
0.393126345227945,0.533896194372339,0.460352174723187
0.391729948142371,0.533326455620731,0.458670269466815
0.390333551056798,0.532756716869123,0.456988364210442
0.388937153971224,0.532186978117515,0.45530645895407
0.38754075688565,0.531617239365907,0.453624553697697
0.386144359800076,0.5310475006143,0.451942648441325
0.384747962714502,0.530477761862692,0.450260743184952
0.383351565628929,0.529908023111084,0.44857883792858
0.381955168543355,0.529338284359476,0.446896932672207
0.380558771457781,0.528768545607868,0.445215027415834
0.379162374372207,0.528198806856261,0.443533122159462
0.377765977286633,0.527629068104653,0.441851216903089
0.376399998771037,0.527062754194153,0.440200344320219
0.375077379503233,0.526501322121766,0.438593706340784
0.373754760235429,0.52593989004938,0.43698706836135
0.372432140967625,0.525378457976993,0.435380430381915
0.371109521699821,0.524817025904606,0.433773792402481
0.369786902432017,0.524255593832219,0.432167154423046
0.368464283164213,0.523694161759832,0.430560516443612
0.36714166389641,0.523132729687446,0.428953878464177
0.365819044628606,0.522571297615059,0.427347240484742
0.364496425360802,0.522009865542672,0.425740602505308
0.363173806092998,0.521448433470285,0.424133964525873
0.361851186825194,0.520887001397898,0.422527326546439
0.360569145395496,0.520330303621863,0.420962935987129
0.359316163002585,0.519776996220925,0.419428800103594
0.358063180609673,0.519223688819987,0.417894664220059
0.356810198216762,0.518670381419049,0.416360528336525
0.355557215823851,0.518117074018111,0.41482639245299
0.35430423343094,0.517563766617173,0.413292256569455
0.353051251038029,0.517010459216235,0.411758120685921
0.351798268645118,0.516457151815297,0.410223984802386
0.350545286252207,0.515903844414359,0.408689848918851
0.349292303859296,0.515350537013421,0.407155713035317
0.348039321466385,0.514797229612483,0.405621577151782
0.346786339073474,0.514243922211545,0.404087441268247
0.345582848253248,0.513696601401469,0.402605859357759
0.344395581883953,0.513151243130557,0.401141505821934
0.343208315514658,0.512605884859646,0.399677152286109
0.342021049145363,0.512060526588734,0.398212798750284
0.340833782776068,0.511515168317822,0.396748445214459
0.339646516406773,0.51096981004691,0.395284091678634
0.338459250037478,0.510424451775998,0.39381973814281
0.337271983668183,0.509879093505086,0.392355384606985
0.336084717298888,0.509333735234175,0.39089103107116
0.334897450929593,0.508788376963263,0.389426677535335
0.333710184560298,0.508243018692351,0.38796232399951
0.332522918191003,0.507697660421439,0.386497970463685
0.331395753254993,0.507159851241176,0.385098678973438
0.330273565588215,0.506622667234965,0.383704775562973
0.329151377921436,0.506085483228755,0.382310872152508
0.328029190254658,0.505548299222544,0.380916968742043
0.326907002587879,0.505011115216334,0.379523065331577
0.325784814921101,0.504473931210123,0.378129161921112
0.324662627254323,0.503936747203912,0.376735258510647
0.323540439587544,0.503399563197702,0.375341355100182
0.322418251920766,0.502862379191491,0.373947451689717
0.321296064253987,0.502325195185281,0.372553548279252
0.320173876587209,0.50178801117907,0.371159644868787
0.31905168892043,0.50125082717286,0.369765741458322
0.317929501253652,0.500713643166649,0.368371838047857
0.316863634034054,0.500183813702137,0.367039995885434
0.315805646832888,0.499655013240892,0.365716836959792
0.314747659631722,0.499126212779646,0.36439367803415
0.313689672430556,0.498597412318401,0.363070519108508
0.31263168522939,0.498068611857156,0.361747360182866
0.311573698028224,0.49753981139591,0.360424201257225
0.310515710827057,0.497011010934665,0.359101042331583
0.309457723625891,0.49648221047342,0.357777883405941
0.308399736424725,0.495953410012174,0.356454724480299
0.307341749223559,0.495424609550929,0.355131565554657
0.306283762022393,0.494895809089684,0.353808406629015
0.305225774821227,0.494367008628438,0.352485247703373
0.304167787620061,0.493838208167193,0.351162088777731
0.303159871734363,0.493316217130497,0.349895082095887
0.302162138888349,0.492795610931401,0.348639495136525
0.301164406042335,0.492275004732306,0.347383908177162
0.300166673196321,0.491754398533211,0.3461283212178
0.299168940350307,0.491233792334116,0.344872734258438
0.298171207504293,0.490713186135021,0.343617147299076
0.297173474658279,0.490192579935926,0.342361560339714
0.296175741812265,0.489671973736831,0.341105973380351
0.295178008966251,0.489151367537735,0.339850386420989
0.294180276120237,0.48863076133864,0.338594799461627
0.293182543274224,0.488110155139545,0.337339212502265
0.29218481042821,0.48758954894045,0.336083625542902
0.291187077582196,0.487068942741355,0.33482803858354
0.290233710983005,0.486554623793006,0.333623065062165
0.289292514442781,0.486042029493863,0.33243197526026
0.288351317902557,0.48552943519472,0.331240885458355
0.287410121362333,0.485016840895576,0.33004979565645
0.28646892482211,0.484504246596433,0.328858705854545
0.285527728281886,0.48399165229729,0.32766761605264
0.284586531741662,0.483479057998146,0.326476526250735
0.283645335201438,0.482966463699003,0.32528543644883
0.282704138661214,0.48245386939986,0.324094346646925
0.28176294212099,0.481941275100716,0.32290325684502
0.280821745580767,0.481428680801573,0.321712167043114
0.279880549040543,0.48091608650243,0.320521077241209
0.278939352500319,0.480403492203286,0.319329987439304
0.278038909389253,0.479896924964969,0.318186167285147
0.277152898480331,0.479392492117843,0.317059086952046
0.276266887571409,0.478888059270716,0.315932006618946
0.275380876662487,0.478383626423589,0.314804926285846
0.274494865753565,0.477879193576463,0.313677845952746
0.273608854844644,0.477374760729336,0.312550765619646
0.272722843935722,0.47687032788221,0.311423685286546
0.2718368330268,0.476365895035083,0.310296604953446
0.270950822117878,0.475861462187956,0.309169524620346
0.270064811208957,0.47535702934083,0.308042444287246
0.269178800300035,0.474852596493703,0.306915363954146
0.268292789391113,0.474348163646577,0.305788283621046
0.267406778482191,0.47384373079945,0.304661203287946
0.266520767573269,0.473339297952323,0.303534122954846
0.265666656674209,0.472839793220161,0.302444599486753
0.264834367904183,0.472343659708294,0.301380767883891
0.264002079134156,0.471847526196426,0.30031693628103
0.26316979036413,0.471351392684558,0.299253104678168
0.262337501594103,0.470855259172691,0.298189273075306
0.261505212824076,0.470359125660823,0.297125441472445
0.26067292405405,0.469862992148955,0.296061609869583
0.259840635284023,0.469366858637088,0.294997778266722
0.259008346513997,0.46887072512522,0.29393394666386
0.25817605774397,0.468374591613353,0.292870115060998
0.257343768973943,0.467878458101485,0.291806283458137
0.256511480203917,0.467382324589617,0.290742451855275
0.25567919143389,0.46688619107775,0.289678620252414
0.254846902663864,0.466390057565882,0.288614788649552
0.254037146170404,0.465897566307934,0.287577877621031
0.253255027938943,0.465409542666375,0.286573987573971
0.252472909707482,0.464921519024816,0.285570097526911
0.251690791476021,0.464433495383258,0.284566207479851
0.250908673244561,0.463945471741699,0.283562317432791
0.2501265550131,0.46345744810014,0.282558427385731
0.249344436781639,0.462969424458582,0.281554537338671
0.248562318550178,0.462481400817023,0.28055064729161
0.247780200318717,0.461993377175464,0.27954675724455
0.246998082087256,0.461505353533905,0.27854286719749
0.246215963855795,0.461017329892347,0.27753897715043
0.245433845624334,0.460529306250788,0.27653508710337
0.244651727392873,0.460041282609229,0.27553119705631
0.243869609161412,0.459553258967671,0.27452730700925
0.243101750007735,0.459067648658354,0.273540700412121
0.242366470221293,0.458587552368847,0.272593583315714
0.241631190434851,0.45810745607934,0.271646466219307
0.24089591064841,0.457627359789833,0.270699349122901
0.240160630861968,0.457147263500326,0.269752232026494
0.239425351075527,0.456667167210819,0.268805114930087
0.238690071289085,0.456187070921312,0.26785799783368
0.237954791502643,0.455706974631805,0.266910880737274
0.237219511716202,0.455226878342298,0.265963763640867
0.23648423192976,0.454746782052791,0.26501664654446
0.235748952143319,0.454266685763284,0.264069529448053
0.235013672356877,0.453786589473777,0.263122412351647
0.234278392570436,0.45330649318427,0.26217529525524
0.233543112783994,0.452826396894763,0.261228178158833
0.232814990689771,0.452347570403255,0.260289857194219
0.232124516929795,0.451875422849319,0.259397802498071
0.231434043169818,0.451403275295382,0.258505747801923
0.230743569409842,0.450931127741446,0.257613693105775
0.230053095649865,0.45045898018751,0.256721638409626
0.229362621889889,0.449986832633573,0.255829583713478
0.228672148129912,0.449514685079637,0.25493752901733
0.227981674369935,0.449042537525701,0.254045474321182
0.227291200609959,0.448570389971764,0.253153419625034
0.226600726849982,0.448098242417828,0.252261364928885
0.225910253090006,0.447626094863892,0.251369310232737
0.225219779330029,0.447153947309955,0.250477255536589
0.224529305570053,0.446681799756019,0.249585200840441
0.223838831810076,0.446209652202083,0.248693146144293
0.2231483580501,0.445737504648146,0.247801091448144
0.222470121974989,0.445267633616169,0.246924257515289
0.221822470781145,0.444803452153303,0.246085463885252
0.221174819587302,0.444339270690438,0.245246670255216
0.220527168393458,0.443875089227573,0.244407876625179
0.219879517199614,0.443410907764707,0.243569082995142
0.219231866005771,0.442946726301842,0.242730289365105
0.218584214811927,0.442482544838976,0.241891495735068
0.217936563618083,0.442018363376111,0.241052702105032
0.217288912424239,0.441554181913245,0.240213908474995
0.216641261230396,0.44109000045038,0.239375114844958
0.215993610036552,0.440625818987514,0.238536321214921
0.215345958842708,0.440161637524649,0.237697527584884
0.214698307648864,0.439697456061783,0.236858733954848
0.214050656455021,0.439233274598918,0.236019940324811
0.213403005261177,0.438769093136052,0.235181146694774
0.21277177311293,0.438308118599154,0.234363015368249
0.212163992875611,0.437851724629483,0.23357439674992
0.211556212638293,0.437395330659811,0.232785778131592
0.210948432400975,0.43693893669014,0.231997159513263
0.210340652163657,0.436482542720468,0.231208540894934
0.209732871926338,0.436026148750797,0.230419922276605
0.20912509168902,0.435569754781125,0.229631303658277
0.208517311451702,0.435113360811454,0.228842685039948
0.207909531214383,0.434656966841782,0.228054066421619
0.207301750977065,0.43420057287211,0.22726544780329
0.206693970739747,0.433744178902439,0.226476829184962
0.206086190502429,0.433287784932767,0.225688210566633
0.20547841026511,0.432831390963096,0.224899591948304
0.204870630027792,0.432374996993424,0.224110973329975
0.204262849790474,0.431918603023753,0.223322354711646
0.20367502811625,0.431466304775337,0.22255914440165
0.203104357114541,0.4310175260375,0.221817767806502
0.202533686112832,0.430568747299664,0.221076391211353
0.201963015111122,0.430119968561827,0.220335014616204
0.201392344109413,0.42967118982399,0.219593638021055
0.200821673107704,0.429222411086154,0.218852261425906
0.200251002105995,0.428773632348317,0.218110884830757
0.199680331104286,0.428324853610481,0.217369508235608
0.199109660102577,0.427876074872644,0.216628131640459
0.198538989100868,0.427427296134808,0.215886755045311
0.197968318099158,0.426978517396971,0.215145378450162
0.197397647097449,0.426529738659134,0.214404001855013
0.19682697609574,0.426080959921298,0.213662625259864
0.196256305094031,0.425632181183461,0.212921248664715
0.195685634092322,0.425183402445625,0.212179872069566
0.195138513827978,0.42473970738397,0.211468808439855
0.194603318236507,0.424298586389298,0.210773093467429
0.194068122645035,0.423857465394625,0.210077378495003
0.193532927053564,0.423416344399953,0.209381663522577
0.192997731462092,0.422975223405281,0.208685948550151
0.192462535870621,0.422534102410608,0.207990233577725
0.191927340279149,0.422092981415936,0.207294518605299
0.191392144687678,0.421651860421264,0.206598803632873
0.190856949096206,0.421210739426591,0.205903088660447
0.190321753504735,0.420769618431919,0.205207373688021
0.189786557913263,0.420328497437247,0.204511658715595
0.189251362321792,0.419887376442574,0.203815943743169
0.188716166730321,0.419446255447902,0.203120228770743
0.188180971138849,0.41900513445323,0.202424513798317
0.187645775547378,0.418564013458557,0.201728798825891
0.187110579955906,0.418122892463885,0.201033083853465
0.186607415884863,0.417689047005592,0.200378986252162
0.1861060988992,0.417255621088323,0.199727288500653
0.185604781913536,0.416822195171054,0.199075590749144
0.185103464927873,0.416388769253785,0.198423892997636
0.184602147942209,0.415955343336516,0.197772195246127
0.184100830956546,0.415521917419247,0.197120497494618
0.183599513970883,0.415088491501978,0.19646879974311
0.183098196985219,0.414655065584709,0.195817101991601
0.182596879999556,0.41422163966744,0.195165404240092
0.182095563013892,0.413788213750171,0.194513706488584
0.181594246028229,0.413354787832902,0.193862008737075
0.181092929042565,0.412921361915633,0.193210310985566
0.180591612056902,0.412487935998364,0.192558613234058
0.180090295071239,0.412054510081095,0.191906915482549
0.179588978085575,0.411621084163826,0.19125521773104
0.179094800543119,0.411189366972957,0.190612881174909
0.178624921317464,0.41076346524615,0.190002404426932
0.178155042091809,0.410337563519343,0.189391927678956
0.177685162866154,0.409911661792537,0.188781450930979
0.177215283640499,0.40948576006573,0.188170974183002
0.176745404414844,0.409059858338923,0.187560497435025
0.176275525189189,0.408633956612116,0.186950020687049
0.175805645963534,0.40820805488531,0.186339543939072
0.175335766737879,0.407782153158503,0.185729067191095
0.174865887512224,0.407356251431696,0.185118590443118
0.17439600828657,0.406930349704889,0.184508113695142
0.173926129060915,0.406504447978082,0.183897636947165
0.17345624983526,0.406078546251276,0.183287160199188
0.172986370609605,0.405652644524469,0.182676683451211
0.17251649138395,0.405226742797662,0.182066206703235
0.172046612158295,0.404800841070855,0.181455729955258
0.171591567510266,0.404378683064156,0.180864880535451
0.171150849101734,0.40396014049109,0.180292985871966
0.170710130693202,0.403541597918024,0.179721091208481
0.17026941228467,0.403123055344958,0.179149196544996
0.169828693876138,0.402704512771892,0.178577301881511
0.169387975467606,0.402285970198826,0.178005407218026
0.168947257059074,0.401867427625759,0.177433512554541
0.168506538650542,0.401448885052693,0.176861617891056
0.16806582024201,0.401030342479627,0.176289723227571
0.167625101833478,0.400611799906561,0.175717828564086
0.167184383424947,0.400193257333495,0.175145933900601
0.166743665016415,0.399774714760429,0.174574039237116
0.166302946607883,0.399356172187362,0.174002144573632
0.165862228199351,0.398937629614296,0.173430249910147
0.165421509790819,0.39851908704123,0.172858355246662
0.164980791382287,0.398100544468164,0.172286460583177
0.16456205918933,0.397687859606387,0.171743904241869
0.164149159653537,0.397276728719262,0.171209130976027
0.163736260117744,0.396865597832137,0.170674357710185
0.163323360581952,0.396454466945012,0.170139584444342
0.162910461046159,0.396043336057888,0.1696048111785
0.162497561510366,0.395632205170763,0.169070037912658
0.162084661974573,0.395221074283638,0.168535264646816
0.16167176243878,0.394809943396514,0.168000491380974
0.161258862902987,0.394398812509389,0.167465718115131
0.160845963367194,0.393987681622264,0.166930944849289
0.160433063831402,0.393576550735139,0.166396171583447
0.160020164295609,0.393165419848015,0.165861398317605
0.159607264759816,0.39275428896089,0.165326625051763
0.159194365224023,0.392343158073765,0.16479185178592
0.15878146568823,0.39193202718664,0.164257078520078
0.158368566152437,0.391520896299516,0.163722305254236
0.157959225521288,0.391110766594062,0.163192314173438
0.157572838390005,0.390707094106675,0.162693166257823
0.157186451258723,0.390303421619289,0.162194018342207
0.156800064127441,0.389899749131902,0.161694870426592
0.156413676996159,0.389496076644515,0.161195722510977
0.156027289864876,0.389092404157128,0.160696574595361
0.155640902733594,0.388688731669741,0.160197426679746
0.155254515602312,0.388285059182354,0.15969827876413
0.15486812847103,0.387881386694967,0.159199130848515
0.154481741339748,0.387477714207581,0.1586999829329
0.154095354208465,0.387074041720194,0.158200835017284
0.153708967077183,0.386670369232807,0.157701687101669
0.153322579945901,0.38626669674542,0.157202539186054
0.152936192814619,0.385863024258033,0.156703391270438
0.152549805683337,0.385459351770646,0.156204243354823
0.152163418552054,0.385055679283259,0.155705095439208
0.151777031420772,0.384652006795873,0.155205947523592
0.151402366551158,0.38425182140694,0.154722657532553
0.151040495984838,0.383855442023751,0.154256675728483
0.150678625418519,0.383459062640563,0.153790693924414
0.150316754852199,0.383062683257374,0.153324712120344
0.14995488428588,0.382666303874185,0.152858730316274
0.14959301371956,0.382269924490997,0.152392748512204
0.149231143153241,0.381873545107808,0.151926766708134
0.148869272586921,0.381477165724619,0.151460784904064
0.148507402020601,0.381080786341431,0.150994803099995
0.148145531454282,0.380684406958242,0.150528821295925
0.147783660887962,0.380288027575053,0.150062839491855
0.147421790321643,0.379891648191865,0.149596857687785
0.147059919755323,0.379495268808676,0.149130875883715
0.146698049189004,0.379098889425487,0.148664894079645
0.146336178622684,0.378702510042299,0.148198912275576
0.145974308056365,0.37830613065911,0.147732930471506
0.145612437490045,0.377909751275921,0.147266948667436
0.145269194843756,0.377519235690506,0.146826334827457
0.144929984952076,0.377129989557474,0.146391212892852
0.144590775060396,0.376740743424442,0.145956090958246
0.144251565168716,0.376351497291411,0.145520969023641
0.143912355277036,0.375962251158379,0.145085847089036
0.143573145385356,0.375573005025348,0.14465072515443
0.143233935493676,0.375183758892316,0.144215603219825
0.142894725601996,0.374794512759284,0.143780481285219
0.142555515710316,0.374405266626253,0.143345359350614
0.142216305818636,0.374016020493221,0.142910237416008
0.141877095926956,0.373626774360189,0.142475115481403
0.141537886035276,0.373237528227158,0.142039993546797
0.141198676143596,0.372848282094126,0.141604871612192
0.140859466251916,0.372459035961094,0.141169749677586
0.140520256360236,0.372069789828063,0.140734627742981
0.140181046468556,0.371680543695031,0.140299505808375
0.139845416775362,0.371292491619477,0.13986928952363
0.139527782371732,0.370910441281017,0.139463730695741
0.139210147968102,0.370528390942557,0.139058171867853
0.138892513564471,0.370146340604098,0.138652613039964
0.138574879160841,0.369764290265638,0.138247054212076
0.138257244757211,0.369382239927178,0.137841495384187
0.13793961035358,0.369000189588718,0.137435936556299
0.13762197594995,0.368618139250259,0.13703037772841
0.13730434154632,0.368236088911799,0.136624818900522
0.136986707142689,0.367854038573339,0.136219260072633
0.136669072739059,0.367471988234879,0.135813701244745
0.136351438335429,0.367089937896419,0.135408142416856
0.136033803931798,0.36670788755796,0.135002583588968
0.135716169528168,0.3663258372195,0.134597024761079
0.135398535124538,0.36594378688104,0.134191465933191
0.135080900720907,0.36556173654258,0.133785907105302
0.134763266317277,0.36517968620412,0.133380348277414
0.134445631913647,0.364797635865661,0.132974789449525
0.134137423333137,0.364418916034677,0.132582205954763
0.13384031240421,0.364044117432755,0.132204899186963
0.133543201475282,0.363669318830834,0.131827592419163
0.133246090546355,0.363294520228912,0.131450285651362
0.132948979617427,0.362919721626991,0.131072978883562
0.1326518686885,0.362544923025069,0.130695672115762
0.132354757759573,0.362170124423148,0.130318365347961
0.132057646830645,0.361795325821226,0.129941058580161
0.131760535901718,0.361420527219305,0.12956375181236
0.131463424972791,0.361045728617383,0.12918644504456
0.131166314043863,0.360670930015462,0.12880913827676
0.130869203114936,0.36029613141354,0.128431831508959
0.130572092186009,0.359921332811619,0.128054524741159
0.130274981257081,0.359546534209698,0.127677217973359
0.129977870328154,0.359171735607776,0.127299911205558
0.129680759399227,0.358796937005855,0.126922604437758
0.129383648470299,0.358422138403933,0.126545297669958
0.129086537541372,0.358047339802012,0.126167990902157
0.128803658988768,0.3576778770756,0.125810361790529
0.128525458942529,0.35731016837304,0.125459201172818
0.12824725889629,0.35694245967048,0.125108040555106
0.127969058850052,0.35657475096792,0.124756879937395
0.127690858803813,0.35620704226536,0.124405719319683
0.127412658757574,0.3558393335628,0.124054558701972
0.127134458711336,0.35547162486024,0.12370339808426
0.126856258665097,0.35510391615768,0.123352237466549
0.126578058618858,0.35473620745512,0.123001076848837
0.12629985857262,0.35436849875256,0.122649916231126
0.126021658526381,0.354000790050001,0.122298755613414
0.125743458480142,0.353633081347441,0.121947594995703
0.125465258433904,0.353265372644881,0.121596434377991
0.125187058387665,0.352897663942321,0.12124527376028
0.124908858341426,0.352529955239761,0.120894113142568
0.124630658295188,0.352162246537201,0.120542952524857
0.124352458248949,0.351794537834641,0.120191791907145
0.124075058216528,0.351427147604512,0.119841742120536
0.123814274562998,0.351066372083354,0.119514764423519
0.123553490909467,0.350705596562196,0.119187786726502
0.123292707255936,0.350344821041038,0.118860809029485
0.123031923602406,0.34998404551988,0.118533831332469
0.122771139948875,0.349623269998722,0.118206853635452
0.122510356295345,0.349262494477565,0.117879875938435
0.122249572641814,0.348901718956407,0.117552898241418
0.121988788988283,0.348540943435249,0.117225920544401
0.121728005334753,0.348180167914091,0.116898942847384
0.121467221681222,0.347819392392933,0.116571965150367
0.121206438027692,0.347458616871775,0.116244987453351
0.120945654374161,0.347097841350617,0.115918009756334
0.12068487072063,0.346737065829459,0.115591032059317
0.1204240870671,0.346376290308302,0.1152640543623
0.120163303413569,0.346015514787144,0.114937076665283
0.119902519760039,0.345654739265986,0.114610098968266
0.119641736106508,0.345293963744828,0.11428312127125
0.11938656794451,0.344935564797479,0.113963969923666
0.119142336144532,0.344581794308989,0.113660060659557
0.118898104344554,0.3442280238205,0.113356151395449
0.118653872544575,0.343874253332011,0.11305224213134
0.118409640744597,0.343520482843521,0.112748332867232
0.118165408944619,0.343166712355032,0.112444423603123
0.117921177144641,0.342812941866543,0.112140514339015
0.117676945344663,0.342459171378053,0.111836605074906
0.117432713544684,0.342105400889564,0.111532695810798
0.117188481744706,0.341751630401075,0.111228786546689
0.116944249944728,0.341397859912585,0.110924877282581
0.11670001814475,0.341044089424096,0.110620968018472
0.116455786344772,0.340690318935607,0.110317058754364
0.116211554544794,0.340336548447117,0.110013149490255
0.115967322744815,0.339982777958628,0.109709240226147
0.115723090944837,0.339629007470139,0.109405330962038
0.115478859144859,0.339275236981649,0.10910142169793
0.115234627344881,0.33892146649316,0.108797512433821
0.114990395544903,0.338567696004671,0.108493603169713
0.114753215453215,0.338217097091069,0.108199543748503
0.114524701774651,0.337870395981674,0.107917589593743
0.114296188096088,0.337523694872278,0.107635635438983
0.114067674417525,0.337176993762883,0.107353681284222
0.113839160738962,0.336830292653488,0.107071727129462
0.113610647060399,0.336483591544092,0.106789772974702
0.113382133381836,0.336136890434697,0.106507818819942
0.113153619703273,0.335790189325302,0.106225864665182
0.11292510602471,0.335443488215906,0.105943910510421
0.112696592346147,0.335096787106511,0.105661956355661
0.112468078667584,0.334750085997115,0.105380002200901
0.112239564989021,0.33440338488772,0.105098048046141
0.112011051310457,0.334056683778325,0.104816093891381
0.111782537631894,0.333709982668929,0.104534139736621
0.111554023953331,0.333363281559534,0.10425218558186
0.111325510274768,0.333016580450139,0.1039702314271
0.111096996596205,0.332669879340743,0.10368827727234
0.110868482917642,0.332323178231348,0.10340632311758
0.110639969239079,0.331976477121953,0.10312436896282
0.110419508771621,0.331633631215979,0.102853684782278
0.110205427254541,0.331293839017527,0.102591927550922
0.109991345737462,0.330954046819075,0.102330170319566
0.109777264220382,0.330614254620623,0.10206841308821
0.109563182703303,0.330274462422171,0.101806655856854
0.109349101186223,0.329934670223719,0.101544898625498
0.109135019669144,0.329594878025267,0.101283141394142
0.108920938152064,0.329255085826815,0.101021384162786
0.108706856634985,0.328915293628363,0.10075962693143
0.108492775117905,0.328575501429911,0.100497869700074
0.108278693600826,0.328235709231459,0.100236112468718
0.108064612083746,0.327895917033007,0.0999743552373615
0.107850530566667,0.327556124834555,0.0997125980060055
0.107636449049587,0.327216332636103,0.0994508407746494
0.107422367532508,0.326876540437651,0.0991890835432933
0.107208286015428,0.326536748239199,0.0989273263119372
0.106994204498349,0.326196956040747,0.0986655690805812
0.106780122981269,0.325857163842295,0.0984038118492251
0.10656604146419,0.325517371643843,0.0981420546178691
0.106360798991709,0.32518208644048,0.0978926885890693
0.106159962000177,0.32484904757503,0.0976494984773821
0.105959125008644,0.324516008709581,0.0974063083656949
0.105758288017112,0.324182969844132,0.0971631182540077
0.10555745102558,0.323849930978682,0.0969199281423204
0.105356614034048,0.323516892113233,0.0966767380306332
0.105155777042515,0.323183853247784,0.0964335479189459
0.104954940050983,0.322850814382334,0.0961903578072587
0.104754103059451,0.322517775516885,0.0959471676955715
0.104553266067919,0.322184736651436,0.0957039775838843
0.104352429076386,0.321851697785986,0.095460787472197
0.104151592084854,0.321518658920537,0.0952175973605098
0.103950755093322,0.321185620055088,0.0949744072488226
0.10374991810179,0.320852581189638,0.0947312171371353
0.103549081110257,0.320519542324189,0.0944880270254481
0.103348244118725,0.32018650345874,0.0942448369137609
0.103147407127193,0.31985346459329,0.0940016468020736
0.102946570135661,0.319520425727841,0.0937584566903864
0.102745733144128,0.319187386862392,0.0935152665786992
0.102553046422886,0.318858746767425,0.0932835136062144
0.102362702318703,0.318531371002892,0.093055047989417
0.102172358214519,0.31820399523836,0.0928265823726196
0.101982014110335,0.317876619473827,0.0925981167558222
0.101791670006151,0.317549243709294,0.0923696511390248
0.101601325901967,0.317221867944761,0.0921411855222273
0.101410981797784,0.316894492180228,0.0919127199054299
0.1012206376936,0.316567116415695,0.0916842542886325
0.101030293589416,0.316239740651163,0.0914557886718351
0.100839949485232,0.31591236488663,0.0912273230550377
0.100649605381048,0.315584989122097,0.0909988574382403
0.100459261276864,0.315257613357564,0.0907703918214429
0.100268917172681,0.314930237593031,0.0905419262046454
0.100081285651253,0.314604399947722,0.0903172665109918
0.0998990982976733,0.31428164931578,0.0901002453250915
0.0997169109440938,0.313958898683838,0.0898832241391911
0.0995347235905142,0.313636148051896,0.0896662029532908
0.0993525362369347,0.313313397419954,0.0894491817673904
0.0991703488833552,0.312990646788012,0.0892321605814901
0.0989881615297756,0.31266789615607,0.0890151393955897
0.0988059741761961,0.312345145524128,0.0887981182096894
0.0986237868226165,0.312022394892186,0.088581097023789
0.098441599469037,0.311699644260244,0.0883640758378887
0.0982594121154575,0.311376893628302,0.0881470546519883
0.098077224761878,0.31105414299636,0.087930033466088
0.0978950374082984,0.310731392364418,0.0877130122801876
0.0977128500547189,0.310408641732476,0.0874959910942872
0.0975374912382092,0.310089935630473,0.0872885483385315
0.0973629904655852,0.309771737746285,0.087082309166111
0.0971884896929612,0.309453539862097,0.0868760699936903
0.0970139889203372,0.309135341977909,0.0866698308212697
0.0968394881477132,0.308817144093721,0.0864635916488491
0.0966649873750892,0.308498946209533,0.0862573524764285
0.0964904866024652,0.308180748325344,0.0860511133040079
0.0963159858298412,0.307862550441156,0.0858448741315873
0.0961414850572172,0.307544352556968,0.0856386349591667
0.0959669842845932,0.30722615467278,0.0854323957867461
0.0957924835119692,0.306907956788592,0.0852261566143255
0.0956179827393452,0.306589758904404,0.0850199174419049
0.0954434819667212,0.306271561020216,0.0848136782694843
0.0952721987440095,0.30595535391782,0.0846119502196281
0.0951049416775047,0.305641637902956,0.0844158669879124
0.0949376846110001,0.305327921888093,0.0842197837561968
0.0947704275444953,0.30501420587323,0.0840237005244811
0.0946031704779907,0.304700489858366,0.0838276172927654
0.0944359134114859,0.304386773843503,0.0836315340610498
0.0942686563449812,0.304073057828639,0.0834354508293341
0.0941013992784765,0.303759341813776,0.0832393675976185
0.0939341422119719,0.303445625798912,0.0830432843659028
0.0937668851454671,0.303131909784049,0.0828472011341872
0.0935996280789624,0.302818193769185,0.0826511179024715
0.0934323710124577,0.302504477754322,0.0824550346707558
0.093265113945953,0.302190761739458,0.0822589514390402
0.0930978568794483,0.301877045724595,0.0820628682073245
