-2.54702842622797,-0.849009475409322,-1.69801895081864
-2.53532379383514,-0.847912283225801,-1.69699791516127
-2.52361916144231,-0.84681509104228,-1.6959768795039
-2.51191452904948,-0.845717898858759,-1.69495584384653
-2.50020989665665,-0.844620706675238,-1.69393480818916
-2.48850526426382,-0.843523514491717,-1.69291377253179
-2.47680063187099,-0.842426322308196,-1.69189273687442
-2.46521254049399,-0.841333754203728,-1.69077245817072
-2.45388626869032,-0.840251574496818,-1.68942922129339
-2.44255999688665,-0.839169394789908,-1.68808598441607
-2.43123372508298,-0.838087215082998,-1.68674274753874
-2.41990745327931,-0.837005035376088,-1.68539951066141
-2.40858118147564,-0.835922855669178,-1.68405627378408
-2.39725490967197,-0.834840675962268,-1.68271303690675
-2.38615410556596,-0.833767529689983,-1.6811891156188
-2.37519383405116,-0.832700013900417,-1.67955257487946
-2.36423356253637,-0.831632498110851,-1.67791603414011
-2.35327329102158,-0.830564982321285,-1.67627949340077
-2.34231301950679,-0.829497466531719,-1.67464295266142
-2.331352747992,-0.828429950742154,-1.67300641192208
-2.3203924764772,-0.827362434952588,-1.67136987118273
-2.30975934686076,-0.826308156569707,-1.66948736797782
-2.29915310693022,-0.825254966245891,-1.66758464769439
-2.28854686699968,-0.824201775922076,-1.66568192741096
-2.27794062706915,-0.82314858559826,-1.66377920712754
-2.26733438713861,-0.822095395274444,-1.66187648684411
-2.25672814720807,-0.821042204950629,-1.65997376656068
-2.24619512134464,-0.819992005484015,-1.65801936613581
-2.23590437368623,-0.818951703289102,-1.65589394704748
-2.22561362602781,-0.817911401094189,-1.65376852795915
-2.2153228783694,-0.816871098899275,-1.65164310887082
-2.20503213071098,-0.815830796704362,-1.64951768978249
-2.19474138305257,-0.814790494509449,-1.64739227069416
-2.18462272531397,-0.813757286588619,-1.64515263542364
-2.174611489265,-0.812728507044009,-1.64284170431382
-2.16460025321602,-0.811699727499398,-1.64053077320399
-2.15458901716704,-0.810670947954788,-1.63821984209417
-2.14457778111806,-0.809642168410178,-1.63590891098434
-2.13456654506908,-0.808613388865568,-1.63359797987452
-2.12482694750671,-0.807595904958788,-1.63111737235564
-2.11508754061383,-0.806578428980683,-1.62863664573688
-2.10534813372095,-0.805560953002579,-1.62615591911811
-2.09560872682807,-0.804543477024475,-1.62367519249935
-2.08586931993519,-0.803526001046371,-1.62119446588058
-2.07623113806291,-0.802512771540293,-1.61865441462006
-2.06675608397996,-0.801506385377789,-1.6160187595493
-2.05728102989702,-0.800499999215285,-1.61338310447853
-2.04780597581407,-0.799493613052782,-1.61074744940776
-2.03833092173113,-0.798487226890278,-1.608111794337
-2.02885586764818,-0.797480840727774,-1.60547613926623
-2.01958270717856,-0.796483001279389,-1.60272994354311
-2.01037103810369,-0.795487764931533,-1.59995008009382
-2.00115936902881,-0.794492528583677,-1.59717021664453
-1.99194769995393,-0.79349729223582,-1.59439035319524
-1.98273603087905,-0.792502055887964,-1.59161048974595
-1.97352436180417,-0.791506819540108,-1.58883062629666
-1.96454062399905,-0.790521322502793,-1.58593467190574
-1.95559110863992,-0.789537287761676,-1.58302128719038
-1.94664159328079,-0.788553253020559,-1.58010790247502
-1.93769207792166,-0.787569218279441,-1.57719451775966
-1.92874256256252,-0.786585183538324,-1.57428113304431
-1.91979304720339,-0.785601148797207,-1.57136774832895
-1.91109109564056,-0.784627794353027,-1.56833774241468
-1.90239617628773,-0.783654743289601,-1.56530442379971
-1.8937012569349,-0.782681692226174,-1.56227110518474
-1.88500633758207,-0.781708641162748,-1.55923778656977
-1.87631141822924,-0.780735590099322,-1.5562044679548
-1.86763511718072,-0.779763350125956,-1.55316308175093
-1.8591874485141,-0.778801070321336,-1.5500226257265
-1.85073977984748,-0.777838790516716,-1.54688216970206
-1.84229211118086,-0.776876510712095,-1.54374171367763
-1.83384444251424,-0.775914230907475,-1.5406012576532
-1.82539677384763,-0.774951951102855,-1.53746080162877
-1.81699271220818,-0.773991590101042,-1.53430308815894
-1.80878971934045,-0.773040076556822,-1.5310658018869
-1.80058672647272,-0.772088563012601,-1.52782851561485
-1.79238373360498,-0.771137049468381,-1.52459122934281
-1.78418074073725,-0.770185535924161,-1.52135394307077
-1.77597774786951,-0.76923402237994,-1.51811665679872
-1.76778751769337,-0.768283076207366,-1.51487479230426
-1.75982648502938,-0.767342319121377,-1.51155071026336
-1.75186545236539,-0.766401562035389,-1.50822662822246
-1.74390441970141,-0.7654608049494,-1.50490254618155
-1.73594338703742,-0.764520047863412,-1.50157846414065
-1.72798235437343,-0.763579290777423,-1.49825438209975
-1.72002132170944,-0.762638533691434,-1.49493030005885
-1.71227793915225,-0.761707554748563,-1.49153618162524
-1.70455162777214,-0.760777342744955,-1.48813656995444
-1.69682531639203,-0.759847130741346,-1.48473695828364
-1.68909900501192,-0.758916918737738,-1.48133734661284
-1.68137269363181,-0.75798670673413,-1.47793773494203
-1.67364638225169,-0.757056494730522,-1.47453812327123
-1.66610263391334,-0.756134572629034,-1.47108642088801
-1.65860401579046,-0.755214699820029,-1.46762184150048
-1.65110539766758,-0.754294827011023,-1.46415726211295
-1.6436067795447,-0.753374954202017,-1.46069268272541
-1.63610816142182,-0.752455081393012,-1.45722810333788
-1.62860954329895,-0.751535208584006,-1.45376352395035
-1.6212633180176,-0.750622332044599,-1.45026098958797
-1.61399002737362,-0.74971280389335,-1.44674029011824
-1.60671673672964,-0.748803275742101,-1.44321959064851
-1.59944344608566,-0.747893747590852,-1.43969889117878
-1.59217015544168,-0.746984219439603,-1.43617819170906
-1.5848968647977,-0.746074691288354,-1.43265749223933
-1.57769014371727,-0.745168253878361,-1.42912259104887
-1.57063966765368,-0.744269070728332,-1.42555435708629
-1.56358919159008,-0.743369887578302,-1.42198612312371
-1.55653871552649,-0.742470704428272,-1.41841788916113
-1.54948823946289,-0.741571521278243,-1.41484965519854
-1.54243776339929,-0.740672338128213,-1.41128142123596
-1.5353872873357,-0.739773154978183,-1.40771318727338
-1.5285356847151,-0.738883312646075,-1.40410961463193
-1.5217010900712,-0.737994269155738,-1.40050301976983
-1.5148664954273,-0.737105225665401,-1.39689642490772
-1.5080319007834,-0.736216182175064,-1.39328983004562
-1.5011973061395,-0.735327138684727,-1.38968323518352
-1.4943627114956,-0.73443809519439,-1.38607664032142
-1.48764182891075,-0.733554455630116,-1.38245383874281
-1.48101639236092,-0.732675351937591,-1.37881743379756
-1.47439095581108,-0.731796248245066,-1.37518102885231
-1.46776551926124,-0.730917144552541,-1.37154462390705
-1.4611400827114,-0.730038040860016,-1.3679082189618
-1.45451464616157,-0.729158937167491,-1.36427181401655
-1.44792358102313,-0.728281486717615,-1.36063171287261
-1.44150505774005,-0.727412335419342,-1.35697305709403
-1.43508653445697,-0.72654318412107,-1.35331440131545
-1.42866801117389,-0.725674032822797,-1.34965574553686
-1.42224948789081,-0.724804881524525,-1.34599708975828
-1.41583096460773,-0.723935730226252,-1.3423384339797
-1.40941244132465,-0.72306657892798,-1.33867977820112
-1.40309904407962,-0.722202547028257,-1.33501343581305
-1.39688504204018,-0.721343355448598,-1.33133982584269
-1.39067104000074,-0.720484163868939,-1.32766621587234
-1.3844570379613,-0.719624972289281,-1.32399260590198
-1.37824303592186,-0.718765780709622,-1.32031899593163
-1.37202903388241,-0.717906589129964,-1.31664538596127
-1.36581503184297,-0.717047397550305,-1.31297177599092
-1.35977159325837,-0.716196618311324,-1.30929155257477
-1.35375548231582,-0.715347186895857,-1.30561026955369
-1.34773937137328,-0.714497755480388,-1.3019289865326
-1.34172326043073,-0.713648324064921,-1.29824770351152
-1.33570714948818,-0.712798892649453,-1.29456642049043
-1.32969103854563,-0.711949461233984,-1.29088513746935
-1.32371509813629,-0.711102036792012,-1.28720365790325
-1.31789045693898,-0.710262171460767,-1.28352143806554
-1.31206581574166,-0.709422306129522,-1.27983921822783
-1.30624117454434,-0.708582440798276,-1.27615699839012
-1.30041653334703,-0.707742575467031,-1.27247477855241
-1.29459189214971,-0.706902710135785,-1.2687925587147
-1.28876725095239,-0.70606284480454,-1.26511033887699
-1.28304821010947,-0.705228325875671,-1.26143116116264
-1.27741291993821,-0.704398047129448,-1.25775439612839
-1.27177762976696,-0.703567768383225,-1.25407763109414
-1.2661423395957,-0.702737489637002,-1.25040086605989
-1.26050704942445,-0.70190721089078,-1.24672410102564
-1.25487175925319,-0.701076932144557,-1.24304733599139
-1.24923646908194,-0.700246653398334,-1.23937057095714
-1.24371434411255,-0.699422182560131,-1.23570081268918
-1.23826613835658,-0.698601505432234,-1.23203563122261
-1.23281793260061,-0.697780828304337,-1.22837044975604
-1.22736972684465,-0.696960151176439,-1.22470526828946
-1.22192152108868,-0.696139474048541,-1.22104008682289
-1.21647331533271,-0.695318796920644,-1.21737490535632
-1.21102510957674,-0.694498119792746,-1.21370972388974
-1.20569476980368,-0.6936835771454,-1.21005573463714
-1.2004273177328,-0.692872307566131,-1.20640771701946
-1.19515986566193,-0.692061037986861,-1.20275969940178
-1.18989241359106,-0.691249768407592,-1.19911168178409
-1.18462496152019,-0.690438498828323,-1.19546366416641
-1.17935750944932,-0.689627229249053,-1.19181564654873
-1.17409005737845,-0.688815959669784,-1.18816762893104
-1.16894471986979,-0.688011136654421,-1.1845351865526
-1.16385189857058,-0.687209086028315,-1.18090944241318
-1.15875907727137,-0.686407035402209,-1.17728369827376
-1.15366625597216,-0.685604984776103,-1.17365795413435
-1.14857343467296,-0.684802934149997,-1.17003220999493
-1.14348061337375,-0.684000883523891,-1.16640646585551
-1.13838779207454,-0.683198832897785,-1.16278072171609
-1.13342383968385,-0.682403685617291,-1.15917559108267
-1.12850365727956,-0.681610883040008,-1.15557746177242
-1.12358347487527,-0.680818080462726,-1.15197933246218
-1.11866329247098,-0.680025277885443,-1.14838120315193
-1.11374311006669,-0.67923247530816,-1.14478307384169
-1.1088229276624,-0.678439672730878,-1.14118494453145
-1.10390274525811,-0.677646870153595,-1.1375868152212
-1.09906143373843,-0.676858356461396,-1.13400380928371
-1.09431174942615,-0.676074825324737,-1.13043837272456
-1.08956206511387,-0.675291294188079,-1.12687293616542
-1.08481238080159,-0.67450776305142,-1.12330749960627
-1.08006269648931,-0.673724231914761,-1.11974206304712
-1.07531301217703,-0.672940700778102,-1.11617662648797
-1.07056332786474,-0.672157169641444,-1.11261118992882
-1.0658430358472,-0.671375261702247,-1.10905232198201
-1.06125781438104,-0.670600813070947,-1.10552363970456
-1.05667259291489,-0.669826364439646,-1.10199495742711
-1.05208737144873,-0.669051915808346,-1.09846627514965
-1.04750214998258,-0.668277467177045,-1.0949375928722
-1.04291692851642,-0.667503018545745,-1.09140891059474
-1.03833170705026,-0.666728569914444,-1.08788022831729
-1.03374648558411,-0.665954121283144,-1.08435154603984
-1.02930321708876,-0.66518763590354,-1.08085902960299
-1.02487663014849,-0.664422086322751,-1.0773707631826
-1.02045004320822,-0.663656536741962,-1.07388249676221
-1.01602345626795,-0.662890987161173,-1.07039423034182
-1.01159686932768,-0.662125437580384,-1.06690596392143
-1.00717028238741,-0.661359887999595,-1.06341769750104
-1.00274369544714,-0.660594338418806,-1.05992943108065
-0.998412890628496,-0.659834249443577,-1.05646854794252
-0.99414307458554,-0.659077637480988,-1.05302510096921
-0.989873258542584,-0.658321025518399,-1.04958165399589
-0.985603442499628,-0.65756441355581,-1.04613820702258
-0.981333626456672,-0.656807801593221,-1.04269476004927
-0.977063810413716,-0.656051189630632,-1.03925131307595
-0.97279399437076,-0.655294577668043,-1.03580786610264
-0.968524178327804,-0.654537965705454,-1.03236441912932
-0.964402988789527,-0.65378996860201,-1.02896799135087
-0.960287929583127,-0.653042326831862,-1.02557350295241
-0.956172870376727,-0.652294685061713,-1.02217901455395
-0.952057811170327,-0.651547043291564,-1.01878452615549
-0.947942751963927,-0.650799401521416,-1.01539003775703
-0.943827692757527,-0.650051759751267,-1.01199554935857
-0.939712633551127,-0.649304117981118,-1.00860106096011
-0.935643739351067,-0.648559198159006,-1.00522258144901
-0.931677692826219,-0.647820342367853,-1.001879766979
-0.927711646301371,-0.647081486576701,-0.998536952508992
-0.923745599776523,-0.646342630785547,-0.995194138038984
-0.919779553251675,-0.645603774994394,-0.991851323568976
-0.915813506726827,-0.644864919203241,-0.988508509098968
-0.911847460201979,-0.644126063412088,-0.985165694628961
-0.907881413677131,-0.643387207620935,-0.981822880158953
-0.90400994917316,-0.642654025946405,-0.978515701077069
-0.900187377333901,-0.641923777415817,-0.975226943139788
-0.896364805494641,-0.641193528885228,-0.971938185202507
-0.892542233655381,-0.64046328035464,-0.968649427265225
-0.888719661816122,-0.639733031824052,-0.965360669327944
-0.884897089976862,-0.639002783293463,-0.962071911390663
-0.881074518137603,-0.638272534762875,-0.958783153453382
-0.8772531713702,-0.637542361049807,-0.955494893615717
-0.873572340824145,-0.636820768935645,-0.952263765998915
-0.86989151027809,-0.636099176821483,-0.949032638382113
-0.866210679732035,-0.63537758470732,-0.945801510765311
-0.86252984918598,-0.634655992593158,-0.942570383148509
-0.858849018639925,-0.633934400478996,-0.939339255531707
-0.85516818809387,-0.633212808364833,-0.936108127914905
-0.851487357547815,-0.632491216250671,-0.932877000298103
-0.84780652700176,-0.631769624136509,-0.929645872681301
-0.844258420618424,-0.631056287672206,-0.926472575791659
-0.840717445405712,-0.630343394777835,-0.923302386104007
-0.837176470193,-0.629630501883464,-0.920132196416356
-0.833635494980288,-0.628917608989094,-0.916962006728704
-0.830094519767576,-0.628204716094723,-0.913791817041053
-0.826553544554864,-0.627491823200352,-0.910621627353401
-0.823012569342152,-0.626778930305981,-0.90745143766575
-0.81947159412944,-0.62606603741161,-0.904281247978098
-0.816050148868383,-0.625360721334743,-0.901166617713592
-0.812643570938143,-0.624656347674826,-0.898058898020976
-0.809236993007904,-0.623951974014909,-0.89495117832836
-0.805830415077664,-0.623247600354991,-0.891843458635744
-0.802423837147425,-0.622543226695074,-0.888735738943128
-0.799017259217185,-0.621838853035157,-0.885628019250512
-0.795610681286946,-0.621134479375239,-0.882520299557896
-0.792204103356706,-0.620430105715322,-0.87941257986528
-0.788904682693154,-0.619732656087384,-0.876357742414827
-0.78562724956389,-0.619036627197352,-0.873313755839437
-0.782349816434625,-0.618340598307319,-0.870269769264046
-0.779072383305361,-0.617644569417286,-0.867225782688656
-0.775794950176097,-0.616948540527254,-0.864181796113265
-0.772517517046833,-0.616252511637221,-0.861137809537875
-0.769240083917569,-0.615556482747189,-0.858093822962484
-0.765962650788304,-0.614860453857156,-0.855049836387093
-0.762783441269331,-0.614170898507956,-0.852057124590744
-0.759633552640293,-0.613483275585977,-0.849079718912225
-0.756483664011256,-0.612795652663998,-0.846102313233706
-0.753333775382219,-0.612108029742019,-0.843124907555187
-0.750183886753181,-0.61142040682004,-0.840147501876669
-0.747033998124144,-0.610732783898061,-0.83717009619815
-0.743884109495107,-0.610045160976082,-0.834192690519631
-0.740734220866069,-0.609357538054103,-0.831215284841112
-0.73761582848448,-0.608672033524208,-0.828255196095939
-0.73459172849208,-0.607992870964136,-0.825346950193994
-0.73156762849968,-0.607313708404064,-0.822438704292049
-0.72854352850728,-0.606634545843992,-0.819530458390104
-0.72551942851488,-0.60595538328392,-0.816622212488159
-0.72249532852248,-0.605276220723847,-0.813713966586214
-0.71947122853008,-0.604597058163775,-0.810805720684269
-0.71644712853768,-0.603917895603703,-0.807897474782324
-0.71342302854528,-0.603238733043631,-0.804989228880379
-0.710487055088796,-0.602565623339326,-0.802131882430639
-0.707583566008422,-0.601894744781874,-0.799293298058994
-0.704680076928047,-0.601223866224422,-0.79645471368735
-0.701776587847672,-0.60055298766697,-0.793616129315705
-0.698873098767297,-0.599882109109518,-0.790777544944061
-0.695969609686922,-0.599211230552066,-0.787938960572416
-0.693066120606548,-0.598540351994614,-0.785100376200772
-0.690162631526173,-0.597869473437161,-0.782261791829127
-0.68728353588354,-0.597200306326125,-0.77943796414271
-0.684495685222733,-0.596537540973578,-0.776669334640725
-0.681707834561927,-0.595874775621031,-0.773900705138739
-0.678919983901121,-0.595212010268483,-0.771132075636754
-0.676132133240315,-0.594549244915936,-0.768363446134768
-0.673344282579509,-0.593886479563389,-0.765594816632783
-0.670556431918703,-0.593223714210842,-0.762826187130798
-0.667768581257897,-0.592560948858294,-0.760057557628812
-0.664980730597091,-0.591898183505747,-0.757288928126827
-0.66227180064122,-0.59124107816338,-0.754570188986662
-0.65959812534887,-0.590586501203833,-0.751873736367131
-0.656924450056519,-0.589931924244286,-0.7491772837476
-0.654250774764168,-0.589277347284738,-0.746480831128068
-0.651577099471818,-0.588622770325191,-0.743784378508537
-0.648903424179467,-0.587968193365644,-0.741087925889006
-0.646229748887116,-0.587313616406096,-0.738391473269474
-0.643556073594765,-0.586659039446549,-0.735695020649943
-0.640882398302415,-0.586004462487002,-0.732998568030412
-0.638281747524334,-0.585355242179146,-0.730350208500061
-0.635720624784351,-0.584708921417208,-0.727727881672295
-0.633159502044369,-0.584062600655269,-0.72510555484453
-0.630598379304386,-0.58341627989333,-0.722483228016764
-0.628037256564403,-0.582769959131391,-0.719860901188998
-0.625476133824421,-0.582123638369452,-0.717238574361233
-0.622915011084438,-0.581477317607514,-0.714616247533467
-0.620353888344456,-0.580830996845575,-0.711993920705702
-0.617792765604473,-0.580184676083636,-0.709371593877936
-0.615296919045758,-0.579543256548577,-0.706793981752028
-0.612843444586775,-0.578905018499782,-0.704245394850478
-0.610389970127792,-0.578266780450987,-0.701696807948927
-0.607936495668809,-0.577628542402193,-0.699148221047377
-0.605483021209826,-0.576990304353398,-0.696599634145827
-0.603029546750843,-0.576352066304604,-0.694051047244277
-0.600576072291859,-0.575713828255809,-0.691502460342727
-0.598122597832876,-0.575075590207014,-0.688953873441177
-0.595669123373893,-0.57443735215822,-0.686405286539627
-0.593273708598877,-0.573803577801069,-0.683897983539099
-0.590923183408767,-0.573173254604023,-0.681422599713004
-0.588572658218657,-0.572542931406978,-0.67894721588691
-0.586222133028546,-0.571912608209932,-0.676471832060815
-0.583871607838436,-0.571282285012886,-0.67399644823472
-0.581521082648326,-0.570651961815841,-0.671521064408626
-0.579170557458215,-0.570021638618795,-0.669045680582531
-0.576820032268105,-0.569391315421749,-0.666570296756437
-0.574469507077995,-0.568760992224704,-0.664094912930342
-0.572171986248373,-0.568134844890757,-0.661658591215647
-0.56992309072399,-0.567512528423102,-0.659258104422314
-0.567674195199607,-0.566890211955446,-0.656857617628981
-0.565425299675224,-0.566267895487791,-0.654457130835648
-0.563176404150841,-0.565645579020135,-0.652056644042316
-0.560927508626458,-0.56502326255248,-0.649656157248983
-0.558678613102075,-0.564400946084824,-0.64725567045565
-0.556429717577692,-0.563778629617169,-0.644855183662318
-0.554180822053309,-0.563156313149513,-0.642454696868985
-0.551931926528926,-0.562533996681858,-0.640054210075652
-0.549770950474473,-0.561918783054225,-0.637720719202664
-0.547622199295089,-0.561304557050062,-0.635396543863051
-0.545473448115706,-0.560690331045899,-0.633072368523437
-0.543324696936323,-0.560076105041736,-0.630748193183823
-0.541175945756939,-0.559461879037573,-0.62842401784421
-0.539027194577556,-0.55884765303341,-0.626099842504596
-0.536878443398173,-0.558233427029246,-0.623775667164982
-0.534729692218789,-0.557619201025083,-0.621451491825369
-0.532580941039406,-0.55700497502092,-0.619127316485755
-0.530454567722298,-0.556392604497532,-0.616820754228373
-0.528401321610548,-0.555786297382792,-0.614571748652032
-0.526348075498798,-0.555179990268051,-0.612322743075691
-0.524294829387048,-0.554573683153311,-0.61007373749935
-0.522241583275297,-0.553967376038571,-0.607824731923009
-0.520188337163547,-0.553361068923831,-0.605575726346667
-0.518135091051797,-0.55275476180909,-0.603326720770326
-0.516081844940047,-0.55214845469435,-0.601077715193985
-0.514028598828297,-0.55154214757961,-0.598828709617644
-0.511975352716547,-0.55093584046487,-0.596579704041303
-0.509975902060658,-0.550334113017984,-0.594374369464082
-0.508013727561443,-0.549735558932373,-0.592199295565559
-0.506051553062228,-0.549137004846762,-0.590024221667037
-0.504089378563013,-0.548538450761152,-0.587849147768514
-0.502127204063797,-0.547939896675541,-0.585674073869992
-0.500165029564582,-0.54734134258993,-0.58349899997147
-0.498202855065367,-0.54674278850432,-0.581323926072947
-0.496240680566152,-0.546144234418709,-0.579148852174425
-0.494278506066936,-0.545545680333098,-0.576973778275902
-0.492316331567721,-0.544947126247488,-0.57479870437738
-0.490439304073122,-0.544356021402558,-0.572694845563104
-0.488567034596389,-0.543765332821482,-0.570594966250453
-0.486694765119656,-0.543174644240405,-0.568495086937802
-0.484822495642922,-0.542583955659329,-0.566395207625151
-0.482950226166189,-0.541993267078252,-0.5642953283125
-0.481077956689456,-0.541402578497176,-0.562195448999849
-0.479205687212723,-0.540811889916099,-0.560095569687197
-0.47733341773599,-0.540221201335023,-0.557995690374546
-0.475461148259257,-0.539630512753947,-0.555895811061895
-0.473588878782524,-0.53903982417287,-0.553795931749244
-0.471769839674282,-0.53845392514569,-0.551741832314134
-0.469986134309654,-0.537871205372649,-0.549718121067225
-0.468202428945027,-0.537288485599609,-0.547694409820317
-0.4664187235804,-0.536705765826568,-0.545670698573408
-0.464635018215772,-0.536123046053528,-0.5436469873265
-0.462851312851145,-0.535540326280487,-0.541623276079591
-0.461067607486518,-0.534957606507447,-0.539599564832683
-0.459283902121891,-0.534374886734406,-0.537575853585774
-0.457500196757263,-0.533792166961366,-0.535552142338866
-0.455716491392636,-0.533209447188326,-0.533528431091957
-0.453954251495901,-0.532628715854721,-0.531523689244985
-0.452254725072111,-0.532053793942248,-0.529574368363244
-0.450555198648321,-0.531478872029776,-0.527625047481503
-0.448855672224531,-0.530903950117303,-0.525675726599762
-0.447156145800741,-0.53032902820483,-0.523726405718021
-0.445456619376951,-0.529754106292358,-0.52177708483628
-0.44375709295316,-0.529179184379885,-0.519827763954539
-0.44205756652937,-0.528604262467412,-0.517878443072798
-0.44035804010558,-0.52802934055494,-0.515929122191057
-0.43865851368179,-0.527454418642467,-0.513979801309316
-0.436958987258,-0.526879496729994,-0.512030480427575
-0.435332178390241,-0.526311512679584,-0.510147121234172
-0.433712652932838,-0.525744223527341,-0.508270368781564
-0.432093127475435,-0.525176934375098,-0.506393616328956
-0.430473602018031,-0.524609645222855,-0.504516863876348
-0.428854076560628,-0.524042356070612,-0.50264011142374
-0.427234551103225,-0.523475066918369,-0.500763358971133
-0.425615025645821,-0.522907777766126,-0.498886606518525
-0.423995500188418,-0.522340488613883,-0.497009854065917
-0.422375974731014,-0.52177319946164,-0.495133101613309
-0.420756449273611,-0.521205910309397,-0.493256349160701
-0.419181396038173,-0.520642996062098,-0.491420971310321
-0.417640873479235,-0.52008347873136,-0.489617718974291
-0.416100350920297,-0.519523961400623,-0.487814466638261
-0.41455982836136,-0.518964444069886,-0.48601121430223
-0.413019305802422,-0.518404926739148,-0.4842079619662
-0.411478783243484,-0.517845409408411,-0.48240470963017
-0.409938260684547,-0.517285892077674,-0.480601457294139
-0.408397738125609,-0.516726374746937,-0.478798204958109
-0.406857215566671,-0.516166857416199,-0.476994952622078
-0.405316693007733,-0.515607340085462,-0.475191700286048
-0.403776170448796,-0.515047822754725,-0.473388447950018
-0.402265137151987,-0.514491299254267,-0.471613286232017
-0.400802432254785,-0.51393968218468,-0.469884160749424
-0.399339727357583,-0.513388065115094,-0.468155035266831
-0.397877022460382,-0.512836448045507,-0.466425909784237
-0.39641431756318,-0.512284830975921,-0.464696784301644
-0.394951612665978,-0.511733213906334,-0.46296765881905
-0.393488907768776,-0.511181596836748,-0.461238533336457
-0.392026202871574,-0.510629979767162,-0.459509407853863
-0.390563497974372,-0.510078362697575,-0.45778028237127
-0.38910079307717,-0.509526745627989,-0.456051156888677
-0.387638088179968,-0.508975128558402,-0.454322031406083
-0.386189748369355,-0.508425018383359,-0.452606909741682
-0.384800715193306,-0.507881129461731,-0.45094960320585
-0.383411682017256,-0.507337240540103,-0.449292296670019
-0.382022648841206,-0.506793351618475,-0.447634990134187
-0.380633615665157,-0.506249462696847,-0.445977683598355
-0.379244582489107,-0.505705573775219,-0.444320377062523
-0.377855549313057,-0.505161684853592,-0.442663070526692
-0.376466516137008,-0.504617795931964,-0.44100576399086
-0.375077482960958,-0.504073907010336,-0.439348457455028
-0.373688449784909,-0.503530018088708,-0.437691150919197
-0.372299416608859,-0.50298612916708,-0.436033844383365
-0.370911152077257,-0.502442323596687,-0.434377304084528
-0.369591854534399,-0.501905996755486,-0.432789514764558
-0.36827255699154,-0.501369669914284,-0.431201725444588
-0.366953259448681,-0.500833343073082,-0.429613936124618
-0.365633961905822,-0.500297016231881,-0.428026146804647
-0.364314664362963,-0.499760689390679,-0.426438357484677
-0.362995366820105,-0.499224362549478,-0.424850568164707
-0.361676069277246,-0.498688035708276,-0.423262778844737
-0.360356771734387,-0.498151708867075,-0.421674989524766
-0.359037474191528,-0.497615382025873,-0.420087200204796
-0.357718176648669,-0.497079055184672,-0.418499410884826
-0.356398879105811,-0.49654272834347,-0.416911621564856
-0.3551365931372,-0.496012800966897,-0.415381914707322
-0.353886228682377,-0.49548421176256,-0.413864353293691
-0.352635864227554,-0.494955622558222,-0.412346791880059
-0.351385499772731,-0.494427033353885,-0.410829230466428
-0.350135135317908,-0.493898444149547,-0.409311669052796
-0.348884770863085,-0.49336985494521,-0.407794107639165
-0.347634406408262,-0.492841265740873,-0.406276546225533
-0.346384041953439,-0.492312676536535,-0.404758984811902
-0.345133677498616,-0.491784087332198,-0.40324142339827
-0.343883313043793,-0.49125549812786,-0.401723861984639
-0.34263294858897,-0.490726908923523,-0.400206300571007
-0.341382584134147,-0.490198319719185,-0.398688739157375
-0.340173928032193,-0.489674581774344,-0.397214534892586
-0.338991486750847,-0.489153892976464,-0.395767581760982
-0.337809045469501,-0.488633204178583,-0.394320628629378
-0.336626604188155,-0.488112515380703,-0.392873675497774
-0.335444162906809,-0.487591826582822,-0.39142672236617
-0.334261721625463,-0.487071137784942,-0.389979769234566
-0.333079280344117,-0.486550448987062,-0.388532816102962
-0.331896839062771,-0.486029760189181,-0.387085862971358
-0.330714397781425,-0.485509071391301,-0.385638909839754
-0.329531956500079,-0.48498838259342,-0.38419195670815
-0.328349515218733,-0.48446769379554,-0.382745003576546
-0.327167073937387,-0.48394700499766,-0.381298050444942
-0.326010297427085,-0.48342941406992,-0.379878311473415
-0.324891850560507,-0.482916449727728,-0.378499216116366
-0.323773403693928,-0.482403485385536,-0.377120120759317
-0.32265495682735,-0.481890521043344,-0.375741025402268
-0.321536509960772,-0.481377556701152,-0.374361930045219
-0.320418063094194,-0.48086459235896,-0.37298283468817
-0.319299616227615,-0.480351628016768,-0.371603739331121
-0.318181169361037,-0.479838663674577,-0.370224643974072
-0.317062722494459,-0.479325699332385,-0.368845548617023
-0.315944275627881,-0.478812734990193,-0.367466453259974
-0.314825828761302,-0.478299770648001,-0.366087357902924
-0.313707381894724,-0.477786806305809,-0.364708262545875
-0.312600270271472,-0.477275262595273,-0.363341420649303
-0.311542103719473,-0.476769853108382,-0.362027488644375
-0.310483937167475,-0.476264443621491,-0.360713556639446
-0.309425770615476,-0.475759034134601,-0.359399624634518
-0.308367604063477,-0.47525362464771,-0.35808569262959
-0.307309437511478,-0.474748215160819,-0.356771760624661
-0.30625127095948,-0.474242805673928,-0.355457828619733
-0.305193104407481,-0.473737396187037,-0.354143896614805
-0.304134937855482,-0.473231986700146,-0.352829964609877
-0.303076771303484,-0.472726577213256,-0.351516032604948
-0.302018604751485,-0.472221167726365,-0.35020210060002
-0.300960438199486,-0.471715758239474,-0.348888168595092
-0.299902271647488,-0.471210348752583,-0.347574236590163
-0.298902339750877,-0.470712530148311,-0.346324454681485
-0.29790389876168,-0.470214905883699,-0.34507631512569
-0.296905457772483,-0.469717281619087,-0.343828175569894
-0.295907016783286,-0.469219657354476,-0.342580036014099
-0.294908575794089,-0.468722033089864,-0.341331896458303
-0.293910134804892,-0.468224408825253,-0.340083756902507
-0.292911693815696,-0.467726784560641,-0.338835617346712
-0.291913252826499,-0.467229160296029,-0.337587477790916
-0.290914811837302,-0.466731536031418,-0.33633933823512
-0.289916370848105,-0.466233911766806,-0.335091198679325
-0.288917929858908,-0.465736287502194,-0.333843059123529
-0.287919488869711,-0.465238663237583,-0.332594919567734
-0.286921047880515,-0.464741038972971,-0.331346780011938
-0.285948627489768,-0.464246946857337,-0.330127803942948
-0.285009115487249,-0.463757321869163,-0.328945711089679
-0.284069603484729,-0.463267696880988,-0.32776361823641
-0.28313009148221,-0.462778071892813,-0.326581525383141
-0.28219057947969,-0.462288446904639,-0.325399432529872
-0.281251067477171,-0.461798821916464,-0.324217339676604
-0.280311555474651,-0.461309196928289,-0.323035246823335
-0.279372043472132,-0.460819571940115,-0.321853153970066
-0.278432531469612,-0.46032994695194,-0.320671061116797
-0.277493019467092,-0.459840321963765,-0.319488968263528
-0.276553507464573,-0.459350696975591,-0.318306875410259
-0.275613995462053,-0.458861071987416,-0.317124782556991
-0.274674483459534,-0.458371446999241,-0.315942689703722
-0.273734971457014,-0.457881822011066,-0.314760596850453
-0.272845567940992,-0.457399293760293,-0.313635634140658
-0.271961236649553,-0.456917483875778,-0.312516454421699
-0.271076905358114,-0.456435673991262,-0.311397274702739
-0.270192574066675,-0.455953864106746,-0.31027809498378
-0.269308242775236,-0.455472054222231,-0.30915891526482
-0.268423911483798,-0.454990244337715,-0.308039735545861
-0.267539580192359,-0.454508434453199,-0.306920555826901
-0.26665524890092,-0.454026624568684,-0.305801376107942
-0.265770917609481,-0.453544814684168,-0.304682196388982
-0.264886586318042,-0.453063004799653,-0.303563016670023
-0.264002255026603,-0.452581194915137,-0.302443836951063
-0.263117923735164,-0.452099385030621,-0.301324657232104
-0.262233592443725,-0.451617575146106,-0.300205477513144
-0.261368611485786,-0.451138626379821,-0.299108731761068
-0.260535936052791,-0.450664454271592,-0.298049439682687
-0.259703260619797,-0.450190282163363,-0.296990147604306
-0.258870585186803,-0.449716110055135,-0.295930855525924
-0.258037909753809,-0.449241937946906,-0.294871563447543
-0.257205234320815,-0.448767765838677,-0.293812271369162
-0.256372558887821,-0.448293593730448,-0.29275297929078
-0.255539883454826,-0.447819421622219,-0.291693687212399
-0.254707208021832,-0.44734524951399,-0.290634395134018
-0.253874532588838,-0.446871077405762,-0.289575103055636
-0.253041857155844,-0.446396905297533,-0.288515810977255
-0.25220918172285,-0.445922733189304,-0.287456518898874
-0.251376506289856,-0.445448561081075,-0.286397226820492
-0.250543830856861,-0.444974388972846,-0.285337934742111
-0.249753191019568,-0.444506714391801,-0.284328168296513
-0.248970491200868,-0.444040267115516,-0.283327756647453
-0.248187791382168,-0.44357381983923,-0.282327344998393
-0.247405091563469,-0.443107372562944,-0.281326933349334
-0.246622391744769,-0.442640925286659,-0.280326521700274
-0.245839691926069,-0.442174478010373,-0.279326110051214
-0.245056992107369,-0.441708030734087,-0.278325698402155
-0.244274292288669,-0.441241583457802,-0.277325286753095
-0.24349159246997,-0.440775136181516,-0.276324875104035
-0.24270889265127,-0.44030868890523,-0.275324463454976
-0.24192619283257,-0.439842241628945,-0.274324051805916
-0.24114349301387,-0.439375794352659,-0.273323640156856
-0.24036079319517,-0.438909347076373,-0.272323228507796
-0.239578093376471,-0.438442899800088,-0.271322816858737
-0.238812767250387,-0.437979262035245,-0.270343169629043
-0.238078326129703,-0.437520618705266,-0.269400435059103
-0.237343885009019,-0.437061975375287,-0.268457700489164
-0.236609443888335,-0.436603332045307,-0.267514965919225
-0.235875002767651,-0.436144688715328,-0.266572231349286
-0.235140561646968,-0.435686045385348,-0.265629496779346
-0.234406120526284,-0.435227402055369,-0.264686762209407
-0.2336716794056,-0.43476875872539,-0.263744027639468
-0.232937238284916,-0.43431011539541,-0.262801293069529
-0.232202797164232,-0.433851472065431,-0.261858558499589
-0.231468356043548,-0.433392828735451,-0.26091582392965
-0.230733914922865,-0.432934185405472,-0.259973089359711
-0.229999473802181,-0.432475542075493,-0.259030354789772
-0.229265032681497,-0.432016898745513,-0.258087620219832
-0.228530591560813,-0.431558255415534,-0.257144885649893
-0.227835701311062,-0.431106313509425,-0.256250089188413
-0.22714626055496,-0.43065529495509,-0.255361897851207
-0.226456819798858,-0.430204276400755,-0.254473706514
-0.225767379042757,-0.42975325784642,-0.253585515176794
-0.225077938286655,-0.429302239292085,-0.252697323839588
-0.224388497530554,-0.42885122073775,-0.251809132502381
-0.223699056774452,-0.428400202183415,-0.250920941165175
-0.223009616018351,-0.42794918362908,-0.250032749827968
-0.222320175262249,-0.427498165074745,-0.249144558490762
-0.221630734506148,-0.42704714652041,-0.248256367153556
-0.220941293750046,-0.426596127966075,-0.247368175816349
-0.220251852993945,-0.42614510941174,-0.246479984479143
-0.219562412237843,-0.425694090857405,-0.245591793141937
-0.218872971481742,-0.42524307230307,-0.24470360180473
-0.218200216972338,-0.424795018157752,-0.243835916223373
-0.217552723527617,-0.42435145178786,-0.242999274005707
-0.216905230082895,-0.423907885417969,-0.24216263178804
-0.216257736638173,-0.423464319048078,-0.241325989570374
-0.215610243193452,-0.423020752678186,-0.240489347352707
-0.21496274974873,-0.422577186308295,-0.239652705135041
-0.214315256304008,-0.422133619938404,-0.238816062917374
-0.213667762859287,-0.421690053568513,-0.237979420699708
-0.213020269414565,-0.421246487198621,-0.237142778482041
-0.212372775969843,-0.42080292082873,-0.236306136264375
-0.211725282525122,-0.420359354458839,-0.235469494046708
-0.2110777890804,-0.419915788088948,-0.234632851829042
-0.210430295635678,-0.419472221719056,-0.233796209611375
-0.209782802190957,-0.419028655349165,-0.232959567393709
-0.209135308746235,-0.418585088979274,-0.232122925176042
-0.208524581064308,-0.418148378915311,-0.231332063536668
-0.20791719513655,-0.417712292042251,-0.230545363035994
-0.207309809208793,-0.417276205169191,-0.22975866253532
-0.206702423281036,-0.416840118296131,-0.228971962034645
-0.206095037353278,-0.416404031423071,-0.228185261533971
-0.205487651425521,-0.415967944550011,-0.227398561033297
-0.204880265497764,-0.415531857676951,-0.226611860532623
-0.204272879570006,-0.415095770803891,-0.225825160031949
-0.203665493642249,-0.414659683930831,-0.225038459531275
-0.203058107714492,-0.414223597057772,-0.224251759030601
-0.202450721786734,-0.413787510184712,-0.223465058529927
-0.201843335858977,-0.413351423311652,-0.222678358029253
-0.201235949931219,-0.412915336438592,-0.221891657528578
-0.200628564003462,-0.412479249565532,-0.221104957027904
-0.200021178075705,-0.412043162692472,-0.22031825652723
-0.199438916363633,-0.41161199593367,-0.219563199304125
-0.198869841637095,-0.411183411602768,-0.218824750736541
-0.198300766910558,-0.410754827271866,-0.218086302168957
-0.197731692184021,-0.410326242940963,-0.217347853601373
-0.197162617457483,-0.409897658610061,-0.216609405033789
-0.196593542730946,-0.409469074279159,-0.215870956466205
-0.196024468004408,-0.409040489948257,-0.215132507898621
-0.195455393277871,-0.408611905617355,-0.214394059331037
-0.194886318551333,-0.408183321286452,-0.213655610763453
-0.194317243824796,-0.40775473695555,-0.212917162195869
-0.193748169098259,-0.407326152624648,-0.212178713628285
-0.193179094371721,-0.406897568293746,-0.211440265060701
-0.192610019645184,-0.406468983962844,-0.210701816493117
-0.192040944918646,-0.406040399631941,-0.209963367925533
-0.191471870192109,-0.405611815301039,-0.209224919357949
-0.190916858194863,-0.405186126813925,-0.208504380687536
-0.19038339380723,-0.404764875481943,-0.20781128444771
-0.189849929419597,-0.404343624149961,-0.207118188207885
-0.189316465031964,-0.403922372817979,-0.206425091968059
-0.188783000644331,-0.403501121485997,-0.205731995728234
-0.188249536256699,-0.403079870154015,-0.205038899488408
-0.187716071869066,-0.402658618822033,-0.204345803248583
-0.187182607481433,-0.402237367490051,-0.203652707008757
-0.1866491430938,-0.401816116158068,-0.202959610768932
-0.186115678706167,-0.401394864826086,-0.202266514529106
-0.185582214318534,-0.400973613494104,-0.201573418289281
-0.185048749930901,-0.400552362162122,-0.200880322049455
-0.184515285543268,-0.40013111083014,-0.20018722580963
-0.183981821155636,-0.399709859498158,-0.199494129569804
-0.183448356768003,-0.399288608166176,-0.198801033329979
-0.18291932663207,-0.398868317677424,-0.19811364678866
-0.182418949071302,-0.398454235819736,-0.197463154311259
-0.181918571510535,-0.398040153962049,-0.196812661833857
-0.181418193949767,-0.397626072104362,-0.196162169356455
-0.180917816388999,-0.397211990246674,-0.195511676879054
-0.180417438828232,-0.396797908388987,-0.194861184401652
-0.179917061267464,-0.3963838265313,-0.19421069192425
-0.179416683706696,-0.395969744673612,-0.193560199446848
-0.178916306145929,-0.395555662815925,-0.192909706969447
-0.178415928585161,-0.395141580958238,-0.192259214492045
-0.177915551024393,-0.39472749910055,-0.191608722014643
-0.177415173463625,-0.394313417242863,-0.190958229537242
-0.176914795902858,-0.393899335385176,-0.19030773705984
-0.17641441834209,-0.393485253527488,-0.189657244582438
-0.175914040781322,-0.393071171669801,-0.189006752105036
-0.175413663220555,-0.392657089812114,-0.188356259627635
-0.174940871948157,-0.392249305643559,-0.187741660912813
-0.174472089042512,-0.391842436547283,-0.187132277664555
-0.174003306136868,-0.391435567451007,-0.186522894416297
-0.173534523231223,-0.39102869835473,-0.185913511168039
-0.173065740325579,-0.390621829258454,-0.18530412791978
-0.172596957419934,-0.390214960162177,-0.184694744671522
-0.17212817451429,-0.389808091065901,-0.184085361423264
-0.171659391608645,-0.389401221969625,-0.183475978175006
-0.171190608703001,-0.388994352873348,-0.182866594926747
-0.170721825797356,-0.388587483777072,-0.182257211678489
-0.170253042891712,-0.388180614680796,-0.181647828430231
-0.169784259986067,-0.387773745584519,-0.181038445181973
-0.169315477080423,-0.387366876488243,-0.180429061933714
-0.168846694174778,-0.386960007391967,-0.179819678685456
-0.168377911269134,-0.38655313829569,-0.179210295437198
-0.167909128363489,-0.386146269199414,-0.17860091218894
-0.167462210822102,-0.385744660530472,-0.178020229886801
-0.167023566771611,-0.385345042319916,-0.177450407546273
-0.16658492272112,-0.38494542410936,-0.176880585205745
-0.166146278670629,-0.384545805898804,-0.176310762865216
-0.165707634620139,-0.384146187688249,-0.175740940524688
-0.165268990569648,-0.383746569477693,-0.17517111818416
-0.164830346519157,-0.383346951267137,-0.174601295843632
-0.164391702468666,-0.382947333056581,-0.174031473503104
-0.163953058418175,-0.382547714846026,-0.173461651162576
-0.163514414367684,-0.38214809663547,-0.172891828822048
-0.163075770317193,-0.381748478424914,-0.172322006481519
-0.162637126266702,-0.381348860214358,-0.171752184140991
-0.162198482216211,-0.380949242003803,-0.171182361800463
-0.16175983816572,-0.380549623793247,-0.170612539459935
-0.16132119411523,-0.380150005582691,-0.170042717119407
-0.160882550064739,-0.379750387372135,-0.169472894778879
-0.160460037765754,-0.379354865090865,-0.1689244291451
-0.160049310873387,-0.378962335181011,-0.168391566124153
-0.15963858398102,-0.378569805271156,-0.167858703103205
-0.159227857088653,-0.378177275361302,-0.167325840082258
-0.158817130196286,-0.377784745451448,-0.16679297706131
-0.158406403303919,-0.377392215541593,-0.166260114040362
-0.157995676411552,-0.376999685631739,-0.165727251019415
-0.157584949519185,-0.376607155721885,-0.165194387998467
-0.157174222626817,-0.376214625812031,-0.16466152497752
-0.15676349573445,-0.375822095902176,-0.164128661956572
-0.156352768842083,-0.375429565992322,-0.163595798935625
-0.155942041949716,-0.375037036082468,-0.163062935914677
-0.155531315057349,-0.374644506172614,-0.16253007289373
-0.155120588164982,-0.374251976262759,-0.161997209872782
-0.154709861272615,-0.373859446352905,-0.161464346851835
-0.154299134380248,-0.373466916443051,-0.160931483830887
-0.153899527197519,-0.373077368365647,-0.160413467102733
-0.153514648092438,-0.372691769731284,-0.159915114319066
-0.153129768987357,-0.372306171096922,-0.159416761535398
-0.152744889882275,-0.37192057246256,-0.158918408751731
-0.152360010777194,-0.371534973828197,-0.158420055968064
-0.151975131672113,-0.371149375193835,-0.157921703184396
-0.151590252567032,-0.370763776559473,-0.157423350400729
-0.151205373461951,-0.37037817792511,-0.156924997617062
-0.15082049435687,-0.369992579290748,-0.156426644833395
-0.150435615251789,-0.369606980656385,-0.155928292049727
-0.150050736146707,-0.369221382022023,-0.15542993926606
-0.149665857041626,-0.368835783387661,-0.154931586482392
-0.149280977936545,-0.368450184753298,-0.154433233698725
-0.148896098831464,-0.368064586118936,-0.153934880915058
-0.148511219726383,-0.367678987484574,-0.153436528131391
-0.148126340621302,-0.367293388850211,-0.152938175347723
-0.147748421001802,-0.366909763691814,-0.152449188501463
-0.147388172384657,-0.366531149435161,-0.151983982939042
-0.147027923767512,-0.366152535178507,-0.151518777376621
-0.146667675150368,-0.365773920921854,-0.1510535718142
-0.146307426533223,-0.3653953066652,-0.150588366251779
-0.145947177916079,-0.365016692408547,-0.150123160689358
-0.145586929298934,-0.364638078151893,-0.149657955126937
-0.14522668068179,-0.364259463895239,-0.149192749564516
-0.144866432064645,-0.363880849638586,-0.148727544002095
-0.1445061834475,-0.363502235381932,-0.148262338439674
-0.144145934830356,-0.363123621125279,-0.147797132877253
-0.143785686213211,-0.362745006868625,-0.147331927314833
-0.143425437596067,-0.362366392611972,-0.146866721752412
-0.143065188978922,-0.361987778355318,-0.146401516189991
-0.142704940361778,-0.361609164098665,-0.14593631062757
-0.142344691744633,-0.361230549842011,-0.145471105065149
-0.141984443127488,-0.360851935585357,-0.145005899502728
-0.141627624901604,-0.36047435005716,-0.144545339901597
-0.141290823961623,-0.360102767445267,-0.144111890775163
-0.140954023021642,-0.359731184833374,-0.143678441648729
-0.140617222081662,-0.359359602221481,-0.143244992522295
-0.140280421141681,-0.358988019609588,-0.142811543395861
-0.1399436202017,-0.358616436997695,-0.142378094269427
-0.139606819261719,-0.358244854385802,-0.141944645142993
-0.139270018321739,-0.357873271773909,-0.141511196016559
-0.138933217381758,-0.357501689162016,-0.141077746890125
-0.138596416441777,-0.357130106550123,-0.140644297763691
-0.138259615501796,-0.356758523938229,-0.140210848637256
-0.137922814561816,-0.356386941326336,-0.139777399510822
-0.137586013621835,-0.356015358714443,-0.139343950384388
-0.137249212681854,-0.35564377610255,-0.138910501257954
-0.136912411741873,-0.355272193490657,-0.13847705213152
-0.136575610801893,-0.354900610878764,-0.138043603005086
-0.136238809861912,-0.354529028266871,-0.137610153878652
-0.135902226285791,-0.354157514696196,-0.137177000945538
-0.135587066654454,-0.353792806006719,-0.136773041592961
-0.135271907023117,-0.353428097317242,-0.136369082240384
-0.134956747391781,-0.353063388627765,-0.135965122887808
-0.134641587760444,-0.352698679938288,-0.135561163535231
-0.134326428129107,-0.35233397124881,-0.135157204182654
-0.134011268497771,-0.351969262559333,-0.134753244830078
-0.133696108866434,-0.351604553869856,-0.134349285477501
-0.133380949235097,-0.351239845180379,-0.133945326124924
-0.133065789603761,-0.350875136490902,-0.133541366772347
-0.132750629972424,-0.350510427801425,-0.133137407419771
-0.132435470341087,-0.350145719111948,-0.132733448067194
-0.132120310709751,-0.349781010422471,-0.132329488714617
-0.131805151078414,-0.349416301732993,-0.131925529362041
-0.131489991447078,-0.349051593043516,-0.131521570009464
-0.131174831815741,-0.348686884354039,-0.131117610656887
-0.130859672184404,-0.348322175664562,-0.130713651304311
-0.130544512553068,-0.347957466975085,-0.130309691951734
-0.130246797493874,-0.347598631347961,-0.12992964762821
-0.129951602169074,-0.347240644039563,-0.129553057646858
-0.129656406844273,-0.346882656731165,-0.129176467665507
-0.129361211519473,-0.346524669422767,-0.128799877684155
-0.129066016194673,-0.346166682114369,-0.128423287702803
-0.128770820869873,-0.34580869480597,-0.128046697721451
-0.128475625545072,-0.345450707497572,-0.1276701077401
-0.128180430220272,-0.345092720189174,-0.127293517758748
-0.127885234895472,-0.344734732880776,-0.126916927777396
-0.127590039570672,-0.344376745572378,-0.126540337796045
-0.127294844245871,-0.34401875826398,-0.126163747814693
-0.126999648921071,-0.343660770955582,-0.125787157833341
-0.126704453596271,-0.343302783647183,-0.12541056785199
-0.126409258271471,-0.342944796338785,-0.125033977870638
-0.12611406294667,-0.342586809030387,-0.124657387889286
-0.12581886762187,-0.342228821721989,-0.124280797907934
-0.12552367229707,-0.341870834413591,-0.123904207926583
-0.125242479992658,-0.341517850508733,-0.123546921172909
-0.124966270986907,-0.341166647180741,-0.12319650391924
-0.124690061981155,-0.340815443852749,-0.122846086665571
-0.124413852975403,-0.340464240524756,-0.122495669411901
-0.124137643969651,-0.340113037196764,-0.122145252158232
-0.123861434963899,-0.339761833868772,-0.121794834904562
-0.123585225958148,-0.33941063054078,-0.121444417650893
-0.123309016952396,-0.339059427212788,-0.121094000397224
-0.123032807946644,-0.338708223884796,-0.120743583143554
-0.122756598940892,-0.338357020556804,-0.120393165889885
-0.12248038993514,-0.338005817228812,-0.120042748636216
-0.122204180929388,-0.337654613900819,-0.119692331382546
-0.121927971923637,-0.337303410572827,-0.119341914128877
-0.121651762917885,-0.336952207244835,-0.118991496875207
-0.121375553912133,-0.336601003916843,-0.118641079621538
-0.121099344906381,-0.336249800588851,-0.118290662367869
-0.120823135900629,-0.335898597260859,-0.117940245114199
-0.120546926894877,-0.335547393932867,-0.11758982786053
-0.120279569712325,-0.335199546720177,-0.117251661235319
-0.120021401201812,-0.334855183336992,-0.116926211426141
-0.119763232691299,-0.334510819953807,-0.116600761616963
-0.119505064180786,-0.334166456570622,-0.116275311807785
-0.119246895670273,-0.333822093187437,-0.115949861998608
-0.118988727159761,-0.333477729804253,-0.11562441218943
-0.118730558649248,-0.333133366421068,-0.115298962380252
-0.118472390138735,-0.332789003037883,-0.114973512571074
-0.118214221628222,-0.332444639654698,-0.114648062761897
-0.117956053117709,-0.332100276271514,-0.114322612952719
-0.117697884607196,-0.331755912888329,-0.113997163143541
-0.117439716096683,-0.331411549505144,-0.113671713334363
-0.117181547586171,-0.331067186121959,-0.113346263525186
-0.116923379075658,-0.330722822738774,-0.113020813716008
-0.116665210565145,-0.33037845935559,-0.11269536390683
-0.116407042054632,-0.330034095972405,-0.112369914097652
-0.116148873544119,-0.32968973258922,-0.112044464288475
-0.115890705033606,-0.329345369206035,-0.111719014479297
-0.115636581132531,-0.329002635600472,-0.111399182898092
-0.115395002757313,-0.328664957221527,-0.111096777875717
-0.115153424382095,-0.328327278842582,-0.110794372853342
-0.114911846006877,-0.327989600463638,-0.110491967830967
-0.114670267631659,-0.327651922084693,-0.110189562808592
-0.114428689256441,-0.327314243705748,-0.109887157786217
-0.114187110881223,-0.326976565326804,-0.109584752763842
-0.113945532506005,-0.326638886947859,-0.109282347741467
-0.113703954130787,-0.326301208568914,-0.108979942719092
-0.113462375755569,-0.325963530189969,-0.108677537696717
-0.113220797380351,-0.325625851811025,-0.108375132674342
-0.112979219005133,-0.32528817343208,-0.108072727651967
-0.112737640629915,-0.324950495053135,-0.107770322629592
-0.112496062254697,-0.324612816674191,-0.107467917607217
-0.112254483879479,-0.324275138295246,-0.107165512584842
-0.112012905504261,-0.323937459916301,-0.106863107562467
-0.111771327129043,-0.323599781537357,-0.106560702540092
-0.111529748753825,-0.323262103158412,-0.106258297517717
-0.111288170378607,-0.322924424779467,-0.105955892495342
-0.111061793431939,-0.322593261278734,-0.105674678981035
-0.110835463327854,-0.322262117853332,-0.105393530767498
-0.110609133223769,-0.32193097442793,-0.10511238255396
-0.110382803119684,-0.321599831002529,-0.104831234340423
-0.110156473015599,-0.321268687577127,-0.104550086126886
-0.109930142911514,-0.320937544151726,-0.104268937913348
-0.109703812807429,-0.320606400726324,-0.103987789699811
-0.109477482703345,-0.320275257300923,-0.103706641486274
-0.10925115259926,-0.319944113875521,-0.103425493272737
-0.109024822495175,-0.319612970450119,-0.103144345059199
-0.10879849239109,-0.319281827024718,-0.102863196845662
-0.108572162287005,-0.318950683599316,-0.102582048632125
-0.10834583218292,-0.318619540173915,-0.102300900418588
-0.108119502078835,-0.318288396748513,-0.10201975220505
-0.10789317197475,-0.317957253323112,-0.101738603991513
-0.107666841870665,-0.31762610989771,-0.101457455777976
-0.10744051176658,-0.317294966472308,-0.101176307564439
-0.107214181662495,-0.316963823046907,-0.100895159350901
-0.106998708707027,-0.316637634819788,-0.100629192152083
-0.106786853643773,-0.316313097797228,-0.100368283673275
-0.106574998580518,-0.315988560774668,-0.100107375194467
-0.106363143517264,-0.315664023752108,-0.0998464667156583
-0.10615128845401,-0.315339486729548,-0.09958555823685
-0.105939433390755,-0.315014949706987,-0.0993246497580417
-0.105727578327501,-0.314690412684427,-0.0990637412792333
-0.105515723264247,-0.314365875661867,-0.098802832800425
-0.105303868200992,-0.314041338639307,-0.0985419243216167
-0.105092013137738,-0.313716801616747,-0.0982810158428084
-0.104880158074484,-0.313392264594187,-0.098020107364
-0.10466830301123,-0.313067727571626,-0.0977591988851917
-0.104456447947975,-0.312743190549066,-0.0974982904063834
-0.104244592884721,-0.312418653526506,-0.0972373819275751
-0.104032737821467,-0.312094116503946,-0.0969764734487667
-0.103820882758212,-0.311769579481386,-0.0967155649699584
-0.103609027694958,-0.311445042458826,-0.09645465649115
-0.103397172631704,-0.311120505436265,-0.0961937480123417
-0.103185317568449,-0.310795968413705,-0.0959328395335334
-0.102976862892559,-0.310473083174557,-0.0956766924930496
-0.102778739398207,-0.310155216444319,-0.0954350118290226
-0.102580615903855,-0.309837349714081,-0.0951933311649957
-0.102382492409504,-0.309519482983844,-0.0949516505009688
-0.102184368915152,-0.309201616253606,-0.0947099698369419
-0.1019862454208,-0.308883749523368,-0.094468289172915
-0.101788121926448,-0.308565882793131,-0.0942266085088881
-0.101589998432096,-0.308248016062893,-0.0939849278448612
-0.101391874937744,-0.307930149332655,-0.0937432471808343
-0.101193751443392,-0.307612282602417,-0.0935015665168074
-0.10099562794904,-0.30729441587218,-0.0932598858527805
-0.100797504454688,-0.306976549141942,-0.0930182051887536
-0.100599380960336,-0.306658682411704,-0.0927765245247267
-0.100401257465984,-0.306340815681467,-0.0925348438606998
-0.100203133971632,-0.306022948951229,-0.0922931631966729
-0.100005010477281,-0.305705082220991,-0.0920514825326459
-0.0998068869829287,-0.305387215490754,-0.0918098018686191
-0.0996087634885767,-0.305069348760516,-0.0915681212045922
-0.0994106399942248,-0.304751482030278,-0.0913264405405653
-0.0992125164998729,-0.30443361530004,-0.0910847598765383
-0.0990237699087245,-0.30412060439707,-0.0908562234155703
-0.0988382293872178,-0.303809253756561,-0.0906321811068268
-0.0986526888657111,-0.303497903116052,-0.0904081387980834
-0.0984671483442044,-0.303186552475542,-0.09018409648934
-0.0982816078226977,-0.302875201835033,-0.0899600541805966
-0.0980960673011911,-0.302563851194524,-0.0897360118718531
-0.0979105267796844,-0.302252500554014,-0.0895119695631097
-0.0977249862581777,-0.301941149913505,-0.0892879272543663
-0.097539445736671,-0.301629799272996,-0.0890638849456229
-0.0973539052151643,-0.301318448632486,-0.0888398426368794
-0.0971683646936577,-0.301007097991977,-0.088615800328136
-0.096982824172151,-0.300695747351468,-0.0883917580193926
-0.0967972836506443,-0.300384396710958,-0.0881677157106492
-0.0966117431291376,-0.300073046070449,-0.0879436734019057
-0.0964262026076309,-0.29976169542994,-0.0877196310931623
-0.0962406620861242,-0.29945034478943,-0.0874955887844188
-0.0960551215646176,-0.299138994148921,-0.0872715464756754
-0.0958695810431109,-0.298827643508412,-0.087047504166932
-0.0956840405216042,-0.298516292867902,-0.0868234618581886
-0.0955012977938381,-0.298206487896905,-0.0866033449389811
-0.0953272813273947,-0.297901503837431,-0.0863954712292661
-0.0951532648609512,-0.297596519777957,-0.0861875975195512
-0.0949792483945078,-0.297291535718484,-0.0859797238098363
-0.0948052319280643,-0.29698655165901,-0.0857718501001214
-0.0946312154616209,-0.296681567599536,-0.0855639763904064
-0.0944571989951775,-0.296376583540062,-0.0853561026806915
-0.094283182528734,-0.296071599480588,-0.0851482289709766
-0.0941091660622906,-0.295766615421114,-0.0849403552612616
-0.0939351495958471,-0.29546163136164,-0.0847324815515467
-0.0937611331294037,-0.295156647302167,-0.0845246078418318
-0.0935871166629602,-0.294851663242693,-0.0843167341321169
-0.0934131001965168,-0.294546679183219,-0.0841088604224019
-0.0932390837300733,-0.294241695123745,-0.083900986712687
-0.0930650672636299,-0.293936711064271,-0.0836931130029721
-0.0928910507971865,-0.293631727004797,-0.0834852392932572
-0.092717034330743,-0.293326742945323,-0.0832773655835422
-0.0925430178642996,-0.293021758885849,-0.0830694918738273
-0.0923690013978561,-0.292716774826376,-0.0828616181641124
-0.0921949849314127,-0.292411790766902,-0.0826537444543975
-0.092026415079133,-0.29210997358994,-0.0824535149945244
-0.0918597554080833,-0.291809267069865,-0.0822559664483576
-0.0916930957370336,-0.29150856054979,-0.0820584179021908
-0.0915264360659839,-0.291207854029715,-0.081860869356024
-0.0913597763949341,-0.29090714750964,-0.0816633208098572
-0.0911931167238844,-0.290606440989565,-0.0814657722636905
-0.0910264570528347,-0.290305734469489,-0.0812682237175237
-0.0908618910659092,-0.290006290110196,-0.0810736116925748
-0.0906990020078821,-0.28970785667412,-0.0808813516639151
-0.090536112949855,-0.289409423238044,-0.0806890916352554
-0.0903732238918279,-0.289110989801968,-0.0804968316065957
-0.0902103348338008,-0.288812556365891,-0.080304571577936
-0.0900474457757736,-0.288514122929815,-0.0801123115492762
-0.0898845567177465,-0.288215689493739,-0.0799200515206165
-0.0897230200844572,-0.28791809048394,-0.0797296877373931
-0.0895637844932563,-0.287621911183448,-0.0795425502635067
-0.0894045489020553,-0.287325731882955,-0.0793554127896202
-0.0892453133108544,-0.287029552582462,-0.0791682753157338
-0.0890860777196535,-0.286733373281969,-0.0789811378418473
-0.0889268421284526,-0.286437193981477,-0.0787940003679609
-0.0887676065372517,-0.286141014680984,-0.0786068628940744
-0.0886090261909963,-0.285845249126116,-0.0784206437708767
-0.0884533307830005,-0.285551305226788,-0.0782384679982697
-0.0882976353750048,-0.285257361327459,-0.0780562922256628
-0.0881419399670091,-0.28496341742813,-0.0778741164530559
-0.0879862445590134,-0.284669473528801,-0.077691940680449
-0.0878305491510177,-0.284375529629473,-0.0775097649078421
-0.0876748537430219,-0.284081585730144,-0.0773275891352351
-0.0875191583350262,-0.283787641830815,-0.0771454133626282
