-0.249649669524562,-0.318996799948052,-0.416082782540937
-0.249713992300883,-0.318656680224357,-0.416086797324177
-0.249778315077204,-0.318316560500662,-0.416090812107417
-0.249842637853526,-0.317976440776967,-0.416094826890657
-0.249906960629847,-0.317636321053273,-0.416098841673897
-0.249971283406168,-0.317296201329578,-0.416102856457137
-0.250035606182489,-0.316956081605883,-0.416106871240377
-0.25009992895881,-0.316615961882188,-0.416110886023617
-0.250164251735131,-0.316275842158494,-0.416114900806857
-0.250228574511452,-0.315935722434799,-0.416118915590097
-0.250292897287774,-0.315595602711104,-0.416122930373337
-0.250357220064095,-0.315255482987409,-0.416126945156577
-0.250421542840416,-0.314915363263715,-0.416130959939817
-0.250485865616737,-0.31457524354002,-0.416134974723057
-0.250550188393058,-0.314235123816325,-0.416138989506297
-0.250614511169379,-0.31389500409263,-0.416143004289537
-0.2506788339457,-0.313554884368936,-0.416147019072777
-0.250743156722021,-0.313214764645241,-0.416151033856017
-0.250807479498343,-0.312874644921546,-0.416155048639257
-0.250871802274664,-0.312534525197851,-0.416159063422497
-0.250936125050985,-0.312194405474157,-0.416163078205737
-0.251000447827306,-0.311854285750462,-0.416167092988977
-0.251064770603627,-0.311514166026767,-0.416171107772217
-0.251129093379948,-0.311174046303072,-0.416175122555457
-0.251193416156269,-0.310833926579378,-0.416179137338697
-0.25125749185338,-0.310494013133858,-0.416183323439634
-0.25131193146127,-0.310162144537184,-0.416194190930782
-0.25136637106916,-0.30983027594051,-0.416205058421931
-0.251420810677049,-0.309498407343836,-0.416215925913079
-0.251475250284939,-0.309166538747162,-0.416226793404227
-0.251529689892829,-0.308834670150488,-0.416237660895375
-0.251584129500719,-0.308502801553814,-0.416248528386523
-0.251638569108609,-0.30817093295714,-0.416259395877671
-0.251693008716499,-0.307839064360466,-0.416270263368819
-0.251747448324389,-0.307507195763792,-0.416281130859967
-0.251801887932279,-0.307175327167118,-0.416291998351116
-0.251856327540169,-0.306843458570444,-0.416302865842264
-0.251910767148058,-0.30651158997377,-0.416313733333412
-0.251965206755948,-0.306179721377096,-0.41632460082456
-0.252019646363838,-0.305847852780422,-0.416335468315708
-0.252074085971728,-0.305515984183748,-0.416346335806856
-0.252128525579618,-0.305184115587074,-0.416357203298004
-0.252182965187508,-0.304852246990401,-0.416368070789153
-0.252237404795398,-0.304520378393727,-0.416378938280301
-0.252291844403288,-0.304188509797053,-0.416389805771449
-0.252346284011178,-0.303856641200379,-0.416400673262597
-0.252400723619068,-0.303524772603705,-0.416411540753745
-0.252455163226958,-0.303192904007031,-0.416422408244893
-0.252509602834847,-0.302861035410357,-0.416433275736041
-0.252564042442737,-0.302529166813683,-0.416444143227189
-0.252618010159546,-0.302197701780168,-0.416455270824637
-0.252663011945802,-0.301873904446687,-0.416471340441783
-0.252708013732058,-0.301550107113205,-0.416487410058928
-0.252753015518314,-0.301226309779724,-0.416503479676073
-0.25279801730457,-0.300902512446242,-0.416519549293218
-0.252843019090826,-0.300578715112761,-0.416535618910363
-0.252888020877082,-0.300254917779279,-0.416551688527508
-0.252933022663338,-0.299931120445798,-0.416567758144653
-0.252978024449594,-0.299607323112317,-0.416583827761799
-0.25302302623585,-0.299283525778835,-0.416599897378944
-0.253068028022106,-0.298959728445354,-0.416615966996089
-0.253113029808362,-0.298635931111872,-0.416632036613234
-0.253158031594618,-0.298312133778391,-0.416648106230379
-0.253203033380874,-0.297988336444909,-0.416664175847524
-0.25324803516713,-0.297664539111428,-0.416680245464669
-0.253293036953386,-0.297340741777946,-0.416696315081815
-0.253338038739642,-0.297016944444465,-0.41671238469896
-0.253383040525899,-0.296693147110983,-0.416728454316105
-0.253428042312155,-0.296369349777502,-0.41674452393325
-0.253473044098411,-0.29604555244402,-0.416760593550395
-0.253518045884667,-0.295721755110539,-0.41677666316754
-0.253563047670923,-0.295397957777057,-0.416792732784686
-0.253608049457179,-0.295074160443576,-0.416808802401831
-0.253653051243435,-0.294750363110095,-0.416824872018976
-0.253698053029691,-0.294426565776613,-0.416840941636121
-0.253742379259084,-0.294103360547432,-0.416857289089667
-0.253778373620498,-0.29378745793795,-0.416877063192161
-0.253814367981913,-0.293471555328469,-0.416896837294654
-0.253850362343328,-0.293155652718987,-0.416916611397147
-0.253886356704742,-0.292839750109506,-0.41693638549964
-0.253922351066157,-0.292523847500025,-0.416956159602134
-0.253958345427572,-0.292207944890543,-0.416975933704627
-0.253994339788986,-0.291892042281062,-0.41699570780712
-0.254030334150401,-0.29157613967158,-0.417015481909613
-0.254066328511816,-0.291260237062099,-0.417035256012107
-0.25410232287323,-0.290944334452618,-0.4170550301146
-0.254138317234645,-0.290628431843136,-0.417074804217093
-0.254174311596059,-0.290312529233655,-0.417094578319586
-0.254210305957474,-0.289996626624173,-0.41711435242208
-0.254246300318889,-0.289680724014692,-0.417134126524573
-0.254282294680303,-0.289364821405211,-0.417153900627066
-0.254318289041718,-0.289048918795729,-0.417173674729559
-0.254354283403133,-0.288733016186248,-0.417193448832053
-0.254390277764547,-0.288417113576767,-0.417213222934546
-0.254426272125962,-0.288101210967285,-0.417232997037039
-0.254462266487376,-0.287785308357804,-0.417252771139533
-0.254498260848791,-0.287469405748322,-0.417272545242026
-0.254534255210206,-0.287153503138841,-0.417292319344519
-0.25457024957162,-0.28683760052936,-0.417312093447012
-0.254606243933035,-0.286521697919878,-0.417331867549506
-0.254641396651677,-0.286206551416926,-0.417351874997689
-0.254668974585366,-0.285898209872739,-0.417373982557086
-0.254696552519054,-0.285589868328553,-0.417396090116483
-0.254724130452743,-0.285281526784366,-0.41741819767588
-0.254751708386432,-0.284973185240179,-0.417440305235277
-0.25477928632012,-0.284664843695992,-0.417462412794674
-0.254806864253809,-0.284356502151806,-0.417484520354071
-0.254834442187498,-0.284048160607619,-0.417506627913467
-0.254862020121186,-0.283739819063432,-0.417528735472864
-0.254889598054875,-0.283431477519245,-0.417550843032261
-0.254917175988563,-0.283123135975058,-0.417572950591658
-0.254944753922252,-0.282814794430872,-0.417595058151055
-0.254972331855941,-0.282506452886685,-0.417617165710452
-0.254999909789629,-0.282198111342498,-0.417639273269849
-0.255027487723318,-0.281889769798311,-0.417661380829246
-0.255055065657007,-0.281581428254125,-0.417683488388643
-0.255082643590695,-0.281273086709938,-0.417705595948039
-0.255110221524384,-0.280964745165751,-0.417727703507436
-0.255137799458073,-0.280656403621564,-0.417749811066833
-0.255165377391761,-0.280348062077377,-0.41777191862623
-0.25519295532545,-0.280039720533191,-0.417794026185627
-0.255220533259139,-0.279731378989004,-0.417816133745024
-0.255248111192827,-0.279423037444817,-0.417838241304421
-0.255275689126516,-0.27911469590063,-0.417860348863818
-0.25530186709667,-0.278807643537502,-0.4178826688186
-0.255321582907861,-0.278506541967183,-0.417905969179452
-0.255341298719051,-0.278205440396865,-0.417929269540303
-0.255361014530241,-0.277904338826546,-0.417952569901155
-0.255380730341431,-0.277603237256227,-0.417975870262007
-0.255400446152622,-0.277302135685909,-0.417999170622858
-0.255420161963812,-0.27700103411559,-0.41802247098371
-0.255439877775002,-0.276699932545271,-0.418045771344561
-0.255459593586192,-0.276398830974953,-0.418069071705413
-0.255479309397383,-0.276097729404634,-0.418092372066265
-0.255499025208573,-0.275796627834315,-0.418115672427116
-0.255518741019763,-0.275495526263997,-0.418138972787968
-0.255538456830953,-0.275194424693678,-0.418162273148819
-0.255558172642143,-0.27489332312336,-0.418185573509671
-0.255577888453334,-0.274592221553041,-0.418208873870523
-0.255597604264524,-0.274291119982722,-0.418232174231374
-0.255617320075714,-0.273990018412404,-0.418255474592226
-0.255637035886904,-0.273688916842085,-0.418278774953077
-0.255656751698094,-0.273387815271766,-0.418302075313929
-0.255676467509285,-0.273086713701448,-0.418325375674781
-0.255696183320475,-0.272785612131129,-0.418348676035632
-0.255715899131665,-0.27248451056081,-0.418371976396484
-0.255735614942855,-0.272183408990492,-0.418395276757335
-0.255755330754046,-0.271882307420173,-0.418418577118187
-0.255773123877999,-0.271583020996048,-0.418441935676654
-0.255785332964583,-0.271289006279139,-0.418465463257755
-0.255797542051167,-0.270994991562231,-0.418488990838856
-0.255809751137751,-0.270700976845322,-0.418512518419957
-0.255821960224335,-0.270406962128413,-0.418536046001058
-0.255834169310918,-0.270112947411504,-0.418559573582159
-0.255846378397502,-0.269818932694595,-0.41858310116326
-0.255858587484086,-0.269524917977686,-0.418606628744361
-0.25587079657067,-0.269230903260777,-0.418630156325462
-0.255883005657253,-0.268936888543868,-0.418653683906563
-0.255895214743837,-0.26864287382696,-0.418677211487664
-0.255907423830421,-0.268348859110051,-0.418700739068764
-0.255919632917005,-0.268054844393142,-0.418724266649865
-0.255931842003589,-0.267760829676233,-0.418747794230966
-0.255944051090172,-0.267466814959324,-0.418771321812067
-0.255956260176756,-0.267172800242415,-0.418794849393168
-0.25596846926334,-0.266878785525506,-0.418818376974269
-0.255980678349924,-0.266584770808597,-0.41884190455537
-0.255992887436507,-0.266290756091689,-0.418865432136471
-0.256005096523091,-0.26599674137478,-0.418888959717572
-0.256017305609675,-0.265702726657871,-0.418912487298673
-0.256029514696259,-0.265408711940962,-0.418936014879774
-0.256041723782843,-0.265114697224053,-0.418959542460875
-0.256053932869426,-0.264820682507144,-0.418983070041976
-0.256063748134586,-0.26452898591938,-0.419006382858768
-0.256068794229702,-0.264241907701208,-0.419029267804251
-0.256073840324819,-0.263954829483035,-0.419052152749734
-0.256078886419935,-0.263667751264863,-0.419075037695217
-0.256083932515051,-0.26338067304669,-0.4190979226407
-0.256088978610167,-0.263093594828518,-0.419120807586182
-0.256094024705284,-0.262806516610345,-0.419143692531665
-0.2560990708004,-0.262519438392173,-0.419166577477148
-0.256104116895516,-0.262232360174,-0.419189462422631
-0.256109162990632,-0.261945281955828,-0.419212347368114
-0.256114209085749,-0.261658203737655,-0.419235232313597
-0.256119255180865,-0.261371125519483,-0.41925811725908
-0.256124301275981,-0.26108404730131,-0.419281002204563
-0.256129347371097,-0.260796969083138,-0.419303887150046
-0.256134393466214,-0.260509890864965,-0.419326772095528
-0.25613943956133,-0.260222812646793,-0.419349657041011
-0.256144485656446,-0.25993573442862,-0.419372541986494
-0.256149531751562,-0.259648656210448,-0.419395426931977
-0.256154577846679,-0.259361577992275,-0.41941831187746
-0.256159623941795,-0.259074499774103,-0.419441196822943
-0.256164670036911,-0.25878742155593,-0.419464081768426
-0.256169716132027,-0.258500343337758,-0.419486966713909
-0.256174762227144,-0.258213265119586,-0.419509851659392
-0.25617980832226,-0.257926186901413,-0.419532736604874
-0.256181978342753,-0.257641968160058,-0.419555021591329
-0.256180048031074,-0.257361826087886,-0.419576451234434
-0.256178117719396,-0.257081684015715,-0.419597880877539
-0.256176187407717,-0.256801541943543,-0.419619310520644
-0.256174257096039,-0.256521399871372,-0.419640740163749
-0.25617232678436,-0.2562412577992,-0.419662169806854
-0.256170396472682,-0.255961115727029,-0.419683599449958
-0.256168466161003,-0.255680973654857,-0.419705029093063
-0.256166535849325,-0.255400831582686,-0.419726458736168
-0.256164605537647,-0.255120689510514,-0.419747888379273
-0.256162675225968,-0.254840547438343,-0.419769318022378
-0.25616074491429,-0.254560405366171,-0.419790747665482
-0.256158814602611,-0.254280263294,-0.419812177308587
-0.256156884290933,-0.254000121221828,-0.419833606951692
-0.256154953979254,-0.253719979149656,-0.419855036594797
-0.256153023667576,-0.253439837077485,-0.419876466237902
-0.256151093355897,-0.253159695005313,-0.419897895881007
-0.256149163044219,-0.252879552933142,-0.419919325524111
-0.25614723273254,-0.25259941086097,-0.419940755167216
-0.256145302420862,-0.252319268788799,-0.419962184810321
-0.256143372109183,-0.252039126716627,-0.419983614453426
-0.256141441797505,-0.251758984644456,-0.420005044096531
-0.256139511485826,-0.251478842572284,-0.420026473739636
-0.256137581174148,-0.251198700500113,-0.42004790338274
-0.25613565086247,-0.250918558427941,-0.420069333025845
-0.256130754665453,-0.250641446543171,-0.420089802496222
-0.256122041424493,-0.250368234458004,-0.420109036240642
-0.256113328183533,-0.250095022372837,-0.420128269985061
-0.256104614942572,-0.24982181028767,-0.420147503729481
-0.256095901701612,-0.249548598202503,-0.420166737473901
-0.256087188460652,-0.249275386117336,-0.420185971218321
-0.256078475219692,-0.249002174032169,-0.420205204962741
-0.256069761978732,-0.248728961947002,-0.420224438707161
-0.256061048737772,-0.248455749861835,-0.420243672451581
-0.256052335496812,-0.248182537776668,-0.420262906196001
-0.256043622255852,-0.247909325691501,-0.42028213994042
-0.256034909014892,-0.247636113606334,-0.42030137368484
-0.256026195773932,-0.247362901521167,-0.42032060742926
-0.256017482532972,-0.247089689436,-0.42033984117368
-0.256008769292012,-0.246816477350833,-0.4203590749181
-0.256000056051052,-0.246543265265666,-0.42037830866252
-0.255991342810092,-0.246270053180499,-0.42039754240694
-0.255982629569132,-0.245996841095332,-0.42041677615136
-0.255973916328172,-0.245723629010165,-0.420436009895779
-0.255965203087211,-0.245450416924998,-0.420455243640199
-0.255956489846251,-0.245177204839831,-0.420474477384619
-0.255947776605291,-0.244903992754664,-0.420493711129039
-0.255939063364331,-0.244630780669497,-0.420512944873459
-0.255930350123371,-0.24435756858433,-0.420532178617879
-0.255921636882411,-0.244084356499163,-0.420551412362299
-0.255909943743467,-0.243814276310668,-0.420569338200313
-0.255894784097034,-0.243547839449338,-0.420585742554245
-0.255879624450601,-0.243281402588007,-0.420602146908177
-0.255864464804168,-0.243014965726677,-0.420618551262109
-0.255849305157735,-0.242748528865346,-0.420634955616041
-0.255834145511302,-0.242482092004016,-0.420651359969973
-0.255818985864869,-0.242215655142685,-0.420667764323906
-0.255803826218436,-0.241949218281355,-0.420684168677838
-0.255788666572002,-0.241682781420025,-0.42070057303177
-0.255773506925569,-0.241416344558694,-0.420716977385702
-0.255758347279136,-0.241149907697364,-0.420733381739634
-0.255743187632703,-0.240883470836033,-0.420749786093566
-0.25572802798627,-0.240617033974703,-0.420766190447498
-0.255712868339837,-0.240350597113372,-0.42078259480143
-0.255697708693404,-0.240084160252042,-0.420798999155362
-0.255682549046971,-0.239817723390712,-0.420815403509294
-0.255667389400537,-0.239551286529381,-0.420831807863226
-0.255652229754104,-0.239284849668051,-0.420848212217158
-0.255637070107671,-0.23901841280672,-0.42086461657109
-0.255621910461238,-0.23875197594539,-0.420881020925022
-0.255606750814805,-0.238485539084059,-0.420897425278954
-0.255591591168372,-0.238219102222729,-0.420913829632886
-0.255576431521939,-0.237952665361398,-0.420930233986818
-0.255561271875506,-0.237686228500068,-0.42094663834075
-0.255546112229072,-0.237419791638738,-0.420963042694682
-0.255527969781032,-0.237156582091734,-0.420977796417518
-0.255506688519566,-0.236896768659817,-0.420990813175
-0.2554854072581,-0.236636955227899,-0.421003829932483
-0.255464125996634,-0.236377141795981,-0.421016846689966
-0.255442844735168,-0.236117328364064,-0.421029863447449
-0.255421563473703,-0.235857514932146,-0.421042880204932
-0.255400282212237,-0.235597701500228,-0.421055896962415
-0.255379000950771,-0.235337888068311,-0.421068913719898
-0.255357719689305,-0.235078074636393,-0.421081930477381
-0.25533643842784,-0.234818261204475,-0.421094947234864
-0.255315157166374,-0.234558447772558,-0.421107963992346
-0.255293875904908,-0.23429863434064,-0.421120980749829
-0.255272594643442,-0.234038820908722,-0.421133997507312
-0.255251313381976,-0.233779007476805,-0.421147014264795
-0.255230032120511,-0.233519194044887,-0.421160031022278
-0.255208750859045,-0.233259380612969,-0.421173047779761
-0.255187469597579,-0.232999567181052,-0.421186064537244
-0.255166188336113,-0.232739753749134,-0.421199081294727
-0.255144907074647,-0.232479940317216,-0.421212098052209
-0.255123625813182,-0.232220126885299,-0.421225114809692
-0.255102344551716,-0.231960313453381,-0.421238131567175
-0.25508106329025,-0.231700500021463,-0.421251148324658
-0.255059782028784,-0.231440686589546,-0.421264165082141
-0.255038500767318,-0.231180873157628,-0.421277181839624
-0.255017219505853,-0.23092105972571,-0.421290198597107
-0.2549929627663,-0.230664562953318,-0.421301234379803
-0.254965872943217,-0.230411224118307,-0.421310383989291
-0.254938783120134,-0.230157885283296,-0.42131953359878
-0.254911693297051,-0.229904546448284,-0.421328683208269
-0.254884603473968,-0.229651207613273,-0.421337832817758
-0.254857513650885,-0.229397868778262,-0.421346982427246
-0.254830423827802,-0.229144529943251,-0.421356132036735
-0.254803334004719,-0.22889119110824,-0.421365281646224
-0.254776244181636,-0.228637852273229,-0.421374431255713
-0.254749154358553,-0.228384513438218,-0.421383580865201
-0.25472206453547,-0.228131174603207,-0.42139273047469
-0.254694974712387,-0.227877835768196,-0.421401880084179
-0.254667884889304,-0.227624496933185,-0.421411029693668
-0.254640795066221,-0.227371158098174,-0.421420179303156
-0.254613705243138,-0.227117819263163,-0.421429328912645
-0.254586615420055,-0.226864480428152,-0.421438478522134
-0.254559525596972,-0.226611141593141,-0.421447628131623
-0.254532435773889,-0.22635780275813,-0.421456777741111
-0.254505345950806,-0.226104463923119,-0.4214659273506
-0.254478256127723,-0.225851125088108,-0.421475076960089
-0.25445116630464,-0.225597786253097,-0.421484226569578
-0.254424076481557,-0.225344447418085,-0.421493376179066
-0.254396986658474,-0.225091108583074,-0.421502525788555
-0.254369896835391,-0.224837769748063,-0.421511675398044
-0.254342807012308,-0.224584430913052,-0.421520825007533
-0.254312758280589,-0.224334492240234,-0.421527685474237
-0.254280161024401,-0.224087482146029,-0.421532574289524
-0.254247563768212,-0.223840472051823,-0.421537463104812
-0.254214966512024,-0.223593461957618,-0.4215423519201
-0.254182369255835,-0.223346451863413,-0.421547240735388
-0.254149771999647,-0.223099441769207,-0.421552129550676
-0.254117174743458,-0.222852431675002,-0.421557018365964
-0.25408457748727,-0.222605421580796,-0.421561907181252
-0.254051980231081,-0.222358411486591,-0.421566795996539
-0.254019382974893,-0.222111401392386,-0.421571684811827
-0.253986785718704,-0.22186439129818,-0.421576573627115
-0.253954188462516,-0.221617381203975,-0.421581462442403
-0.253921591206327,-0.22137037110977,-0.421586351257691
-0.253888993950138,-0.221123361015564,-0.421591240072979
-0.25385639669395,-0.220876350921359,-0.421596128888267
-0.253823799437761,-0.220629340827154,-0.421601017703555
-0.253791202181573,-0.220382330732948,-0.421605906518842
-0.253758604925384,-0.220135320638743,-0.42161079533413
-0.253726007669196,-0.219888310544538,-0.421615684149418
-0.253693410413007,-0.219641300450332,-0.421620572964706
-0.253660813156819,-0.219394290356127,-0.421625461779994
-0.25362821590063,-0.219147280261922,-0.421630350595282
-0.253595618644442,-0.218900270167716,-0.42163523941057
-0.253563021388253,-0.218653260073511,-0.421640128225857
-0.253530424132065,-0.218406249979305,-0.421645017041145
-0.253494893530503,-0.218162717857408,-0.421647322054435
-0.25345707918709,-0.217921893494029,-0.421647615461176
-0.253419264843676,-0.217681069130651,-0.421647908867918
-0.253381450500262,-0.217440244767272,-0.421648202274659
-0.253343636156849,-0.217199420403893,-0.4216484956814
-0.253305821813435,-0.216958596040514,-0.421648789088141
-0.253268007470022,-0.216717771677135,-0.421649082494883
-0.253230193126608,-0.216476947313756,-0.421649375901624
-0.253192378783194,-0.216236122950378,-0.421649669308365
-0.253154564439781,-0.215995298586999,-0.421649962715107
-0.253116750096367,-0.21575447422362,-0.421650256121848
-0.253078935752953,-0.215513649860241,-0.421650549528589
-0.25304112140954,-0.215272825496862,-0.42165084293533
-0.253003307066126,-0.215032001133483,-0.421651136342072
-0.252965492722713,-0.214791176770104,-0.421651429748813
-0.252927678379299,-0.214550352406726,-0.421651723155554
-0.252889864035885,-0.214309528043347,-0.421652016562296
-0.252852049692472,-0.214068703679968,-0.421652309969037
-0.252814235349058,-0.213827879316589,-0.421652603375778
-0.252776421005645,-0.21358705495321,-0.421652896782519
-0.252738606662231,-0.213346230589831,-0.421653190189261
-0.252700792318817,-0.213105406226452,-0.421653483596002
-0.252662977975404,-0.212864581863074,-0.421653777002743
-0.25262516363199,-0.212623757499695,-0.421654070409485
-0.252587349288577,-0.212382933136316,-0.421654363816226
-0.252546635606401,-0.212145659043919,-0.421651791996216
-0.252503884178739,-0.211910880192426,-0.421647206405701
-0.252461132751076,-0.211676101340932,-0.421642620815186
-0.252418381323414,-0.211441322489439,-0.421638035224671
-0.252375629895751,-0.211206543637945,-0.421633449634156
-0.252332878468089,-0.210971764786452,-0.421628864043642
-0.252290127040426,-0.210736985934958,-0.421624278453127
-0.252247375612764,-0.210502207083465,-0.421619692862612
-0.252204624185101,-0.210267428231971,-0.421615107272097
-0.252161872757439,-0.210032649380478,-0.421610521681582
-0.252119121329776,-0.209797870528984,-0.421605936091067
-0.252076369902114,-0.209563091677491,-0.421601350500552
-0.252033618474452,-0.209328312825997,-0.421596764910038
-0.251990867046789,-0.209093533974504,-0.421592179319523
-0.251948115619127,-0.20885875512301,-0.421587593729008
-0.251905364191464,-0.208623976271517,-0.421583008138493
-0.251862612763802,-0.208389197420023,-0.421578422547978
-0.251819861336139,-0.20815441856853,-0.421573836957463
-0.251777109908477,-0.207919639717036,-0.421569251366949
-0.251734358480814,-0.207684860865542,-0.421564665776434
-0.251691607053152,-0.207450082014049,-0.421560080185919
-0.251648855625489,-0.207215303162555,-0.421555494595404
-0.251606104197827,-0.206980524311062,-0.421550909004889
-0.251563352770165,-0.206745745459568,-0.421546323414374
-0.251520601342502,-0.206510966608075,-0.421541737823859
-0.251474992247916,-0.206279805020364,-0.421534024170106
-0.251427573392152,-0.206050934246712,-0.42152432951312
-0.251380154536387,-0.20582206347306,-0.421514634856134
-0.251332735680623,-0.205593192699408,-0.421504940199148
-0.251285316824859,-0.205364321925756,-0.421495245542162
-0.251237897969095,-0.205135451152104,-0.421485550885176
-0.251190479113331,-0.204906580378452,-0.42147585622819
-0.251143060257567,-0.204677709604799,-0.421466161571204
-0.251095641401803,-0.204448838831147,-0.421456466914218
-0.251048222546038,-0.204219968057495,-0.421446772257232
-0.251000803690274,-0.203991097283843,-0.421437077600247
-0.25095338483451,-0.203762226510191,-0.421427382943261
-0.250905965978746,-0.203533355736539,-0.421417688286275
-0.250858547122982,-0.203304484962887,-0.421407993629289
-0.250811128267218,-0.203075614189235,-0.421398298972303
-0.250763709411454,-0.202846743415583,-0.421388604315317
-0.25071629055569,-0.202617872641931,-0.421378909658331
-0.250668871699925,-0.202389001868279,-0.421369215001345
-0.250621452844161,-0.202160131094626,-0.42135952034436
-0.250574033988397,-0.201931260320974,-0.421349825687374
-0.250526615132633,-0.201702389547322,-0.421340131030388
-0.250479196276869,-0.20147351877367,-0.421330436373402
-0.250431777421105,-0.201244648000018,-0.421320741716416
-0.250384358565341,-0.201015777226366,-0.42131104705943
-0.250336939709576,-0.200786906452714,-0.421301352402444
-0.250286711640497,-0.200561714848072,-0.421288292822172
-0.250234884497346,-0.200338617517917,-0.421273317843893
-0.250183057354194,-0.200115520187761,-0.421258342865614
-0.250131230211042,-0.199892422857606,-0.421243367887334
-0.25007940306789,-0.199669325527451,-0.421228392909055
-0.250027575924739,-0.199446228197296,-0.421213417930776
-0.249975748781587,-0.199223130867141,-0.421198442952497
-0.249923921638435,-0.199000033536985,-0.421183467974218
-0.249872094495283,-0.19877693620683,-0.421168492995938
-0.249820267352132,-0.198553838876675,-0.421153518017659
-0.24976844020898,-0.19833074154652,-0.42113854303938
-0.249716613065828,-0.198107644216365,-0.421123568061101
-0.249664785922676,-0.197884546886209,-0.421108593082822
-0.249612958779524,-0.197661449556054,-0.421093618104542
-0.249561131636373,-0.197438352225899,-0.421078643126263
-0.249509304493221,-0.197215254895744,-0.421063668147984
-0.249457477350069,-0.196992157565589,-0.421048693169705
-0.249405650206917,-0.196769060235434,-0.421033718191426
-0.249353823063766,-0.196545962905278,-0.421018743213147
-0.249301995920614,-0.196322865575123,-0.421003768234867
-0.249250168777462,-0.196099768244968,-0.420988793256588
-0.24919834163431,-0.195876670914813,-0.420973818278309
-0.249146514491159,-0.195653573584658,-0.42095884330003
-0.249094687348007,-0.195430476254502,-0.420943868321751
-0.249042860204855,-0.195207378924347,-0.420928893343471
-0.248988278971453,-0.194988017705958,-0.420910334093226
-0.248932293187462,-0.194770561856494,-0.4208899469104
-0.248876307403471,-0.19455310600703,-0.420869559727574
-0.24882032161948,-0.194335650157567,-0.420849172544748
-0.248764335835489,-0.194118194308103,-0.420828785361921
-0.248708350051498,-0.193900738458639,-0.420808398179095
-0.248652364267508,-0.193683282609175,-0.420788010996269
-0.248596378483517,-0.193465826759711,-0.420767623813443
-0.248540392699526,-0.193248370910247,-0.420747236630617
-0.248484406915535,-0.193030915060783,-0.42072684944779
-0.248428421131544,-0.192813459211319,-0.420706462264964
-0.248372435347553,-0.192596003361855,-0.420686075082138
-0.248316449563562,-0.192378547512391,-0.420665687899312
-0.248260463779572,-0.192161091662928,-0.420645300716486
-0.248204477995581,-0.191943635813464,-0.42062491353366
-0.24814849221159,-0.191726179964,-0.420604526350833
-0.248092506427599,-0.191508724114536,-0.420584139168007
-0.248036520643608,-0.191291268265072,-0.420563751985181
-0.247980534859617,-0.191073812415608,-0.420543364802355
-0.247924549075626,-0.190856356566144,-0.420522977619529
-0.247868563291635,-0.19063890071668,-0.420502590436703
-0.247812577507645,-0.190421444867216,-0.420482203253876
-0.247756591723654,-0.190203989017752,-0.42046181607105
-0.247700605939663,-0.189986533168289,-0.420441428888224
-0.247644620155672,-0.189769077318825,-0.420421041705398
-0.247585941631773,-0.189555409724806,-0.420396867413024
-0.247526037752025,-0.189343466010972,-0.420370969761916
-0.247466133872277,-0.189131522297138,-0.420345072110809
-0.24740622999253,-0.188919578583304,-0.420319174459702
-0.247346326112782,-0.188707634869469,-0.420293276808595
-0.247286422233034,-0.188495691155635,-0.420267379157488
-0.247226518353286,-0.188283747441801,-0.420241481506381
-0.247166614473538,-0.188071803727966,-0.420215583855273
-0.247106710593791,-0.187859860014132,-0.420189686204166
-0.247046806714043,-0.187647916300298,-0.420163788553059
-0.246986902834295,-0.187435972586463,-0.420137890901952
-0.246926998954547,-0.187224028872629,-0.420111993250845
-0.246867095074799,-0.187012085158795,-0.420086095599738
-0.246807191195052,-0.18680014144496,-0.420060197948631
-0.246747287315304,-0.186588197731126,-0.420034300297523
-0.246687383435556,-0.186376254017292,-0.420008402646416
-0.246627479555808,-0.186164310303457,-0.419982504995309
-0.24656757567606,-0.185952366589623,-0.419956607344202
-0.246507671796312,-0.185740422875789,-0.419930709693095
-0.246447767916565,-0.185528479161954,-0.419904812041988
-0.246387864036817,-0.18531653544812,-0.419878914390881
-0.246327960157069,-0.185104591734286,-0.419853016739773
-0.246268056277321,-0.184892648020451,-0.419827119088666
-0.246208152397573,-0.184680704306617,-0.419801221437559
-0.246148248517826,-0.184468760592783,-0.419775323786452
-0.246085718790257,-0.184260652671398,-0.41974545653543
-0.246022128254263,-0.184054094360357,-0.419713985617585
-0.245958537718269,-0.183847536049316,-0.41968251469974
-0.245894947182275,-0.183640977738276,-0.419651043781895
-0.245831356646281,-0.183434419427235,-0.41961957286405
-0.245767766110287,-0.183227861116194,-0.419588101946205
-0.245704175574293,-0.183021302805153,-0.41955663102836
-0.245640585038298,-0.182814744494113,-0.419525160110515
-0.245576994502304,-0.182608186183072,-0.41949368919267
-0.24551340396631,-0.182401627872032,-0.419462218274825
-0.245449813430316,-0.182195069560991,-0.41943074735698
-0.245386222894322,-0.18198851124995,-0.419399276439135
-0.245322632358328,-0.18178195293891,-0.41936780552129
-0.245259041822334,-0.181575394627869,-0.419336334603445
-0.24519545128634,-0.181368836316828,-0.4193048636856
-0.245131860750346,-0.181162278005788,-0.419273392767755
-0.245068270214352,-0.180955719694747,-0.41924192184991
-0.245004679678358,-0.180749161383706,-0.419210450932065
-0.244941089142364,-0.180542603072666,-0.41917898001422
-0.24487749860637,-0.180336044761625,-0.419147509096375
-0.244813908070376,-0.180129486450584,-0.41911603817853
-0.244750317534382,-0.179922928139543,-0.419084567260685
-0.244686726998388,-0.179716369828503,-0.419053096342839
-0.244623136462394,-0.179509811517462,-0.419021625424994
-0.2445595459264,-0.179303253206422,-0.418990154507149
-0.244493401182067,-0.179100573825068,-0.418954557347339
-0.244426346172622,-0.178899276811123,-0.418917489683324
-0.244359291163177,-0.178697979797178,-0.41888042201931
-0.244292236153732,-0.178496682783233,-0.418843354355295
-0.244225181144287,-0.178295385769288,-0.418806286691281
-0.244158126134842,-0.178094088755343,-0.418769219027266
-0.244091071125398,-0.177892791741398,-0.418732151363251
-0.244024016115953,-0.177691494727453,-0.418695083699237
-0.243956961106508,-0.177490197713508,-0.418658016035222
-0.243889906097063,-0.177288900699563,-0.418620948371207
-0.243822851087618,-0.177087603685618,-0.418583880707193
-0.243755796078173,-0.176886306671673,-0.418546813043178
-0.243688741068729,-0.176685009657728,-0.418509745379163
-0.243621686059284,-0.176483712643783,-0.418472677715149
-0.243554631049839,-0.176282415629838,-0.418435610051134
-0.243487576040394,-0.176081118615893,-0.41839854238712
-0.243420521030949,-0.175879821601948,-0.418361474723105
-0.243353466021504,-0.175678524588003,-0.41832440705909
-0.24328641101206,-0.175477227574058,-0.418287339395076
-0.243219356002615,-0.175275930560113,-0.418250271731061
-0.24315230099317,-0.175074633546168,-0.418213204067046
-0.243085245983725,-0.174873336532223,-0.418176136403032
-0.24301819097428,-0.174672039518278,-0.418139068739017
-0.242951135964835,-0.174470742504333,-0.418102001075003
-0.242884080955391,-0.174269445490388,-0.418064933410988
-0.242814548125426,-0.174072066245246,-0.418023600998032
-0.242744242480635,-0.173875908924691,-0.417980938439818
-0.242673936835844,-0.173679751604136,-0.417938275881604
-0.242603631191053,-0.173483594283581,-0.41789561332339
-0.242533325546262,-0.173287436963026,-0.417852950765176
-0.242463019901471,-0.173091279642471,-0.417810288206962
-0.242392714256681,-0.172895122321916,-0.417767625648748
-0.24232240861189,-0.172698965001361,-0.417724963090534
-0.242252102967099,-0.172502807680806,-0.41768230053232
-0.242181797322308,-0.172306650360251,-0.417639637974107
-0.242111491677517,-0.172110493039696,-0.417596975415893
-0.242041186032726,-0.171914335719141,-0.417554312857679
-0.241970880387935,-0.171718178398585,-0.417511650299465
-0.241900574743144,-0.17152202107803,-0.417468987741251
-0.241830269098353,-0.171325863757475,-0.417426325183037
-0.241759963453562,-0.17112970643692,-0.417383662624823
-0.241689657808771,-0.170933549116365,-0.417341000066609
-0.24161935216398,-0.17073739179581,-0.417298337508395
-0.241549046519189,-0.170541234475255,-0.417255674950182
-0.241478740874398,-0.1703450771547,-0.417213012391968
-0.241408435229608,-0.170148919834145,-0.417170349833754
-0.241338129584817,-0.16995276251359,-0.41712768727554
-0.241267823940026,-0.169756605193035,-0.417085024717326
-0.241197518295235,-0.16956044787248,-0.417042362159112
-0.241127212650444,-0.169364290551925,-0.416999699600898
-0.241054509971204,-0.169172085687716,-0.416952650592865
-0.240981159534765,-0.168980948906633,-0.416904416222458
-0.240907809098327,-0.168789812125551,-0.416856181852051
-0.240834458661888,-0.168598675344468,-0.416807947481643
-0.24076110822545,-0.168407538563386,-0.416759713111236
-0.240687757789011,-0.168216401782303,-0.416711478740829
-0.240614407352573,-0.16802526500122,-0.416663244370421
-0.240541056916134,-0.167834128220138,-0.416615010000014
-0.240467706479696,-0.167642991439055,-0.416566775629607
-0.240394356043257,-0.167451854657973,-0.4165185412592
-0.240321005606819,-0.16726071787689,-0.416470306888792
-0.24024765517038,-0.167069581095807,-0.416422072518385
-0.240174304733942,-0.166878444314725,-0.416373838147978
-0.240100954297503,-0.166687307533642,-0.41632560377757
-0.240027603861065,-0.16649617075256,-0.416277369407163
-0.239954253424626,-0.166305033971477,-0.416229135036756
-0.239880902988188,-0.166113897190394,-0.416180900666349
-0.239807552551749,-0.165922760409312,-0.416132666295941
-0.23973420211531,-0.165731623628229,-0.416084431925534
-0.239660851678872,-0.165540486847147,-0.416036197555127
-0.239587501242433,-0.165349350066064,-0.415987963184719
-0.239514150805995,-0.165158213284981,-0.415939728814312
-0.239440800369556,-0.164967076503899,-0.415891494443905
-0.239367449933118,-0.164775939722816,-0.415843260073497
-0.239294099496679,-0.164584802941734,-0.41579502570309
-0.239218436607111,-0.164397649332679,-0.415742302689533
-0.239142239224106,-0.164211416381986,-0.415688542184545
-0.2390660418411,-0.164025183431293,-0.415634781679557
-0.238989844458095,-0.1638389504806,-0.415581021174569
-0.238913647075089,-0.163652717529907,-0.415527260669581
-0.238837449692083,-0.163466484579214,-0.415473500164593
-0.238761252309078,-0.163280251628521,-0.415419739659605
-0.238685054926072,-0.163094018677828,-0.415365979154617
-0.238608857543067,-0.162907785727136,-0.415312218649629
-0.238532660160061,-0.162721552776443,-0.415258458144641
-0.238456462777055,-0.16253531982575,-0.415204697639653
-0.23838026539405,-0.162349086875057,-0.415150937134664
-0.238304068011044,-0.162162853924364,-0.415097176629676
-0.238227870628039,-0.161976620973671,-0.415043416124688
-0.238151673245033,-0.161790388022978,-0.4149896556197
-0.238075475862027,-0.161604155072285,-0.414935895114712
-0.237999278479022,-0.161417922121592,-0.414882134609724
-0.237923081096016,-0.161231689170899,-0.414828374104736
-0.237846883713011,-0.161045456220206,-0.414774613599748
-0.237770686330005,-0.160859223269513,-0.41472085309476
-0.237694488946999,-0.16067299031882,-0.414667092589772
-0.237618291563994,-0.160486757368127,-0.414613332084784
-0.237542094180988,-0.160300524417434,-0.414559571579796
-0.237465896797983,-0.160114291466741,-0.414505811074808
-0.237389699414977,-0.159928058516048,-0.41445205056982
-0.237311277242197,-0.159745835677004,-0.414393722769261
-0.237232422623744,-0.159564392307307,-0.41433450719619
-0.237153568005291,-0.159382948937609,-0.414275291623119
-0.237074713386837,-0.159201505567912,-0.414216076050048
-0.236995858768384,-0.159020062198214,-0.414156860476977
-0.236917004149931,-0.158838618828517,-0.414097644903906
-0.236838149531477,-0.158657175458819,-0.414038429330835
-0.236759294913024,-0.158475732089121,-0.413979213757764
-0.236680440294571,-0.158294288719424,-0.413919998184693
-0.236601585676117,-0.158112845349726,-0.413860782611622
-0.236522731057664,-0.157931401980029,-0.413801567038551
-0.236443876439211,-0.157749958610331,-0.41374235146548
-0.236365021820757,-0.157568515240634,-0.413683135892409
-0.236286167202304,-0.157387071870936,-0.413623920319338
-0.236207312583851,-0.157205628501239,-0.413564704746267
-0.236128457965397,-0.157024185131541,-0.413505489173196
-0.236049603346944,-0.156842741761844,-0.413446273600125
-0.235970748728491,-0.156661298392146,-0.413387058027054
-0.235891894110037,-0.156479855022449,-0.413327842453982
-0.235813039491584,-0.156298411652751,-0.413268626880911
-0.235734184873131,-0.156116968283054,-0.41320941130784
-0.235655330254677,-0.155935524913356,-0.413150195734769
-0.235576475636224,-0.155754081543659,-0.413090980161698
-0.235497621017771,-0.155572638173961,-0.413031764588627
-0.235418766399317,-0.155391194804264,-0.412972549015556
-0.23533777782788,-0.155213784789545,-0.41290870432473
-0.235256448364636,-0.155037019089707,-0.412844120147926
-0.235175118901393,-0.154860253389868,-0.412779535971122
-0.23509378943815,-0.154683487690029,-0.412714951794319
-0.235012459974907,-0.154506721990191,-0.412650367617515
-0.234931130511664,-0.154329956290352,-0.412585783440711
-0.23484980104842,-0.154153190590513,-0.412521199263907
-0.234768471585177,-0.153976424890675,-0.412456615087103
-0.234687142121934,-0.153799659190836,-0.412392030910299
-0.234605812658691,-0.153622893490997,-0.412327446733496
-0.234524483195447,-0.153446127791159,-0.412262862556692
-0.234443153732204,-0.15326936209132,-0.412198278379888
-0.234361824268961,-0.153092596391481,-0.412133694203084
-0.234280494805718,-0.152915830691643,-0.41206911002628
-0.234199165342474,-0.152739064991804,-0.412004525849477
-0.234117835879231,-0.152562299291965,-0.411939941672673
-0.234036506415988,-0.152385533592127,-0.411875357495869
-0.233955176952745,-0.152208767892288,-0.411810773319065
-0.233873847489502,-0.152032002192449,-0.411746189142261
-0.233792518026258,-0.151855236492611,-0.411681604965457
-0.233711188563015,-0.151678470792772,-0.411617020788654
-0.233629859099772,-0.151501705092933,-0.41155243661185
-0.233548529636529,-0.151324939393095,-0.411487852435046
-0.233467200173285,-0.151148173693256,-0.411423268258242
-0.233385870710042,-0.150971407993417,-0.411358684081438
-0.23330250103189,-0.150798695326266,-0.411289424380391
-0.233218872106122,-0.150626497673026,-0.411219570566191
-0.233135243180355,-0.150454300019785,-0.411149716751991
-0.233051614254587,-0.150282102366545,-0.411079862937791
-0.23296798532882,-0.150109904713305,-0.411010009123592
-0.232884356403052,-0.149937707060064,-0.410940155309392
-0.232800727477284,-0.149765509406824,-0.410870301495192
-0.232717098551517,-0.149593311753584,-0.410800447680992
-0.232633469625749,-0.149421114100343,-0.410730593866793
-0.232549840699982,-0.149248916447103,-0.410660740052593
-0.232466211774214,-0.149076718793863,-0.410590886238393
-0.232382582848446,-0.148904521140623,-0.410521032424193
-0.232298953922679,-0.148732323487382,-0.410451178609993
-0.232215324996911,-0.148560125834142,-0.410381324795794
-0.232131696071144,-0.148387928180902,-0.410311470981594
-0.232048067145376,-0.148215730527661,-0.410241617167394
-0.231964438219608,-0.148043532874421,-0.410171763353194
-0.231880809293841,-0.147871335221181,-0.410101909538995
-0.231797180368073,-0.14769913756794,-0.410032055724795
-0.231713551442306,-0.1475269399147,-0.409962201910595
-0.231629922516538,-0.14735474226146,-0.409892348096395
-0.23154629359077,-0.147182544608219,-0.409822494282196
-0.231462664665003,-0.147010346954979,-0.409752640467996
-0.231379035739235,-0.146838149301739,-0.409682786653796
-0.231295406813467,-0.146665951648498,-0.409612932839596
-0.231209833782639,-0.146497823307571,-0.409538374369215
-0.231124073763963,-0.146330086361103,-0.409463363395751
-0.231038313745287,-0.146162349414635,-0.409388352422288
-0.230952553726611,-0.145994612468167,-0.409313341448824
-0.230866793707935,-0.145826875521699,-0.40923833047536
-0.230781033689259,-0.14565913857523,-0.409163319501897
-0.230695273670583,-0.145491401628762,-0.409088308528433
-0.230609513651907,-0.145323664682294,-0.40901329755497
-0.230523753633231,-0.145155927735826,-0.408938286581506
-0.230437993614555,-0.144988190789358,-0.408863275608042
-0.23035223359588,-0.14482045384289,-0.408788264634579
-0.230266473577204,-0.144652716896422,-0.408713253661115
-0.230180713558528,-0.144484979949954,-0.408638242687652
-0.230094953539852,-0.144317243003486,-0.408563231714188
-0.230009193521176,-0.144149506057018,-0.408488220740724
-0.2299234335025,-0.14398176911055,-0.408413209767261
-0.229837673483824,-0.143814032164082,-0.408338198793797
-0.229751913465148,-0.143646295217614,-0.408263187820334
-0.229666153446472,-0.143478558271146,-0.40818817684687
-0.229580393427796,-0.143310821324678,-0.408113165873406
-0.22949463340912,-0.14314308437821,-0.408038154899943
-0.229408873390444,-0.142975347431742,-0.407963143926479
-0.229323113371768,-0.142807610485274,-0.407888132953016
-0.229237353353092,-0.142639873538806,-0.407813121979552
-0.229151593334416,-0.142472136592338,-0.407738111006088
-0.229063987052888,-0.14230848202472,-0.407658386420208
-0.228976257177212,-0.142145100743291,-0.407578346291547
-0.228888527301536,-0.141981719461861,-0.407498306162887
-0.228800797425859,-0.141818338180432,-0.407418266034226
-0.228713067550183,-0.141654956899002,-0.407338225905566
-0.228625337674507,-0.141491575617573,-0.407258185776905
-0.228537607798831,-0.141328194336143,-0.407178145648245
-0.228449877923154,-0.141164813054714,-0.407098105519584
-0.228362148047478,-0.141001431773284,-0.407018065390924
-0.228274418171802,-0.140838050491855,-0.406938025262263
-0.228186688296125,-0.140674669210426,-0.406857985133603
-0.228098958420449,-0.140511287928996,-0.406777945004942
-0.228011228544773,-0.140347906647567,-0.406697904876282
-0.227923498669096,-0.140184525366137,-0.406617864747622
-0.22783576879342,-0.140021144084708,-0.406537824618961
-0.227748038917744,-0.139857762803278,-0.406457784490301
-0.227660309042068,-0.139694381521849,-0.40637774436164
-0.227572579166391,-0.139531000240419,-0.40629770423298
-0.227484849290715,-0.13936761895899,-0.406217664104319
-0.227397119415039,-0.13920423767756,-0.406137623975659
-0.227309389539362,-0.139040856396131,-0.406057583846998
-0.227221659663686,-0.138877475114701,-0.405977543718338
-0.22713392978801,-0.138714093833272,-0.405897503589677
-0.227046199912333,-0.138550712551842,-0.405817463461017
-0.226958470036657,-0.138387331270413,-0.405737423332356
-0.226868993635048,-0.138228042280884,-0.405652675171455
-0.226779448729303,-0.138068913803672,-0.405567742347001
-0.226689903823557,-0.13790978532646,-0.405482809522546
-0.226600358917812,-0.137750656849247,-0.405397876698092
-0.226510814012066,-0.137591528372035,-0.405312943873637
-0.226421269106321,-0.137432399894823,-0.405228011049183
-0.226331724200575,-0.137273271417611,-0.405143078224728
-0.22624217929483,-0.137114142940399,-0.405058145400274
-0.226152634389084,-0.136955014463187,-0.404973212575819
-0.226063089483339,-0.136795885985975,-0.404888279751365
-0.225973544577593,-0.136636757508763,-0.40480334692691
-0.225883999671848,-0.13647762903155,-0.404718414102456
-0.225794454766102,-0.136318500554338,-0.404633481278001
-0.225704909860357,-0.136159372077126,-0.404548548453547
-0.225615364954611,-0.136000243599914,-0.404463615629092
-0.225525820048866,-0.135841115122702,-0.404378682804638
-0.22543627514312,-0.13568198664549,-0.404293749980183
-0.225346730237375,-0.135522858168278,-0.404208817155728
-0.22525718533163,-0.135363729691066,-0.404123884331274
-0.225167640425884,-0.135204601213853,-0.404038951506819
-0.225078095520138,-0.135045472736641,-0.403954018682365
-0.224988550614393,-0.134886344259429,-0.40386908585791
-0.224899005708647,-0.134727215782217,-0.403784153033456
-0.224809460802902,-0.134568087305005,-0.403699220209001
-0.224719915897157,-0.134408958827793,-0.403614287384547
-0.22462872589057,-0.134253929517841,-0.403524665285873
-0.224537514650383,-0.134098953116549,-0.403434982661926
-0.224446303410195,-0.133943976715258,-0.403345300037979
-0.224355092170007,-0.133789000313967,-0.403255617414032
-0.22426388092982,-0.133634023912676,-0.403165934790085
-0.224172669689632,-0.133479047511385,-0.403076252166138
-0.224081458449445,-0.133324071110094,-0.40298656954219
-0.223990247209257,-0.133169094708803,-0.402896886918243
-0.22389903596907,-0.133014118307511,-0.402807204294296
-0.223807824728882,-0.13285914190622,-0.402717521670349
-0.223716613488694,-0.132704165504929,-0.402627839046402
-0.223625402248507,-0.132549189103638,-0.402538156422455
-0.223534191008319,-0.132394212702347,-0.402448473798507
-0.223442979768132,-0.132239236301056,-0.40235879117456
-0.223351768527944,-0.132084259899765,-0.402269108550613
-0.223260557287757,-0.131929283498473,-0.402179425926666
-0.223169346047569,-0.131774307097182,-0.402089743302719
-0.223078134807381,-0.131619330695891,-0.402000060678772
-0.222986923567194,-0.1314643542946,-0.401910378054824
-0.222895712327006,-0.131309377893309,-0.401820695430877
-0.222804501086819,-0.131154401492018,-0.40173101280693
-0.222713289846631,-0.130999425090727,-0.401641330182983
-0.222622078606444,-0.130844448689435,-0.401551647559036
-0.222530867366256,-0.130689472288144,-0.401461964935089
-0.22243963744871,-0.130534545571523,-0.401372225930997
-0.222346902434152,-0.130383622646403,-0.401277943587002
-0.222254167419593,-0.130232699721283,-0.401183661243008
-0.222161432405034,-0.130081776796163,-0.401089378899013
-0.222068697390476,-0.129930853871043,-0.400995096555019
-0.221975962375917,-0.129779930945923,-0.400900814211025
-0.221883227361359,-0.129629008020803,-0.40080653186703
-0.2217904923468,-0.129478085095683,-0.400712249523036
-0.221697757332242,-0.129327162170563,-0.400617967179041
-0.221605022317683,-0.129176239245443,-0.400523684835047
-0.221512287303125,-0.129025316320322,-0.400429402491053
-0.221419552288566,-0.128874393395202,-0.400335120147058
-0.221326817274008,-0.128723470470082,-0.400240837803064
-0.221234082259449,-0.128572547544962,-0.40014655545907
-0.221141347244891,-0.128421624619842,-0.400052273115075
-0.221048612230332,-0.128270701694722,-0.399957990771081
-0.220955877215773,-0.128119778769602,-0.399863708427086
-0.220863142201215,-0.127968855844482,-0.399769426083092
-0.220770407186656,-0.127817932919362,-0.399675143739098
-0.220677672172098,-0.127667009994242,-0.399580861395103
-0.220584937157539,-0.127516087069121,-0.399486579051109
-0.220492202142981,-0.127365164144001,-0.399392296707114
-0.220399467128422,-0.127214241218881,-0.39929801436312
-0.220306732113864,-0.127063318293761,-0.399203732019126
-0.220213997099305,-0.126912395368641,-0.399109449675131
-0.220121210391808,-0.126761619871374,-0.399015001870925
-0.220027087919236,-0.126614653965573,-0.398916278512264
-0.219932965446665,-0.126467688059772,-0.398817555153603
-0.219838842974093,-0.126320722153971,-0.398718831794942
-0.219744720501521,-0.12617375624817,-0.398620108436281
-0.219650598028949,-0.126026790342369,-0.39852138507762
-0.219556475556377,-0.125879824436568,-0.398422661718959
-0.219462353083805,-0.125732858530767,-0.398323938360298
-0.219368230611233,-0.125585892624966,-0.398225215001637
-0.219274108138661,-0.125438926719165,-0.398126491642976
-0.219179985666089,-0.125291960813364,-0.398027768284315
-0.219085863193518,-0.125144994907564,-0.397929044925654
-0.218991740720946,-0.124998029001763,-0.397830321566993
-0.218897618248374,-0.124851063095962,-0.397731598208332
-0.218803495775802,-0.124704097190161,-0.397632874849671
-0.21870937330323,-0.12455713128436,-0.39753415149101
-0.218615250830658,-0.124410165378559,-0.397435428132349
-0.218521128358086,-0.124263199472758,-0.397336704773688
-0.218427005885514,-0.124116233566957,-0.397237981415027
-0.218332883412943,-0.123969267661156,-0.397139258056366
-0.218238760940371,-0.123822301755355,-0.397040534697705
-0.218144638467799,-0.123675335849554,-0.396941811339044
-0.218050515995227,-0.123528369943753,-0.396843087980383
-0.217956393522655,-0.123381404037952,-0.396744364621722
-0.217862271050083,-0.123234438132151,-0.396645641263061
-0.21776807033624,-0.123087712700948,-0.396546651528655
-0.217672691123134,-0.12294460938798,-0.396443649543253
-0.217577311910028,-0.122801506075012,-0.396340647557851
-0.217481932696921,-0.122658402762045,-0.396237645572449
-0.217386553483815,-0.122515299449077,-0.396134643587047
-0.217291174270709,-0.122372196136109,-0.396031641601645
-0.217195795057603,-0.122229092823141,-0.395928639616242
-0.217100415844497,-0.122085989510173,-0.39582563763084
-0.217005036631391,-0.121942886197205,-0.395722635645438
-0.216909657418285,-0.121799782884237,-0.395619633660036
-0.216814278205179,-0.121656679571269,-0.395516631674634
-0.216718898992073,-0.121513576258302,-0.395413629689232
-0.216623519778966,-0.121370472945334,-0.39531062770383
-0.21652814056586,-0.121227369632366,-0.395207625718428
-0.216432761352754,-0.121084266319398,-0.395104623733026
-0.216337382139648,-0.12094116300643,-0.395001621747624
-0.216242002926542,-0.120798059693462,-0.394898619762221
-0.216146623713436,-0.120654956380494,-0.394795617776819
-0.21605124450033,-0.120511853067526,-0.394692615791417
-0.215955865287224,-0.120368749754558,-0.394589613806015
-0.215860486074118,-0.120225646441591,-0.394486611820613
-0.215765106861012,-0.120082543128623,-0.394383609835211
-0.215669727647905,-0.119939439815655,-0.394280607849809
-0.215574348434799,-0.119796336502687,-0.394177605864407
-0.215478969221693,-0.119653233189719,-0.394074603879005
-0.215383491287844,-0.119510458849896,-0.393971242922418
-0.21528698069955,-0.119371125687368,-0.393864126998263
-0.215190470111255,-0.11923179252484,-0.393757011074109
-0.215093959522961,-0.119092459362311,-0.393649895149954
-0.214997448934667,-0.118953126199783,-0.3935427792258
-0.214900938346373,-0.118813793037255,-0.393435663301645
-0.214804427758079,-0.118674459874726,-0.39332854737749
-0.214707917169785,-0.118535126712198,-0.393221431453336
-0.21461140658149,-0.11839579354967,-0.393114315529181
-0.214514895993196,-0.118256460387141,-0.393007199605027
-0.214418385404902,-0.118117127224613,-0.392900083680872
-0.214321874816608,-0.117977794062085,-0.392792967756717
-0.214225364228314,-0.117838460899557,-0.392685851832563
-0.214128853640019,-0.117699127737028,-0.392578735908408
-0.214032343051725,-0.1175597945745,-0.392471619984254
-0.213935832463431,-0.117420461411972,-0.392364504060099
-0.213839321875137,-0.117281128249443,-0.392257388135944
-0.213742811286843,-0.117141795086915,-0.39215027221179
-0.213646300698549,-0.117002461924387,-0.392043156287635
-0.213549790110254,-0.116863128761859,-0.391936040363481
-0.21345327952196,-0.11672379559933,-0.391828924439326
-0.213356768933666,-0.116584462436802,-0.391721808515172
-0.213260258345372,-0.116445129274274,-0.391614692591017
-0.213163747757078,-0.116305796111745,-0.391507576666862
-0.213067237168784,-0.116166462949217,-0.391400460742708
-0.212970610841682,-0.116027551423582,-0.391292892733954
-0.212873069239745,-0.11589197424749,-0.391181749591952
-0.212775527637808,-0.115756397071399,-0.39107060644995
-0.212677986035872,-0.115620819895307,-0.390959463307948
-0.212580444433935,-0.115485242719216,-0.390848320165946
-0.212482902831998,-0.115349665543124,-0.390737177023944
-0.212385361230061,-0.115214088367032,-0.390626033881942
-0.212287819628124,-0.115078511190941,-0.390514890739939
-0.212190278026187,-0.114942934014849,-0.390403747597937
-0.21209273642425,-0.114807356838757,-0.390292604455935
-0.211995194822313,-0.114671779662666,-0.390181461313933
-0.211897653220376,-0.114536202486574,-0.390070318171931
-0.211800111618439,-0.114400625310482,-0.389959175029929
-0.211702570016502,-0.114265048134391,-0.389848031887927
-0.211605028414565,-0.114129470958299,-0.389736888745925
-0.211507486812628,-0.113993893782208,-0.389625745603922
-0.211409945210691,-0.113858316606116,-0.38951460246192
-0.211312403608754,-0.113722739430024,-0.389403459319918
-0.211214862006817,-0.113587162253933,-0.389292316177916
-0.211117320404881,-0.113451585077841,-0.389181173035914
-0.211019778802944,-0.113316007901749,-0.389070029893912
-0.210922237201007,-0.113180430725658,-0.38895888675191
-0.21082469559907,-0.113044853549566,-0.388847743609908
-0.210727153997133,-0.112909276373474,-0.388736600467905
-0.210629612395196,-0.112773699197383,-0.388625457325903
-0.210532070793259,-0.112638122021291,-0.388514314183901
-0.210434450913665,-0.112502859627117,-0.388402840449743
-0.210335979570767,-0.112371021265578,-0.388287770707468
-0.210237508227869,-0.112239182904038,-0.388172700965193
-0.21013903688497,-0.112107344542499,-0.388057631222918
-0.210040565542072,-0.111975506180959,-0.387942561480643
-0.209942094199174,-0.11184366781942,-0.387827491738368
-0.209843622856276,-0.11171182945788,-0.387712421996093
-0.209745151513377,-0.11157999109634,-0.387597352253818
-0.209646680170479,-0.111448152734801,-0.387482282511543
-0.209548208827581,-0.111316314373261,-0.387367212769268
-0.209449737484683,-0.111184476011722,-0.387252143026993
-0.209351266141784,-0.111052637650182,-0.387137073284718
-0.209252794798886,-0.110920799288642,-0.387022003542443
-0.209154323455988,-0.110788960927103,-0.386906933800167
-0.20905585211309,-0.110657122565563,-0.386791864057892
-0.208957380770191,-0.110525284204024,-0.386676794315617
-0.208858909427293,-0.110393445842484,-0.386561724573342
-0.208760438084395,-0.110261607480945,-0.386446654831067
-0.208661966741497,-0.110129769119405,-0.386331585088792
-0.208563495398598,-0.109997930757865,-0.386216515346517
-0.2084650240557,-0.109866092396326,-0.386101445604242
-0.208366552712802,-0.109734254034786,-0.385986375861967
-0.208268081369904,-0.109602415673247,-0.385871306119692
-0.208169610027006,-0.109470577311707,-0.385756236377417
-0.208071138684107,-0.109338738950167,-0.385641166635142
-0.207972667341209,-0.109206900588628,-0.385526096892867
-0.207874150480153,-0.109075266810919,-0.385410817239739
-0.207774868176034,-0.108947073358566,-0.385292007680914
-0.207675585871915,-0.108818879906213,-0.385173198122089
-0.207576303567797,-0.10869068645386,-0.385054388563264
-0.207477021263678,-0.108562493001507,-0.384935579004439
-0.207377738959559,-0.108434299549153,-0.384816769445614
-0.207278456655441,-0.1083061060968,-0.384697959886789
-0.207179174351322,-0.108177912644447,-0.384579150327964
-0.207079892047203,-0.108049719192094,-0.384460340769139
-0.206980609743085,-0.107921525739741,-0.384341531210314
-0.206881327438966,-0.107793332287388,-0.384222721651489
-0.206782045134847,-0.107665138835035,-0.384103912092663
-0.206682762830729,-0.107536945382682,-0.383985102533838
-0.20658348052661,-0.107408751930329,-0.383866292975013
-0.206484198222491,-0.107280558477976,-0.383747483416188
-0.206384915918373,-0.107152365025623,-0.383628673857363
-0.206285633614254,-0.10702417157327,-0.383509864298538
-0.206186351310135,-0.106895978120916,-0.383391054739713
-0.206087069006017,-0.106767784668563,-0.383272245180888
-0.205987786701898,-0.10663959121621,-0.383153435622063
-0.205888504397779,-0.106511397763857,-0.383034626063238
-0.205789222093661,-0.106383204311504,-0.382915816504413
-0.205689939789542,-0.106255010859151,-0.382797006945587
-0.205590657485423,-0.106126817406798,-0.382678197386762
-0.205491375181305,-0.105998623954445,-0.382559387827937
-0.205392092877186,-0.105870430502092,-0.382440578269112
-0.205292791000097,-0.105742336764666,-0.382321668979071
-0.205192811263553,-0.105617696397175,-0.382199305754995
-0.205092831527008,-0.105493056029684,-0.38207694253092
-0.204992851790463,-0.105368415662193,-0.381954579306844
-0.204892872053919,-0.105243775294702,-0.381832216082768
-0.204792892317374,-0.105119134927211,-0.381709852858692
-0.20469291258083,-0.10499449455972,-0.381587489634616
-0.204592932844285,-0.104869854192229,-0.38146512641054
-0.204492953107741,-0.104745213824738,-0.381342763186465
-0.204392973371196,-0.104620573457247,-0.381220399962389
-0.204292993634651,-0.104495933089756,-0.381098036738313
-0.204193013898107,-0.104371292722265,-0.380975673514237
-0.204093034161562,-0.104246652354774,-0.380853310290161
-0.203993054425018,-0.104122011987283,-0.380730947066085
-0.203893074688473,-0.103997371619792,-0.380608583842009
-0.203793094951929,-0.103872731252301,-0.380486220617934
-0.203693115215384,-0.10374809088481,-0.380363857393858
-0.203593135478839,-0.103623450517319,-0.380241494169782
-0.203493155742295,-0.103498810149828,-0.380119130945706
-0.20339317600575,-0.103374169782337,-0.37999676772163
-0.203293196269206,-0.103249529414846,-0.379874404497554
-0.203193216532661,-0.103124889047355,-0.379752041273479
-0.203093236796117,-0.103000248679864,-0.379629678049403
-0.202993257059572,-0.102875608312373,-0.379507314825327
-0.202893277323027,-0.102750967944882,-0.379384951601251
-0.202793297586483,-0.102626327577391,-0.379262588377175
-0.202693317849938,-0.1025016872099,-0.379140225153099
