-0.455251799731706,-0.581710632990513,-0.758752999552843
-0.455369096340749,-0.581090403383836,-0.758760320761396
-0.455486392949792,-0.580470173777159,-0.758767641969948
-0.455603689558835,-0.579849944170482,-0.7587749631785
-0.455720986167878,-0.579229714563805,-0.758782284387052
-0.455838282776921,-0.578609484957128,-0.758789605595604
-0.455955579385964,-0.577989255350451,-0.758796926804156
-0.456072875995007,-0.577369025743774,-0.758804248012708
-0.45619017260405,-0.576748796137097,-0.75881156922126
-0.456307469213093,-0.576128566530419,-0.758818890429812
-0.456424765822136,-0.575508336923742,-0.758826211638364
-0.456542062431179,-0.574888107317065,-0.758833532846916
-0.456659359040222,-0.574267877710388,-0.758840854055468
-0.456776655649265,-0.573647648103711,-0.75884817526402
-0.456893952258308,-0.573027418497034,-0.758855496472572
-0.457011248867351,-0.572407188890357,-0.758862817681124
-0.457128545476394,-0.57178695928368,-0.758870138889676
-0.457245842085437,-0.571166729677003,-0.758877460098228
-0.45736313869448,-0.570546500070326,-0.75888478130678
-0.457480435303523,-0.569926270463649,-0.758892102515332
-0.457597731912566,-0.569306040856971,-0.758899423723884
-0.457715028521609,-0.568685811250294,-0.758906744932436
-0.457832325130652,-0.568065581643617,-0.758914066140988
-0.457949621739695,-0.56744535203694,-0.75892138734954
-0.458066918348738,-0.566825122430263,-0.758928708558092
-0.458183764393374,-0.566205268984751,-0.75893634217519
-0.458283038426124,-0.565600085824694,-0.758956159725573
-0.458382312458875,-0.564994902664636,-0.758975977275955
-0.458481586491626,-0.564389719504578,-0.758995794826337
-0.458580860524376,-0.56378453634452,-0.75901561237672
-0.458680134557127,-0.563179353184462,-0.759035429927102
-0.458779408589877,-0.562574170024404,-0.759055247477485
-0.458878682622628,-0.561968986864346,-0.759075065027867
-0.458977956655379,-0.561363803704289,-0.759094882578249
-0.459077230688129,-0.560758620544231,-0.759114700128632
-0.45917650472088,-0.560153437384173,-0.759134517679014
-0.459275778753631,-0.559548254224115,-0.759154335229397
-0.459375052786381,-0.558943071064057,-0.759174152779779
-0.459474326819132,-0.558337887903999,-0.759193970330161
-0.459573600851882,-0.557732704743942,-0.759213787880544
-0.459672874884633,-0.557127521583884,-0.759233605430926
-0.459772148917384,-0.556522338423826,-0.759253422981309
-0.459871422950134,-0.555917155263768,-0.759273240531691
-0.459970696982885,-0.55531197210371,-0.759293058082073
-0.460069971015636,-0.554706788943652,-0.759312875632456
-0.460169245048386,-0.554101605783594,-0.759332693182838
-0.460268519081137,-0.553496422623537,-0.759352510733221
-0.460367793113887,-0.552891239463479,-0.759372328283603
-0.460467067146638,-0.552286056303421,-0.759392145833985
-0.460566341179389,-0.551680873143363,-0.759411963384368
-0.460664754689213,-0.551076425905989,-0.75943225525487
-0.460746818263434,-0.5504859611996,-0.759461559207646
-0.460828881837654,-0.549895496493212,-0.759490863160422
-0.460910945411875,-0.549305031786824,-0.759520167113198
-0.460993008986096,-0.548714567080435,-0.759549471065974
-0.461075072560317,-0.548124102374047,-0.759578775018751
-0.461157136134537,-0.547533637667659,-0.759608078971527
-0.461239199708758,-0.54694317296127,-0.759637382924303
-0.461321263282979,-0.546352708254882,-0.759666686877079
-0.4614033268572,-0.545762243548494,-0.759695990829855
-0.46148539043142,-0.545171778842105,-0.759725294782631
-0.461567454005641,-0.544581314135717,-0.759754598735408
-0.461649517579862,-0.543990849429329,-0.759783902688184
-0.461731581154083,-0.54340038472294,-0.75981320664096
-0.461813644728303,-0.542809920016552,-0.759842510593736
-0.461895708302524,-0.542219455310164,-0.759871814546512
-0.461977771876745,-0.541628990603775,-0.759901118499288
-0.462059835450965,-0.541038525897387,-0.759930422452065
-0.462141899025186,-0.540448061190999,-0.759959726404841
-0.462223962599407,-0.53985759648461,-0.759989030357617
-0.462306026173628,-0.539267131778222,-0.760018334310393
-0.462388089747848,-0.538676667071834,-0.760047638263169
-0.462470153322069,-0.538086202365445,-0.760076942215945
-0.46255221689629,-0.537495737659057,-0.760106246168721
-0.462634280470511,-0.536905272952669,-0.760135550121498
-0.462715112124504,-0.536315887985536,-0.760165360726343
-0.462780750095687,-0.535739819802548,-0.760201420040042
-0.46284638806687,-0.535163751619561,-0.76023747935374
-0.462912026038054,-0.534587683436574,-0.760273538667439
-0.462977664009237,-0.534011615253587,-0.760309597981137
-0.463043301980421,-0.5334355470706,-0.760345657294836
-0.463108939951604,-0.532859478887613,-0.760381716608534
-0.463174577922787,-0.532283410704626,-0.760417775922233
-0.463240215893971,-0.531707342521639,-0.760453835235932
-0.463305853865154,-0.531131274338652,-0.76048989454963
-0.463371491836338,-0.530555206155664,-0.760525953863329
-0.463437129807521,-0.529979137972677,-0.760562013177028
-0.463502767778705,-0.52940306978969,-0.760598072490726
-0.463568405749888,-0.528827001606703,-0.760634131804425
-0.463634043721071,-0.528250933423716,-0.760670191118123
-0.463699681692255,-0.527674865240729,-0.760706250431822
-0.463765319663438,-0.527098797057742,-0.760742309745521
-0.463830957634622,-0.526522728874755,-0.760778369059219
-0.463896595605805,-0.525946660691768,-0.760814428372918
-0.463962233576988,-0.52537059250878,-0.760850487686616
-0.464027871548172,-0.524794524325793,-0.760886547000315
-0.464093509519355,-0.524218456142806,-0.760922606314014
-0.464159147490539,-0.523642387959819,-0.760958665627712
-0.464224785461722,-0.523066319776832,-0.760994724941411
-0.464290423432905,-0.522490251593845,-0.761030784255109
-0.464354609153031,-0.521915486887589,-0.761067253218205
-0.46440572461364,-0.521352453471911,-0.761107409025878
-0.464456840074248,-0.520789420056232,-0.761147564833552
-0.464507955534856,-0.520226386640554,-0.761187720641225
-0.464559070995464,-0.519663353224876,-0.761227876448898
-0.464610186456073,-0.519100319809197,-0.761268032256571
-0.464661301916681,-0.518537286393519,-0.761308188064244
-0.464712417377289,-0.517974252977841,-0.761348343871917
-0.464763532837897,-0.517411219562163,-0.76138849967959
-0.464814648298506,-0.516848186146484,-0.761428655487263
-0.464865763759114,-0.516285152730806,-0.761468811294936
-0.464916879219722,-0.515722119315128,-0.761508967102609
-0.46496799468033,-0.515159085899449,-0.761549122910282
-0.465019110140939,-0.514596052483771,-0.761589278717955
-0.465070225601547,-0.514033019068093,-0.761629434525628
-0.465121341062155,-0.513469985652415,-0.761669590333302
-0.465172456522763,-0.512906952236736,-0.761709746140975
-0.465223571983371,-0.512343918821058,-0.761749901948648
-0.46527468744398,-0.51178088540538,-0.761790057756321
-0.465325802904588,-0.511217851989701,-0.761830213563994
-0.465376918365196,-0.510654818574023,-0.761870369371667
-0.465428033825804,-0.510091785158345,-0.76191052517934
-0.465467819930936,-0.509539155781885,-0.761952554503154
-0.465506155623029,-0.50898785835711,-0.761994823679291
-0.465544491315123,-0.508436560932335,-0.762037092855428
-0.465582827007217,-0.50788526350756,-0.762079362031565
-0.465621162699311,-0.507333966082785,-0.762121631207702
-0.465659498391405,-0.506782668658011,-0.762163900383839
-0.465697834083499,-0.506231371233236,-0.762206169559976
-0.465736169775593,-0.505680073808461,-0.762248438736114
-0.465774505467687,-0.505128776383686,-0.762290707912251
-0.46581284115978,-0.504577478958911,-0.762332977088388
-0.465851176851874,-0.504026181534136,-0.762375246264525
-0.465889512543968,-0.503474884109362,-0.762417515440662
-0.465927848236062,-0.502923586684587,-0.762459784616799
-0.465966183928156,-0.502372289259812,-0.762502053792936
-0.46600451962025,-0.501820991835037,-0.762544322969074
-0.466042855312344,-0.501269694410262,-0.762586592145211
-0.466081191004438,-0.500718396985488,-0.762628861321348
-0.466119526696531,-0.500167099560713,-0.762671130497485
-0.466157862388625,-0.499615802135938,-0.762713399673622
-0.466196198080719,-0.499064504711163,-0.762755668849759
-0.466234533772813,-0.498513207286388,-0.762797938025897
-0.466264613514292,-0.497969660109029,-0.762840678317945
-0.466290682079325,-0.497429878410818,-0.762883647502962
-0.466316750644358,-0.496890096712607,-0.762926616687979
-0.466342819209391,-0.496350315014396,-0.762969585872996
-0.466368887774424,-0.495810533316185,-0.763012555058013
-0.466394956339457,-0.495270751617974,-0.76305552424303
-0.46642102490449,-0.494730969919763,-0.763098493428047
-0.466447093469523,-0.494191188221552,-0.763141462613064
-0.466473162034556,-0.493651406523341,-0.763184431798081
-0.466499230599588,-0.49311162482513,-0.763227400983098
-0.466525299164621,-0.492571843126919,-0.763270370168115
-0.466551367729654,-0.492032061428708,-0.763313339353133
-0.466577436294687,-0.491492279730497,-0.76335630853815
-0.46660350485972,-0.490952498032286,-0.763399277723167
-0.466629573424753,-0.490412716334075,-0.763442246908184
-0.466655641989786,-0.489872934635864,-0.763485216093201
-0.466681710554819,-0.489333152937653,-0.763528185278218
-0.466707779119852,-0.488793371239442,-0.763571154463235
-0.466733847684885,-0.488253589541231,-0.763614123648252
-0.466759916249918,-0.48771380784302,-0.763657092833269
-0.466785984814951,-0.487174026144809,-0.763700062018286
-0.466806645055851,-0.486639436575225,-0.763742761545935
-0.466820944146297,-0.486110953871755,-0.763785143908591
-0.466835243236743,-0.485582471168284,-0.763827526271246
-0.466849542327189,-0.485053988464813,-0.763869908633901
-0.466863841417635,-0.484525505761343,-0.763912290996557
-0.466878140508081,-0.483997023057872,-0.763954673359212
-0.466892439598527,-0.483468540354401,-0.763997055721867
-0.466906738688973,-0.48294005765093,-0.764039438084523
-0.466921037779419,-0.48241157494746,-0.764081820447178
-0.466935336869864,-0.481883092243989,-0.764124202809833
-0.46694963596031,-0.481354609540518,-0.764166585172489
-0.466963935050756,-0.480826126837048,-0.764208967535144
-0.466978234141202,-0.480297644133577,-0.764251349897799
-0.466992533231648,-0.479769161430106,-0.764293732260455
-0.467006832322094,-0.479240678726636,-0.76433611462311
-0.46702113141254,-0.478712196023165,-0.764378496985765
-0.467035430502986,-0.478183713319694,-0.764420879348421
-0.467049729593432,-0.477655230616223,-0.764463261711076
-0.467064028683878,-0.477126747912753,-0.764505644073731
-0.467078327774323,-0.476598265209282,-0.764548026436387
-0.467092626864769,-0.476069782505811,-0.764590408799042
-0.467104056232009,-0.475544119898865,-0.764632340921991
-0.467106691126865,-0.475027099679779,-0.764672893253101
-0.467109326021721,-0.474510079460693,-0.764713445584211
-0.467111960916576,-0.473993059241607,-0.76475399791532
-0.467114595811432,-0.473476039022521,-0.76479455024643
-0.467117230706288,-0.472959018803435,-0.76483510257754
-0.467119865601144,-0.472441998584349,-0.764875654908649
-0.467122500496,-0.471924978365263,-0.764916207239759
-0.467125135390856,-0.471407958146177,-0.764956759570868
-0.467127770285711,-0.470890937927091,-0.764997311901978
-0.467130405180567,-0.470373917708005,-0.765037864233088
-0.467133040075423,-0.46985689748892,-0.765078416564197
-0.467135674970279,-0.469339877269834,-0.765118968895307
-0.467138309865135,-0.468822857050748,-0.765159521226417
-0.467140944759991,-0.468305836831662,-0.765200073557526
-0.467143579654846,-0.467788816612576,-0.765240625888636
-0.467146214549702,-0.46727179639349,-0.765281178219746
-0.467148849444558,-0.466754776174404,-0.765321730550855
-0.467151484339414,-0.466237755955318,-0.765362282881965
-0.46715411923427,-0.465720735736232,-0.765402835213075
-0.467156754129126,-0.465203715517146,-0.765443387544184
-0.467159389023981,-0.46468669529806,-0.765483939875294
-0.467162023918837,-0.464169675078974,-0.765524492206404
-0.467158066527499,-0.463659292399348,-0.765563316678703
-0.46714917074993,-0.46315388200589,-0.765600846784541
-0.467140274972362,-0.462648471612432,-0.765638376890378
-0.467131379194793,-0.462143061218975,-0.765675906996216
-0.467122483417225,-0.461637650825517,-0.765713437102054
-0.467113587639657,-0.461132240432059,-0.765750967207891
-0.467104691862088,-0.460626830038602,-0.765788497313729
-0.46709579608452,-0.460121419645144,-0.765826027419567
-0.467086900306951,-0.459616009251687,-0.765863557525404
-0.467078004529383,-0.459110598858229,-0.765901087631242
-0.467069108751814,-0.458605188464771,-0.765938617737079
-0.467060212974246,-0.458099778071314,-0.765976147842917
-0.467051317196677,-0.457594367677856,-0.766013677948755
-0.467042421419109,-0.457088957284399,-0.766051208054592
-0.46703352564154,-0.456583546890941,-0.76608873816043
-0.467024629863972,-0.456078136497484,-0.766126268266268
-0.467015734086404,-0.455572726104026,-0.766163798372105
-0.467006838308835,-0.455067315710568,-0.766201328477943
-0.466997942531267,-0.454561905317111,-0.766238858583781
-0.466989046753698,-0.454056494923653,-0.766276388689618
-0.46698015097613,-0.453551084530195,-0.766313918795456
-0.466971255198561,-0.453045674136738,-0.766351448901294
-0.466962359420993,-0.45254026374328,-0.766388979007131
-0.466943579448725,-0.452045060980883,-0.76642287057952
-0.466923669492656,-0.451551025178273,-0.766456346186422
-0.466903759536586,-0.451056989375664,-0.766489821793325
-0.466883849580517,-0.450562953573055,-0.766523297400227
-0.466863939624447,-0.450068917770446,-0.766556773007129
-0.466844029668378,-0.449574881967837,-0.766590248614031
-0.466824119712308,-0.449080846165227,-0.766623724220933
-0.466804209756239,-0.448586810362618,-0.766657199827835
-0.466784299800169,-0.448092774560009,-0.766690675434737
-0.466764389844099,-0.4475987387574,-0.766724151041639
-0.46674447988803,-0.447104702954791,-0.766757626648541
-0.46672456993196,-0.446610667152181,-0.766791102255443
-0.466704659975891,-0.446116631349572,-0.766824577862345
-0.466684750019821,-0.445622595546963,-0.766858053469248
-0.466664840063752,-0.445128559744354,-0.76689152907615
-0.466644930107682,-0.444634523941745,-0.766925004683052
-0.466625020151613,-0.444140488139136,-0.766958480289954
-0.466605110195543,-0.443646452336526,-0.766991955896856
-0.466585200239474,-0.443152416533917,-0.767025431503758
-0.466565290283404,-0.442658380731308,-0.76705890711066
-0.466545380327335,-0.442164344928699,-0.767092382717562
-0.466525470371265,-0.44167030912609,-0.767125858324464
-0.466503214775646,-0.44117875937658,-0.76715822382579
-0.466472790757573,-0.440695867023717,-0.76718672351094
-0.4664423667395,-0.440212974670854,-0.767215223196089
-0.466411942721427,-0.43973008231799,-0.767243722881238
-0.466381518703354,-0.439247189965127,-0.767272222566387
-0.46635109468528,-0.438764297612263,-0.767300722251536
-0.466320670667207,-0.4382814052594,-0.767329221936686
-0.466290246649134,-0.437798512906536,-0.767357721621835
-0.466259822631061,-0.437315620553673,-0.767386221306984
-0.466229398612988,-0.436832728200809,-0.767414720992133
-0.466198974594915,-0.436349835847946,-0.767443220677283
-0.466168550576842,-0.435866943495083,-0.767471720362432
-0.466138126558768,-0.435384051142219,-0.767500220047581
-0.466107702540695,-0.434901158789356,-0.76752871973273
-0.466077278522622,-0.434418266436492,-0.767557219417879
-0.466046854504549,-0.433935374083629,-0.767585719103028
-0.466016430486476,-0.433452481730765,-0.767614218788178
-0.465986006468403,-0.432969589377902,-0.767642718473327
-0.465955582450329,-0.432486697025039,-0.767671218158476
-0.465925158432256,-0.432003804672175,-0.767699717843625
-0.465894734414183,-0.431520912319312,-0.767728217528775
-0.46586431039611,-0.431038019966448,-0.767756717213924
-0.465833886378037,-0.430555127613585,-0.767785216899073
-0.465797814160094,-0.430078385368245,-0.76781044974104
-0.465757097941787,-0.429606699796226,-0.767832996555374
-0.46571638172348,-0.429135014224206,-0.767855543369707
-0.465675665505172,-0.428663328652186,-0.767878090184041
-0.465634949286865,-0.428191643080166,-0.767900636998375
-0.465594233068558,-0.427719957508147,-0.767923183812708
-0.46555351685025,-0.427248271936127,-0.767945730627042
-0.465512800631943,-0.426776586364107,-0.767968277441375
-0.465472084413636,-0.426304900792087,-0.767990824255709
-0.465431368195328,-0.425833215220067,-0.768013371070043
-0.465390651977021,-0.425361529648048,-0.768035917884376
-0.465349935758714,-0.424889844076028,-0.76805846469871
-0.465309219540406,-0.424418158504008,-0.768081011513043
-0.465268503322099,-0.423946472931989,-0.768103558327377
-0.465227787103792,-0.423474787359969,-0.768126105141711
-0.465187070885484,-0.423003101787949,-0.768148651956044
-0.465146354667177,-0.422531416215929,-0.768171198770378
-0.46510563844887,-0.422059730643909,-0.768193745584711
-0.465064922230563,-0.42158804507189,-0.768216292399045
-0.465024206012255,-0.42111635949987,-0.768238839213378
-0.464983489793948,-0.42064467392785,-0.768261386027712
-0.464942773575641,-0.42017298835583,-0.768283932842046
-0.464902057357333,-0.419701302783811,-0.768306479656379
-0.464861341139026,-0.419229617211791,-0.768329026470713
-0.464814080723996,-0.418765260030091,-0.768347113974148
-0.464763311247949,-0.418304832401532,-0.768362810352331
-0.464712541771902,-0.417844404772974,-0.768378506730515
-0.464661772295854,-0.417383977144416,-0.768394203108698
-0.464611002819807,-0.416923549515857,-0.768409899486881
-0.46456023334376,-0.416463121887299,-0.768425595865064
-0.464509463867713,-0.416002694258741,-0.768441292243247
-0.464458694391665,-0.415542266630182,-0.76845698862143
-0.464407924915618,-0.415081839001624,-0.768472684999614
-0.464357155439571,-0.414621411373065,-0.768488381377797
-0.464306385963523,-0.414160983744507,-0.76850407775598
-0.464255616487476,-0.413700556115949,-0.768519774134163
-0.464204847011429,-0.41324012848739,-0.768535470512346
-0.464154077535381,-0.412779700858832,-0.768551166890529
-0.464103308059334,-0.412319273230274,-0.768566863268712
-0.464052538583287,-0.411858845601715,-0.768582559646896
-0.464001769107239,-0.411398417973157,-0.768598256025079
-0.463950999631192,-0.410937990344599,-0.768613952403262
-0.463900230155145,-0.41047756271604,-0.768629648781445
-0.463849460679098,-0.410017135087482,-0.768645345159628
-0.46379869120305,-0.409556707458923,-0.768661041537811
-0.463747921727003,-0.409096279830365,-0.768676737915995
-0.463697152250956,-0.408635852201807,-0.768692434294178
-0.463646382774908,-0.408175424573248,-0.768708130672361
-0.463588419055596,-0.407723292584481,-0.768718176958342
-0.463528097009144,-0.407273879968931,-0.768726371101534
-0.463467774962692,-0.406824467353381,-0.768734565244727
-0.463407452916241,-0.406375054737832,-0.768742759387919
-0.463347130869789,-0.405925642122282,-0.768750953531111
-0.463286808823337,-0.405476229506733,-0.768759147674304
-0.463226486776885,-0.405026816891183,-0.768767341817496
-0.463166164730433,-0.404577404275633,-0.768775535960688
-0.463105842683981,-0.404127991660084,-0.768783730103881
-0.463045520637529,-0.403678579044534,-0.768791924247073
-0.462985198591077,-0.403229166428985,-0.768800118390266
-0.462924876544625,-0.402779753813435,-0.768808312533458
-0.462864554498173,-0.402330341197885,-0.76881650667665
-0.462804232451722,-0.401880928582336,-0.768824700819843
-0.46274391040527,-0.401431515966786,-0.768832894963035
-0.462683588358818,-0.400982103351237,-0.768841089106227
-0.462623266312366,-0.400532690735687,-0.76884928324942
-0.462562944265914,-0.400083278120137,-0.768857477392612
-0.462502622219462,-0.399633865504588,-0.768865671535804
-0.46244230017301,-0.399184452889038,-0.768873865678997
-0.462381978126558,-0.398735040273489,-0.768882059822189
-0.462321656080106,-0.398285627657939,-0.768890253965381
-0.462261334033654,-0.397836215042389,-0.768898448108574
-0.462201011987203,-0.39738680242684,-0.768906642251766
-0.462132933400231,-0.396946606930401,-0.768907939208735
-0.462063542447803,-0.396507970921557,-0.76890806919843
-0.461994151495376,-0.396069334912714,-0.768908199188124
-0.461924760542948,-0.39563069890387,-0.768908329177819
-0.46185536959052,-0.395192062895026,-0.768908459167514
-0.461785978638093,-0.394753426886183,-0.76890858915721
-0.461716587685665,-0.394314790877339,-0.768908719146905
-0.461647196733238,-0.393876154868495,-0.768908849136599
-0.46157780578081,-0.393437518859652,-0.768908979126294
-0.461508414828383,-0.392998882850808,-0.768909109115989
-0.461439023875955,-0.392560246841964,-0.768909239105684
-0.461369632923528,-0.39212161083312,-0.768909369095379
-0.4613002419711,-0.391682974824277,-0.768909499085074
-0.461230851018673,-0.391244338815433,-0.768909629074769
-0.461161460066245,-0.390805702806589,-0.768909759064464
-0.461092069113818,-0.390367066797746,-0.768909889054159
-0.46102267816139,-0.389928430788902,-0.768910019043854
-0.460953287208963,-0.389489794780058,-0.768910149033549
-0.460883896256535,-0.389051158771214,-0.768910279023244
-0.460814505304108,-0.388612522762371,-0.768910409012939
-0.46074511435168,-0.388173886753527,-0.768910539002634
-0.460675723399253,-0.387735250744683,-0.768910668992329
-0.460606332446825,-0.38729661473584,-0.768910798982024
-0.460536941494398,-0.386857978726996,-0.768910928971719
-0.460459135317505,-0.386429661022582,-0.768902699038671
-0.460380955232492,-0.386001801784585,-0.768894097654688
-0.46030277514748,-0.385573942546588,-0.768885496270705
-0.460224595062467,-0.385146083308592,-0.768876894886722
-0.460146414977455,-0.384718224070595,-0.768868293502739
-0.460068234892442,-0.384290364832598,-0.768859692118756
-0.45999005480743,-0.383862505594601,-0.768851090734773
-0.459911874722417,-0.383434646356604,-0.76884248935079
-0.459833694637405,-0.383006787118607,-0.768833887966807
-0.459755514552392,-0.382578927880611,-0.768825286582823
-0.45967733446738,-0.382151068642614,-0.76881668519884
-0.459599154382367,-0.381723209404617,-0.768808083814857
-0.459520974297355,-0.38129535016662,-0.768799482430874
-0.459442794212342,-0.380867490928623,-0.768790881046891
-0.45936461412733,-0.380439631690626,-0.768782279662908
-0.459286434042317,-0.38001177245263,-0.768773678278925
-0.459208253957305,-0.379583913214633,-0.768765076894942
-0.459130073872292,-0.379156053976636,-0.768756475510959
-0.45905189378728,-0.378728194738639,-0.768747874126976
-0.458973713702267,-0.378300335500642,-0.768739272742993
-0.458895533617255,-0.377872476262645,-0.76873067135901
-0.458817353532242,-0.377444617024649,-0.768722069975027
-0.45873917344723,-0.377016757786652,-0.768713468591044
-0.458660993362217,-0.376588898548655,-0.76870486720706
-0.458582813277205,-0.376161039310658,-0.768696265823077
-0.458496282548587,-0.375743758749447,-0.768678513298841
-0.458409602716593,-0.375326667073846,-0.76866059737811
-0.4583229228846,-0.374909575398245,-0.768642681457378
-0.458236243052607,-0.374492483722644,-0.768624765536647
-0.458149563220614,-0.374075392047043,-0.768606849615916
-0.458062883388621,-0.373658300371441,-0.768588933695184
-0.457976203556628,-0.37324120869584,-0.768571017774453
-0.457889523724634,-0.372824117020239,-0.768553101853721
-0.457802843892641,-0.372407025344638,-0.76853518593299
-0.457716164060648,-0.371989933669037,-0.768517270012258
-0.457629484228655,-0.371572841993436,-0.768499354091527
-0.457542804396662,-0.371155750317835,-0.768481438170795
-0.457456124564668,-0.370738658642234,-0.768463522250064
-0.457369444732675,-0.370321566966633,-0.768445606329333
-0.457282764900682,-0.369904475291032,-0.768427690408601
-0.457196085068689,-0.369487383615431,-0.76840977448787
-0.457109405236696,-0.36907029193983,-0.768391858567138
-0.457022725404703,-0.368653200264229,-0.768373942646407
-0.456936045572709,-0.368236108588628,-0.768356026725675
-0.456849365740716,-0.367819016913026,-0.768338110804944
-0.456762685908723,-0.367401925237425,-0.768320194884212
-0.45667600607673,-0.366984833561824,-0.768302278963481
-0.456589326244737,-0.366567741886223,-0.768284363042749
-0.456502646412743,-0.366150650210622,-0.768266447122018
-0.456415906714099,-0.365733637008042,-0.768248459367549
-0.456321199606779,-0.365327067460101,-0.768220911553598
-0.45622649249946,-0.364920497912161,-0.768193363739647
-0.45613178539214,-0.36451392836422,-0.768165815925696
-0.45603707828482,-0.364107358816279,-0.768138268111745
-0.4559423711775,-0.363700789268339,-0.768110720297794
-0.45584766407018,-0.363294219720398,-0.768083172483843
-0.45575295696286,-0.362887650172457,-0.768055624669892
-0.45565824985554,-0.362481080624516,-0.768028076855941
-0.45556354274822,-0.362074511076576,-0.76800052904199
-0.455468835640901,-0.361667941528635,-0.767972981228039
-0.455374128533581,-0.361261371980694,-0.767945433414088
-0.455279421426261,-0.360854802432754,-0.767917885600137
-0.455184714318941,-0.360448232884813,-0.767890337786186
-0.455090007211621,-0.360041663336872,-0.767862789972235
-0.454995300104301,-0.359635093788932,-0.767835242158284
-0.454900592996981,-0.359228524240991,-0.767807694344333
-0.454805885889661,-0.35882195469305,-0.767780146530382
-0.454711178782342,-0.358415385145109,-0.767752598716431
-0.454616471675022,-0.358008815597169,-0.76772505090248
-0.454521764567702,-0.357602246049228,-0.767697503088529
-0.454427057460382,-0.357195676501287,-0.767669955274578
-0.454332350353062,-0.356789106953347,-0.767642407460628
-0.454237643245742,-0.356382537405406,-0.767614859646677
-0.454142936138422,-0.355975967857465,-0.767587311832725
-0.454047983262159,-0.355569732026854,-0.76755944329698
-0.453945704225946,-0.355173444021629,-0.767522014321497
-0.453843425189732,-0.354777156016404,-0.767484585346015
-0.453741146153519,-0.35438086801118,-0.767447156370533
-0.453638867117305,-0.353984580005955,-0.76740972739505
-0.453536588081092,-0.35358829200073,-0.767372298419568
-0.453434309044878,-0.353192003995505,-0.767334869444086
-0.453332030008665,-0.352795715990281,-0.767297440468603
-0.453229750972451,-0.352399427985056,-0.767260011493121
-0.453127471936238,-0.352003139979831,-0.767222582517639
-0.453025192900024,-0.351606851974606,-0.767185153542156
-0.452922913863811,-0.351210563969382,-0.767147724566674
-0.452820634827597,-0.350814275964157,-0.767110295591192
-0.452718355791384,-0.350417987958932,-0.767072866615709
-0.45261607675517,-0.350021699953707,-0.767035437640227
-0.452513797718957,-0.349625411948483,-0.766998008664745
-0.452411518682743,-0.349229123943258,-0.766960579689262
-0.45230923964653,-0.348832835938033,-0.76692315071378
-0.452206960610316,-0.348436547932808,-0.766885721738298
-0.452104681574103,-0.348040259927584,-0.766848292762815
-0.452002402537889,-0.347643971922359,-0.766810863787333
-0.451900123501676,-0.347247683917134,-0.766773434811851
-0.451797844465462,-0.346851395911909,-0.766736005836368
-0.451695565429249,-0.346455107906685,-0.766698576860886
-0.451593286393035,-0.34605881990146,-0.766661147885404
-0.451490597468502,-0.345663109106691,-0.766623140956974
-0.451381184717188,-0.345276866898699,-0.766575653261894
-0.451271771965874,-0.344890624690708,-0.766528165566814
-0.45116235921456,-0.344504382482716,-0.766480677871735
-0.451052946463246,-0.344118140274725,-0.766433190176655
-0.450943533711932,-0.343731898066734,-0.766385702481575
-0.450834120960618,-0.343345655858742,-0.766338214786496
-0.450724708209304,-0.342959413650751,-0.766290727091416
-0.45061529545799,-0.342573171442759,-0.766243239396337
-0.450505882706676,-0.342186929234768,-0.766195751701257
-0.450396469955362,-0.341800687026776,-0.766148264006177
-0.450287057204048,-0.341414444818785,-0.766100776311098
-0.450177644452734,-0.341028202610793,-0.766053288616018
-0.45006823170142,-0.340641960402802,-0.766005800920938
-0.449958818950106,-0.34025571819481,-0.765958313225859
-0.449849406198792,-0.339869475986819,-0.765910825530779
-0.449739993447478,-0.339483233778827,-0.765863337835699
-0.449630580696164,-0.339096991570836,-0.76581585014062
-0.44952116794485,-0.338710749362844,-0.76576836244554
-0.449411755193536,-0.338324507154853,-0.76572087475046
-0.449302342442222,-0.337938264946861,-0.765673387055381
-0.449192929690908,-0.33755202273887,-0.765625899360301
-0.449083516939594,-0.337165780530878,-0.765578411665221
-0.44897410418828,-0.336779538322887,-0.765530923970142
-0.448864691436966,-0.336393296114895,-0.765483436275062
-0.448754725152581,-0.336007863224505,-0.765435111057395
-0.44863859948423,-0.335631435934901,-0.765377466390775
-0.448522473815878,-0.335255008645297,-0.765319821724154
-0.448406348147527,-0.334878581355692,-0.765262177057533
-0.448290222479175,-0.334502154066088,-0.765204532390912
-0.448174096810823,-0.334125726776484,-0.765146887724292
-0.448057971142472,-0.33374929948688,-0.765089243057671
-0.44794184547412,-0.333372872197276,-0.76503159839105
-0.447825719805769,-0.332996444907672,-0.76497395372443
-0.447709594137417,-0.332620017618068,-0.764916309057809
-0.447593468469065,-0.332243590328464,-0.764858664391188
-0.447477342800714,-0.33186716303886,-0.764801019724567
-0.447361217132362,-0.331490735749255,-0.764743375057947
-0.447245091464011,-0.331114308459651,-0.764685730391326
-0.447128965795659,-0.330737881170047,-0.764628085724705
-0.447012840127308,-0.330361453880443,-0.764570441058084
-0.446896714458956,-0.329985026590839,-0.764512796391464
-0.446780588790604,-0.329608599301235,-0.764455151724843
-0.446664463122253,-0.329232172011631,-0.764397507058222
-0.446548337453901,-0.328855744722027,-0.764339862391601
-0.44643221178555,-0.328479317432423,-0.764282217724981
-0.446316086117198,-0.328102890142818,-0.76422457305836
-0.446199960448846,-0.327726462853214,-0.764166928391739
-0.446083834780495,-0.32735003556361,-0.764109283725118
-0.445967709112143,-0.326973608274006,-0.764051639058498
-0.445850905618148,-0.326598211363483,-0.763992897937364
-0.445728472124901,-0.326231372750376,-0.763925049698278
-0.445606038631654,-0.32586453413727,-0.763857201459192
-0.445483605138408,-0.325497695524163,-0.763789353220106
-0.445361171645161,-0.325130856911056,-0.76372150498102
-0.445238738151914,-0.324764018297949,-0.763653656741934
-0.445116304658667,-0.324397179684843,-0.763585808502848
-0.444993871165421,-0.324030341071736,-0.763517960263762
-0.444871437672174,-0.323663502458629,-0.763450112024676
-0.444749004178927,-0.323296663845522,-0.76338226378559
-0.44462657068568,-0.322929825232416,-0.763314415546505
-0.444504137192434,-0.322562986619309,-0.763246567307419
-0.444381703699187,-0.322196148006202,-0.763178719068333
-0.44425927020594,-0.321829309393095,-0.763110870829247
-0.444136836712693,-0.321462470779989,-0.763043022590161
-0.444014403219447,-0.321095632166882,-0.762975174351075
-0.4438919697262,-0.320728793553775,-0.762907326111989
-0.443769536232953,-0.320361954940668,-0.762839477872903
-0.443647102739706,-0.319995116327562,-0.762771629633817
-0.44352466924646,-0.319628277714455,-0.762703781394731
-0.443402235753213,-0.319261439101348,-0.762635933155646
-0.443279802259966,-0.318894600488241,-0.76256808491656
-0.443157368766719,-0.318527761875135,-0.762500236677474
-0.443034935273473,-0.318160923262028,-0.762432388438388
-0.442912501780226,-0.317794084648921,-0.762364540199302
-0.442789284430005,-0.317428486765774,-0.762295340008667
-0.442660933154966,-0.317071015128282,-0.762217285118971
-0.442532581879927,-0.316713543490791,-0.762139230229276
-0.442404230604888,-0.3163560718533,-0.762061175339581
-0.442275879329849,-0.315998600215808,-0.761983120449885
-0.44214752805481,-0.315641128578317,-0.76190506556019
-0.442019176779771,-0.315283656940825,-0.761827010670495
-0.441890825504732,-0.314926185303334,-0.761748955780799
-0.441762474229693,-0.314568713665842,-0.761670900891104
-0.441634122954654,-0.314211242028351,-0.761592846001409
-0.441505771679615,-0.31385377039086,-0.761514791111713
-0.441377420404577,-0.313496298753368,-0.761436736222018
-0.441249069129538,-0.313138827115877,-0.761358681332323
-0.441120717854499,-0.312781355478385,-0.761280626442627
-0.44099236657946,-0.312423883840894,-0.761202571552932
-0.440864015304421,-0.312066412203402,-0.761124516663237
-0.440735664029382,-0.311708940565911,-0.761046461773541
-0.440607312754343,-0.31135146892842,-0.760968406883846
-0.440478961479304,-0.310993997290928,-0.76089035199415
-0.440350610204265,-0.310636525653437,-0.760812297104455
-0.440222258929226,-0.310279054015945,-0.76073424221476
-0.440093907654187,-0.309921582378454,-0.760656187325064
-0.439965556379148,-0.309564110740963,-0.760578132435369
-0.439837205104109,-0.309206639103471,-0.760500077545674
-0.43970885382907,-0.30884916746598,-0.760422022655978
-0.439579629797088,-0.308493136537839,-0.760342367438791
-0.439445735726676,-0.308144814706814,-0.76025414902317
-0.439311841656264,-0.30779649287579,-0.760165930607548
-0.439177947585853,-0.307448171044765,-0.760077712191927
-0.439044053515441,-0.30709984921374,-0.759989493776306
-0.438910159445029,-0.306751527382716,-0.759901275360685
-0.438776265374617,-0.306403205551691,-0.759813056945064
-0.438642371304206,-0.306054883720666,-0.759724838529443
-0.438508477233794,-0.305706561889642,-0.759636620113822
-0.438374583163382,-0.305358240058617,-0.7595484016982
-0.43824068909297,-0.305009918227593,-0.759460183282579
-0.438106795022559,-0.304661596396568,-0.759371964866958
-0.437972900952147,-0.304313274565543,-0.759283746451337
-0.437839006881735,-0.303964952734519,-0.759195528035716
-0.437705112811323,-0.303616630903494,-0.759107309620095
-0.437571218740911,-0.303268309072469,-0.759019091204474
-0.4374373246705,-0.302919987241445,-0.758930872788852
-0.437303430600088,-0.30257166541042,-0.758842654373231
-0.437169536529676,-0.302223343579395,-0.75875443595761
-0.437035642459264,-0.301875021748371,-0.758666217541989
-0.436901748388853,-0.301526699917346,-0.758577999126368
-0.436767854318441,-0.301178378086321,-0.758489780710747
-0.436633960248029,-0.300830056255297,-0.758401562295126
-0.436500066177617,-0.300481734424272,-0.758313343879504
-0.436366172107206,-0.300133412593247,-0.758225125463883
-0.436231332335727,-0.29978672142431,-0.758135069936782
-0.436092255146114,-0.299447336789474,-0.758036782834428
-0.435953177956501,-0.299107952154639,-0.757938495732073
-0.435814100766888,-0.298768567519804,-0.757840208629719
-0.435675023577275,-0.298429182884969,-0.757741921527365
-0.435535946387662,-0.298089798250134,-0.75764363442501
-0.435396869198049,-0.297750413615299,-0.757545347322656
-0.435257792008436,-0.297411028980463,-0.757447060220302
-0.435118714818824,-0.297071644345628,-0.757348773117947
-0.434979637629211,-0.296732259710793,-0.757250486015593
-0.434840560439598,-0.296392875075958,-0.757152198913239
-0.434701483249985,-0.296053490441123,-0.757053911810884
-0.434562406060372,-0.295714105806288,-0.75695562470853
-0.434423328870759,-0.295374721171452,-0.756857337606176
-0.434284251681146,-0.295035336536617,-0.756759050503821
-0.434145174491533,-0.294695951901782,-0.756660763401467
-0.43400609730192,-0.294356567266947,-0.756562476299113
-0.433867020112307,-0.294017182632112,-0.756464189196758
-0.433727942922695,-0.293677797997276,-0.756365902094404
-0.433588865733082,-0.293338413362441,-0.75626761499205
-0.433449788543469,-0.292999028727606,-0.756169327889695
-0.433310711353856,-0.292659644092771,-0.756071040787341
-0.433171634164243,-0.292320259457936,-0.755972753684987
-0.43303255697463,-0.291980874823101,-0.755874466582632
-0.432893479785017,-0.291641490188265,-0.755776179480278
-0.432753399074277,-0.291303916437211,-0.755675829847138
-0.432609484656934,-0.290973260723971,-0.755567600820456
-0.432465570239592,-0.290642605010731,-0.755459371793775
-0.432321655822249,-0.290311949297491,-0.755351142767093
-0.432177741404906,-0.289981293584251,-0.755242913740411
-0.432033826987564,-0.28965063787101,-0.755134684713729
-0.431889912570221,-0.28931998215777,-0.755026455687047
-0.431745998152879,-0.28898932644453,-0.754918226660366
-0.431602083735536,-0.28865867073129,-0.754809997633684
-0.431458169318193,-0.28832801501805,-0.754701768607002
-0.431314254900851,-0.28799735930481,-0.75459353958032
-0.431170340483508,-0.28766670359157,-0.754485310553639
-0.431026426066165,-0.28733604787833,-0.754377081526957
-0.430882511648823,-0.28700539216509,-0.754268852500275
-0.43073859723148,-0.286674736451849,-0.754160623473593
-0.430594682814137,-0.286344080738609,-0.754052394446912
-0.430450768396795,-0.286013425025369,-0.75394416542023
-0.430306853979452,-0.285682769312129,-0.753835936393548
-0.43016293956211,-0.285352113598889,-0.753727707366866
-0.430019025144767,-0.285021457885649,-0.753619478340184
-0.429875110727424,-0.284690802172409,-0.753511249313503
-0.429731196310082,-0.284360146459169,-0.753403020286821
-0.429587281892739,-0.284029490745929,-0.753294791260139
-0.429443367475396,-0.283698835032689,-0.753186562233457
-0.429299453058054,-0.283368179319449,-0.753078333206775
-0.429154491525814,-0.283039505284264,-0.752967828651299
-0.429006072572906,-0.282717374460991,-0.752849810631631
-0.428857653619998,-0.282395243637718,-0.752731792611963
-0.428709234667089,-0.282073112814445,-0.752613774592296
-0.428560815714181,-0.281750981991172,-0.752495756572628
-0.428412396761273,-0.281428851167899,-0.75237773855296
-0.428263977808365,-0.281106720344626,-0.752259720533292
-0.428115558855457,-0.280784589521352,-0.752141702513624
-0.427967139902548,-0.280462458698079,-0.752023684493956
-0.42781872094964,-0.280140327874806,-0.751905666474288
-0.427670301996732,-0.279818197051533,-0.75178764845462
-0.427521883043824,-0.27949606622826,-0.751669630434952
-0.427373464090916,-0.279173935404987,-0.751551612415285
-0.427225045138007,-0.278851804581714,-0.751433594395617
-0.427076626185099,-0.278529673758441,-0.751315576375949
-0.426928207232191,-0.278207542935167,-0.751197558356281
-0.426779788279283,-0.277885412111894,-0.751079540336613
-0.426631369326375,-0.277563281288621,-0.750961522316945
-0.426482950373466,-0.277241150465348,-0.750843504297277
-0.426334531420558,-0.276919019642075,-0.750725486277609
-0.42618611246765,-0.276596888818802,-0.750607468257942
-0.426037693514742,-0.276274757995529,-0.750489450238274
-0.425889274561834,-0.275952627172255,-0.750371432218606
-0.425740855608926,-0.275630496348982,-0.750253414198938
-0.425592436656017,-0.275308365525709,-0.75013539617927
-0.425442940228788,-0.274988378063429,-0.750014904527072
-0.425290336225419,-0.274674572333143,-0.749887278596794
-0.42513773222205,-0.274360766602856,-0.749759652666515
-0.424985128218681,-0.27404696087257,-0.749632026736237
-0.424832524215312,-0.273733155142283,-0.749504400805959
-0.424679920211943,-0.273419349411997,-0.749376774875681
-0.424527316208574,-0.27310554368171,-0.749249148945402
-0.424374712205205,-0.272791737951424,-0.749121523015124
-0.424222108201836,-0.272477932221137,-0.748993897084846
-0.424069504198467,-0.272164126490851,-0.748866271154567
-0.423916900195098,-0.271850320760564,-0.748738645224289
-0.423764296191729,-0.271536515030278,-0.748611019294011
-0.42361169218836,-0.271222709299991,-0.748483393363732
-0.423459088184991,-0.270908903569705,-0.748355767433454
-0.423306484181622,-0.270595097839418,-0.748228141503176
-0.423153880178253,-0.270281292109132,-0.748100515572898
-0.423001276174884,-0.269967486378845,-0.747972889642619
-0.422848672171515,-0.269653680648559,-0.747845263712341
-0.422696068168146,-0.269339874918272,-0.747717637782063
-0.422543464164777,-0.269026069187986,-0.747590011851785
-0.422390860161408,-0.268712263457699,-0.747462385921506
-0.422238256158039,-0.268398457727413,-0.747334759991228
-0.42208565215467,-0.268084651997126,-0.74720713406095
-0.4219330481513,-0.26777084626684,-0.747079508130671
-0.421780444147931,-0.267457040536553,-0.746951882200393
-0.421626744490555,-0.267145531064038,-0.746821602663569
-0.421470261487906,-0.266839854891243,-0.746684582035865
-0.421313778485257,-0.266534178718447,-0.746547561408161
-0.421157295482608,-0.266228502545652,-0.746410540780458
-0.421000812479959,-0.265922826372856,-0.746273520152754
-0.42084432947731,-0.265617150200061,-0.74613649952505
-0.42068784647466,-0.265311474027265,-0.745999478897347
-0.420531363472011,-0.26500579785447,-0.745862458269643
-0.420374880469362,-0.264700121681674,-0.745725437641939
-0.420218397466713,-0.264394445508879,-0.745588417014235
-0.420061914464064,-0.264088769336083,-0.745451396386532
-0.419905431461415,-0.263783093163288,-0.745314375758828
-0.419748948458766,-0.263477416990492,-0.745177355131124
-0.419592465456117,-0.263171740817697,-0.74504033450342
-0.419435982453468,-0.262866064644901,-0.744903313875717
-0.419279499450819,-0.262560388472106,-0.744766293248013
-0.419123016448169,-0.26225471229931,-0.744629272620309
-0.41896653344552,-0.261949036126515,-0.744492251992606
-0.418810050442871,-0.261643359953719,-0.744355231364902
-0.418653567440222,-0.261337683780924,-0.744218210737198
-0.418497084437573,-0.261032007608128,-0.744081190109494
-0.418340601434924,-0.260726331435333,-0.743944169481791
-0.418184118432275,-0.260420655262537,-0.743807148854087
-0.418027635429626,-0.260114979089742,-0.743670128226383
-0.417871152426977,-0.259809302916946,-0.743533107598679
-0.417713567180813,-0.25950606736585,-0.743393269612913
-0.417553499155631,-0.259208329260885,-0.74324708559073
-0.41739343113045,-0.25891059115592,-0.743100901568547
-0.417233363105268,-0.258612853050955,-0.742954717546364
-0.417073295080086,-0.258315114945989,-0.742808533524181
-0.416913227054904,-0.258017376841024,-0.742662349501997
-0.416753159029723,-0.257719638736059,-0.742516165479814
-0.416593091004541,-0.257421900631094,-0.742369981457631
-0.416433022979359,-0.257124162526129,-0.742223797435448
-0.416272954954178,-0.256826424421164,-0.742077613413265
-0.416112886928996,-0.256528686316199,-0.741931429391082
-0.415952818903814,-0.256230948211234,-0.741785245368898
-0.415792750878633,-0.255933210106269,-0.741639061346715
-0.415632682853451,-0.255635472001304,-0.741492877324532
-0.415472614828269,-0.255337733896339,-0.741346693302349
-0.415312546803088,-0.255039995791374,-0.741200509280166
-0.415152478777906,-0.254742257686408,-0.741054325257983
-0.414992410752724,-0.254444519581443,-0.7409081412358
-0.414832342727543,-0.254146781476478,-0.740761957213617
-0.414672274702361,-0.253849043371513,-0.740615773191433
-0.414512206677179,-0.253551305266548,-0.74046958916925
-0.414352138651998,-0.253253567161583,-0.740323405147067
-0.414192070626816,-0.252955829056618,-0.740177221124884
-0.414032002601634,-0.252658090951653,-0.740031037102701
-0.413871934576453,-0.252360352846688,-0.739884853080518
-0.413710768576067,-0.252065191468298,-0.739735704189896
-0.4135473979517,-0.251775203898191,-0.739580602141098
-0.413384027327333,-0.251485216328083,-0.739425500092301
-0.413220656702965,-0.251195228757976,-0.739270398043503
-0.413057286078598,-0.250905241187868,-0.739115295994705
-0.412893915454231,-0.25061525361776,-0.738960193945908
-0.412730544829864,-0.250325266047653,-0.73880509189711
-0.412567174205497,-0.250035278477545,-0.738649989848313
-0.412403803581129,-0.249745290907437,-0.738494887799515
-0.412240432956762,-0.24945530333733,-0.738339785750717
-0.412077062332395,-0.249165315767222,-0.738184683701919
-0.411913691708028,-0.248875328197115,-0.738029581653122
-0.411750321083661,-0.248585340627007,-0.737874479604324
-0.411586950459293,-0.248295353056899,-0.737719377555527
-0.411423579834926,-0.248005365486792,-0.737564275506729
-0.411260209210559,-0.247715377916684,-0.737409173457931
-0.411096838586192,-0.247425390346576,-0.737254071409134
-0.410933467961825,-0.247135402776469,-0.737098969360336
-0.410770097337457,-0.246845415206361,-0.736943867311538
-0.41060672671309,-0.246555427636254,-0.736788765262741
-0.410443356088723,-0.246265440066146,-0.736633663213943
-0.410279985464356,-0.245975452496038,-0.736478561165145
-0.410116614839989,-0.245685464925931,-0.736323459116348
-0.409953244215621,-0.245395477355823,-0.73616835706755
-0.409789873591254,-0.245105489785716,-0.736013255018752
-0.409625419248532,-0.244818207082097,-0.735855058410833
-0.409459016887162,-0.244535786463108,-0.735691299233226
-0.409292614525792,-0.24425336584412,-0.735527540055618
-0.409126212164423,-0.243970945225131,-0.73536378087801
-0.408959809803053,-0.243688524606142,-0.735200021700403
-0.408793407441683,-0.243406103987154,-0.735036262522795
-0.408627005080313,-0.243123683368165,-0.734872503345188
-0.408460602718944,-0.242841262749177,-0.73470874416758
-0.408294200357574,-0.242558842130188,-0.734544984989973
-0.408127797996204,-0.2422764215112,-0.734381225812365
-0.407961395634834,-0.241994000892211,-0.734217466634758
-0.407794993273465,-0.241711580273222,-0.73405370745715
-0.407628590912095,-0.241429159654234,-0.733889948279542
-0.407462188550725,-0.241146739035245,-0.733726189101935
-0.407295786189355,-0.240864318416257,-0.733562429924327
-0.407129383827986,-0.240581897797268,-0.73339867074672
-0.406962981466616,-0.24029947717828,-0.733234911569112
-0.406796579105246,-0.240017056559291,-0.733071152391505
-0.406630176743876,-0.239734635940303,-0.732907393213897
-0.406463774382507,-0.239452215321314,-0.73274363403629
-0.406297372021137,-0.239169794702325,-0.732579874858682
-0.406130969659767,-0.238887374083337,-0.732416115681075
-0.405964567298397,-0.238604953464348,-0.732252356503467
-0.405798164937028,-0.23832253284536,-0.73208859732586
-0.405631762575658,-0.238040112226371,-0.731924838148252
-0.405464299796691,-0.237760516955081,-0.731757874797521
-0.405295124796592,-0.237485483679031,-0.731585737774698
-0.405125949796494,-0.237210450402981,-0.731413600751875
-0.404956774796396,-0.236935417126931,-0.731241463729053
-0.404787599796298,-0.236660383850881,-0.73106932670623
-0.404618424796199,-0.236385350574831,-0.730897189683407
-0.404449249796101,-0.236110317298781,-0.730725052660585
-0.404280074796003,-0.235835284022731,-0.730552915637762
-0.404110899795904,-0.235560250746681,-0.730380778614939
-0.403941724795806,-0.235285217470631,-0.730208641592116
-0.403772549795708,-0.235010184194581,-0.730036504569294
-0.40360337479561,-0.234735150918531,-0.729864367546471
-0.403434199795511,-0.234460117642481,-0.729692230523648
-0.403265024795413,-0.234185084366431,-0.729520093500825
-0.403095849795315,-0.233910051090381,-0.729347956478003
-0.402926674795216,-0.233635017814331,-0.72917581945518
-0.402757499795118,-0.233359984538281,-0.729003682432357
-0.40258832479502,-0.233084951262231,-0.728831545409534
-0.402419149794922,-0.232809917986181,-0.728659408386712
-0.402249974794823,-0.232534884710131,-0.728487271363889
-0.402080799794725,-0.232259851434081,-0.728315134341066
-0.401911624794627,-0.231984818158031,-0.728142997318243
-0.401742449794529,-0.231709784881981,-0.727970860295421
-0.40157327479443,-0.231434751605931,-0.727798723272598
-0.401404099794332,-0.231159718329881,-0.727626586249775
-0.401233896332031,-0.230887623437725,-0.727451152882358
-0.401062197237563,-0.230619801664662,-0.727270925834627
-0.400890498143095,-0.230351979891598,-0.727090698786896
-0.400718799048627,-0.230084158118535,-0.726910471739164
-0.400547099954158,-0.229816336345471,-0.726730244691433
-0.40037540085969,-0.229548514572408,-0.726550017643702
-0.400203701765222,-0.229280692799345,-0.726369790595971
-0.400032002670753,-0.229012871026281,-0.72618956354824
-0.399860303576285,-0.228745049253218,-0.726009336500509
-0.399688604481817,-0.228477227480154,-0.725829109452778
-0.399516905387348,-0.228209405707091,-0.725648882405046
-0.39934520629288,-0.227941583934028,-0.725468655357315
-0.399173507198412,-0.227673762160964,-0.725288428309584
-0.399001808103943,-0.227405940387901,-0.725108201261853
-0.398830109009475,-0.227138118614837,-0.724927974214122
-0.398658409915007,-0.226870296841774,-0.724747747166391
-0.398486710820539,-0.226602475068711,-0.72456752011866
-0.39831501172607,-0.226334653295647,-0.724387293070929
-0.398143312631602,-0.226066831522584,-0.724207066023197
-0.397971613537134,-0.22579900974952,-0.724026838975466
-0.397799914442665,-0.225531187976457,-0.723846611927735
-0.397628215348197,-0.225263366203393,-0.723666384880004
-0.397456516253729,-0.22499554443033,-0.723486157832273
-0.39728481715926,-0.224727722657267,-0.723305930784542
-0.397113118064792,-0.224459900884203,-0.723125703736811
-0.396940430526903,-0.224195123331926,-0.722942105057908
-0.396766445791657,-0.223934340904789,-0.722754081572333
-0.396592461056411,-0.223673558477651,-0.722566058086757
-0.396418476321165,-0.223412776050513,-0.722378034601181
-0.396244491585919,-0.223151993623376,-0.722190011115605
-0.396070506850672,-0.222891211196238,-0.722001987630029
-0.395896522115426,-0.2226304287691,-0.721813964144453
-0.39572253738018,-0.222369646341962,-0.721625940658877
-0.395548552644934,-0.222108863914825,-0.721437917173301
-0.395374567909688,-0.221848081487687,-0.721249893687726
-0.395200583174442,-0.221587299060549,-0.72106187020215
-0.395026598439196,-0.221326516633412,-0.720873846716574
-0.39485261370395,-0.221065734206274,-0.720685823230998
-0.394678628968704,-0.220804951779136,-0.720497799745422
-0.394504644233458,-0.220544169351998,-0.720309776259846
-0.394330659498211,-0.220283386924861,-0.72012175277427
-0.394156674762965,-0.220022604497723,-0.719933729288695
-0.393982690027719,-0.219761822070585,-0.719745705803119
-0.393808705292473,-0.219501039643448,-0.719557682317543
-0.393634720557227,-0.21924025721631,-0.719369658831967
-0.393460735821981,-0.218979474789172,-0.719181635346391
-0.393286751086735,-0.218718692362035,-0.718993611860815
-0.393112766351489,-0.218457909934897,-0.71880558837524
-0.392938781616243,-0.218197127507759,-0.718617564889664
-0.392764796880996,-0.217936345080621,-0.718429541404088
-0.39258987102417,-0.217678705785026,-0.718238088813124
-0.392413829003276,-0.217424794222975,-0.718042569325497
-0.392237786982383,-0.217170882660923,-0.717847049837871
-0.392061744961489,-0.216916971098871,-0.717651530350245
-0.391885702940596,-0.216663059536819,-0.717456010862619
-0.391709660919702,-0.216409147974767,-0.717260491374992
-0.391533618898809,-0.216155236412715,-0.717064971887366
-0.391357576877915,-0.215901324850663,-0.71686945239974
-0.391181534857022,-0.215647413288611,-0.716673932912114
-0.391005492836128,-0.215393501726559,-0.716478413424487
-0.390829450815235,-0.215139590164507,-0.716282893936861
-0.390653408794341,-0.214885678602455,-0.716087374449235
-0.390477366773448,-0.214631767040403,-0.715891854961609
-0.390301324752554,-0.214377855478351,-0.715696335473983
-0.390125282731661,-0.214123943916299,-0.715500815986356
-0.389949240710767,-0.213870032354247,-0.71530529649873
-0.389773198689874,-0.213616120792196,-0.715109777011104
-0.38959715666898,-0.213362209230144,-0.714914257523478
-0.389421114648087,-0.213108297668092,-0.714718738035852
-0.389245072627193,-0.21285438610604,-0.714523218548225
-0.3890690306063,-0.212600474543988,-0.714327699060599
-0.388892988585406,-0.212346562981936,-0.714132179572973
-0.388716946564513,-0.212092651419884,-0.713936660085347
-0.388540904543619,-0.211838739857832,-0.71374114059772
-0.388364862522726,-0.21158482829578,-0.713545621110094
-0.388187933160451,-0.211334152137977,-0.713346634349763
-0.388010051929601,-0.211086946662033,-0.713143928177715
-0.38783217069875,-0.210839741186089,-0.712941222005668
-0.3876542894679,-0.210592535710144,-0.71273851583362
-0.38747640823705,-0.2103453302342,-0.712535809661572
-0.387298527006199,-0.210098124758255,-0.712333103489524
-0.387120645775349,-0.209850919282311,-0.712130397317477
-0.386942764544499,-0.209603713806366,-0.711927691145429
-0.386764883313648,-0.209356508330422,-0.711724984973381
-0.386587002082798,-0.209109302854477,-0.711522278801333
-0.386409120851948,-0.208862097378533,-0.711319572629285
-0.386231239621097,-0.208614891902588,-0.711116866457237
-0.386053358390247,-0.208367686426644,-0.71091416028519
-0.385875477159397,-0.208120480950699,-0.710711454113142
-0.385697595928546,-0.207873275474755,-0.710508747941094
-0.385519714697696,-0.20762606999881,-0.710306041769046
-0.385341833466846,-0.207378864522866,-0.710103335596999
-0.385163952235995,-0.207131659046921,-0.709900629424951
-0.384986071005145,-0.206884453570977,-0.709697923252903
-0.384808189774295,-0.206637248095033,-0.709495217080855
-0.384630308543445,-0.206390042619088,-0.709292510908807
-0.384452427312594,-0.206142837143144,-0.70908980473676
-0.384274546081744,-0.205895631667199,-0.708887098564712
-0.384096664850894,-0.205648426191255,-0.708684392392664
-0.383918783620043,-0.20540122071531,-0.708481686220616
-0.383740075061205,-0.205157336455205,-0.708275491128486
-0.383560563492192,-0.204916675789799,-0.708065909666776
-0.383381051923179,-0.204676015124393,-0.707856328205067
-0.383201540354166,-0.204435354458987,-0.707646746743358
-0.383022028785152,-0.204194693793581,-0.707437165281649
-0.382842517216139,-0.203954033128175,-0.70722758381994
-0.382663005647126,-0.203713372462769,-0.707018002358231
-0.382483494078113,-0.203472711797363,-0.706808420896522
-0.382303982509099,-0.203232051131957,-0.706598839434813
-0.382124470940086,-0.202991390466551,-0.706389257973103
-0.381944959371073,-0.202750729801145,-0.706179676511394
-0.38176544780206,-0.202510069135739,-0.705970095049685
-0.381585936233046,-0.202269408470333,-0.705760513587976
-0.381406424664033,-0.202028747804927,-0.705550932126267
-0.38122691309502,-0.201788087139521,-0.705341350664558
-0.381047401526006,-0.201547426474115,-0.705131769202849
-0.380867889956993,-0.201306765808709,-0.70492218774114
-0.38068837838798,-0.201066105143303,-0.70471260627943
-0.380508866818967,-0.200825444477897,-0.704503024817721
-0.380329355249953,-0.200584783812491,-0.704293443356012
-0.38014984368094,-0.200344123147085,-0.704083861894303
-0.379970332111927,-0.200103462481679,-0.703874280432594
-0.379790820542914,-0.199862801816273,-0.703664698970885
-0.3796113089739,-0.199622141150867,-0.703455117509176
-0.379431797404887,-0.199381480485461,-0.703245536047467
-0.3792515242831,-0.1991442206058,-0.703032459701538
-0.379070582454966,-0.198909946897404,-0.702816314558098
-0.378889640626831,-0.198675673189009,-0.702600169414657
-0.378708698798697,-0.198441399480614,-0.702384024271216
-0.378527756970563,-0.198207125772219,-0.702167879127776
-0.378346815142429,-0.197972852063824,-0.701951733984335
-0.378165873314295,-0.197738578355429,-0.701735588840894
-0.377984931486161,-0.197504304647034,-0.701519443697454
-0.377803989658027,-0.197270030938638,-0.701303298554013
-0.377623047829892,-0.197035757230243,-0.701087153410573
-0.377442106001758,-0.196801483521848,-0.700871008267132
-0.377261164173624,-0.196567209813453,-0.700654863123692
-0.37708022234549,-0.196332936105058,-0.700438717980251
-0.376899280517356,-0.196098662396663,-0.70022257283681
-0.376718338689222,-0.195864388688268,-0.70000642769337
-0.376537396861088,-0.195630114979872,-0.699790282549929
-0.376356455032954,-0.195395841271477,-0.699574137406488
-0.376175513204819,-0.195161567563082,-0.699357992263048
-0.375994571376685,-0.194927293854687,-0.699141847119607
-0.375813629548551,-0.194693020146292,-0.698925701976166
-0.375632687720417,-0.194458746437897,-0.698709556832726
-0.375451745892283,-0.194224472729502,-0.698493411689285
-0.375270804064149,-0.193990199021106,-0.698277266545845
-0.375089862236015,-0.193755925312711,-0.698061121402404
-0.37490892040788,-0.193521651604316,-0.697844976258963
-0.374727518612346,-0.193289624685818,-0.697626563970328
-0.374545751668278,-0.193059381398159,-0.697406351891649
-0.374363984724209,-0.1928291381105,-0.697186139812971
-0.37418221778014,-0.192598894822841,-0.696965927734292
-0.374000450836071,-0.192368651535182,-0.696745715655614
-0.373818683892002,-0.192138408247523,-0.696525503576935
-0.373636916947933,-0.191908164959864,-0.696305291498256
-0.373455008316889,-0.191678661333529,-0.696084343186881
-0.373272902484513,-0.191450187175146,-0.695862370179551
-0.373090796652136,-0.191221713016763,-0.69564039717222
-0.372908690819759,-0.19099323885838,-0.69541842416489
-0.372726584987383,-0.190764764699997,-0.695196451157559
-0.372544479155006,-0.190536290541614,-0.694974478150229
-0.372362373322629,-0.190307816383231,-0.694752505142899
-0.372180177203901,-0.190079831886765,-0.694530048460245
-0.371997747449839,-0.189853114495711,-0.694306340163777
-0.371815317695777,-0.189626397104656,-0.694082631867309
-0.371632887941715,-0.189399679713602,-0.69385892357084
-0.371450458187653,-0.189172962322547,-0.693635215274372
-0.371268028433591,-0.188946244931493,-0.693411506977904
-0.371085598679529,-0.188719527540438,-0.693187798681436
-0.370903125841252,-0.188493053268271,-0.692963852117118
-0.370720386939438,-0.188268080359699,-0.69273843414645
-0.370537648037623,-0.188043107451127,-0.692513016175781
-0.370354909135808,-0.187818134542555,-0.692287598205112
-0.370172170233993,-0.187593161633983,-0.692062180234444
-0.369989431332178,-0.187368188725411,-0.691836762263775
-0.369806692430364,-0.187143215816838,-0.691611344293107
-0.369623953528549,-0.186918242908266,-0.691385926322438
