1.29711917220307,1.65743005337059,2.16186528700512
1.2974615247869,1.65565614118088,2.16188002290129
1.29780387737073,1.65388222899117,2.16189475879746
1.29814622995456,1.65210831680146,2.16190949469364
1.29848858253839,1.65033440461175,2.16192423058981
1.29883093512222,1.64856049242204,2.16193896648598
1.29917328770604,1.64678658023233,2.16195370238215
1.29951564028987,1.64501266804262,2.16196843827833
1.2998579928737,1.64323875585291,2.1619831741745
1.30020034545753,1.64146484366319,2.16199791007067
1.30054269804136,1.63969093147348,2.16201264596684
1.30088505062519,1.63791701928377,2.16202738186301
1.30122740320902,1.63614310709406,2.16204211775919
1.30156975579285,1.63436919490435,2.16205685365536
1.30191210837667,1.63259528271464,2.16207158955153
1.3022544609605,1.63082137052493,2.1620863254477
1.30259681354433,1.62904745833522,2.16210106134387
1.30293916612816,1.62727354614551,2.16211579724005
1.30325301051157,1.62552326031902,2.16215156293989
1.30355948250967,1.62377908440653,2.16219276706844
1.30386595450778,1.62203490849404,2.16223397119698
1.30417242650588,1.62029073258155,2.16227517532553
1.30447889850399,1.61854655666906,2.16231637945408
1.30478537050209,1.61680238075657,2.16235758358263
1.3050918425002,1.61505820484408,2.16239878771117
1.3053983144983,1.61331402893159,2.16243999183972
1.30570478649641,1.6115698530191,2.16248119596827
1.30601125849451,1.60982567710661,2.16252240009682
1.30631773049262,1.60808150119412,2.16256360422536
1.30662420249073,1.60633732528164,2.16260480835391
1.30693067448883,1.60459314936915,2.16264601248246
1.30723714648694,1.60284897345666,2.16268721661101
1.30754361848504,1.60110479754417,2.16272842073955
1.30785009048315,1.59936062163168,2.1627696248681
1.30815656248125,1.59761644571919,2.16281082899665
1.30844255629942,1.59588952269069,2.16286509792709
1.30871426412655,1.59417463562178,2.16292848112666
1.30898597195367,1.59245974855287,2.16299186432622
1.3092576797808,1.59074486148396,2.16305524752579
1.30952938760792,1.58902997441506,2.16311863072535
1.30980109543504,1.58731508734615,2.16318201392491
1.31007280326217,1.58560020027724,2.16324539712448
1.31034451108929,1.58388531320833,2.16330878032404
1.31061621891642,1.58217042613942,2.16337216352361
1.31088792674354,1.58045553907051,2.16343554672317
1.31115963457067,1.5787406520016,2.16349892992273
1.31143134239779,1.5770257649327,2.1635623131223
1.31170305022492,1.57531087786379,2.16362569632186
1.31197475805204,1.57359599079488,2.16368907952142
1.31224646587917,1.57188110372597,2.16375246272099
1.31251817370629,1.57016621665706,2.16381584592055
1.31278988153342,1.56845132958815,2.16387922912012
1.31304867239023,1.56674750798444,2.16394958527333
1.31328670630998,1.56506146803997,2.16403114662068
1.31352474022974,1.56337542809549,2.16411270796802
1.3137627741495,1.56168938815102,2.16419426931537
1.31400080806926,1.56000334820655,2.16427583066272
1.31423884198902,1.55831730826207,2.16435739201006
1.31447687590878,1.5566312683176,2.16443895335741
1.31471490982854,1.55494522837312,2.16452051470476
1.31495294374829,1.55325918842865,2.1646020760521
1.31519097766805,1.55157314848418,2.16468363739945
1.31542901158781,1.5498871085397,2.16476519874679
1.31566704550757,1.54820106859523,2.16484676009414
1.31590507942733,1.54651502865075,2.16492832144149
1.31614311334709,1.54482898870628,2.16500988278883
1.31638114726685,1.54314294876181,2.16509144413618
1.3166191811866,1.54145690881733,2.16517300548353
1.31685721510636,1.53977086887286,2.16525456683087
1.31708944057939,1.53808988951107,2.1653387054244
1.31729486473244,1.53643226067692,2.16543473594065
1.31750028888548,1.53477463184276,2.16553076645689
1.31770571303853,1.53311700300861,2.16562679697314
1.31791113719157,1.53145937417446,2.16572282748939
1.31811656134462,1.52980174534031,2.16581885800564
1.31832198549766,1.52814411650616,2.16591488852188
1.31852740965071,1.526486487672,2.16601091903813
1.31873283380375,1.52482885883785,2.16610694955438
1.3189382579568,1.5231712300037,2.16620298007063
1.31914368210984,1.52151360116955,2.16629901058687
1.31934910626289,1.5198559723354,2.16639504110312
1.31955453041593,1.51819834350124,2.16649107161937
1.31975995456898,1.51654071466709,2.16658710213562
1.31996537872202,1.51488308583294,2.16668313265186
1.32017080287507,1.51322545699879,2.16677916316811
1.32037622702811,1.51156782816464,2.16687519368436
1.32058165118115,1.50991019933048,2.16697122420061
1.32075636684396,1.50827978603245,2.16707801695981
1.32093021900688,1.50665013801504,2.16718511234527
1.3211040711698,1.50502048999763,2.16729220773072
1.32127792333272,1.50339084198021,2.16739930311618
1.32145177549564,1.5017611939628,2.16750639850164
1.32162562765856,1.50013154594538,2.1676134938871
1.32179947982148,1.49850189792797,2.16772058927256
1.32197333198439,1.49687224991055,2.16782768465802
1.32214718414731,1.49524260189314,2.16793478004348
1.32232103631023,1.49361295387573,2.16804187542894
1.32249488847315,1.49198330585831,2.1681489708144
1.32266874063607,1.4903536578409,2.16825606619985
1.32284259279899,1.48872400982348,2.16836316158531
1.32301644496191,1.48709436180607,2.16847025697077
1.32319029712483,1.48546471378865,2.16857735235623
1.32336414928775,1.48383506577124,2.16868444774169
1.32353800145067,1.48220541775383,2.16879154312715
1.3236884094331,1.48059691021128,2.16890470468997
1.32383170268233,1.47899481828384,2.16901970718869
1.32397499593156,1.4773927263564,2.16913470968741
1.3241182891808,1.47579063442896,2.16924971218613
1.32426158243003,1.47418854250152,2.16936471468485
1.32440487567926,1.47258645057408,2.16947971718357
1.32454816892849,1.47098435864664,2.16959471968229
1.32469146217772,1.4693822667192,2.16970972218101
1.32483475542695,1.46778017479176,2.16982472467973
1.32497804867618,1.46617808286432,2.16993972717845
1.32512134192541,1.46457599093688,2.17005472967717
1.32526463517465,1.46297389900944,2.17016973217589
1.32540792842388,1.461371807082,2.17028473467461
1.32555122167311,1.45976971515456,2.17039973717333
1.32569451492234,1.45816762322712,2.17051473967204
1.32583780817157,1.45656553129968,2.17062974217076
1.3259811014208,1.45496343937224,2.17074474466948
1.32610778498379,1.45337659048561,2.17086254222677
1.32622150835878,1.45180163542234,2.17098252070934
1.32633523173378,1.45022668035907,2.1711024991919
1.32644895510878,1.4486517252958,2.17122247767447
1.32656267848378,1.44707677023252,2.17134245615703
1.32667640185878,1.44550181516925,2.1714624346396
1.32679012523378,1.44392686010598,2.17158241312216
1.32690384860878,1.44235190504271,2.17170239160473
1.32701757198378,1.44077694997944,2.17182237008729
1.32713129535878,1.43920199491617,2.17194234856985
1.32724501873378,1.4376270398529,2.17206232705242
1.32735874210878,1.43605208478963,2.17218230553498
1.32747246548378,1.43447712972636,2.17230228401755
1.32758618885878,1.43290217466309,2.17242226250011
1.32769991223377,1.43132721959981,2.17254224098268
1.32781363560877,1.42975226453654,2.17266221946524
1.32792735898377,1.42817730947327,2.17278219794781
1.32803063227713,1.42661212008384,2.17290299140392
1.32811502124133,1.42506457823108,2.17302525759768
1.32819941020554,1.42351703637831,2.17314752379145
1.32828379916975,1.42196949452555,2.17326978998521
1.32836818813396,1.42042195267278,2.17339205617897
1.32845257709817,1.41887441082002,2.17351432237274
1.32853696606238,1.41732686896726,2.1736365885665
1.32862135502659,1.41577932711449,2.17375885476026
1.3287057439908,1.41423178526173,2.17388112095403
1.328790132955,1.41268424340896,2.17400338714779
1.32887452191921,1.4111367015562,2.17412565334156
1.32895891088342,1.40958915970343,2.17424791953532
1.32904329984763,1.40804161785067,2.17437018572908
1.32912768881184,1.40649407599791,2.17449245192285
1.32921207777605,1.40494653414514,2.17461471811661
1.32929646674026,1.40339899229238,2.17473698431037
1.32938085570447,1.40185145043961,2.17485925050414
1.32946524466868,1.40030390858685,2.1749815166979
1.329542289573,1.3987633592274,2.17510370091328
1.32959762137031,1.39724348354954,2.17522564275515
1.32965295316762,1.39572360787168,2.17534758459702
1.32970828496493,1.39420373219382,2.17546952643889
1.32976361676224,1.39268385651595,2.17559146828077
1.32981894855955,1.39116398083809,2.17571341012264
1.32987428035686,1.38964410516023,2.17583535196451
1.32992961215417,1.38812422948237,2.17595729380638
1.32998494395148,1.3866043538045,2.17607923564826
1.33004027574879,1.38508447812664,2.17620117749013
1.3300956075461,1.38356460244878,2.176323119332
1.33015093934341,1.38204472677092,2.17644506117387
1.33020627114072,1.38052485109306,2.17656700301575
1.33026160293803,1.37900497541519,2.17668894485762
1.33031693473534,1.37748509973733,2.17681088669949
1.33037226653265,1.37596522405947,2.17693282854136
1.33042759832996,1.37444534838161,2.17705477038323
1.33048293012727,1.37292547270374,2.17717671222511
1.3305340765299,1.3714096597226,2.17729823344153
1.33056136561913,1.36991700465992,2.17741735703627
1.33058865470837,1.36842434959723,2.177536480631
1.33061594379761,1.36693169453454,2.17765560422573
1.33064323288685,1.36543903947186,2.17777472782047
1.33067052197608,1.36394638440917,2.1778938514152
1.33069781106532,1.36245372934649,2.17801297500993
1.33072510015456,1.3609610742838,2.17813209860467
1.3307523892438,1.35946841922112,2.1782512221994
1.33077967833303,1.35797576415843,2.17837034579414
1.33080696742227,1.35648310909574,2.17848946938887
1.33083425651151,1.35499045403306,2.1786085929836
1.33086154560074,1.35349779897037,2.17872771657834
1.33088883468998,1.35200514390769,2.17884684017307
1.33091612377922,1.350512488845,2.1789659637678
1.33094341286846,1.34901983378231,2.17908508736254
1.33097070195769,1.34752717871963,2.17920421095727
1.33099799104693,1.34603452365694,2.179323334552
1.3310240422521,1.34454309400178,2.17944222441426
1.33102427746067,1.34307722014557,2.17955623979985
1.33102451266923,1.34161134628937,2.17967025518545
1.33102474787779,1.34014547243317,2.17978427057104
1.33102498308636,1.33867959857697,2.17989828595664
1.33102521829492,1.33721372472077,2.18001230134223
1.33102545350348,1.33574785086457,2.18012631672783
1.33102568871205,1.33428197700837,2.18024033211342
1.33102592392061,1.33281610315217,2.18035434749902
1.33102615912917,1.33135022929597,2.18046836288461
1.33102639433774,1.32988435543977,2.18058237827021
1.3310266295463,1.32841848158357,2.1806963936558
1.33102686475486,1.32695260772737,2.1808104090414
1.33102709996343,1.32548673387117,2.18092442442699
1.33102733517199,1.32402086001496,2.18103843981259
1.33102757038055,1.32255498615876,2.18115245519818
1.33102780558912,1.32108911230256,2.18126647058378
1.33102804079768,1.31962323844636,2.18138048596937
1.33102827600624,1.31815736459016,2.18149450135497
1.33100340345233,1.31671685346226,2.18160156530416
1.33097699238973,1.31527789646639,2.18170820329564
1.33095058132712,1.31383893947052,2.18181484128711
1.33092417026452,1.31239998247464,2.18192147927859
1.33089775920192,1.31096102547877,2.18202811727006
1.33087134813932,1.3095220684829,2.18213475526154
1.33084493707672,1.30808311148703,2.18224139325301
1.33081852601411,1.30664415449115,2.18234803124449
1.33079211495151,1.30520519749528,2.18245466923596
1.33076570388891,1.30376624049941,2.18256130722744
1.33073929282631,1.30232728350354,2.18266794521892
1.33071288176371,1.30088832650766,2.18277458321039
1.3306864707011,1.29944936951179,2.18288122120186
1.3306600596385,1.29801041251592,2.18298785919334
1.3306336485759,1.29657145552005,2.18309449718482
1.3306072375133,1.29513249852417,2.18320113517629
1.3305808264507,1.2936935415283,2.18330777316777
1.33055441538809,1.29225458453243,2.18341441115924
1.33052674110853,1.29081693045377,2.18352058980247
1.33047412025979,1.28940500696246,2.18361769703263
1.33042149941105,1.28799308347114,2.18371480426279
1.33036887856231,1.28658115997983,2.18381191149295
1.33031625771357,1.28516923648851,2.18390901872311
1.33026363686483,1.2837573129972,2.18400612595328
1.33021101601608,1.28234538950589,2.18410323318344
1.33015839516734,1.28093346601457,2.1842003404136
1.3301057743186,1.27952154252326,2.18429744764376
1.33005315346986,1.27810961903195,2.18439455487392
1.33000053262112,1.27669769554063,2.18449166210409
1.32994791177238,1.27528577204932,2.18458876933425
1.32989529092364,1.27387384855801,2.18468587656441
1.3298426700749,1.27246192506669,2.18478298379457
1.32979004922616,1.27105000157538,2.18488009102473
1.32973742837742,1.26963807808407,2.18497719825489
1.32968480752868,1.26822615459275,2.18507430548506
1.32963218667994,1.26681423110144,2.18517141271522
1.3295795658312,1.26540230761013,2.18526851994538
1.32952305829546,1.26399448018296,2.1853638758769
1.32944522067128,1.26260913190339,2.18544962070389
1.3293673830471,1.26122378362382,2.18553536553088
1.32928954542291,1.25983843534425,2.18562111035787
1.32921170779873,1.25845308706468,2.18570685518486
1.32913387017455,1.25706773878511,2.18579260001186
1.32905603255037,1.25568239050554,2.18587834483885
1.32897819492618,1.25429704222597,2.18596408966584
1.328900357302,1.25291169394639,2.18604983449283
1.32882251967782,1.25152634566682,2.18613557931982
1.32874468205364,1.25014099738725,2.18622132414681
1.32866684442946,1.24875564910768,2.18630706897381
1.32858900680527,1.24737030082811,2.1863928138008
1.32851116918109,1.24598495254854,2.18647855862779
1.32843333155691,1.24459960426897,2.18656430345478
1.32835549393273,1.2432142559894,2.18665004828177
1.32827765630854,1.24182890770983,2.18673579310877
1.32819981868436,1.24044355943025,2.18682153793576
1.32812198106018,1.23905821115068,2.18690728276275
1.32803783676476,1.23767965672372,2.18698964192007
1.32793574883396,1.23632043205243,2.18706236822673
1.32783366090315,1.23496120738114,2.1871350945334
1.32773157297235,1.23360198270985,2.18720782084007
1.32762948504155,1.23224275803856,2.18728054714673
1.32752739711074,1.23088353336727,2.1873532734534
1.32742530917994,1.22952430869598,2.18742599976006
1.32732322124913,1.22816508402469,2.18749872606673
1.32722113331833,1.2268058593534,2.1875714523734
1.32711904538752,1.22544663468211,2.18764417868006
1.32701695745672,1.22408741001082,2.18771690498673
1.32691486952591,1.22272818533953,2.18778963129339
1.32681278159511,1.22136896066824,2.18786235760006
1.3267106936643,1.22000973599695,2.18793508390672
1.3266086057335,1.21865051132566,2.18800781021339
1.32650651780269,1.21729128665438,2.18808053652006
1.32640442987189,1.21593206198309,2.18815326282672
1.32630234194109,1.2145728373118,2.18822598913339
1.32620025401028,1.21321361264051,2.18829871544005
1.32608944128471,1.21186400254686,2.18836600475592
1.3259635151331,1.21053104719545,2.18842387590663
1.3258375889815,1.20919809184403,2.18848174705734
1.3257116628299,1.20786513649262,2.18853961820804
1.3255857366783,1.20653218114121,2.18859748935875
1.3254598105267,1.2051992257898,2.18865536050946
1.32533388437509,1.20386627043839,2.18871323166016
1.32520795822349,1.20253331508698,2.18877110281087
1.32508203207189,1.20120035973556,2.18882897396158
1.32495610592029,1.19986740438415,2.18888684511228
1.32483017976869,1.19853444903274,2.18894471626299
1.32470425361708,1.19720149368133,2.1890025874137
1.32457832746548,1.19586853832992,2.1890604585644
1.32445240131388,1.1945355829785,2.18911832971511
1.32432647516228,1.19320262762709,2.18917620086582
1.32420054901068,1.19186967227568,2.18923407201652
1.32407462285907,1.19053671692427,2.18929194316723
1.32394869670747,1.18920376157286,2.18934981431794
1.32382277055587,1.18787080622144,2.18940768546864
1.32369684440427,1.18653785087003,2.18946555661935
1.32355705644746,1.18522053364358,2.18951360673186
1.32340773420133,1.18391397247707,2.18955490183534
1.3232584119552,1.18260741131056,2.18959619693881
1.32310908970907,1.18130085014405,2.18963749204229
1.32295976746294,1.17999428897753,2.18967878714576
1.32281044521681,1.17868772781102,2.18972008224924
1.32266112297069,1.17738116664451,2.18976137735271
1.32251180072456,1.176074605478,2.18980267245619
1.32236247847843,1.17476804431149,2.18984396755966
1.3222131562323,1.17346148314497,2.18988526266314
1.32206383398617,1.17215492197846,2.18992655776661
1.32191451174005,1.17084836081195,2.18996785287009
1.32176518949392,1.16954179964544,2.19000914797356
1.32161586724779,1.16823523847893,2.19005044307704
1.32146654500166,1.16692867731242,2.19009173818051
1.32131722275553,1.1656221161459,2.19013303328399
1.3211679005094,1.16431555497939,2.19017432838746
1.32101857826328,1.16300899381288,2.19021562349094
1.32086925601715,1.16170243264637,2.19025691859441
1.32071993377102,1.16039587147986,2.19029821369789
1.32055224606561,1.15911053942567,2.19032491852399
1.32038049867312,1.15782990006944,2.19034839816744
1.32020875128063,1.15654926071321,2.1903718778109
1.32003700388814,1.15526862135697,2.19039535745435
1.31986525649565,1.15398798200074,2.1904188370978
1.31969350910316,1.1527073426445,2.19044231674126
1.31952176171067,1.15142670328827,2.19046579638471
1.31935001431818,1.15014606393203,2.19048927602817
1.31917826692569,1.1488654245758,2.19051275567162
1.3190065195332,1.14758478521957,2.19053623531507
1.31883477214071,1.14630414586333,2.19055971495853
1.31866302474822,1.1450235065071,2.19058319460198
1.31849127735573,1.14374286715086,2.19060667424544
1.31831952996324,1.14246222779463,2.19063015388889
1.31814778257075,1.1411815884384,2.19065363353235
1.31797603517826,1.13990094908216,2.1906771131758
1.31780428778577,1.13862030972593,2.19070059281925
1.31763254039328,1.13733967036969,2.19072407246271
1.31746079300079,1.13605903101346,2.19074755210616
1.31728806924766,1.13477954868337,2.19077017244647
1.31709484009042,1.1335243660717,2.19077474580951
1.31690161093318,1.13226918346003,2.19077931917256
1.31670838177594,1.13101400084836,2.19078389253561
1.31651515261869,1.12975881823669,2.19078846589865
1.31632192346145,1.12850363562502,2.1907930392617
1.31612869430421,1.12724845301335,2.19079761262474
1.31593546514697,1.12599327040167,2.19080218598779
1.31574223598973,1.12473808779,2.19080675935084
1.31554900683249,1.12348290517833,2.19081133271388
1.31535577767525,1.12222772256666,2.19081590607693
1.31516254851801,1.12097253995499,2.19082047943997
1.31496931936076,1.11971735734332,2.19082505280302
1.31477609020352,1.11846217473165,2.19082962616606
1.31458286104628,1.11720699211998,2.19083419952911
1.31438963188904,1.11595180950831,2.19083877289216
1.3141964027318,1.11469662689664,2.1908433462552
1.31400317357456,1.11344144428497,2.19084791961825
1.31380994441732,1.1121862616733,2.19085249298129
1.31361671526008,1.11093107906163,2.19085706634434
1.31341776040854,1.10968285924376,2.19085610682339
1.31320347580687,1.10845328133791,2.19084033377509
1.31298919120519,1.10722370343206,2.19082456072679
1.31277490660352,1.10599412552621,2.19080878767849
1.31256062200185,1.10476454762036,2.19079301463018
1.31234633740017,1.10353496971451,2.19077724158188
1.3121320527985,1.10230539180866,2.19076146853358
1.31191776819683,1.10107581390281,2.19074569548528
1.31170348359515,1.09984623599696,2.19072992243697
1.31148919899348,1.09861665809111,2.19071414938867
1.31127491439181,1.09738708018527,2.19069837634037
1.31106062979013,1.09615750227942,2.19068260329206
1.31084634518846,1.09492792437357,2.19066683024376
1.31063206058679,1.09369834646772,2.19065105719546
1.31041777598512,1.09246876856187,2.19063528414716
1.31020349138344,1.09123919065602,2.19061951109885
1.30998920678177,1.09000961275017,2.19060373805055
1.3097749221801,1.08878003484432,2.19058796500225
1.30956063757842,1.08755045693847,2.19057219195395
1.30934635297675,1.08632087903262,2.19055641890564
1.30913206837508,1.08509130112677,2.19054064585734
1.30890690380169,1.08387531352417,2.19051342757698
1.30867202046607,1.08267146574412,2.19047598560377
1.30843713713045,1.08146761796407,2.19043854363055
1.30820225379483,1.08026377018403,2.19040110165734
1.30796737045921,1.07905992240398,2.19036365968412
1.30773248712359,1.07785607462393,2.19032621771091
1.30749760378797,1.07665222684389,2.19028877573769
1.30726272045235,1.07544837906384,2.19025133376448
1.30702783711673,1.07424453128379,2.19021389179126
1.30679295378111,1.07304068350375,2.19017644981805
1.30655807044549,1.0718368357237,2.19013900784483
1.30632318710987,1.07063298794365,2.19010156587162
1.30608830377425,1.06942914016361,2.1900641238984
1.30585342043863,1.06822529238356,2.19002668192519
1.30561853710301,1.06702144460352,2.18998923995197
1.30538365376739,1.06581759682347,2.18995179797876
1.30514877043177,1.06461374904342,2.18991435600554
1.30491388709615,1.06340990126338,2.18987691403233
1.30467900376053,1.06220605348333,2.18983947205911
1.30444412042491,1.06100220570328,2.1898020300859
1.30420923708929,1.05979835792324,2.18976458811268
1.30395893800902,1.05861431152484,2.18970959052646
1.30370440273064,1.0574357064838,2.18964976871304
1.30344986745227,1.05625710144276,2.18958994689961
1.30319533217389,1.05507849640172,2.18953012508619
1.30294079689551,1.05389989136068,2.18947030327276
1.30268626161714,1.05272128631965,2.18941048145934
1.30243172633876,1.05154268127861,2.18935065964592
1.30217719106038,1.05036407623757,2.18929083783249
1.30192265578201,1.04918547119653,2.18923101601907
1.30166812050363,1.04800686615549,2.18917119420564
1.30141358522525,1.04682826111446,2.18911137239222
1.30115904994687,1.04564965607342,2.18905155057879
1.3009045146685,1.04447105103238,2.18899172876537
1.30064997939012,1.04329244599134,2.18893190695194
1.30039544411174,1.0421138409503,2.18887208513852
1.30014090883337,1.04093523590926,2.1888122633251
1.29988637355499,1.03975663086823,2.18875244151167
1.29963183827661,1.03857802582719,2.18869261969825
1.29937730299824,1.03739942078615,2.18863279788482
1.29912276771986,1.03622081574511,2.1885729760714
1.29886747014377,1.03504321834997,2.1885122196655
1.29859420104615,1.03388937667335,2.18842942980954
1.29832093194853,1.03273553499672,2.18834663995358
1.29804766285092,1.03158169332009,2.18826385009761
1.2977743937533,1.03042785164347,2.18818106024165
1.29750112465569,1.02927400996684,2.18809827038568
1.29722785555807,1.02812016829022,2.18801548052972
1.29695458646046,1.02696632661359,2.18793269067376
1.29668131736284,1.02581248493696,2.18784990081779
1.29640804826523,1.02465864326034,2.18776711096183
1.29613477916761,1.02350480158371,2.18768432110586
1.29586151007,1.02235095990708,2.1876015312499
1.29558824097238,1.02119711823046,2.18751874139393
1.29531497187477,1.02004327655383,2.18743595153797
1.29504170277715,1.01888943487721,2.18735316168201
1.29476843367954,1.01773559320058,2.18727037182604
1.29449516458192,1.01658175152395,2.18718758197008
1.29422189548431,1.01542790984733,2.18710479211411
1.29394862638669,1.0142740681707,2.18702200225815
1.29367535728908,1.01312022649407,2.18693921240218
1.29340208819146,1.01196638481745,2.18685642254622
1.29312338716498,1.01081994157081,2.18676649230148
1.29283182525086,1.00969101519143,2.18665965613988
1.29254026333674,1.00856208881204,2.18655281997828
1.29224870142262,1.00743316243266,2.18644598381668
1.2919571395085,1.00630423605328,2.18633914765508
1.29166557759438,1.0051753096739,2.18623231149348
1.29137401568026,1.00404638329452,2.18612547533188
1.29108245376614,1.00291745691513,2.18601863917028
1.29079089185202,1.00178853053575,2.18591180300868
1.2904993299379,1.00065960415637,2.18580496684708
1.29020776802378,0.999530677776987,2.18569813068548
1.28991620610966,0.998401751397605,2.18559129452388
1.28962464419554,0.997272825018223,2.18548445836228
1.28933308228142,0.996143898638841,2.18537762220068
1.2890415203673,0.995014972259458,2.18527078603908
1.28874995845318,0.993886045880076,2.18516394987748
1.28845839653906,0.992757119500694,2.18505711371588
1.28816683462494,0.991628193121312,2.18495027755428
1.28787527271082,0.99049926674193,2.18484344139268
1.2875837107967,0.989370340362548,2.18473660523108
1.28729214888258,0.988241413983165,2.18462976906948
1.28700058696846,0.987112487603783,2.18452293290788
1.28670056862463,0.985995444479065,2.18440423141396
1.28639118569243,0.984891560783586,2.18427239033786
1.28608180276024,0.983787677088107,2.18414054926177
1.28577241982804,0.982683793392628,2.18400870818567
1.28546303689585,0.981579909697149,2.18387686710957
1.28515365396366,0.98047602600167,2.18374502603348
1.28484427103146,0.979372142306191,2.18361318495738
1.28453488809927,0.978268258610712,2.18348134388129
1.28422550516707,0.977164374915233,2.18334950280519
1.28391612223488,0.976060491219754,2.1832176617291
1.28360673930269,0.974956607524275,2.183085820653
1.28329735637049,0.973852723828796,2.18295397957691
1.2829879734383,0.972748840133317,2.18282213850081
1.2826785905061,0.971644956437838,2.18269029742472
1.28236920757391,0.970541072742359,2.18255845634862
1.28205982464172,0.96943718904688,2.18242661527253
1.28175044170952,0.968333305351401,2.18229477419643
1.28144105877733,0.967229421655923,2.18216293312034
1.28113167584513,0.966125537960443,2.18203109204424
1.28082229291294,0.965021654264965,2.18189925096815
1.28051290998074,0.963917770569486,2.18176740989205
1.28020352704855,0.962813886874007,2.18163556881596
1.27988312329077,0.961726005054511,2.18148726345858
1.27955683975967,0.960646660472343,2.18133017416382
1.27923055622857,0.959567315890176,2.18117308486906
1.27890427269747,0.958487971308009,2.18101599557429
1.27857798916636,0.957408626725841,2.18085890627953
1.27825170563526,0.956329282143674,2.18070181698477
1.27792542210416,0.955249937561507,2.18054472769001
1.27759913857306,0.95417059297934,2.18038763839524
1.27727285504196,0.953091248397172,2.18023054910048
1.27694657151085,0.952011903815005,2.18007345980572
1.27662028797975,0.950932559232838,2.17991637051095
1.27629400444865,0.94985321465067,2.17975928121619
1.27596772091755,0.948773870068503,2.17960219192143
1.27564143738644,0.947694525486336,2.17944510262667
1.27531515385534,0.946615180904169,2.1792880133319
1.27498887032424,0.945535836322001,2.17913092403714
1.27466258679314,0.944456491739834,2.17897383474238
1.27433630326203,0.943377147157667,2.17881674544762
1.27401001973093,0.942297802575499,2.17865965615285
1.27368373619983,0.941218457993332,2.17850256685809
1.27335745266873,0.940139113411165,2.17834547756333
1.27303116913763,0.939059768828997,2.17818838826857
1.2726916024987,0.93800037321603,2.1780102305108
1.272349308925,0.936945072995403,2.17782774753596
1.27200701535129,0.935889772774776,2.17764526456113
1.27166472177759,0.934834472554149,2.17746278158629
1.27132242820388,0.933779172333522,2.17728029861146
1.27098013463017,0.932723872112895,2.17709781563663
1.27063784105647,0.931668571892268,2.17691533266179
1.27029554748276,0.930613271671641,2.17673284968696
1.26995325390905,0.929557971451014,2.17655036671212
1.26961096033535,0.928502671230387,2.17636788373729
1.26926866676164,0.92744737100976,2.17618540076246
1.26892637318794,0.926392070789133,2.17600291778762
1.26858407961423,0.925336770568506,2.17582043481279
1.26824178604052,0.924281470347879,2.17563795183796
1.26789949246682,0.923226170127252,2.17545546886312
1.26755719889311,0.922170869906625,2.17527298588829
1.26721490531941,0.921115569685998,2.17509050291345
1.2668726117457,0.920060269465371,2.17490801993862
1.26653031817199,0.919004969244744,2.17472553696379
1.26618802459829,0.917949669024117,2.17454305398895
1.26584573102458,0.91689436880349,2.17436057101412
1.26550332468784,0.915839244052262,2.17417789850194
1.26514547806231,0.914808145774727,2.17396927323647
1.26478763143679,0.913777047497193,2.173760647971
1.26442978481126,0.912745949219659,2.17355202270553
1.26407193818574,0.911714850942125,2.17334339744006
1.26371409156021,0.910683752664591,2.17313477217459
1.26335624493469,0.909652654387057,2.17292614690912
1.26299839830916,0.908621556109522,2.17271752164365
1.26264055168364,0.907590457831988,2.17250889637818
1.26228270505811,0.906559359554454,2.17230027111271
1.26192485843259,0.90552826127692,2.17209164584725
1.26156701180706,0.904497162999386,2.17188302058178
1.26120916518154,0.903466064721852,2.17167439531631
1.26085131855601,0.902434966444317,2.17146577005084
1.26049347193048,0.901403868166783,2.17125714478537
1.26013562530496,0.900372769889249,2.1710485195199
1.25977777867943,0.899341671611715,2.17083989425443
1.25941993205391,0.898310573334181,2.17063126898896
1.25906208542838,0.897279475056647,2.17042264372349
1.25870423880286,0.896248376779112,2.17021401845802
1.25834639217733,0.895217278501578,2.17000539319255
1.25798854555181,0.894186180224044,2.16979676792708
1.25763069892628,0.89315508194651,2.16958814266161
1.25727285230076,0.892123983668976,2.16937951739614
1.25690030633886,0.891116627623697,2.16914477276118
1.25652739486818,0.890109861944807,2.16890937865073
1.25615448339751,0.889103096265918,2.16867398454028
1.25578157192684,0.888096330587029,2.16843859042983
1.25540866045616,0.887089564908139,2.16820319631938
1.25503574898549,0.88608279922925,2.16796780220892
1.25466283751481,0.88507603355036,2.16773240809847
1.25428992604414,0.884069267871471,2.16749701398802
1.25391701457347,0.883062502192581,2.16726161987757
1.25354410310279,0.882055736513692,2.16702622576712
1.25317119163212,0.881048970834802,2.16679083165667
1.25279828016145,0.880042205155913,2.16655543754622
1.25242536869077,0.879035439477023,2.16632004343577
1.2520524572201,0.878028673798134,2.16608464932532
1.25167954574943,0.877021908119245,2.16584925521487
1.25130663427875,0.876015142440355,2.16561386110441
1.25093372280808,0.875008376761466,2.16537846699396
1.2505608113374,0.874001611082576,2.16514307288351
1.25018789986673,0.872994845403687,2.16490767877306
1.24981498839606,0.871988079724797,2.16467228466261
1.24944207692538,0.870981314045908,2.16443689055216
1.24906916545471,0.869974548367018,2.16420149644171
1.24869625398404,0.868967782688129,2.16396610233126
1.248309959784,0.867983500317943,2.1637055895517
1.24792287507215,0.867000546026698,2.16344359302364
1.2475357903603,0.866017591735453,2.16318159649558
1.24714870564845,0.865034637444208,2.16291959996752
1.2467616209366,0.864051683152963,2.16265760343946
1.24637453622475,0.863068728861718,2.1623956069114
1.2459874515129,0.862085774570473,2.16213361038335
1.24560036680105,0.861102820279228,2.16187161385529
1.2452132820892,0.860119865987983,2.16160961732723
1.24482619737734,0.859136911696738,2.16134762079917
1.2444391126655,0.858153957405493,2.16108562427111
1.24405202795364,0.857171003114249,2.16082362774305
1.24366494324179,0.856188048823004,2.160561631215
1.24327785852994,0.855205094531759,2.16029963468694
1.24289077381809,0.854222140240514,2.16003763815888
1.24250368910624,0.853239185949269,2.15977564163082
1.24211660439439,0.852256231658024,2.15951364510276
1.24172951968254,0.851273277366779,2.1592516485747
1.24134243497069,0.850290323075534,2.15898965204665
1.24095535025884,0.849307368784289,2.15872765551859
1.24056826554699,0.848324414493044,2.15846565899053
1.24018118083514,0.847341460201799,2.15820366246247
1.23979409612329,0.846358505910555,2.15794166593441
1.23939486064451,0.84539681775666,2.15765560839477
1.23899446312343,0.844437163396268,2.15736724977298
1.23859406560236,0.843477509035877,2.15707889115118
1.23819366808128,0.842517854675486,2.15679053252939
1.23779327056021,0.841558200315094,2.1565021739076
1.23739287303914,0.840598545954703,2.1562138152858
1.23699247551806,0.839638891594312,2.15592545666401
1.23659207799699,0.83867923723392,2.15563709804222
1.23619168047591,0.837719582873529,2.15534873942043
1.23579128295484,0.836759928513137,2.15506038079863
1.23539088543377,0.835800274152746,2.15477202217684
1.23499048791269,0.834840619792355,2.15448366355505
1.23459009039162,0.833880965431963,2.15419530493326
1.23418969287055,0.832921311071572,2.15390694631146
1.23378929534947,0.83196165671118,2.15361858768967
1.2333888978284,0.831002002350789,2.15333022906788
1.23298850030732,0.830042347990398,2.15304187044609
1.23258810278625,0.829082693630006,2.15275351182429
1.23218770526518,0.828123039269615,2.1524651532025
1.2317873077441,0.827163384909223,2.15217679458071
1.23138691022303,0.826203730548832,2.15188843595891
1.23098651270196,0.825244076188441,2.15160007733712
1.23058611518088,0.824284421828049,2.15131171871533
1.23017440478167,0.823345445400721,2.15099973429459
1.22976116922196,0.82240925669607,2.15068456473077
1.22934793366224,0.82147306799142,2.15036939516695
1.22893469810252,0.820536879286769,2.15005422560313
1.2285214625428,0.819600690582118,2.14973905603931
1.22810822698308,0.818664501877468,2.14942388647549
1.22769499142337,0.817728313172817,2.14910871691167
1.22728175586365,0.816792124468166,2.14879354734785
1.22686852030393,0.815855935763516,2.14847837778403
1.22645528474421,0.814919747058865,2.14816320822021
1.2260420491845,0.813983558354214,2.14784803865639
1.22562881362478,0.813047369649564,2.14753286909257
1.22521557806506,0.812111180944913,2.14721769952875
1.22480234250534,0.811174992240263,2.14690252996493
1.22438910694562,0.810238803535612,2.14658736040111
1.22397587138591,0.809302614830961,2.14627219083729
1.22356263582619,0.808366426126311,2.14595702127347
1.22314940026647,0.80743023742166,2.14564185170965
1.22273616470675,0.806494048717009,2.14532668214583
1.22232292914704,0.805557860012359,2.14501151258201
1.22190969358732,0.804621671307708,2.14469634301819
1.2214964580276,0.803685482603057,2.14438117345437
1.22108322246788,0.802749293898407,2.14406600389055
1.22066998690816,0.801813105193756,2.14375083432673
1.22025082312006,0.800888262586802,2.1434226201228
1.21982525596701,0.799975675446318,2.14308031577495
1.21939968881396,0.799063088305833,2.14273801142711
1.2189741216609,0.798150501165348,2.14239570707926
1.21854855450785,0.797237914024864,2.14205340273141
1.2181229873548,0.796325326884379,2.14171109838356
1.21769742020175,0.795412739743895,2.14136879403572
1.2172718530487,0.79450015260341,2.14102648968787
1.21684628589565,0.793587565462925,2.14068418534002
1.2164207187426,0.792674978322441,2.14034188099217
1.21599515158955,0.791762391181956,2.13999957664432
1.2155695844365,0.790849804041472,2.13965727229648
1.21514401728345,0.789937216900987,2.13931496794863
1.21471845013039,0.789024629760502,2.13897266360078
1.21429288297734,0.788112042620018,2.13863035925293
1.21386731582429,0.787199455479533,2.13828805490509
1.21344174867124,0.786286868339049,2.13794575055724
1.21301618151819,0.785374281198564,2.13760344620939
1.21259061436514,0.78446169405808,2.13726114186154
1.21216504721209,0.783549106917595,2.13691883751369
1.21173948005904,0.78263651977711,2.13657653316585
1.21131391290599,0.781723932636626,2.136234228818
1.21088834575294,0.780811345496141,2.13589192447015
1.21046277859988,0.779898758355656,2.1355496201223
1.2100362906287,0.778988022310948,2.13520517950944
1.20959925197919,0.7780984960094,2.13483626170156
1.20916221332969,0.777208969707852,2.13446734389368
1.20872517468018,0.776319443406304,2.1340984260858
1.20828813603067,0.775429917104756,2.13372950827792
1.20785109738117,0.774540390803209,2.13336059047004
1.20741405873166,0.773650864501661,2.13299167266216
1.20697702008215,0.772761338200113,2.13262275485428
1.20653998143264,0.771871811898565,2.13225383704641
1.20610294278314,0.770982285597017,2.13188491923853
1.20566590413363,0.770092759295469,2.13151600143065
1.20522886548412,0.769203232993922,2.13114708362277
1.20479182683461,0.768313706692374,2.13077816581489
1.20435478818511,0.767424180390826,2.13040924800701
1.2039177495356,0.766534654089278,2.13004033019913
1.20348071088609,0.76564512778773,2.12967141239125
1.20304367223658,0.764755601486182,2.12930249458337
1.20260663358708,0.763866075184635,2.12893357677549
1.20216959493757,0.762976548883087,2.12856465896761
1.20173255628806,0.762087022581539,2.12819574115973
1.20129551763855,0.761197496279991,2.12782682335185
1.20085847898905,0.760307969978444,2.12745790554397
1.20042144033954,0.759418443676896,2.12708898773609
1.19998440169003,0.758528917375348,2.12672006992821
1.19954736304052,0.7576393910738,2.12635115212033
1.19910308852825,0.75676518144145,2.12596453124796
1.19865540585495,0.75589818610774,2.12556957206179
1.19820772318165,0.75503119077403,2.12517461287562
1.19776004050835,0.75416419544032,2.12477965368945
1.19731235783506,0.75329720010661,2.12438469450328
1.19686467516176,0.7524302047729,2.12398973531711
1.19641699248846,0.75156320943919,2.12359477613094
1.19596930981516,0.75069621410548,2.12319981694477
1.19552162714186,0.749829218771771,2.1228048577586
1.19507394446856,0.74896222343806,2.12240989857243
1.19462626179527,0.748095228104351,2.12201493938626
1.19417857912197,0.747228232770641,2.12161998020009
1.19373089644867,0.746361237436931,2.12122502101392
1.19328321377537,0.74549424210322,2.12083006182775
1.19283553110207,0.744627246769511,2.12043510264158
1.19238784842878,0.743760251435801,2.12004014345542
1.19194016575548,0.742893256102091,2.11964518426925
1.19149248308218,0.742026260768381,2.11925022508308
1.19104480040888,0.741159265434671,2.11885526589691
1.19059711773558,0.740292270100961,2.11846030671074
1.19014943506229,0.739425274767251,2.11806534752457
1.18970175238899,0.738558279433541,2.1176703883384
1.18925406971569,0.737691284099831,2.11727542915223
1.18880638704239,0.736824288766121,2.11688046996606
1.18835592242,0.735963513507374,2.11647832935881
1.18789828075056,0.735118785188823,2.11605766167024
1.18744063908112,0.734274056870272,2.11563699398168
1.18698299741168,0.73342932855172,2.11521632629311
1.18652535574224,0.732584600233169,2.11479565860455
1.18606771407279,0.731739871914618,2.11437499091599
1.18561007240335,0.730895143596067,2.11395432322742
1.18515243073391,0.730050415277516,2.11353365553886
1.18469478906447,0.729205686958965,2.11311298785029
1.18423714739503,0.728360958640413,2.11269232016173
1.18377950572559,0.727516230321862,2.11227165247317
1.18332186405614,0.726671502003311,2.1118509847846
1.1828642223867,0.72582677368476,2.11143031709604
1.18240658071726,0.724982045366209,2.11100964940747
1.18194893904782,0.724137317047658,2.11058898171891
1.18149129737838,0.723292588729106,2.11016831403034
1.18103365570894,0.722447860410555,2.10974764634178
1.18057601403949,0.721603132092004,2.10932697865322
1.18011837237005,0.720758403773453,2.10890631096465
1.17966073070061,0.719913675454902,2.10848564327609
1.17920308903117,0.719068947136351,2.10806497558752
1.17874544736173,0.718224218817799,2.10764430789896
1.17828780569229,0.717379490499248,2.1072236402104
1.17783016402285,0.716534762180697,2.10680297252183
1.1773725223534,0.715690033862146,2.10638230483327
1.17691205529093,0.71485200043703,2.10595394073588
1.17644512995803,0.714029270168589,2.10550798422255
1.17597820462513,0.713206539900147,2.10506202770922
1.17551127929224,0.712383809631706,2.10461607119589
1.17504435395934,0.711561079363265,2.10417011468256
1.17457742862644,0.710738349094824,2.10372415816923
1.17411050329354,0.709915618826383,2.1032782016559
1.17364357796064,0.709092888557941,2.10283224514257
1.17317665262775,0.7082701582895,2.10238628862924
1.17270972729485,0.707447428021059,2.10194033211591
1.17224280196195,0.706624697752618,2.10149437560258
1.17177587662905,0.705801967484176,2.10104841908925
1.17130895129615,0.704979237215735,2.10060246257592
1.17084202596326,0.704156506947294,2.10015650606259
1.17037510063036,0.703333776678853,2.09971054954926
1.16990817529746,0.702511046410411,2.09926459303593
1.16944124996456,0.70168831614197,2.0988186365226
1.16897432463167,0.700865585873529,2.09837268000927
1.16850739929877,0.700042855605087,2.09792672349594
1.16804047396587,0.699220125336646,2.09748076698261
1.16757354863297,0.698397395068205,2.09703481046928
1.16710662330007,0.697574664799764,2.09658885395595
1.16663969796718,0.696751934531323,2.09614289744262
1.16617277263428,0.695929204262881,2.09569694092929
1.16570584730138,0.69510647399444,2.09525098441596
1.16523611659654,0.694290816947028,2.0947969495645
1.1647606731083,0.693489563615269,2.09432646420418
1.16428522962005,0.69268831028351,2.09385597884385
1.16380978613181,0.691887056951751,2.09338549348353
1.16333434264356,0.691085803619992,2.0929150081232
1.16285889915531,0.690284550288233,2.09244452276287
1.16238345566707,0.689483296956474,2.09197403740255
1.16190801217882,0.688682043624715,2.09150355204222
1.16143256869058,0.687880790292956,2.0910330666819
1.16095712520233,0.687079536961197,2.09056258132157
1.16048168171409,0.686278283629438,2.09009209596124
1.16000623822584,0.685477030297679,2.08962161060092
1.15953079473759,0.68467577696592,2.08915112524059
1.15905535124935,0.683874523634161,2.08868063988027
1.1585799077611,0.683073270302402,2.08821015451994
1.15810446427286,0.682272016970642,2.08773966915962
1.15762902078461,0.681470763638883,2.08726918379929
1.15715357729636,0.680669510307124,2.08679869843896
1.15667813380812,0.679868256975365,2.08632821307864
1.15620269031987,0.679067003643606,2.08585772771831
1.15572724683163,0.678265750311847,2.08538724235799
1.15525180334338,0.677464496980088,2.08491675699766
1.15477635985514,0.676663243648329,2.08444627163733
1.15430091636689,0.67586199031657,2.08397578627701
1.15382547287864,0.675060736984811,2.08350530091668
1.15334727147027,0.674266912989712,2.08302640255978
1.15286404472951,0.673486626328712,2.08253217449706
1.15238081798874,0.672706339667711,2.08203794643434
1.15189759124798,0.671926053006711,2.08154371837161
1.15141436450721,0.671145766345711,2.08104949030889
1.15093113776645,0.67036547968471,2.08055526224617
1.15044791102568,0.66958519302371,2.08006103418345
1.14996468428492,0.66880490636271,2.07956680612073
1.14948145754415,0.66802461970171,2.07907257805801
1.14899823080339,0.667244333040709,2.07857834999528
1.14851500406263,0.666464046379709,2.07808412193256
1.14803177732186,0.665683759718709,2.07758989386984
1.1475485505811,0.664903473057709,2.07709566580712
1.14706532384033,0.664123186396708,2.0766014377444
1.14658209709957,0.663342899735708,2.07610720968167
1.1460988703588,0.662562613074708,2.07561298161895
1.14561564361804,0.661782326413707,2.07511875355623
1.14513241687727,0.661002039752707,2.07462452549351
1.14464919013651,0.660221753091707,2.07413029743079
1.14416596339574,0.659441466430707,2.07363606936806
1.14368273665498,0.658661179769706,2.07314184130534
1.14319950991421,0.657880893108706,2.07264761324262
1.14271628317345,0.657100606447706,2.0721533851799
1.14223305643268,0.656320319786705,2.07165915711718
1.14174982969192,0.655540033125705,2.07116492905445
1.14126391760981,0.654767510511007,2.07066200391447
1.14077361189203,0.654007691082344,2.07014484900483
1.14028330617426,0.653247871653681,2.06962769409518
1.13979300045648,0.652488052225018,2.06911053918554
1.13930269473871,0.651728232796355,2.0685933842759
1.13881238902093,0.650968413367692,2.06807622936626
1.13832208330316,0.650208593939029,2.06755907445662
1.13783177758538,0.649448774510366,2.06704191954698
1.13734147186761,0.648688955081703,2.06652476463734
1.13685116614983,0.64792913565304,2.06600760972769
1.13636086043206,0.647169316224377,2.06549045481805
1.13587055471428,0.646409496795714,2.06497329990841
1.13538024899651,0.645649677367051,2.06445614499877
1.13488994327874,0.644889857938388,2.06393899008913
1.13439963756096,0.644130038509725,2.06342183517949
1.13390933184319,0.643370219081062,2.06290468026985
1.13341902612541,0.642610399652398,2.06238752536021
1.13292872040764,0.641850580223735,2.06187037045056
1.13243841468986,0.641090760795072,2.06135321554092
1.13194810897209,0.640330941366409,2.06083606063128
1.13145780325431,0.639571121937746,2.06031890572164
1.13096749753654,0.638811302509083,2.059801750812
1.13047719181876,0.63805148308042,2.05928459590236
1.12998688610099,0.637291663651757,2.05876744099272
1.12949658038321,0.636531844223094,2.05825028608308
1.12900368451308,0.635780102986372,2.05772420556287
1.12850697292312,0.63504026225313,2.05718497615238
1.12801026133316,0.634300421519888,2.05664574674189
1.1275135497432,0.633560580786645,2.0561065173314
1.12701683815324,0.632820740053403,2.05556728792091
1.12652012656328,0.632080899320161,2.05502805851042
1.12602341497332,0.631341058586918,2.05448882909993
1.12552670338336,0.630601217853676,2.05394959968944
1.1250299917934,0.629861377120434,2.05341037027895
1.12453328020344,0.629121536387191,2.05287114086846
1.12403656861348,0.628381695653949,2.05233191145797
1.12353985702352,0.627641854920706,2.05179268204748
1.12304314543356,0.626902014187464,2.05125345263699
1.1225464338436,0.626162173454222,2.0507142232265
1.12204972225364,0.625422332720979,2.050174993816
1.12155301066368,0.624682491987737,2.04963576440551
1.12105629907372,0.623942651254495,2.04909653499502
1.12055958748376,0.623202810521252,2.04855730558453
1.1200628758938,0.62246296978801,2.04801807617404
1.11956616430384,0.621723129054768,2.04747884676355
1.11906945271388,0.620983288321525,2.04693961735306
1.11857274112392,0.620243447588283,2.04640038794257
1.11807602953396,0.619503606855041,2.04586115853208
1.117579317944,0.618763766121798,2.04532192912159
1.11708260635404,0.618023925388556,2.0447826997111
1.11658342146225,0.617292456998678,2.04423436455296
1.11608094916975,0.61657211674822,2.04367392644767
1.11557847687725,0.615851776497763,2.04311348834237
1.11507600458475,0.615131436247305,2.04255305023708
1.11457353229225,0.614411095996848,2.04199261213178
1.11407105999975,0.61369075574639,2.04143217402648
1.11356858770725,0.612970415495932,2.04087173592119
1.11306611541475,0.612250075245475,2.04031129781589
1.11256364312225,0.611529734995017,2.0397508597106
1.11206117082975,0.61080939474456,2.0391904216053
1.11155869853725,0.610089054494102,2.03862998350001
1.11105622624475,0.609368714243645,2.03806954539471
1.11055375395225,0.608648373993187,2.03750910728941
1.11005128165975,0.60792803374273,2.03694866918412
1.10954880936725,0.607207693492272,2.03638823107882
1.10904633707475,0.606487353241814,2.03582779297353
1.10854386478225,0.605767012991357,2.03526735486823
1.10804139248975,0.605046672740899,2.03470691676294
1.10753892019725,0.604326332490442,2.03414647865764
1.10703644790475,0.603605992239984,2.03358604055235
1.10653397561224,0.602885651989526,2.03302560244705
1.10603150331974,0.602165311739069,2.03246516434175
1.10552903102724,0.601444971488611,2.03190472623646
1.10502655873474,0.600724631238154,2.03134428813116
1.10452408644224,0.600004290987696,2.03078385002587
1.10401927782714,0.599292597904417,2.03021417253708
1.10351166330414,0.598591290011311,2.02963339861026
1.10300404878115,0.597889982118204,2.02905262468345
1.10249643425815,0.597188674225098,2.02847185075664
1.10198881973516,0.596487366331992,2.02789107682982
1.10148120521217,0.595786058438886,2.02731030290301
1.10097359068917,0.595084750545779,2.0267295289762
1.10046597616618,0.594383442652673,2.02614875504938
1.09995836164319,0.593682134759567,2.02556798112257
1.09945074712019,0.592980826866461,2.02498720719576
1.0989431325972,0.592279518973354,2.02440643326895
1.09843551807421,0.591578211080248,2.02382565934213
1.09792790355121,0.590876903187142,2.02324488541532
1.09742028902822,0.590175595294036,2.02266411148851
1.09691267450523,0.589474287400929,2.02208333756169
1.09640505998223,0.588772979507823,2.02150256363488
1.09589744545924,0.588071671614717,2.02092178970807
1.09538983093624,0.587370363721611,2.02034101578125
1.09488221641325,0.586669055828504,2.01976024185444
1.09437460189026,0.585967747935398,2.01917946792763
1.09386698736726,0.585266440042292,2.01859869400081
1.09335937284427,0.584565132149185,2.018017920074
1.09285175832128,0.583863824256079,2.01743714614719
1.09234414379828,0.583162516362973,2.01685637222037
1.09183652927529,0.582461208469867,2.01627559829356
1.09132699061623,0.581767687227477,2.01568665478618
1.09081536195961,0.58108262384901,2.01508883747627
1.09030373330299,0.580397560470544,2.01449102016636
1.08979210464637,0.579712497092077,2.01389320285646
1.08928047598975,0.57902743371361,2.01329538554655
1.08876884733314,0.578342370335143,2.01269756823664
1.08825721867652,0.577657306956676,2.01209975092674
1.0877455900199,0.57697224357821,2.01150193361683
1.08723396136328,0.576287180199743,2.01090411630692
1.08672233270666,0.575602116821276,2.01030629899702
1.08621070405004,0.574917053442809,2.00970848168711
1.08569907539342,0.574231990064342,2.0091106643772
1.0851874467368,0.573546926685876,2.0085128470673
1.08467581808018,0.572861863307409,2.00791502975739
1.08416418942356,0.572176799928942,2.00731721244748
1.08365256076694,0.571491736550475,2.00671939513758
1.08314093211033,0.570806673172008,2.00612157782767
1.08262930345371,0.570121609793542,2.00552376051776
1.08211767479709,0.569436546415075,2.00492594320785
1.08160340199394,0.568763170548816,2.004316089084
1.08108869697848,0.568091705123852,2.00370426742197
1.08057399196302,0.567420239698887,2.00309244575995
1.08005928694755,0.566748774273923,2.00248062409792
1.07954458193209,0.566077308848959,2.00186880243589
1.07902987691663,0.565405843423994,2.00125698077386
1.07851517190117,0.56473437799903,2.00064515911184
1.07800046688571,0.564062912574066,2.00003333744981
1.07748576187024,0.563391447149102,1.99942151578778
1.07697105685478,0.562719981724137,1.99880969412576
1.07645635183932,0.562048516299173,1.99819787246373
1.07594164682386,0.561377050874209,1.9975860508017
1.07542694180839,0.560705585449245,1.99697422913967
1.07491223679293,0.56003412002428,1.99636240747765
1.07439753177747,0.559362654599316,1.99575058581562
1.07388282676201,0.558691189174352,1.99513876415359
1.07336812174655,0.558019723749387,1.99452694249156
1.07285341673108,0.557348258324423,1.99391512082954
1.0723380476333,0.5566799930394,1.99330006192578
1.07182057180009,0.556021879881544,1.99267473319311
1.07130309596688,0.555363766723687,1.99204940446044
1.07078562013367,0.55470565356583,1.99142407572777
1.07026814430046,0.554047540407974,1.9907987469951
1.06975066846725,0.553389427250117,1.99017341826243
1.06923319263404,0.552731314092261,1.98954808952976
1.06871571680083,0.552073200934404,1.98892276079709
1.06819824096762,0.551415087776548,1.98829743206442
1.06768076513441,0.550756974618691,1.98767210333175
1.0671632893012,0.550098861460835,1.98704677459908
1.06664581346799,0.549440748302978,1.98642144586641
1.06612833763478,0.548782635145122,1.98579611713374
1.06561086180157,0.548124521987265,1.98517078840107
1.06509338596836,0.547466408829409,1.9845454596684
1.06457591013515,0.546808295671552,1.98392013093573
1.06405843430194,0.546150182513696,1.98329480220306
1.06354095846873,0.545492069355839,1.98266947347039
1.06302348263552,0.544833956197982,1.98204414473772
1.06250447260131,0.544183969397676,1.98141075143586
1.06198452159194,0.543538966755565,1.98077241187261
1.06146457058258,0.542893964113454,1.98013407230935
1.06094461957322,0.542248961471343,1.97949573274609
1.06042466856385,0.541603958829232,1.97885739318284
1.05990471755449,0.540958956187122,1.97821905361958
1.05938476654512,0.540313953545011,1.97758071405632
1.05886481553576,0.5396689509029,1.97694237449307
1.0583448645264,0.539023948260789,1.97630403492981
1.05782491351703,0.538378945618678,1.97566569536655
1.05730496250767,0.537733942976567,1.9750273558033
1.0567850114983,0.537088940334456,1.97438901624004
1.05626506048894,0.536443937692345,1.97375067667678
1.05574510947958,0.535798935050235,1.97311233711353
1.05522515847021,0.535153932408124,1.97247399755027
1.05470520746085,0.534508929766013,1.97183565798701
1.05418525645149,0.533863927123902,1.97119731842376
1.05366530544212,0.533218924481791,1.9705589788605
1.05314535443276,0.53257392183968,1.96992063929724
