-1.51691517049227,-1.93828049562901,-2.52819195082044
-1.51731618810902,-1.93620545647682,-2.52820868043784
-1.51771720572577,-1.93413041732464,-2.52822541005525
-1.51811822334252,-1.93205537817245,-2.52824213967265
-1.51851924095927,-1.92998033902027,-2.52825886929005
-1.51892025857603,-1.92790529986809,-2.52827559890745
-1.51932127619278,-1.9258302607159,-2.52829232852485
-1.51972229380953,-1.92375522156372,-2.52830905814226
-1.52012331142628,-1.92168018241153,-2.52832578775966
-1.52052432904303,-1.91960514325935,-2.52834251737706
-1.52092534665979,-1.91753010410717,-2.52835924699446
-1.52132636427654,-1.91545506495498,-2.52837597661186
-1.52172738189329,-1.9133800258028,-2.52839270622926
-1.52212839951004,-1.91130498665061,-2.52840943584667
-1.5225294171268,-1.90922994749843,-2.52842616546407
-1.52293043474355,-1.90715490834625,-2.52844289508147
-1.5233314523603,-1.90507986919406,-2.52845962469887
-1.52371924724697,-1.90301578298251,-2.52848614883956
-1.52407955830421,-1.90097446277693,-2.52853303118205
-1.52443986936144,-1.89893314257136,-2.52857991352455
-1.52480018041868,-1.89689182236579,-2.52862679586704
-1.52516049147591,-1.89485050216021,-2.52867367820953
-1.52552080253315,-1.89280918195464,-2.52872056055203
-1.52588111359038,-1.89076786174907,-2.52876744289452
-1.52624142464762,-1.88872654154349,-2.52881432523701
-1.52660173570485,-1.88668522133792,-2.52886120757951
-1.52696204676209,-1.88464390113235,-2.528908089922
-1.52732235781932,-1.88260258092677,-2.5289549722645
-1.52768266887656,-1.8805612607212,-2.52900185460699
-1.52804297993379,-1.87851994051562,-2.52904873694948
-1.52840329099103,-1.87647862031005,-2.52909561929198
-1.52876360204826,-1.87443730010448,-2.52914250163447
-1.5291239131055,-1.8723959798989,-2.52918938397697
-1.52948422416273,-1.87035465969333,-2.52923626631946
-1.52981888736518,-1.868334925874,-2.52929966604403
-1.53013971958858,-1.86632683282769,-2.52937197300733
-1.53046055181198,-1.86431873978137,-2.52944427997064
-1.53078138403538,-1.86231064673506,-2.52951658693394
-1.53110221625877,-1.86030255368875,-2.52958889389724
-1.53142304848217,-1.85829446064243,-2.52966120086054
-1.53174388070557,-1.85628636759612,-2.52973350782384
-1.53206471292897,-1.8542782745498,-2.52980581478714
-1.53238554515237,-1.85227018150349,-2.52987812175045
-1.53270637737577,-1.85026208845718,-2.52995042871375
-1.53302720959917,-1.84825399541086,-2.53002273567705
-1.53334804182257,-1.84624590236455,-2.53009504264035
-1.53366887404596,-1.84423780931823,-2.53016734960365
-1.53398970626936,-1.84222971627192,-2.53023965656695
-1.53431053849276,-1.84022162322561,-2.53031196353026
-1.53463137071616,-1.83821353017929,-2.53038427049356
-1.53495220293956,-1.83620543713298,-2.53045657745686
-1.53523573260503,-1.83422925035679,-2.5305493539978
-1.5355182858249,-1.83225389877098,-2.530642666358
-1.53580083904476,-1.83027854718517,-2.5307359787182
-1.53608339226463,-1.82830319559936,-2.5308292910784
-1.53636594548449,-1.82632784401355,-2.53092260343861
-1.53664849870436,-1.82435249242774,-2.53101591579881
-1.53693105192422,-1.82237714084193,-2.53110922815901
-1.53721360514408,-1.82040178925612,-2.53120254051921
-1.53749615836395,-1.81842643767031,-2.53129585287941
-1.53777871158381,-1.8164510860845,-2.53138916523962
-1.53806126480368,-1.81447573449869,-2.53148247759982
-1.53834381802354,-1.81250038291288,-2.53157578996002
-1.53862637124341,-1.81052503132708,-2.53166910232022
-1.53890892446327,-1.80854967974127,-2.53176241468042
-1.53919147768314,-1.80657432815546,-2.53185572704063
-1.539474030903,-1.80459897656965,-2.53194903940083
-1.53974547717753,-1.80263328165614,-2.53204740989338
-1.53999092336005,-1.80069019191094,-2.53215762089676
-1.54023636954257,-1.79874710216573,-2.53226783190014
-1.54048181572509,-1.79680401242053,-2.53237804290352
-1.5407272619076,-1.79486092267532,-2.53248825390691
-1.54097270809012,-1.79291783293011,-2.53259846491029
-1.54121815427264,-1.79097474318491,-2.53270867591367
-1.54146360045516,-1.7890316534397,-2.53281888691705
-1.54170904663768,-1.7870885636945,-2.53292909792043
-1.5419544928202,-1.78514547394929,-2.53303930892381
-1.54219993900271,-1.78320238420408,-2.53314951992719
-1.54244538518523,-1.78125929445888,-2.53325973093057
-1.54269083136775,-1.77931620471367,-2.53336994193395
-1.54293627755027,-1.77737311496847,-2.53348015293733
-1.54318172373279,-1.77543002522326,-2.53359036394072
-1.54342716991531,-1.77348693547805,-2.5337005749441
-1.54367261609782,-1.77154384573285,-2.53381078594748
-1.54389561577927,-1.76962059673645,-2.53392918414031
-1.54410509877986,-1.76770929530681,-2.53405251243903
-1.54431458178045,-1.76579799387716,-2.53417584073775
-1.54452406478104,-1.76388669244751,-2.53429916903647
-1.54473354778163,-1.76197539101786,-2.53442249733519
-1.54494303078222,-1.76006408958821,-2.53454582563391
-1.54515251378281,-1.75815278815857,-2.53466915393263
-1.5453619967834,-1.75624148672892,-2.53479248223134
-1.54557147978399,-1.75433018529927,-2.53491581053006
-1.54578096278458,-1.75241888386962,-2.53503913882878
-1.54599044578517,-1.75050758243997,-2.5351624671275
-1.54619992878576,-1.74859628101033,-2.53528579542622
-1.54640941178635,-1.74668497958068,-2.53540912372494
-1.54661889478694,-1.74477367815103,-2.53553245202366
-1.54682837778753,-1.74286237672138,-2.53565578032238
-1.54703786078812,-1.74095107529174,-2.5357791086211
-1.54724734378871,-1.73903977386209,-2.53590243691981
-1.54742375880363,-1.73715819526043,-2.53603487676282
-1.54759839608418,-1.73527821455753,-2.53616780644231
-1.54777303336472,-1.73339823385463,-2.53630073612179
-1.54794767064527,-1.73151825315173,-2.53643366580128
-1.54812230792581,-1.72963827244883,-2.53656659548076
-1.54829694520635,-1.72775829174593,-2.53669952516025
-1.5484715824869,-1.72587831104302,-2.53683245483973
-1.54864621976744,-1.72399833034012,-2.53696538451921
-1.54882085704799,-1.72211834963722,-2.5370983141987
-1.54899549432853,-1.72023836893432,-2.53723124387818
-1.54917013160907,-1.71835838823142,-2.53736417355767
-1.54934476888962,-1.71647840752852,-2.53749710323715
-1.54951940617016,-1.71459842682562,-2.53763003291664
-1.54969404345071,-1.71271844612272,-2.53776296259612
-1.54986868073125,-1.71083846541982,-2.5378958922756
-1.5500433180118,-1.70895848471692,-2.53802882195509
-1.55020871301244,-1.70708695361589,-2.53816348492292
-1.55034959632718,-1.70523783191922,-2.5383027447889
-1.55049047964192,-1.70338871022254,-2.53844200465489
-1.55063136295666,-1.70153958852586,-2.53858126452088
-1.5507722462714,-1.69969046682919,-2.53872052438687
-1.55091312958614,-1.69784134513251,-2.53885978425285
-1.55105401290088,-1.69599222343583,-2.53899904411884
-1.55119489621563,-1.69414310173915,-2.53913830398483
-1.55133577953037,-1.69229398004248,-2.53927756385082
-1.55147666284511,-1.6904448583458,-2.5394168237168
-1.55161754615985,-1.68859573664912,-2.53955608358279
-1.55175842947459,-1.68674661495245,-2.53969534344878
-1.55189931278933,-1.68489749325577,-2.53983460331477
-1.55204019610407,-1.68304837155909,-2.53997386318076
-1.55218107941881,-1.68119924986242,-2.54011312304674
-1.55232196273355,-1.67935012816574,-2.54025238291273
-1.55246284604829,-1.67750100646906,-2.54039164277872
-1.55258366971596,-1.67567054783721,-2.54053290253781
-1.55269104453441,-1.67385260172584,-2.54067550311117
-1.55279841935287,-1.67203465561447,-2.54081810368452
-1.55290579417132,-1.6702167095031,-2.54096070425788
-1.55301316898977,-1.66839876339173,-2.54110330483124
-1.55312054380823,-1.66658081728035,-2.54124590540459
-1.55322791862668,-1.66476287116898,-2.54138850597795
-1.55333529344513,-1.66294492505761,-2.5415311065513
-1.55344266826359,-1.66112697894624,-2.54167370712466
-1.55355004308204,-1.65930903283487,-2.54181630769802
-1.55365741790049,-1.6574910867235,-2.54195890827137
-1.55376479271895,-1.65567314061213,-2.54210150884473
-1.5538721675374,-1.65385519450076,-2.54224410941808
-1.55397954235585,-1.65203724838938,-2.54238670999144
-1.55408691717431,-1.65021930227801,-2.5425293105648
-1.55419429199276,-1.64840135616664,-2.54267191113815
-1.55430166681121,-1.64658341005527,-2.54281451171151
-1.55440680077567,-1.64476758671372,-2.54295714115742
-1.55448095845935,-1.64298110732507,-2.543100169721
-1.55455511614302,-1.64119462793642,-2.54324319828459
-1.5546292738267,-1.63940814854778,-2.54338622684817
-1.55470343151037,-1.63762166915913,-2.54352925541175
-1.55477758919404,-1.63583518977048,-2.54367228397533
-1.55485174687772,-1.63404871038184,-2.54381531253892
-1.55492590456139,-1.63226223099319,-2.5439583411025
-1.55500006224506,-1.63047575160454,-2.54410136966608
-1.55507421992874,-1.6286892722159,-2.54424439822967
-1.55514837761241,-1.62690279282725,-2.54438742679325
-1.55522253529608,-1.6251163134386,-2.54453045535683
-1.55529669297976,-1.62332983404996,-2.54467348392041
-1.55537085066343,-1.62154335466131,-2.544816512484
-1.55544500834711,-1.61975687527266,-2.54495954104758
-1.55551916603078,-1.61797039588402,-2.54510256961116
-1.55559332371445,-1.61618391649537,-2.54524559817475
-1.55566748139813,-1.61439743710672,-2.54538862673833
-1.55572442649462,-1.61262756954846,-2.5455303798638
-1.55576648778733,-1.61087206631681,-2.54567103011202
-1.55580854908005,-1.60911656308515,-2.54581168036025
-1.55585061037276,-1.6073610598535,-2.54595233060847
-1.55589267166548,-1.60560555662184,-2.5460929808567
-1.55593473295819,-1.60385005339019,-2.54623363110492
-1.55597679425091,-1.60209455015853,-2.54637428135315
-1.55601885554362,-1.60033904692687,-2.54651493160137
-1.55606091683633,-1.59858354369522,-2.5466555818496
-1.55610297812905,-1.59682804046356,-2.54679623209782
-1.55614503942176,-1.59507253723191,-2.54693688234605
-1.55618710071448,-1.59331703400025,-2.54707753259427
-1.55622916200719,-1.5915615307686,-2.5472181828425
-1.55627122329991,-1.58980602753694,-2.54735883309072
-1.55631328459262,-1.58805052430528,-2.54749948333895
-1.55635534588533,-1.58629502107363,-2.54764013358718
-1.55639740717805,-1.58453951784197,-2.5477807838354
-1.55643931050572,-1.58278416997213,-2.54792140879637
-1.55645036872772,-1.58105915888649,-2.54805709603092
-1.55646142694972,-1.57933414780085,-2.54819278326548
-1.55647248517172,-1.57760913671521,-2.54832847050003
-1.55648354339372,-1.57588412562957,-2.54846415773459
-1.55649460161572,-1.57415911454393,-2.54859984496915
-1.55650565983772,-1.57243410345829,-2.5487355322037
-1.55651671805973,-1.57070909237265,-2.54887121943826
-1.55652777628173,-1.56898408128701,-2.54900690667281
-1.55653883450373,-1.56725907020137,-2.54914259390737
-1.55654989272573,-1.56553405911573,-2.54927828114193
-1.55656095094773,-1.56380904803009,-2.54941396837648
-1.55657200916973,-1.56208403694445,-2.54954965561104
-1.55658306739173,-1.5603590258588,-2.54968534284559
-1.55659412561373,-1.55863401477316,-2.54982103008015
-1.55660518383574,-1.55690900368752,-2.5499567173147
-1.55661624205774,-1.55518399260188,-2.55009240454926
-1.55662730027974,-1.55345898151624,-2.55022809178382
-1.55662387801129,-1.55174849236359,-2.55036021989936
-1.55660438102333,-1.5500541239356,-2.55048839705482
-1.55658488403538,-1.54835975550761,-2.55061657421028
-1.55656538704742,-1.54666538707962,-2.55074475136575
-1.55654589005947,-1.54497101865163,-2.55087292852121
-1.55652639307151,-1.54327665022363,-2.55100110567667
-1.55650689608356,-1.54158228179564,-2.55112928283213
-1.5564873990956,-1.53988791336765,-2.55125745998759
-1.55646790210765,-1.53819354493966,-2.55138563714305
-1.55644840511969,-1.53649917651167,-2.55151381429851
-1.55642890813174,-1.53480480808368,-2.55164199145397
-1.55640941114378,-1.53311043965568,-2.55177016860944
-1.55638991415583,-1.53141607122769,-2.5518983457649
-1.55637041716787,-1.5297217027997,-2.55202652292036
-1.55635092017992,-1.52802733437171,-2.55215470007582
-1.55633142319196,-1.52633296594372,-2.55228287723128
-1.55631192620401,-1.52463859751573,-2.55241105438674
-1.55629242921605,-1.52294422908774,-2.5525392315422
-1.55626688118318,-1.52125605185047,-2.55266540998914
-1.55621730791682,-1.51959245628548,-2.55278365270931
-1.55616773465045,-1.51792886072048,-2.55290189542949
-1.55611816138409,-1.51626526515549,-2.55302013814966
-1.55606858811773,-1.51460166959049,-2.55313838086983
-1.55601901485136,-1.5129380740255,-2.55325662359001
-1.555969441585,-1.5112744784605,-2.55337486631018
-1.55591986831863,-1.50961088289551,-2.55349310903036
-1.55587029505227,-1.50794728733052,-2.55361135175053
-1.5558207217859,-1.50628369176552,-2.5537295944707
-1.55577114851954,-1.50462009620053,-2.55384783719088
-1.55572157525318,-1.50295650063553,-2.55396607991105
-1.55567200198681,-1.50129290507054,-2.55408432263123
-1.55562242872045,-1.49962930950554,-2.5542025653514
-1.55557285545408,-1.49796571394055,-2.55432080807158
-1.55552328218772,-1.49630211837555,-2.55443905079175
-1.55547370892135,-1.49463852281056,-2.55455729351192
-1.55542413565499,-1.49297492724556,-2.5546755362321
-1.55537456238863,-1.49131133168057,-2.55479377895227
-1.55529808380246,-1.48967583956861,-2.55490085692716
-1.5552195323354,-1.48804251264598,-2.55500707473063
-1.55514098086833,-1.48640918572335,-2.55511329253409
-1.55506242940126,-1.48477585880071,-2.55521951033755
-1.55498387793419,-1.48314253187808,-2.55532572814102
-1.55490532646713,-1.48150920495545,-2.55543194594448
-1.55482677500006,-1.47987587803281,-2.55553816374794
-1.55474822353299,-1.47824255111018,-2.55564438155141
-1.55466967206592,-1.47660922418755,-2.55575059935487
-1.55459112059886,-1.47497589726492,-2.55585681715833
-1.55451256913179,-1.47334257034228,-2.5559630349618
-1.55443401766472,-1.47170924341965,-2.55606925276526
-1.55435546619765,-1.47007591649702,-2.55617547056872
-1.55427691473059,-1.46844258957439,-2.55628168837219
-1.55419836326352,-1.46680926265175,-2.55638790617565
-1.55411981179645,-1.46517593572912,-2.55649412397912
-1.55404126032938,-1.46354260880649,-2.55660034178258
-1.55396270886232,-1.46190928188386,-2.55670655958604
-1.55386585653167,-1.46029547750147,-2.55680364714211
-1.55375939656688,-1.45869192211217,-2.55689594147755
-1.55365293660208,-1.45708836672286,-2.55698823581299
-1.55354647663729,-1.45548481133356,-2.55708053014843
-1.5534400166725,-1.45388125594426,-2.55717282448387
-1.5533335567077,-1.45227770055496,-2.55726511881931
-1.55322709674291,-1.45067414516565,-2.55735741315475
-1.55312063677812,-1.44907058977635,-2.55744970749019
-1.55301417681332,-1.44746703438705,-2.55754200182564
-1.55290771684853,-1.44586347899775,-2.55763429616108
-1.55280125688374,-1.44425992360844,-2.55772659049652
-1.55269479691895,-1.44265636821914,-2.55781888483196
-1.55258833695415,-1.44105281282984,-2.5579111791674
-1.55248187698936,-1.43944925744053,-2.55800347350284
-1.55237541702457,-1.43784570205123,-2.55809576783828
-1.55226895705977,-1.43624214666193,-2.55818806217373
-1.55216249709498,-1.43463859127263,-2.55828035650917
-1.55205603713019,-1.43303503588332,-2.55837265084461
-1.55193906069812,-1.43144294571062,-2.55845881553471
-1.55180514423115,-1.42986932382809,-2.55853510652832
-1.55167122776418,-1.42829570194555,-2.55861139752192
-1.55153731129721,-1.42672208006302,-2.55868768851553
-1.55140339483024,-1.42514845818049,-2.55876397950914
-1.55126947836327,-1.42357483629796,-2.55884027050275
-1.5511355618963,-1.42200121441543,-2.55891656149636
-1.55100164542933,-1.42042759253289,-2.55899285248997
-1.55086772896236,-1.41885397065036,-2.55906914348357
-1.55073381249539,-1.41728034876783,-2.55914543447718
-1.55059989602842,-1.4157067268853,-2.55922172547079
-1.55046597956145,-1.41413310500277,-2.5592980164644
-1.55033206309448,-1.41255948312023,-2.55937430745801
-1.55019814662751,-1.4109858612377,-2.55945059845162
-1.55006423016054,-1.40941223935517,-2.55952688944522
-1.54993031369357,-1.40783861747264,-2.55960318043883
-1.5497963972266,-1.40626499559011,-2.55967947143244
-1.54966248075963,-1.40469137370757,-2.55975576242605
-1.54952856429266,-1.40311775182504,-2.55983205341966
-1.54938689905468,-1.40155276962272,-2.55990318454301
-1.54922601044838,-1.4000092209812,-2.55996151491561
-1.54906512184209,-1.39846567233969,-2.56001984528822
-1.54890423323579,-1.39692212369817,-2.56007817566082
-1.5487433446295,-1.39537857505666,-2.56013650603343
-1.5485824560232,-1.39383502641514,-2.56019483640604
-1.5484215674169,-1.39229147777362,-2.56025316677864
-1.54826067881061,-1.39074792913211,-2.56031149715125
-1.54809979020431,-1.38920438049059,-2.56036982752385
-1.54793890159802,-1.38766083184908,-2.56042815789646
-1.54777801299172,-1.38611728320756,-2.56048648826906
-1.54761712438543,-1.38457373456604,-2.56054481864167
-1.54745623577913,-1.38303018592453,-2.56060314901427
-1.54729534717284,-1.38148663728301,-2.56066147938688
-1.54713445856654,-1.3799430886415,-2.56071980975948
-1.54697356996025,-1.37839953999998,-2.56077814013209
-1.54681268135395,-1.37685599135846,-2.56083647050469
-1.54665179274765,-1.37531244271695,-2.5608948008773
-1.54649090414136,-1.37376889407543,-2.5609531312499
-1.54632505483654,-1.37223100657878,-2.56100774386279
-1.54613826897963,-1.37071701185726,-2.56104666572778
-1.54595148312273,-1.36920301713573,-2.56108558759276
-1.54576469726583,-1.36768902241421,-2.56112450945775
-1.54557791140893,-1.36617502769268,-2.56116343132274
-1.54539112555203,-1.36466103297116,-2.56120235318772
-1.54520433969513,-1.36314703824963,-2.56124127505271
-1.54501755383823,-1.36163304352811,-2.56128019691769
-1.54483076798132,-1.36011904880659,-2.56131911878268
-1.54464398212442,-1.35860505408506,-2.56135804064767
-1.54445719626752,-1.35709105936354,-2.56139696251265
-1.54427041041062,-1.35557706464201,-2.56143588437764
-1.54408362455372,-1.35406306992049,-2.56147480624263
-1.54389683869682,-1.35254907519896,-2.56151372810761
-1.54371005283992,-1.35103508047744,-2.5615526499726
-1.54352326698301,-1.34952108575591,-2.56159157183758
-1.54333648112611,-1.34800709103439,-2.56163049370257
-1.54314969526921,-1.34649309631286,-2.56166941556756
-1.54296290941231,-1.34497910159134,-2.56170833743254
-1.54277374229929,-1.34346788965626,-2.56174527656667
-1.54256210463495,-1.3419829372845,-2.56176350580429
-1.54235046697061,-1.34049798491274,-2.5617817350419
-1.54213882930627,-1.33901303254098,-2.56179996427952
-1.54192719164193,-1.33752808016922,-2.56181819351714
-1.54171555397759,-1.33604312779746,-2.56183642275476
-1.54150391631325,-1.3345581754257,-2.56185465199237
-1.54129227864891,-1.33307322305394,-2.56187288122999
-1.54108064098457,-1.33158827068217,-2.56189111046761
-1.54086900332023,-1.33010331831041,-2.56190933970522
-1.54065736565589,-1.32861836593865,-2.56192756894284
-1.54044572799155,-1.32713341356689,-2.56194579818046
-1.54023409032721,-1.32564846119513,-2.56196402741807
-1.54002245266287,-1.32416350882337,-2.56198225665569
-1.53981081499853,-1.32267855645161,-2.56200048589331
-1.53959917733419,-1.32119360407984,-2.56201871513093
-1.53938753966985,-1.31970865170808,-2.56203694436854
-1.5391759020055,-1.31822369933632,-2.56205517360616
-1.53896426434116,-1.31673874696456,-2.56207340284378
-1.53875262464419,-1.3152537970274,-2.56209163021892
-1.5385166024539,-1.31379805141429,-2.56208751631421
-1.53828058026361,-1.31234230580118,-2.56208340240949
-1.53804455807332,-1.31088656018806,-2.56207928850478
-1.53780853588303,-1.30943081457495,-2.56207517460007
-1.53757251369274,-1.30797506896184,-2.56207106069535
-1.53733649150245,-1.30651932334872,-2.56206694679064
-1.53710046931216,-1.30506357773561,-2.56206283288592
-1.53686444712187,-1.3036078321225,-2.56205871898121
-1.53662842493158,-1.30215208650938,-2.56205460507649
-1.53639240274129,-1.30069634089627,-2.56205049117178
-1.536156380551,-1.29924059528316,-2.56204637726706
-1.53592035836071,-1.29778484967004,-2.56204226336235
-1.53568433617042,-1.29632910405693,-2.56203814945763
-1.53544831398013,-1.29487335844382,-2.56203403555292
-1.53521229178984,-1.2934176128307,-2.5620299216482
-1.53497626959955,-1.29196186721759,-2.56202580774349
-1.53474024740926,-1.29050612160448,-2.56202169383878
-1.53450422521897,-1.28905037599136,-2.56201757993406
-1.53426820302868,-1.28759463037825,-2.56201346602935
-1.53403218083839,-1.28613888476514,-2.56200935212463
-1.53377229103765,-1.28471246559566,-2.56198138610615
-1.53351238436359,-1.28328606715864,-2.56195340322533
-1.53325247768953,-1.28185966872163,-2.5619254203445
-1.53299257101547,-1.28043327028461,-2.56189743746367
-1.53273266434142,-1.27900687184759,-2.56186945458284
-1.53247275766736,-1.27758047341057,-2.56184147170201
-1.5322128509933,-1.27615407497355,-2.56181348882118
-1.53195294431925,-1.27472767653653,-2.56178550594035
-1.53169303764519,-1.27330127809951,-2.56175752305952
-1.53143313097113,-1.27187487966249,-2.56172954017869
-1.53117322429707,-1.27044848122547,-2.56170155729786
-1.53091331762302,-1.26902208278845,-2.56167357441703
-1.53065341094896,-1.26759568435143,-2.5616455915362
-1.5303935042749,-1.26616928591441,-2.56161760865537
-1.53013359760085,-1.2647428874774,-2.56158962577454
-1.52987369092679,-1.26331648904038,-2.56156164289371
-1.52961378425273,-1.26189009060336,-2.56153366001288
-1.52935387757867,-1.26046369216634,-2.56150567713205
-1.52909397090462,-1.25903729372932,-2.56147769425122
-1.52883406423056,-1.2576108952923,-2.56144971137039
-1.528551356794,-1.25621326553216,-2.56139702475416
-1.52826861519029,-1.25481567888216,-2.56134430111915
-1.52798587358658,-1.25341809223215,-2.56129157748414
-1.52770313198286,-1.25202050558214,-2.56123885384913
-1.52742039037915,-1.25062291893214,-2.56118613021412
-1.52713764877543,-1.24922533228213,-2.5611334065791
-1.52685490717172,-1.24782774563213,-2.56108068294409
-1.52657216556801,-1.24643015898212,-2.56102795930908
-1.52628942396429,-1.24503257233212,-2.56097523567407
-1.52600668236058,-1.24363498568211,-2.56092251203906
-1.52572394075687,-1.24223739903211,-2.56086978840405
-1.52544119915315,-1.2408398123821,-2.56081706476904
-1.52515845754944,-1.23944222573209,-2.56076434113403
-1.52487571594572,-1.23804463908209,-2.56071161749902
-1.52459297434201,-1.23664705243208,-2.56065889386401
-1.5243102327383,-1.23524946578208,-2.560606170229
-1.52402749113458,-1.23385187913207,-2.56055344659399
-1.52374474953087,-1.23245429248207,-2.56050072295898
-1.52346200792716,-1.23105670583206,-2.56044799932397
-1.52317926632344,-1.22965911918205,-2.56039527568896
-1.52287475862265,-1.22828975274212,-2.56031713442126
-1.52257020104882,-1.22692045096366,-2.56023893491369
-1.52226564347498,-1.22555114918519,-2.56016073540613
-1.52196108590115,-1.22418184740673,-2.56008253589856
-1.52165652832731,-1.22281254562826,-2.56000433639099
-1.52135197075348,-1.2214432438498,-2.55992613688342
-1.52104741317964,-1.22007394207133,-2.55984793737585
-1.52074285560581,-1.21870464029287,-2.55976973786829
-1.52043829803197,-1.2173353385144,-2.55969153836072
-1.52013374045814,-1.21596603673594,-2.55961333885315
-1.5198291828843,-1.21459673495748,-2.55953513934558
-1.51952462531047,-1.21322743317901,-2.55945693983801
-1.51922006773663,-1.21185813140055,-2.55937874033045
-1.5189155101628,-1.21048882962208,-2.55930054082288
-1.51861095258896,-1.20911952784362,-2.55922234131531
-1.51830639501513,-1.20775022606515,-2.55914414180774
-1.51800183744129,-1.20638092428669,-2.55906594230018
-1.51769727986746,-1.20501162250822,-2.55898774279261
-1.51739272229362,-1.20364232072976,-2.55890954328504
-1.51708816471979,-1.20227301895129,-2.55883134377747
-1.51676233977813,-1.20093208317696,-2.55872649325219
-1.51643644921851,-1.1995912349226,-2.55862156049832
-1.51611055865888,-1.19825038666824,-2.55851662774446
-1.51578466809926,-1.19690953841388,-2.55841169499059
-1.51545877753964,-1.19556869015952,-2.55830676223673
-1.51513288698002,-1.19422784190516,-2.55820182948287
-1.5148069964204,-1.19288699365079,-2.558096896729
-1.51448110586078,-1.19154614539643,-2.55799196397514
-1.51415521530116,-1.19020529714207,-2.55788703122128
-1.51382932474154,-1.18886444888771,-2.55778209846741
-1.51350343418192,-1.18752360063335,-2.55767716571355
-1.5131775436223,-1.18618275237898,-2.55757223295968
-1.51285165306268,-1.18484190412462,-2.55746730020582
-1.51252576250306,-1.18350105587026,-2.55736236745196
-1.51219987194344,-1.1821602076159,-2.55725743469809
-1.51187398138381,-1.18081935936154,-2.55715250194423
-1.51154809082419,-1.17947851110718,-2.55704756919036
-1.51122220026457,-1.17813766285281,-2.5569426364365
-1.51089630970495,-1.17679681459845,-2.55683770368264
-1.51057041914533,-1.17545596634409,-2.55673277092877
-1.51024452858571,-1.17411511808973,-2.55662783817491
-1.50989795429072,-1.17280268318921,-2.55649521981419
-1.5095512469481,-1.17149043105689,-2.55636242336648
-1.50920453960549,-1.17017817892457,-2.55622962691877
-1.50885783226288,-1.16886592679225,-2.55609683047106
-1.50851112492027,-1.16755367465993,-2.55596403402335
-1.50816441757765,-1.16624142252761,-2.55583123757564
-1.50781771023504,-1.16492917039529,-2.55569844112793
-1.50747100289243,-1.16361691826297,-2.55556564468022
-1.50712429554982,-1.16230466613065,-2.55543284823251
-1.5067775882072,-1.16099241399833,-2.55530005178481
-1.50643088086459,-1.15968016186601,-2.5551672553371
-1.50608417352198,-1.15836790973369,-2.55503445888939
-1.50573746617936,-1.15705565760138,-2.55490166244168
-1.50539075883675,-1.15574340546906,-2.55476886599397
-1.50504405149414,-1.15443115333674,-2.55463606954626
-1.50469734415153,-1.15311890120442,-2.55450327309855
-1.50435063680891,-1.1518066490721,-2.55437047665084
-1.5040039294663,-1.15049439693978,-2.55423768020313
-1.50365722212369,-1.14918214480746,-2.55410488375543
-1.50331051478108,-1.14786989267514,-2.55397208730772
-1.50296380743846,-1.14655764054282,-2.55383929086001
-1.50259749741965,-1.14527315965139,-2.55367854536657
-1.50223099525579,-1.14398895097313,-2.55351752591713
-1.50186449309193,-1.14270474229486,-2.55335650646769
-1.50149799092806,-1.14142053361659,-2.55319548701825
-1.5011314887642,-1.14013632493833,-2.55303446756881
-1.50076498660034,-1.13885211626006,-2.55287344811937
-1.50039848443648,-1.13756790758179,-2.55271242866993
-1.50003198227261,-1.13628369890353,-2.5525514092205
-1.49966548010875,-1.13499949022526,-2.55239038977106
-1.49929897794489,-1.133715281547,-2.55222937032162
-1.49893247578103,-1.13243107286873,-2.55206835087218
-1.49856597361716,-1.13114686419046,-2.55190733142274
-1.4981994714533,-1.1298626555122,-2.5517463119733
-1.49783296928944,-1.12857844683393,-2.55158529252386
-1.49746646712558,-1.12729423815566,-2.55142427307442
-1.49709996496171,-1.1260100294774,-2.55126325362498
-1.49673346279785,-1.12472582079913,-2.55110223417554
-1.49636696063399,-1.12344161212087,-2.5509412147261
-1.49600045847013,-1.1221574034426,-2.55078019527666
-1.49563395630627,-1.12087319476433,-2.55061917582722
-1.4952674541424,-1.11958898608607,-2.55045815637779
-1.49488239216017,-1.11833191937831,-2.55026903595502
-1.4944970852974,-1.11707521078506,-2.55007954476455
-1.49411177843463,-1.1158185021918,-2.54989005357409
-1.49372647157186,-1.11456179359855,-2.54970056238362
-1.49334116470909,-1.1133050850053,-2.54951107119315
-1.49295585784633,-1.11204837641204,-2.54932158000268
-1.49257055098356,-1.11079166781879,-2.54913208881221
-1.49218524412079,-1.10953495922554,-2.54894259762174
-1.49179993725802,-1.10827825063228,-2.54875310643127
-1.49141463039525,-1.10702154203903,-2.5485636152408
-1.49102932353248,-1.10576483344578,-2.54837412405033
-1.49064401666972,-1.10450812485252,-2.54818463285986
-1.49025870980695,-1.10325141625927,-2.54799514166939
-1.48987340294418,-1.10199470766602,-2.54780565047892
-1.48948809608141,-1.10073799907276,-2.54761615928845
-1.48910278921864,-1.09948129047951,-2.54742666809798
-1.48871748235588,-1.09822458188626,-2.54723717690752
-1.48833217549311,-1.09696787329301,-2.54704768571705
-1.48794686863034,-1.09571116469975,-2.54685819452658
-1.48756156176757,-1.0944544561065,-2.54666870333611
-1.4871762549048,-1.09319774751325,-2.54647921214564
-1.48677294241596,-1.09196826145206,-2.54626083102527
-1.48636933086928,-1.09073922753353,-2.54604197006821
-1.4859657193226,-1.089510193615,-2.54582310911116
-1.48556210777592,-1.08828115969647,-2.54560424815411
-1.48515849622924,-1.08705212577794,-2.54538538719705
-1.48475488468256,-1.08582309185941,-2.54516652624
-1.48435127313589,-1.08459405794088,-2.54494766528295
-1.48394766158921,-1.08336502402235,-2.54472880432589
-1.48354405004253,-1.08213599010382,-2.54450994336884
-1.48314043849585,-1.08090695618529,-2.54429108241179
-1.48273682694917,-1.07967792226676,-2.54407222145473
-1.48233321540249,-1.07844888834823,-2.54385336049768
-1.48192960385581,-1.0772198544297,-2.54363449954063
-1.48152599230913,-1.07599082051117,-2.54341563858357
-1.48112238076246,-1.07476178659264,-2.54319677762652
-1.48071876921578,-1.0735327526741,-2.54297791666946
-1.4803151576691,-1.07230371875557,-2.54275905571241
-1.47991154612242,-1.07107468483704,-2.54254019475536
-1.47950793457574,-1.06984565091851,-2.5423213337983
-1.47910432302906,-1.06861661699998,-2.54210247284125
-1.47870071148238,-1.06738758308145,-2.5418836118842
-1.4782970999357,-1.06615854916292,-2.54166475092714
-1.47787818020642,-1.06495348047875,-2.54141992842504
-1.47745679768674,-1.0637522673371,-2.54117092921266
-1.47703541516707,-1.06255105419546,-2.54092193000027
-1.47661403264739,-1.06134984105381,-2.54067293078789
-1.47619265012771,-1.06014862791216,-2.5404239315755
-1.47577126760803,-1.05894741477051,-2.54017493236312
-1.47534988508836,-1.05774620162886,-2.53992593315073
-1.47492850256868,-1.05654498848722,-2.53967693393835
-1.474507120049,-1.05534377534557,-2.53942793472596
-1.47408573752932,-1.05414256220392,-2.53917893551358
-1.47366435500965,-1.05294134906227,-2.53892993630119
-1.47324297248997,-1.05174013592062,-2.53868093708881
-1.47282158997029,-1.05053892277898,-2.53843193787643
-1.47240020745061,-1.04933770963733,-2.53818293866404
-1.47197882493094,-1.04813649649568,-2.53793393945165
-1.47155744241126,-1.04693528335403,-2.53768494023927
-1.47113605989158,-1.04573407021238,-2.53743594102689
-1.4707146773719,-1.04453285707074,-2.5371869418145
-1.47029329485223,-1.04333164392909,-2.53693794260212
-1.46987191233255,-1.04213043078744,-2.53668894338973
-1.46945052981287,-1.04092921764579,-2.53643994417735
-1.46902914729319,-1.03972800450415,-2.53619094496496
-1.46859536221408,-1.03854693319551,-2.53591973693673
-1.4681572006085,-1.03737296939286,-2.53564069202039
-1.46771903900292,-1.03619900559021,-2.53536164710405
-1.46728087739733,-1.03502504178756,-2.53508260218771
-1.46684271579175,-1.03385107798491,-2.53480355727137
-1.46640455418617,-1.03267711418226,-2.53452451235503
-1.46596639258058,-1.03150315037961,-2.53424546743869
-1.465528230975,-1.03032918657696,-2.53396642252235
-1.46509006936942,-1.02915522277431,-2.53368737760601
-1.46465190776383,-1.02798125897166,-2.53340833268967
-1.46421374615825,-1.02680729516901,-2.53312928777333
-1.46377558455267,-1.02563333136636,-2.53285024285699
-1.46333742294708,-1.02445936756371,-2.53257119794065
-1.4628992613415,-1.02328540376106,-2.53229215302431
-1.46246109973591,-1.02211143995841,-2.53201310810797
-1.46202293813033,-1.02093747615576,-2.53173406319163
-1.46158477652475,-1.01976351235311,-2.53145501827529
-1.46114661491916,-1.01858954855046,-2.53117597335895
-1.46070845331358,-1.01741558474781,-2.53089692844261
-1.460270291708,-1.01624162094516,-2.53061788352627
-1.45983213010241,-1.01506765714251,-2.53033883860993
-1.45939396849683,-1.01389369333986,-2.53005979369359
-1.45894604696268,-1.01273619400634,-2.52976232275474
-1.45849206495885,-1.01158891835582,-2.52945341009785
-1.45803808295501,-1.01044164270531,-2.52914449744097
-1.45758410095118,-1.0092943670548,-2.52883558478408
-1.45713011894735,-1.00814709140428,-2.5285266721272
-1.45667613694352,-1.00699981575377,-2.52821775947031
-1.45622215493969,-1.00585254010326,-2.52790884681343
-1.45576817293585,-1.00470526445275,-2.52759993415654
-1.45531419093202,-1.00355798880223,-2.52729102149966
-1.45486020892819,-1.00241071315172,-2.52698210884277
-1.45440622692436,-1.00126343750121,-2.52667319618589
-1.45395224492053,-1.0001161618507,-2.526364283529
-1.45349826291669,-0.998968886200183,-2.52605537087212
-1.45304428091286,-0.997821610549671,-2.52574645821523
-1.45259029890903,-0.996674334899158,-2.52543754555835
-1.4521363169052,-0.995527059248645,-2.52512863290146
-1.45168233490137,-0.994379783598132,-2.52481972024458
-1.45122835289753,-0.99323250794762,-2.52451080758769
-1.4507743708937,-0.992085232297107,-2.52420189493081
-1.45032038888987,-0.990937956646594,-2.52389298227392
-1.44986640688604,-0.989790680996082,-2.52358406961704
-1.44941242488221,-0.988643405345569,-2.52327515696015
-1.44895087360234,-0.987509422142996,-2.52295118748524
-1.44848159003296,-0.98638901765725,-2.52261183692557
-1.44801230646357,-0.985268613171504,-2.5222724863659
-1.44754302289419,-0.984148208685758,-2.52193313580623
-1.4470737393248,-0.983027804200012,-2.52159378524655
-1.44660445575542,-0.981907399714266,-2.52125443468688
-1.44613517218603,-0.98078699522852,-2.52091508412721
-1.44566588861665,-0.979666590742774,-2.52057573356754
-1.44519660504727,-0.978546186257027,-2.52023638300787
-1.44472732147788,-0.977425781771281,-2.5198970324482
-1.4442580379085,-0.976305377285535,-2.51955768188853
-1.44378875433911,-0.975184972799789,-2.51921833132886
-1.44331947076973,-0.974064568314043,-2.51887898076919
-1.44285018720034,-0.972944163828297,-2.51853963020952
-1.44238090363096,-0.971823759342551,-2.51820027964984
-1.44191162006158,-0.970703354856805,-2.51786092909017
-1.44144233649219,-0.969582950371059,-2.5175215785305
-1.44097305292281,-0.968462545885313,-2.51718222797083
-1.44050376935342,-0.967342141399566,-2.51684287741116
-1.44003448578404,-0.96622173691382,-2.51650352685149
-1.43956520221466,-0.965101332428074,-2.51616417629182
-1.43909591864527,-0.963980927942328,-2.51582482573215
-1.43862663507589,-0.962860523456582,-2.51548547517248
-1.43815569963892,-0.961743145581928,-2.51514266649949
-1.43767166755402,-0.960649763855899,-2.51477244056057
-1.43718763546912,-0.959556382129871,-2.51440221462164
-1.43670360338422,-0.958463000403842,-2.51403198868272
-1.43621957129931,-0.957369618677814,-2.5136617627438
-1.43573553921441,-0.956276236951786,-2.51329153680488
-1.43525150712951,-0.955182855225757,-2.51292131086596
-1.4347674750446,-0.954089473499729,-2.51255108492704
-1.4342834429597,-0.9529960917737,-2.51218085898812
-1.4337994108748,-0.951902710047672,-2.51181063304919
-1.4333153787899,-0.950809328321644,-2.51144040711027
-1.43283134670499,-0.949715946595615,-2.51107018117135
-1.43234731462009,-0.948622564869587,-2.51069995523243
-1.43186328253519,-0.947529183143558,-2.51032972929351
-1.43137925045028,-0.94643580141753,-2.50995950335459
-1.43089521836538,-0.945342419691501,-2.50958927741566
-1.43041118628048,-0.944249037965473,-2.50921905147674
-1.42992715419558,-0.943155656239444,-2.50884882553782
-1.42944312211067,-0.942062274513416,-2.5084785995989
-1.42895909002577,-0.940968892787388,-2.50810837365998
-1.42847505794087,-0.939875511061359,-2.50773814772106
-1.42799102585596,-0.938782129335331,-2.50736792178213
-1.42750699377106,-0.937688747609302,-2.50699769584321
-1.42702296168616,-0.936595365883274,-2.50662746990429
-1.42652887253979,-0.935521260862312,-2.5062350806687
-1.42603105102652,-0.934454309793441,-2.50583446621194
-1.42553322951324,-0.93338735872457,-2.50543385175518
-1.42503540799997,-0.9323204076557,-2.50503323729842
-1.4245375864867,-0.931253456586829,-2.50463262284167
-1.42403976497343,-0.930186505517958,-2.50423200838491
-1.42354194346016,-0.929119554449087,-2.50383139392815
-1.42304412194689,-0.928052603380216,-2.50343077947139
-1.42254630043362,-0.926985652311346,-2.50303016501463
-1.42204847892035,-0.925918701242475,-2.50262955055787
-1.42155065740708,-0.924851750173604,-2.50222893610111
-1.42105283589381,-0.923784799104733,-2.50182832164436
-1.42055501438053,-0.922717848035863,-2.5014277071876
-1.42005719286726,-0.921650896966992,-2.50102709273084
-1.41955937135399,-0.920583945898121,-2.50062647827408
-1.41906154984072,-0.91951699482925,-2.50022586381732
-1.41856372832745,-0.91845004376038,-2.49982524936056
-1.41806590681418,-0.917383092691509,-2.4994246349038
-1.41756808530091,-0.916316141622638,-2.49902402044705
-1.41707026378764,-0.915249190553767,-2.49862340599029
-1.41657244227437,-0.914182239484897,-2.49822279153353
-1.4160746207611,-0.913115288416026,-2.49782217707677
-1.41557679924782,-0.912048337347155,-2.49742156262001
-1.41507451793501,-0.910990347417819,-2.49701060362114
-1.41456383137794,-0.909949246266946,-2.49658014858837
-1.41405314482087,-0.908908145116073,-2.4961496935556
-1.4135424582638,-0.9078670439652,-2.49571923852284
-1.41303177170673,-0.906825942814327,-2.49528878349007
-1.41252108514966,-0.905784841663454,-2.49485832845731
-1.41201039859259,-0.904743740512581,-2.49442787342454
-1.41149971203552,-0.903702639361708,-2.49399741839177
-1.41098902547845,-0.902661538210835,-2.49356696335901
-1.41047833892138,-0.901620437059962,-2.49313650832624
-1.40996765236431,-0.900579335909088,-2.49270605329348
-1.40945696580724,-0.899538234758215,-2.49227559826071
-1.40894627925017,-0.898497133607342,-2.49184514322794
-1.4084355926931,-0.897456032456469,-2.49141468819518
-1.40792490613603,-0.896414931305596,-2.49098423316241
-1.40741421957896,-0.895373830154723,-2.49055377812965
-1.40690353302189,-0.89433272900385,-2.49012332309688
-1.40639284646482,-0.893291627852977,-2.48969286806411
-1.40588215990775,-0.892250526702104,-2.48926241303135
-1.40537147335068,-0.891209425551231,-2.48883195799858
-1.40486078679361,-0.890168324400358,-2.48840150296581
-1.40435010023654,-0.889127223249484,-2.48797104793305
-1.40383941367947,-0.888086122098611,-2.48754059290028
-1.4033287271224,-0.887045020947738,-2.48711013786752
-1.40280615957836,-0.886029026911964,-2.48665065540989
-1.40228314820866,-0.885013970776554,-2.48619008860496
-1.40176013683896,-0.883998914641145,-2.48572952180003
-1.40123712546926,-0.882983858505735,-2.48526895499511
-1.40071411409956,-0.881968802370326,-2.48480838819018
-1.40019110272986,-0.880953746234916,-2.48434782138525
-1.39966809136016,-0.879938690099506,-2.48388725458033
-1.39914507999046,-0.878923633964097,-2.4834266877754
-1.39862206862076,-0.877908577828687,-2.48296612097047
-1.39809905725106,-0.876893521693278,-2.48250555416555
-1.39757604588136,-0.875878465557868,-2.48204498736062
-1.39705303451166,-0.874863409422459,-2.48158442055569
-1.39653002314196,-0.873848353287049,-2.48112385375076
-1.39600701177226,-0.872833297151639,-2.48066328694584
-1.39548400040256,-0.87181824101623,-2.48020272014091
-1.39496098903286,-0.87080318488082,-2.47974215333598
-1.39443797766316,-0.869788128745411,-2.47928158653106
-1.39391496629346,-0.868773072610001,-2.47882101972613
-1.39339195492376,-0.867758016474591,-2.4783604529212
-1.39286894355406,-0.866742960339182,-2.47789988611628
-1.39234593218436,-0.865727904203772,-2.47743931931135
-1.39182292081466,-0.864712848068363,-2.47697875250642
-1.39129990944496,-0.863697791932953,-2.4765181857015
-1.39077689807526,-0.862682735797544,-2.47605761889657
-1.39025218068399,-0.86167148454116,-2.47559266043974
-1.38971741955225,-0.860682633480593,-2.47510184732052
-1.38918265842052,-0.859693782420025,-2.47461103420131
-1.38864789728878,-0.858704931359458,-2.4741202210821
-1.38811313615705,-0.85771608029889,-2.47362940796288
-1.38757837502531,-0.856727229238323,-2.47313859484367
-1.38704361389358,-0.855738378177756,-2.47264778172445
-1.38650885276185,-0.854749527117188,-2.47215696860524
-1.38597409163011,-0.853760676056621,-2.47166615548603
-1.38543933049838,-0.852771824996053,-2.47117534236681
-1.38490456936664,-0.851782973935486,-2.4706845292476
-1.38436980823491,-0.850794122874919,-2.47019371612838
-1.38383504710317,-0.849805271814351,-2.46970290300917
-1.38330028597144,-0.848816420753784,-2.46921208988996
-1.38276552483971,-0.847827569693216,-2.46872127677074
-1.38223076370797,-0.846838718632649,-2.46823046365153
-1.38169600257624,-0.845849867572081,-2.46773965053231
-1.3811612414445,-0.844861016511514,-2.4672488374131
-1.38062648031277,-0.843872165450947,-2.46675802429389
-1.38009171918103,-0.842883314390379,-2.46626721117467
-1.3795569580493,-0.841894463329812,-2.46577639805546
-1.37902219691757,-0.840905612269244,-2.46528558493624
-1.37848743578583,-0.839916761208677,-2.46479477181703
-1.3779526746541,-0.83892791014811,-2.46430395869782
-1.37741791352236,-0.837939059087542,-2.4638131455786
-1.37687961859602,-0.836958560626209,-2.46331272983228
-1.37633403099634,-0.835995299379991,-2.4627924971949
-1.37578844339666,-0.835032038133774,-2.46227226455751
-1.37524285579698,-0.834068776887557,-2.46175203192013
-1.3746972681973,-0.83310551564134,-2.46123179928274
-1.37415168059761,-0.832142254395122,-2.46071156664536
-1.37360609299793,-0.831178993148905,-2.46019133400797
-1.37306050539825,-0.830215731902687,-2.45967110137059
-1.37251491779857,-0.82925247065647,-2.4591508687332
-1.37196933019889,-0.828289209410253,-2.45863063609582
-1.3714237425992,-0.827325948164036,-2.45811040345843
-1.37087815499952,-0.826362686917818,-2.45759017082105
-1.37033256739984,-0.825399425671601,-2.45706993818366
-1.36978697980016,-0.824436164425384,-2.45654970554628
-1.36924139220048,-0.823472903179166,-2.45602947290889
-1.36869580460079,-0.822509641932949,-2.45550924027151
-1.36815021700111,-0.821546380686732,-2.45498900763412
-1.36760462940143,-0.820583119440514,-2.45446877499674
-1.36705904180175,-0.819619858194297,-2.45394854235935
-1.36651345420207,-0.81865659694808,-2.45342830972197
-1.36596786660238,-0.817693335701862,-2.45290807708458
-1.3654222790027,-0.816730074455645,-2.4523878444472
-1.36487669140302,-0.815766813209428,-2.45186761180981
-1.36433110380334,-0.81480355196321,-2.45134737917243
-1.36378551620366,-0.813840290716993,-2.45082714653504
-1.363234883179,-0.812889713249887,-2.45029241893123
-1.36267935601521,-0.811951439241859,-2.44974363098904
-1.36212382885141,-0.811013165233832,-2.44919484304685
-1.36156830168762,-0.810074891225804,-2.44864605510465
-1.36101277452383,-0.809136617217776,-2.44809726716246
-1.36045724736004,-0.808198343209748,-2.44754847922027
-1.35990172019624,-0.80726006920172,-2.44699969127808
-1.35934619303245,-0.806321795193693,-2.44645090333588
-1.35879066586866,-0.805383521185665,-2.44590211539369
-1.35823513870487,-0.804445247177637,-2.4453533274515
-1.35767961154107,-0.803506973169609,-2.4448045395093
-1.35712408437728,-0.802568699161582,-2.44425575156711
-1.35656855721349,-0.801630425153554,-2.44370696362492
-1.3560130300497,-0.800692151145526,-2.44315817568273
-1.3554575028859,-0.799753877137498,-2.44260938774053
-1.35490197572211,-0.798815603129471,-2.44206059979834
-1.35434644855832,-0.797877329121443,-2.44151181185615
-1.35379092139453,-0.796939055113415,-2.44096302391396
-1.35323539423073,-0.796000781105387,-2.44041423597176
-1.35267986706694,-0.79506250709736,-2.43986544802957
-1.35212433990315,-0.794124233089332,-2.43931666008738
-1.35156881273936,-0.793185959081304,-2.43876787214519
-1.35101328557556,-0.792247685073276,-2.43821908420299
-1.35045775841177,-0.791309411065249,-2.4376702962608
-1.34990223124798,-0.790371137057221,-2.43712150831861
-1.34934042487063,-0.789449720389908,-2.43655361640945
-1.34877578177203,-0.788535919258555,-2.43597709401997
-1.34821113867343,-0.787622118127202,-2.43540057163049
-1.34764649557484,-0.78670831699585,-2.43482404924101
-1.34708185247624,-0.785794515864497,-2.43424752685152
-1.34651720937764,-0.784880714733145,-2.43367100446204
-1.34595256627904,-0.783966913601792,-2.43309448207256
-1.34538792318044,-0.783053112470439,-2.43251795968308
-1.34482328008184,-0.782139311339087,-2.43194143729359
-1.34425863698325,-0.781225510207734,-2.43136491490411
-1.34369399388465,-0.780311709076382,-2.43078839251463
-1.34312935078605,-0.779397907945029,-2.43021187012515
-1.34256470768745,-0.778484106813677,-2.42963534773567
-1.34200006458885,-0.777570305682324,-2.42905882534618
-1.34143542149026,-0.776656504550971,-2.4284823029567
-1.34087077839166,-0.775742703419619,-2.42790578056722
-1.34030613529306,-0.774828902288266,-2.42732925817774
-1.33974149219446,-0.773915101156914,-2.42675273578825
-1.33917684909586,-0.773001300025561,-2.42617621339877
-1.33861220599726,-0.772087498894209,-2.42559969100929
-1.33804756289867,-0.771173697762856,-2.42502316861981
-1.33748291980007,-0.770259896631503,-2.42444664623032
-1.33691827670147,-0.769346095500151,-2.42387012384084
-1.33635363360287,-0.768432294368798,-2.42329360145136
-1.33578899050427,-0.767518493237446,-2.42271707906188
-1.33521840650968,-0.766621799787581,-2.42212138704896
-1.33464544069876,-0.765731965127208,-2.42151800957547
-1.33407247488785,-0.764842130466834,-2.42091463210197
-1.33349950907693,-0.763952295806461,-2.42031125462847
-1.33292654326602,-0.763062461146088,-2.41970787715497
-1.3323535774551,-0.762172626485715,-2.41910449968148
-1.33178061164419,-0.761282791825342,-2.41850112220798
-1.33120764583327,-0.760392957164969,-2.41789774473448
-1.33063468002235,-0.759503122504596,-2.41729436726098
-1.33006171421144,-0.758613287844223,-2.41669098978749
-1.32948874840052,-0.75772345318385,-2.41608761231399
-1.32891578258961,-0.756833618523477,-2.41548423484049
-1.32834281677869,-0.755943783863104,-2.41488085736699
-1.32776985096777,-0.75505394920273,-2.41427747989349
-1.32719688515686,-0.754164114542357,-2.41367410242
-1.32662391934594,-0.753274279881984,-2.4130707249465
-1.32605095353503,-0.752384445221611,-2.412467347473
-1.32547798772411,-0.751494610561238,-2.4118639699995
-1.32490502191319,-0.750604775900865,-2.41126059252601
-1.32433205610228,-0.749714941240492,-2.41065721505251
-1.32375909029136,-0.748825106580119,-2.41005383757901
-1.32318612448045,-0.747935271919746,-2.40945046010551
-1.32261315866953,-0.747045437259373,-2.40884708263202
-1.32204019285862,-0.746155602598999,-2.40824370515852
-1.3214672270477,-0.745265767938626,-2.40764032768502
-1.32088869573292,-0.744393217437225,-2.40701784064724
-1.32030819693124,-0.743526777138471,-2.40638859809937
-1.31972769812956,-0.742660336839717,-2.4057593555515
-1.31914719932787,-0.741793896540963,-2.40513011300364
-1.31856670052619,-0.740927456242209,-2.40450087045577
-1.31798620172451,-0.740061015943456,-2.4038716279079
-1.31740570292282,-0.739194575644702,-2.40324238536004
-1.31682520412114,-0.738328135345948,-2.40261314281217
-1.31624470531946,-0.737461695047194,-2.4019839002643
-1.31566420651778,-0.73659525474844,-2.40135465771643
-1.31508370771609,-0.735728814449686,-2.40072541516857
-1.31450320891441,-0.734862374150932,-2.4000961726207
-1.31392271011273,-0.733995933852178,-2.39946693007283
-1.31334221131104,-0.733129493553424,-2.39883768752496
-1.31276171250936,-0.73226305325467,-2.3982084449771
-1.31218121370768,-0.731396612955916,-2.39757920242923
-1.311600714906,-0.730530172657162,-2.39694995988136
-1.31102021610431,-0.729663732358409,-2.39632071733349
-1.31043971730263,-0.728797292059655,-2.39569147478563
-1.30985921850095,-0.727930851760901,-2.39506223223776
-1.30927871969926,-0.727064411462147,-2.39443298968989
-1.30869822089758,-0.726197971163393,-2.39380374714202
-1.3081177220959,-0.725331530864639,-2.39317450459416
-1.30753722329422,-0.724465090565885,-2.39254526204629
-1.30695672449253,-0.723598650267131,-2.39191601949842
-1.30637105033852,-0.722749651185362,-2.39126778710438
-1.30578377589512,-0.721906045165298,-2.39061368279141
-1.30519650145173,-0.721062439145234,-2.38995957847843
-1.30460922700833,-0.720218833125171,-2.38930547416546
-1.30402195256493,-0.719375227105107,-2.38865136985248
-1.30343467812153,-0.718531621085044,-2.38799726553951
-1.30284740367813,-0.71768801506498,-2.38734316122654
-1.30226012923474,-0.716844409044916,-2.38668905691356
-1.30167285479134,-0.716000803024853,-2.38603495260059
-1.30108558034794,-0.715157197004789,-2.38538084828762
-1.30049830590454,-0.714313590984726,-2.38472674397464
-1.29991103146114,-0.713469984964662,-2.38407263966167
-1.29932375701774,-0.712626378944598,-2.38341853534869
-1.29873648257435,-0.711782772924535,-2.38276443103572
-1.29814920813095,-0.710939166904471,-2.38211032672275
-1.29756193368755,-0.710095560884408,-2.38145622240977
-1.29697465924415,-0.709251954864344,-2.3808021180968
-1.29638738480075,-0.70840834884428,-2.38014801378383
-1.29580011035736,-0.707564742824217,-2.37949390947085
-1.29521283591396,-0.706721136804153,-2.37883980515788
-1.29462556147056,-0.705877530784089,-2.3781857008449
-1.29403828702716,-0.705033924764026,-2.37753159653193
-1.29345101258376,-0.704190318743962,-2.37687749221896
-1.29286373814037,-0.703346712723899,-2.37622338790598
-1.29227646369697,-0.702503106703835,-2.37556928359301
-1.29168439678804,-0.70167715735976,-2.37489629113591
-1.29109104683697,-0.700855935073039,-2.37421824193197
-1.29049769688589,-0.700034712786317,-2.37354019272804
-1.28990434693482,-0.699213490499595,-2.3728621435241
-1.28931099698375,-0.698392268212874,-2.37218409432016
-1.28871764703267,-0.697571045926152,-2.37150604511622
-1.2881242970816,-0.69674982363943,-2.37082799591228
-1.28753094713053,-0.695928601352709,-2.37014994670834
-1.28693759717945,-0.695107379065987,-2.3694718975044
-1.28634424722838,-0.694286156779266,-2.36879384830046
-1.28575089727731,-0.693464934492544,-2.36811579909652
-1.28515754732624,-0.692643712205822,-2.36743774989258
-1.28456419737516,-0.691822489919101,-2.36675970068864
-1.28397084742409,-0.691001267632379,-2.3660816514847
-1.28337749747302,-0.690180045345658,-2.36540360228077
-1.28278414752194,-0.689358823058936,-2.36472555307683
-1.28219079757087,-0.688537600772214,-2.36404750387289
-1.2815974476198,-0.687716378485493,-2.36336945466895
-1.28100409766872,-0.686895156198771,-2.36269140546501
-1.28041074771765,-0.68607393391205,-2.36201335626107
-1.27981739776658,-0.685252711625328,-2.36133530705713
-1.27922404781551,-0.684431489338606,-2.36065725785319
-1.27863069786443,-0.683610267051885,-2.35997920864925
-1.27803734791336,-0.682789044765163,-2.35930115944531
-1.27744399796229,-0.681967822478441,-2.35862311024137
-1.27684745308297,-0.681159579579166,-2.35793145830976
-1.27624870276308,-0.680360296276332,-2.35723041649353
-1.27564995244319,-0.679561012973499,-2.3565293746773
-1.2750512021233,-0.678761729670665,-2.35582833286107
-1.27445245180341,-0.677962446367831,-2.35512729104484
-1.27385370148352,-0.677163163064998,-2.3544262492286
-1.27325495116363,-0.676363879762164,-2.35372520741237
-1.27265620084374,-0.67556459645933,-2.35302416559614
-1.27205745052385,-0.674765313156497,-2.35232312377991
-1.27145870020396,-0.673966029853663,-2.35162208196368
-1.27085994988407,-0.67316674655083,-2.35092104014745
-1.27026119956418,-0.672367463247996,-2.35021999833122
-1.26966244924429,-0.671568179945163,-2.34951895651499
-1.26906369892441,-0.670768896642329,-2.34881791469876
-1.26846494860452,-0.669969613339496,-2.34811687288253
-1.26786619828463,-0.669170330036662,-2.3474158310663
-1.26726744796474,-0.668371046733829,-2.34671478925007
-1.26666869764485,-0.667571763430995,-2.34601374743384
-1.26606994732496,-0.666772480128161,-2.34531270561761
-1.26547119700507,-0.665973196825328,-2.34461166380138
-1.26487244668518,-0.665173913522494,-2.34391062198515
-1.26427369636529,-0.664374630219661,-2.34320958016891
-1.2636749460454,-0.663575346916827,-2.34250853835268
-1.26307619572551,-0.662776063613993,-2.34180749653645
-1.26247744540562,-0.66197678031116,-2.34110645472022
-1.26187683092048,-0.661185939409456,-2.34039676400901
-1.26127335411893,-0.660408061319672,-2.33967379342666
-1.26066987731737,-0.659630183229888,-2.33895082284431
-1.26006640051581,-0.658852305140104,-2.33822785226197
-1.25946292371425,-0.65807442705032,-2.33750488167962
-1.25885944691269,-0.657296548960537,-2.33678191109728
-1.25825597011113,-0.656518670870753,-2.33605894051493
-1.25765249330957,-0.655740792780969,-2.33533596993259
-1.25704901650801,-0.654962914691185,-2.33461299935024
-1.25644553970645,-0.654185036601401,-2.33389002876789
-1.25584206290489,-0.653407158511618,-2.33316705818555
-1.25523858610333,-0.652629280421834,-2.3324440876032
-1.25463510930177,-0.65185140233205,-2.33172111702086
-1.25403163250021,-0.651073524242266,-2.33099814643851
-1.25342815569865,-0.650295646152482,-2.33027517585617
-1.25282467889709,-0.649517768062699,-2.32955220527382
-1.25222120209553,-0.648739889972915,-2.32882923469147
-1.25161772529397,-0.647962011883131,-2.32810626410913
-1.25101424849242,-0.647184133793347,-2.32738329352678
-1.25041077169086,-0.646406255703563,-2.32666032294444
-1.2498072948893,-0.64562837761378,-2.32593735236209
-1.24920381808774,-0.644850499523996,-2.32521438177975
-1.24860034128618,-0.644072621434212,-2.3244914111974
-1.24799686448462,-0.643294743344428,-2.32376844061505
-1.24739338768306,-0.642516865254644,-2.32304547003271
-1.24678910598925,-0.64174310536437,-2.32231838412886
-1.24618154767349,-0.640986110181365,-2.32157454523378
-1.24557398935774,-0.64022911499836,-2.32083070633869
-1.24496643104198,-0.639472119815355,-2.32008686744361
-1.24435887272622,-0.63871512463235,-2.31934302854852
-1.24375131441046,-0.637958129449345,-2.31859918965344
-1.2431437560947,-0.63720113426634,-2.31785535075836
-1.24253619777894,-0.636444139083334,-2.31711151186327
-1.24192863946319,-0.635687143900329,-2.31636767296819
-1.24132108114743,-0.634930148717324,-2.3156238340731
-1.24071352283167,-0.634173153534319,-2.31487999517802
-1.24010596451591,-0.633416158351314,-2.31413615628294
-1.23949840620015,-0.632659163168309,-2.31339231738785
-1.2388908478844,-0.631902167985304,-2.31264847849277
-1.23828328956864,-0.631145172802299,-2.31190463959768
-1.23767573125288,-0.630388177619293,-2.3111608007026
-1.23706817293712,-0.629631182436288,-2.31041696180752
-1.23646061462136,-0.628874187253283,-2.30967312291243
-1.2358530563056,-0.628117192070278,-2.30892928401735
-1.23524549798985,-0.627360196887273,-2.30818544512227
-1.23463793967409,-0.626603201704268,-2.30744160622718
-1.23403038135833,-0.625846206521263,-2.3066977673321
-1.23342282304257,-0.625089211338257,-2.30595392843701
-1.23281526472681,-0.624332216155252,-2.30521008954193
-1.23220770641106,-0.623575220972247,-2.30446625064685
-1.2316001480953,-0.622818225789242,-2.30372241175176
