-0.649539814572868,-0.829967540843109,-1.08256635762145
-0.649709905020057,-0.829080353469326,-1.08257476303728
-0.649879995467246,-0.828193166095543,-1.08258316845311
-0.650050085914435,-0.82730597872176,-1.08259157386895
-0.650220176361625,-0.826418791347977,-1.08259997928478
-0.650390266808814,-0.825531603974194,-1.08260838470061
-0.650560357256003,-0.824644416600411,-1.08261679011644
-0.650730447703192,-0.823757229226628,-1.08262519553228
-0.650900538150382,-0.822870041852845,-1.08263360094811
-0.651070628597571,-0.821982854479062,-1.08264200636394
-0.65124071904476,-0.821095667105279,-1.08265041177978
-0.651410809491949,-0.820208479731496,-1.08265881719561
-0.651580899939139,-0.819321292357714,-1.08266722261144
-0.651750990386328,-0.818434104983931,-1.08267562802728
-0.651921080833517,-0.817546917610148,-1.08268403344311
-0.652091171280706,-0.816659730236365,-1.08269243885894
-0.652261261727895,-0.815772542862582,-1.08270084427478
-0.652431352175085,-0.814885355488799,-1.08270924969061
-0.652601442622274,-0.813998168115016,-1.08271765510644
-0.652771533069463,-0.813110980741233,-1.08272606052228
-0.65293665202162,-0.812227923474401,-1.08273806040649
-0.653086205352162,-0.81135779746499,-1.08276131447769
-0.653235758682705,-0.810487671455579,-1.08278456854888
-0.653385312013247,-0.809617545446168,-1.08280782262008
-0.65353486534379,-0.808747419436757,-1.08283107669128
-0.653684418674332,-0.807877293427346,-1.08285433076248
-0.653833972004874,-0.807007167417935,-1.08287758483368
-0.653983525335417,-0.806137041408524,-1.08290083890488
-0.654133078665959,-0.805266915399113,-1.08292409297608
-0.654282631996502,-0.804396789389702,-1.08294734704727
-0.654432185327044,-0.803526663380291,-1.08297060111847
-0.654581738657587,-0.80265653737088,-1.08299385518967
-0.654731291988129,-0.801786411361469,-1.08301710926087
-0.654880845318671,-0.800916285352058,-1.08304036333207
-0.655030398649214,-0.800046159342647,-1.08306361740327
-0.655179951979756,-0.799176033333236,-1.08308687147446
-0.655329505310299,-0.798305907323825,-1.08311012554566
-0.655479058640841,-0.797435781314414,-1.08313337961686
-0.655628611971384,-0.796565655305003,-1.08315663368806
-0.655778165301926,-0.795695529295592,-1.08317988775926
-0.655918130645657,-0.794833520863769,-1.08320898262749
-0.656047880114157,-0.793980161605277,-1.083244300789
-0.656177629582656,-0.793126802346786,-1.0832796189505
-0.656307379051156,-0.792273443088295,-1.083314937112
-0.656437128519655,-0.791420083829803,-1.08335025527351
-0.656566877988155,-0.790566724571312,-1.08338557343501
-0.656696627456654,-0.789713365312821,-1.08342089159651
-0.656826376925153,-0.788860006054329,-1.08345620975802
-0.656956126393653,-0.788006646795838,-1.08349152791952
-0.657085875862152,-0.787153287537347,-1.08352684608103
-0.657215625330652,-0.786299928278855,-1.08356216424253
-0.657345374799151,-0.785446569020364,-1.08359748240403
-0.65747512426765,-0.784593209761873,-1.08363280056554
-0.65760487373615,-0.783739850503381,-1.08366811872704
-0.657734623204649,-0.78288649124489,-1.08370343688854
-0.657864372673149,-0.782033131986399,-1.08373875505005
-0.657994122141648,-0.781179772727907,-1.08377407321155
-0.658123871610147,-0.780326413469416,-1.08380939137305
-0.658253621078647,-0.779473054210924,-1.08384470953456
-0.658383370547146,-0.778619694952433,-1.08388002769606
-0.658499256274742,-0.777778301240766,-1.08392223851131
-0.658609915492238,-0.77694141843649,-1.08396704779725
-0.658720574709735,-0.776104535632214,-1.08401185708318
-0.658831233927231,-0.775267652827939,-1.08405666636912
-0.658941893144727,-0.774430770023663,-1.08410147565506
-0.659052552362223,-0.773593887219387,-1.084146284941
-0.65916321157972,-0.772757004415112,-1.08419109422693
-0.659273870797216,-0.771920121610836,-1.08423590351287
-0.659384530014712,-0.771083238806561,-1.08428071279881
-0.659495189232208,-0.770246356002285,-1.08432552208474
-0.659605848449704,-0.769409473198009,-1.08437033137068
-0.659716507667201,-0.768572590393734,-1.08441514065662
-0.659827166884697,-0.767735707589458,-1.08445994994256
-0.659937826102193,-0.766898824785182,-1.08450475922849
-0.660048485319689,-0.766061941980907,-1.08454956851443
-0.660159144537186,-0.765225059176631,-1.08459437780037
-0.660269803754682,-0.764388176372356,-1.08463918708631
-0.660380462972178,-0.76355129356808,-1.08468399637224
-0.660491122189674,-0.762714410763804,-1.08472880565818
-0.66060178140717,-0.761877527959529,-1.08477361494412
-0.660694627616856,-0.761056322296756,-1.08482533198958
-0.660786890566386,-0.760235629958408,-1.08487727521924
-0.660879153515917,-0.759414937620061,-1.08492921844889
-0.660971416465447,-0.758594245281713,-1.08498116167855
-0.661063679414977,-0.757773552943365,-1.08503310490821
-0.661155942364507,-0.756952860605017,-1.08508504813787
-0.661248205314038,-0.756132168266669,-1.08513699136753
-0.661340468263568,-0.755311475928321,-1.08518893459718
-0.661432731213098,-0.754490783589973,-1.08524087782684
-0.661524994162628,-0.753670091251626,-1.0852928210565
-0.661617257112159,-0.752849398913278,-1.08534476428616
-0.661709520061689,-0.75202870657493,-1.08539670751582
-0.661801783011219,-0.751208014236582,-1.08544865074547
-0.66189404596075,-0.750387321898234,-1.08550059397513
-0.66198630891028,-0.749566629559886,-1.08555253720479
-0.66207857185981,-0.748745937221538,-1.08560448043445
-0.66217083480934,-0.747925244883191,-1.0856564236641
-0.662263097758871,-0.747104552544843,-1.08570836689376
-0.662355360708401,-0.746283860206495,-1.08576031012342
-0.662443895483093,-0.745466514575409,-1.08581330613337
-0.66251843630117,-0.744661731036566,-1.08587025382539
-0.662592977119247,-0.743856947497722,-1.08592720151741
-0.662667517937324,-0.743052163958879,-1.08598414920944
-0.662742058755401,-0.742247380420036,-1.08604109690146
-0.662816599573478,-0.741442596881193,-1.08609804459349
-0.662891140391555,-0.740637813342349,-1.08615499228551
-0.662965681209633,-0.739833029803506,-1.08621193997753
-0.66304022202771,-0.739028246264663,-1.08626888766956
-0.663114762845787,-0.73822346272582,-1.08632583536158
-0.663189303663864,-0.737418679186976,-1.08638278305361
-0.663263844481941,-0.736613895648133,-1.08643973074563
-0.663338385300018,-0.73580911210929,-1.08649667843765
-0.663412926118095,-0.735004328570447,-1.08655362612968
-0.663487466936172,-0.734199545031603,-1.0866105738217
-0.66356200775425,-0.73339476149276,-1.08666752151372
-0.663636548572327,-0.732589977953917,-1.08672446920575
-0.663711089390404,-0.731785194415074,-1.08678141689777
-0.663785630208481,-0.73098041087623,-1.0868383645898
-0.663860171026558,-0.730175627337387,-1.08689531228182
-0.663926990291656,-0.729377916064329,-1.08695364081804
-0.66398446471567,-0.728588763846688,-1.08701364049082
-0.664041939139684,-0.727799611629047,-1.08707364016361
-0.664099413563698,-0.727010459411406,-1.0871336398364
-0.664156887987712,-0.726221307193765,-1.08719363950919
-0.664214362411726,-0.725432154976124,-1.08725363918197
-0.66427183683574,-0.724643002758482,-1.08731363885476
-0.664329311259753,-0.723853850540842,-1.08737363852755
-0.664386785683767,-0.723064698323201,-1.08743363820033
-0.664444260107781,-0.72227554610556,-1.08749363787312
-0.664501734531795,-0.721486393887919,-1.08755363754591
-0.664559208955809,-0.720697241670277,-1.08761363721869
-0.664616683379823,-0.719908089452637,-1.08767363689148
-0.664674157803837,-0.719118937234996,-1.08773363656427
-0.664731632227851,-0.718329785017354,-1.08779363623705
-0.664789106651865,-0.717540632799713,-1.08785363590984
-0.664846581075879,-0.716751480582072,-1.08791363558263
-0.664904055499893,-0.715962328364432,-1.08797363525541
-0.664961529923907,-0.71517317614679,-1.0880336349282
-0.665019004347921,-0.714384023929149,-1.08809363460099
-0.665065068932316,-0.713605538064291,-1.08815450923403
-0.665106114871403,-0.712831743820274,-1.08821576872042
-0.66514716081049,-0.712057949576258,-1.08827702820682
-0.665188206749577,-0.711284155332241,-1.08833828769322
-0.665229252688665,-0.710510361088224,-1.08839954717962
-0.665270298627752,-0.709736566844207,-1.08846080666602
-0.665311344566839,-0.70896277260019,-1.08852206615242
-0.665352390505926,-0.708188978356174,-1.08858332563882
-0.665393436445013,-0.707415184112157,-1.08864458512522
-0.6654344823841,-0.70664138986814,-1.08870584461162
-0.665475528323187,-0.705867595624123,-1.08876710409802
-0.665516574262274,-0.705093801380106,-1.08882836358442
-0.665557620201361,-0.70432000713609,-1.08888962307082
-0.665598666140448,-0.703546212892073,-1.08895088255722
-0.665639712079535,-0.702772418648056,-1.08901214204362
-0.665680758018622,-0.701998624404039,-1.08907340153002
-0.665721803957709,-0.701224830160022,-1.08913466101642
-0.665762849896796,-0.700451035916006,-1.08919592050282
-0.665803895835883,-0.699677241671989,-1.08925717998922
-0.66584494177497,-0.698903447427972,-1.08931843947562
-0.665870775589375,-0.698144178496381,-1.08937931579701
-0.665895579484319,-0.697385892984413,-1.08944016617665
-0.665920383379263,-0.696627607472446,-1.08950101655629
-0.665945187274207,-0.695869321960478,-1.08956186693593
-0.665969991169151,-0.69511103644851,-1.08962271731558
-0.665994795064095,-0.694352750936543,-1.08968356769522
-0.666019598959039,-0.693594465424575,-1.08974441807486
-0.666044402853982,-0.692836179912608,-1.0898052684545
-0.666069206748926,-0.69207789440064,-1.08986611883414
-0.666094010643871,-0.691319608888673,-1.08992696921379
-0.666118814538814,-0.690561323376705,-1.08998781959343
-0.666143618433758,-0.689803037864738,-1.09004866997307
-0.666168422328702,-0.68904475235277,-1.09010952035271
-0.666193226223646,-0.688286466840803,-1.09017037073236
-0.66621803011859,-0.687528181328835,-1.090231221112
-0.666242834013534,-0.686769895816868,-1.09029207149164
-0.666267637908478,-0.6860116103049,-1.09035292187128
-0.666292441803422,-0.685253324792933,-1.09041377225093
-0.666317245698366,-0.684495039280965,-1.09047462263057
-0.66634204959331,-0.683736753768998,-1.09053547301021
-0.666365806785404,-0.682979489837956,-1.09059619225769
-0.666374582628459,-0.682236847688471,-1.09065503462416
-0.666383358471513,-0.681494205538987,-1.09071387699062
-0.666392134314567,-0.680751563389502,-1.09077271935709
-0.666400910157621,-0.680008921240017,-1.09083156172356
-0.666409686000676,-0.679266279090532,-1.09089040409003
-0.66641846184373,-0.678523636941047,-1.09094924645649
-0.666427237686784,-0.677780994791563,-1.09100808882296
-0.666436013529839,-0.677038352642078,-1.09106693118943
-0.666444789372893,-0.676295710492593,-1.09112577355589
-0.666453565215947,-0.675553068343108,-1.09118461592236
-0.666462341059001,-0.674810426193623,-1.09124345828883
-0.666471116902056,-0.674067784044138,-1.0913023006553
-0.66647989274511,-0.673325141894654,-1.09136114302176
-0.666488668588164,-0.672582499745169,-1.09141998538823
-0.666497444431219,-0.671839857595684,-1.0914788277547
-0.666506220274273,-0.671097215446199,-1.09153767012116
-0.666514996117327,-0.670354573296714,-1.09159651248763
-0.666523771960382,-0.669611931147229,-1.0916553548541
-0.666532547803436,-0.668869288997745,-1.09171419722057
-0.66654132364649,-0.66812664684826,-1.09177303958703
-0.666547116163721,-0.667386983365373,-1.0918312086931
-0.666540515589854,-0.666659693618606,-1.09188658099518
-0.666533915015986,-0.665932403871839,-1.09194195329727
-0.666527314442119,-0.665205114125072,-1.09199732559935
-0.666520713868251,-0.664477824378304,-1.09205269790144
-0.666514113294384,-0.663750534631537,-1.09210807020352
-0.666507512720517,-0.66302324488477,-1.09216344250561
-0.666500912146649,-0.662295955138003,-1.09221881480769
-0.666494311572782,-0.661568665391236,-1.09227418710978
-0.666487710998914,-0.660841375644469,-1.09232955941186
-0.666481110425047,-0.660114085897702,-1.09238493171395
-0.666474509851179,-0.659386796150935,-1.09244030401603
-0.666467909277312,-0.658659506404167,-1.09249567631812
-0.666461308703445,-0.6579322166574,-1.0925510486202
-0.666454708129577,-0.657204926910633,-1.09260642092228
-0.66644810755571,-0.656477637163866,-1.09266179322437
-0.666441506981842,-0.655750347417099,-1.09271716552645
-0.666434906407975,-0.655023057670332,-1.09277253782854
-0.666428305834107,-0.654295767923565,-1.09282791013062
-0.66642170526024,-0.653568478176798,-1.09288328243271
-0.666415104686373,-0.65284118843003,-1.09293865473479
-0.666403745790846,-0.652118761031926,-1.09299248039425
-0.666382401461448,-0.651406537370454,-1.09304306039298
-0.66636105713205,-0.650694313708983,-1.09309364039171
-0.666339712802652,-0.649982090047511,-1.09314422039044
-0.666318368473255,-0.64926986638604,-1.09319480038917
-0.666297024143857,-0.648557642724568,-1.0932453803879
-0.666275679814459,-0.647845419063097,-1.09329596038663
-0.666254335485061,-0.647133195401625,-1.09334654038536
-0.666232991155663,-0.646420971740154,-1.09339712038409
-0.666211646826266,-0.645708748078682,-1.09344770038282
-0.666190302496868,-0.644996524417211,-1.09349828038155
-0.66616895816747,-0.64428430075574,-1.09354886038028
-0.666147613838072,-0.643572077094268,-1.09359944037901
-0.666126269508674,-0.642859853432797,-1.09365002037774
-0.666104925179276,-0.642147629771325,-1.09370060037647
-0.666083580849879,-0.641435406109854,-1.0937511803752
-0.666062236520481,-0.640723182448382,-1.09380176037394
-0.666040892191083,-0.640010958786911,-1.09385234037267
-0.666019547861685,-0.639298735125439,-1.0939029203714
-0.665998203532287,-0.638586511463968,-1.09395350037013
-0.66597685920289,-0.637874287802496,-1.09400408036886
-0.665948980115955,-0.637168904235695,-1.09405188824481
-0.665913160740056,-0.636471831968576,-1.09409632775463
-0.665877341364158,-0.635774759701457,-1.09414076726446
-0.665841521988259,-0.635077687434337,-1.09418520677429
-0.66580570261236,-0.634380615167218,-1.09422964628411
-0.665769883236461,-0.633683542900098,-1.09427408579394
-0.665734063860562,-0.632986470632979,-1.09431852530376
-0.665698244484664,-0.63228939836586,-1.09436296481359
-0.665662425108765,-0.63159232609874,-1.09440740432342
-0.665626605732866,-0.630895253831621,-1.09445184383324
-0.665590786356967,-0.630198181564501,-1.09449628334307
-0.665554966981068,-0.629501109297382,-1.0945407228529
-0.665519147605169,-0.628804037030263,-1.09458516236272
-0.665483328229271,-0.628106964763143,-1.09462960187255
-0.665447508853372,-0.627409892496024,-1.09467404138237
-0.665411689477473,-0.626712820228904,-1.0947184808922
-0.665375870101574,-0.626015747961785,-1.09476292040203
-0.665340050725675,-0.625318675694665,-1.09480735991185
-0.665304231349777,-0.624621603427546,-1.09485179942168
-0.665268411973878,-0.623924531160427,-1.09489623893151
-0.665232592597979,-0.623227458893307,-1.09494067844133
-0.66519677322208,-0.622530386626188,-1.09498511795116
-0.665153428674594,-0.621841389621337,-1.09502563242766
-0.665103423741368,-0.621159539876987,-1.09506267293207
-0.665053418808142,-0.620477690132638,-1.09509971343649
-0.665003413874915,-0.619795840388288,-1.09513675394091
-0.664953408941689,-0.619113990643939,-1.09517379444533
-0.664903404008463,-0.61843214089959,-1.09521083494975
-0.664853399075237,-0.61775029115524,-1.09524787545416
-0.664803394142011,-0.617068441410891,-1.09528491595858
-0.664753389208785,-0.616386591666542,-1.095321956463
-0.664703384275559,-0.615704741922192,-1.09535899696742
-0.664653379342333,-0.615022892177843,-1.09539603747183
-0.664603374409107,-0.614341042433494,-1.09543307797625
-0.664553369475881,-0.613659192689144,-1.09547011848067
-0.664503364542654,-0.612977342944795,-1.09550715898509
-0.664453359609428,-0.612295493200446,-1.09554419948951
-0.664403354676202,-0.611613643456096,-1.09558123999392
-0.664353349742976,-0.610931793711747,-1.09561828049834
-0.66430334480975,-0.610249943967397,-1.09565532100276
-0.664253339876524,-0.609568094223048,-1.09569236150718
-0.664203334943298,-0.608886244478699,-1.09572940201159
-0.664153330010071,-0.608204394734349,-1.09576644251601
-0.664103325076845,-0.60752254499,-1.09580348302043
-0.664045060794182,-0.606849790541603,-1.09583540697563
-0.663981505115878,-0.606182863042376,-1.09586405298668
-0.663917949437574,-0.605515935543149,-1.09589269899772
-0.66385439375927,-0.604849008043922,-1.09592134500877
-0.663790838080966,-0.604182080544695,-1.09594999101982
-0.663727282402661,-0.603515153045468,-1.09597863703086
-0.663663726724357,-0.602848225546242,-1.09600728304191
-0.663600171046053,-0.602181298047015,-1.09603592905296
-0.663536615367749,-0.601514370547788,-1.096064575064
-0.663473059689445,-0.600847443048561,-1.09609322107505
-0.663409504011141,-0.600180515549334,-1.09612186708609
-0.663345948332837,-0.599513588050107,-1.09615051309714
-0.663282392654533,-0.598846660550881,-1.09617915910819
-0.663218836976229,-0.598179733051654,-1.09620780511923
-0.663155281297925,-0.597512805552427,-1.09623645113028
-0.66309172561962,-0.5968458780532,-1.09626509714133
-0.663028169941316,-0.596178950553973,-1.09629374315237
-0.662964614263012,-0.595512023054746,-1.09632238916342
-0.662901058584708,-0.59484509555552,-1.09635103517447
-0.662837502906404,-0.594178168056293,-1.09637968118551
-0.6627739472281,-0.593511240557066,-1.09640832719656
-0.662710391549796,-0.592844313057839,-1.0964369732076
-0.662637929107026,-0.592187456940769,-1.09645923403156
-0.662561437776993,-0.591535156514317,-1.09647860657895
-0.662484946446959,-0.590882856087866,-1.09649797912635
-0.662408455116925,-0.590230555661414,-1.09651735167375
-0.662331963786891,-0.589578255234962,-1.09653672422115
-0.662255472456857,-0.58892595480851,-1.09655609676855
-0.662178981126823,-0.588273654382058,-1.09657546931594
-0.662102489796789,-0.587621353955606,-1.09659484186334
-0.662025998466755,-0.586969053529154,-1.09661421441074
-0.661949507136721,-0.586316753102702,-1.09663358695814
-0.661873015806687,-0.58566445267625,-1.09665295950554
-0.661796524476653,-0.585012152249798,-1.09667233205294
-0.661720033146619,-0.584359851823346,-1.09669170460033
-0.661643541816585,-0.583707551396894,-1.09671107714773
-0.661567050486551,-0.583055250970442,-1.09673044969513
-0.661490559156517,-0.58240295054399,-1.09674982224253
-0.661414067826483,-0.581750650117538,-1.09676919478993
-0.661337576496449,-0.581098349691086,-1.09678856733732
-0.661261085166415,-0.580446049264635,-1.09680793988472
-0.661184593836381,-0.579793748838183,-1.09682731243212
-0.661108102506347,-0.579141448411731,-1.09684668497952
-0.661031611176313,-0.578489147985279,-1.09686605752692
-0.660945400892552,-0.577848144619122,-1.09687751212844
-0.660856247672719,-0.577210562045696,-1.09688656914589
-0.660767094452885,-0.576572979472269,-1.09689562616335
-0.660677941233052,-0.575935396898843,-1.09690468318081
-0.660588788013218,-0.575297814325416,-1.09691374019826
-0.660499634793385,-0.57466023175199,-1.09692279721572
-0.660410481573551,-0.574022649178563,-1.09693185423318
-0.660321328353718,-0.573385066605137,-1.09694091125063
-0.660232175133884,-0.572747484031711,-1.09694996826809
-0.660143021914051,-0.572109901458284,-1.09695902528555
-0.660053868694217,-0.571472318884858,-1.096968082303
-0.659964715474384,-0.570834736311432,-1.09697713932046
-0.65987556225455,-0.570197153738005,-1.09698619633792
-0.659786409034717,-0.569559571164579,-1.09699525335537
-0.659697255814883,-0.568921988591152,-1.09700431037283
-0.65960810259505,-0.568284406017726,-1.09701336739029
-0.659518949375216,-0.5676468234443,-1.09702242440774
-0.659429796155383,-0.567009240870873,-1.0970314814252
-0.659340642935549,-0.566371658297447,-1.09704053844266
-0.659251489715716,-0.56573407572402,-1.09704959546011
-0.659162336495882,-0.565096493150594,-1.09705865247757
-0.659073183276049,-0.564458910577168,-1.09706770949503
-0.658984030056215,-0.563821328003741,-1.09707676651248
-0.658886643014707,-0.563193594714655,-1.09707832121323
-0.658785123129635,-0.562570805126442,-1.09707611023838
-0.658683603244562,-0.561948015538229,-1.09707389926354
-0.65858208335949,-0.561325225950017,-1.09707168828869
-0.658480563474417,-0.560702436361804,-1.09706947731384
-0.658379043589345,-0.560079646773591,-1.097067266339
-0.658277523704272,-0.559456857185378,-1.09706505536415
-0.658176003819199,-0.558834067597165,-1.0970628443893
-0.658074483934127,-0.558211278008953,-1.09706063341446
-0.657972964049054,-0.55758848842074,-1.09705842243961
-0.657871444163982,-0.556965698832527,-1.09705621146476
-0.657769924278909,-0.556342909244314,-1.09705400048992
-0.657668404393837,-0.555720119656102,-1.09705178951507
-0.657566884508764,-0.555097330067889,-1.09704957854022
-0.657465364623691,-0.554474540479676,-1.09704736756538
-0.657363844738619,-0.553851750891463,-1.09704515659053
-0.657262324853546,-0.553228961303251,-1.09704294561568
-0.657160804968474,-0.552606171715038,-1.09704073464084
-0.657059285083401,-0.551983382126825,-1.09703852366599
-0.656957765198329,-0.551360592538612,-1.09703631269114
-0.656856245313256,-0.5507378029504,-1.0970341017163
-0.656754725428184,-0.550115013362187,-1.09703189074145
-0.656653205543111,-0.549492223773974,-1.0970296797666
-0.656545058420126,-0.548877602843851,-1.09702078251604
-0.656431788951305,-0.548269295658956,-1.09700671728795
-0.656318519482485,-0.54766098847406,-1.09699265205986
-0.656205250013664,-0.547052681289165,-1.09697858683178
-0.656091980544844,-0.546444374104269,-1.09696452160369
-0.655978711076023,-0.545836066919374,-1.09695045637561
-0.655865441607203,-0.545227759734479,-1.09693639114752
-0.655752172138383,-0.544619452549583,-1.09692232591943
-0.655638902669562,-0.544011145364688,-1.09690826069135
-0.655525633200742,-0.543402838179792,-1.09689419546326
-0.655412363731922,-0.542794530994897,-1.09688013023517
-0.655299094263101,-0.542186223810002,-1.09686606500709
-0.655185824794281,-0.541577916625106,-1.096851999779
-0.65507255532546,-0.540969609440211,-1.09683793455091
-0.65495928585664,-0.540361302255315,-1.09682386932283
-0.65484601638782,-0.53975299507042,-1.09680980409474
-0.654732746918999,-0.539144687885525,-1.09679573886665
-0.654619477450179,-0.538536380700629,-1.09678167363857
-0.654506207981358,-0.537928073515734,-1.09676760841048
-0.654392938512538,-0.537319766330838,-1.0967535431824
-0.654279669043718,-0.536711459145943,-1.09673947795431
-0.654166399574897,-0.536103151961048,-1.09672541272622
-0.654053130106077,-0.535494844776152,-1.09671134749814
-0.653934704883139,-0.53489309144682,-1.09669157506951
-0.65381028235656,-0.534298961728106,-1.09666516388082
-0.653685859829982,-0.533704832009392,-1.09663875269213
-0.653561437303403,-0.533110702290678,-1.09661234150344
-0.653437014776824,-0.532516572571964,-1.09658593031475
-0.653312592250246,-0.53192244285325,-1.09655951912607
-0.653188169723667,-0.531328313134536,-1.09653310793738
-0.653063747197088,-0.530734183415822,-1.09650669674869
-0.652939324670509,-0.530140053697109,-1.09648028556
-0.652814902143931,-0.529545923978395,-1.09645387437131
-0.652690479617352,-0.528951794259681,-1.09642746318262
-0.652566057090773,-0.528357664540967,-1.09640105199393
-0.652441634564194,-0.527763534822253,-1.09637464080524
-0.652317212037616,-0.527169405103539,-1.09634822961655
-0.652192789511037,-0.526575275384825,-1.09632181842786
-0.652068366984458,-0.525981145666111,-1.09629540723917
-0.651943944457879,-0.525387015947397,-1.09626899605048
-0.651819521931301,-0.524792886228683,-1.09624258486179
-0.651695099404722,-0.524198756509969,-1.0962161736731
-0.651570676878143,-0.523604626791255,-1.09618976248441
-0.651446254351564,-0.523010497072541,-1.09616335129572
-0.651321831824986,-0.522416367353827,-1.09613694010703
-0.651197409298407,-0.521822237635113,-1.09611052891834
-0.65106906845625,-0.521233252263506,-1.09607939107559
-0.650933776971581,-0.520653392373749,-1.09603986869056
-0.650798485486913,-0.520073532483991,-1.09600034630553
-0.650663194002244,-0.519493672594234,-1.0959608239205
-0.650527902517575,-0.518913812704476,-1.09592130153547
-0.650392611032907,-0.518333952814719,-1.09588177915044
-0.650257319548238,-0.517754092924961,-1.09584225676541
-0.65012202806357,-0.517174233035203,-1.09580273438038
-0.649986736578901,-0.516594373145446,-1.09576321199534
-0.649851445094233,-0.516014513255688,-1.09572368961031
-0.649716153609564,-0.515434653365931,-1.09568416722528
-0.649580862124895,-0.514854793476173,-1.09564464484025
-0.649445570640227,-0.514274933586416,-1.09560512245522
-0.649310279155558,-0.513695073696658,-1.09556560007019
-0.64917498767089,-0.513115213806901,-1.09552607768516
-0.649039696186221,-0.512535353917143,-1.09548655530013
-0.648904404701552,-0.511955494027386,-1.0954470329151
-0.648769113216884,-0.511375634137628,-1.09540751053007
-0.648633821732215,-0.510795774247871,-1.09536798814504
-0.648498530247547,-0.510215914358113,-1.09532846576001
-0.648363238762878,-0.509636054468355,-1.09528894337498
-0.64822794727821,-0.509056194578598,-1.09524942098995
-0.648092655793541,-0.50847633468884,-1.09520989860492
-0.647957364308872,-0.507896474799083,-1.09517037621988
-0.647822072824204,-0.507316614909325,-1.09513085383485
-0.647676899651941,-0.50675017456247,-1.09507843510127
-0.647531044944097,-0.506184659755495,-1.09502512691228
-0.647385190236254,-0.50561914494852,-1.09497181872329
-0.647239335528411,-0.505053630141545,-1.0949185105343
-0.647093480820567,-0.50448811533457,-1.09486520234531
-0.646947626112724,-0.503922600527595,-1.09481189415632
-0.64680177140488,-0.50335708572062,-1.09475858596733
-0.646655916697037,-0.502791570913645,-1.09470527777835
-0.646510061989194,-0.50222605610667,-1.09465196958936
-0.64636420728135,-0.501660541299695,-1.09459866140037
-0.646218352573507,-0.50109502649272,-1.09454535321138
-0.646072497865664,-0.500529511685745,-1.09449204502239
-0.64592664315782,-0.49996399687877,-1.0944387368334
-0.645780788449977,-0.499398482071795,-1.09438542864441
-0.645634933742134,-0.49883296726482,-1.09433212045543
-0.64548907903429,-0.498267452457846,-1.09427881226644
-0.645343224326447,-0.497701937650871,-1.09422550407745
-0.645197369618603,-0.497136422843896,-1.09417219588846
-0.64505151491076,-0.496570908036921,-1.09411888769947
-0.644905660202917,-0.496005393229946,-1.09406557951048
-0.644759805495073,-0.495439878422971,-1.0940122713215
-0.64461395078723,-0.494874363615996,-1.09395896313251
-0.644468096079387,-0.494308848809021,-1.09390565494352
-0.644322241371543,-0.493743334002046,-1.09385234675453
-0.644171299588723,-0.493184977525613,-1.09379188430959
-0.64401547912501,-0.492633486135817,-1.09372456068569
-0.643859658661297,-0.492081994746021,-1.09365723706178
-0.643703838197583,-0.491530503356225,-1.09358991343788
-0.64354801773387,-0.490979011966429,-1.09352258981398
-0.643392197270157,-0.490427520576634,-1.09345526619008
-0.643236376806443,-0.489876029186838,-1.09338794256617
-0.64308055634273,-0.489324537797042,-1.09332061894227
-0.642924735879017,-0.488773046407246,-1.09325329531837
-0.642768915415304,-0.48822155501745,-1.09318597169446
-0.64261309495159,-0.487670063627654,-1.09311864807056
-0.642457274487877,-0.487118572237858,-1.09305132444666
-0.642301454024164,-0.486567080848062,-1.09298400082275
-0.64214563356045,-0.486015589458267,-1.09291667719885
-0.641989813096737,-0.485464098068471,-1.09284935357495
-0.641833992633024,-0.484912606678675,-1.09278202995105
-0.64167817216931,-0.484361115288879,-1.09271470632714
-0.641522351705597,-0.483809623899083,-1.09264738270324
-0.641366531241884,-0.483258132509287,-1.09258005907934
-0.64121071077817,-0.482706641119491,-1.09251273545543
-0.641054890314457,-0.482155149729695,-1.09244541183153
-0.640899069850744,-0.481603658339899,-1.09237808820763
-0.640743249387031,-0.481052166950103,-1.09231076458373
-0.640587428923317,-0.480500675560308,-1.09224344095982
-0.640430806287031,-0.479950355255955,-1.09217490666016
-0.640265596074848,-0.479412571886248,-1.09209341159578
-0.640100385862666,-0.478874788516541,-1.0920119165314
-0.639935175650483,-0.478337005146834,-1.09193042146702
-0.6397699654383,-0.477799221777128,-1.09184892640265
-0.639604755226118,-0.477261438407421,-1.09176743133827
-0.639439545013935,-0.476723655037714,-1.09168593627389
-0.639274334801752,-0.476185871668007,-1.09160444120951
-0.63910912458957,-0.475648088298301,-1.09152294614513
-0.638943914377387,-0.475110304928594,-1.09144145108076
-0.638778704165204,-0.474572521558887,-1.09135995601638
-0.638613493953022,-0.47403473818918,-1.091278460952
-0.638448283740839,-0.473496954819473,-1.09119696588762
-0.638283073528656,-0.472959171449767,-1.09111547082324
-0.638117863316474,-0.47242138808006,-1.09103397575886
-0.637952653104291,-0.471883604710353,-1.09095248069449
-0.637787442892108,-0.471345821340647,-1.09087098563011
-0.637622232679926,-0.47080803797094,-1.09078949056573
-0.637457022467743,-0.470270254601233,-1.09070799550135
-0.637291812255561,-0.469732471231526,-1.09062650043697
-0.637126602043378,-0.469194687861819,-1.0905450053726
-0.636961391831195,-0.468656904492113,-1.09046351030822
-0.636796181619013,-0.468119121122406,-1.09038201524384
-0.63663097140683,-0.467581337752699,-1.09030052017946
-0.636465761194647,-0.467043554382992,-1.09021902511508
-0.63629465318032,-0.466514717805743,-1.09012801311561
-0.636120512395863,-0.465990481851615,-1.09003210731404
-0.635946371611406,-0.465466245897487,-1.08993620151247
-0.63577223082695,-0.46494200994336,-1.0898402957109
-0.635598090042493,-0.464417773989232,-1.08974438990933
-0.635423949258036,-0.463893538035104,-1.08964848410776
-0.63524980847358,-0.463369302080976,-1.08955257830619
-0.635075667689123,-0.462845066126849,-1.08945667250462
-0.634901526904667,-0.462320830172721,-1.08936076670305
-0.63472738612021,-0.461796594218593,-1.08926486090148
-0.634553245335753,-0.461272358264465,-1.08916895509991
-0.634379104551297,-0.460748122310338,-1.08907304929834
-0.63420496376684,-0.46022388635621,-1.08897714349677
-0.634030822982383,-0.459699650402082,-1.0888812376952
-0.633856682197927,-0.459175414447954,-1.08878533189363
-0.63368254141347,-0.458651178493827,-1.08868942609206
-0.633508400629013,-0.458126942539699,-1.08859352029049
-0.633334259844557,-0.457602706585571,-1.08849761448893
-0.6331601190601,-0.457078470631443,-1.08840170868736
-0.632985978275643,-0.456554234677316,-1.08830580288579
-0.632811837491187,-0.456029998723188,-1.08820989708422
-0.63263769670673,-0.45550576276906,-1.08811399128265
-0.632463555922274,-0.454981526814932,-1.08801808548108
-0.632289415137817,-0.454457290860805,-1.08792217967951
-0.63211527435336,-0.453933054906677,-1.08782627387794
-0.631935323058046,-0.45341799244618,-1.08772038712952
-0.631752704798696,-0.452907140523827,-1.08760991923034
-0.631570086539347,-0.452396288601473,-1.08749945133116
-0.631387468279997,-0.451885436679119,-1.08738898343198
-0.631204850020647,-0.451374584756765,-1.08727851553279
-0.631022231761297,-0.450863732834411,-1.08716804763361
-0.630839613501948,-0.450352880912057,-1.08705757973443
-0.630656995242598,-0.449842028989703,-1.08694711183524
-0.630474376983248,-0.449331177067349,-1.08683664393606
-0.630291758723899,-0.448820325144995,-1.08672617603688
-0.630109140464549,-0.448309473222641,-1.0866157081377
-0.6299265222052,-0.447798621300287,-1.08650524023851
-0.62974390394585,-0.447287769377934,-1.08639477233933
-0.6295612856865,-0.44677691745558,-1.08628430444015
-0.62937866742715,-0.446266065533226,-1.08617383654097
-0.629196049167801,-0.445755213610872,-1.08606336864178
-0.629013430908451,-0.445244361688518,-1.0859529007426
-0.628830812649101,-0.444733509766164,-1.08584243284342
-0.628648194389752,-0.44422265784381,-1.08573196494423
-0.628465576130402,-0.443711805921456,-1.08562149704505
-0.628282957871052,-0.443200953999102,-1.08551102914587
-0.628100339611703,-0.442690102076748,-1.08540056124669
-0.627917721352353,-0.442179250154394,-1.0852900933475
-0.627735103093004,-0.441668398232041,-1.08517962544832
-0.627552484833654,-0.441157546309687,-1.08506915754914
-0.627364224675519,-0.440655982141263,-1.08494839286972
-0.627173664619503,-0.440158204089251,-1.08482343074828
-0.626983104563488,-0.439660426037238,-1.08469846862684
-0.626792544507473,-0.439162647985225,-1.0845735065054
-0.626601984451457,-0.438664869933213,-1.08444854438397
-0.626411424395442,-0.4381670918812,-1.08432358226253
-0.626220864339426,-0.437669313829187,-1.08419862014109
-0.626030304283411,-0.437171535777175,-1.08407365801965
-0.625839744227396,-0.436673757725162,-1.08394869589821
-0.62564918417138,-0.436175979673149,-1.08382373377677
-0.625458624115365,-0.435678201621137,-1.08369877165533
-0.625268064059349,-0.435180423569124,-1.08357380953389
-0.625077504003334,-0.434682645517111,-1.08344884741245
-0.624886943947319,-0.434184867465099,-1.08332388529102
-0.624696383891303,-0.433687089413086,-1.08319892316958
-0.624505823835288,-0.433189311361074,-1.08307396104814
-0.624315263779272,-0.432691533309061,-1.0829489989267
-0.624124703723257,-0.432193755257048,-1.08282403680526
-0.623934143667242,-0.431695977205036,-1.08269907468382
-0.623743583611226,-0.431198199153023,-1.08257411256238
-0.623553023555211,-0.43070042110101,-1.08244915044094
-0.623362463499195,-0.430202643048998,-1.0823241883195
-0.62317190344318,-0.429704864996985,-1.08219922619807
-0.622981343387165,-0.429207086944972,-1.08207426407663
-0.622790783331149,-0.42870930889296,-1.08194930195519
-0.622594761950449,-0.428220921958801,-1.08181376665606
-0.622396775621297,-0.42773591388665,-1.08167442719763
-0.622198789292146,-0.427250905814499,-1.0815350877392
-0.622000802962994,-0.426765897742348,-1.08139574828077
-0.621802816633842,-0.426280889670197,-1.08125640882234
-0.62160483030469,-0.425795881598046,-1.08111706936391
-0.621406843975538,-0.425310873525894,-1.08097772990548
-0.621208857646386,-0.424825865453744,-1.08083839044705
-0.621010871317234,-0.424340857381592,-1.08069905098862
-0.620812884988082,-0.423855849309441,-1.08055971153019
-0.62061489865893,-0.42337084123729,-1.08042037207175
-0.620416912329778,-0.422885833165139,-1.08028103261332
-0.620218926000626,-0.422400825092988,-1.08014169315489
-0.620020939671474,-0.421915817020837,-1.08000235369646
-0.619822953342322,-0.421430808948686,-1.07986301423803
-0.61962496701317,-0.420945800876535,-1.0797236747796
-0.619426980684019,-0.420460792804384,-1.07958433532117
-0.619228994354867,-0.419975784732233,-1.07944499586274
-0.619031008025715,-0.419490776660082,-1.07930565640431
-0.618833021696563,-0.419005768587931,-1.07916631694588
-0.618635035367411,-0.41852076051578,-1.07902697748745
-0.618437049038259,-0.418035752443629,-1.07888763802901
-0.618239062709107,-0.417550744371478,-1.07874829857058
-0.618041076379955,-0.417065736299327,-1.07860895911215
-0.617843090050803,-0.416580728227176,-1.07846961965372
-0.617639833413129,-0.4161052042012,-1.0783194762443
-0.617434916168672,-0.415632668476829,-1.07816592864814
-0.617229998924214,-0.415160132752458,-1.07801238105199
-0.617025081679757,-0.414687597028087,-1.07785883345584
-0.6168201644353,-0.414215061303716,-1.07770528585969
-0.616615247190842,-0.413742525579344,-1.07755173826353
-0.616410329946385,-0.413269989854973,-1.07739819066738
-0.616205412701927,-0.412797454130602,-1.07724464307123
-0.61600049545747,-0.412324918406231,-1.07709109547508
-0.615795578213012,-0.41185238268186,-1.07693754787892
-0.615590660968555,-0.411379846957489,-1.07678400028277
-0.615385743724098,-0.410907311233118,-1.07663045268662
-0.61518082647964,-0.410434775508747,-1.07647690509047
-0.614975909235183,-0.409962239784376,-1.07632335749431
-0.614770991990725,-0.409489704060004,-1.07616980989816
-0.614566074746268,-0.409017168335633,-1.07601626230201
-0.61436115750181,-0.408544632611262,-1.07586271470586
-0.614156240257353,-0.408072096886891,-1.0757091671097
-0.613951323012896,-0.40759956116252,-1.07555561951355
-0.613746405768438,-0.407127025438149,-1.0754020719174
-0.613541488523981,-0.406654489713778,-1.07524852432125
-0.613336571279523,-0.406181953989407,-1.07509497672509
-0.613131654035066,-0.405709418265035,-1.07494142912894
-0.612926736790608,-0.405236882540664,-1.07478788153279
-0.612721819546151,-0.404764346816293,-1.07463433393664
-0.612511831669699,-0.404301378130477,-1.07446980644243
-0.612300458359227,-0.403841023418756,-1.07430227894263
-0.612089085048755,-0.403380668707035,-1.07413475144284
-0.611877711738283,-0.402920313995313,-1.07396722394304
-0.611666338427812,-0.402459959283592,-1.07379969644325
-0.61145496511734,-0.401999604571871,-1.07363216894345
-0.611243591806868,-0.40153924986015,-1.07346464144366
-0.611032218496397,-0.401078895148428,-1.07329711394386
-0.610820845185925,-0.400618540436707,-1.07312958644407
-0.610609471875453,-0.400158185724986,-1.07296205894428
-0.610398098564982,-0.399697831013265,-1.07279453144448
-0.61018672525451,-0.399237476301543,-1.07262700394469
-0.609975351944038,-0.398777121589822,-1.07245947644489
-0.609763978633566,-0.398316766878101,-1.0722919489451
-0.609552605323095,-0.39785641216638,-1.0721244214453
-0.609341232012623,-0.397396057454658,-1.07195689394551
-0.609129858702151,-0.396935702742937,-1.07178936644571
-0.60891848539168,-0.396475348031216,-1.07162183894592
-0.608707112081208,-0.396014993319495,-1.07145431144613
-0.608495738770736,-0.395554638607773,-1.07128678394633
-0.608284365460265,-0.395094283896052,-1.07111925644654
-0.608072992149793,-0.394633929184331,-1.07095172894674
-0.607861618839321,-0.394173574472609,-1.07078420144695
-0.607650245528849,-0.393713219760888,-1.07061667394715
-0.607438872218378,-0.393252865049167,-1.07044914644736
-0.607222636743071,-0.392802150650738,-1.0702705029544
-0.607005263766069,-0.392353691600099,-1.07008925887889
-0.606787890789067,-0.391905232549459,-1.06990801480337
-0.606570517812065,-0.39145677349882,-1.06972677072786
-0.606353144835063,-0.391008314448181,-1.06954552665234
-0.606135771858061,-0.390559855397542,-1.06936428257683
-0.605918398881059,-0.390111396346903,-1.06918303850132
-0.605701025904057,-0.389662937296263,-1.0690017944258
-0.605483652927055,-0.389214478245624,-1.06882055035029
-0.605266279950053,-0.388766019194985,-1.06863930627477
-0.60504890697305,-0.388317560144346,-1.06845806219926
-0.604831533996048,-0.387869101093706,-1.06827681812374
-0.604614161019046,-0.387420642043067,-1.06809557404823
-0.604396788042044,-0.386972182992428,-1.06791432997271
-0.604179415065042,-0.386523723941789,-1.0677330858972
-0.60396204208804,-0.386075264891149,-1.06755184182168
-0.603744669111038,-0.38562680584051,-1.06737059774617
-0.603527296134036,-0.385178346789871,-1.06718935367065
-0.603309923157034,-0.384729887739232,-1.06700810959514
-0.603092550180032,-0.384281428688592,-1.06682686551963
-0.60287517720303,-0.383832969637953,-1.06664562144411
-0.602657804226028,-0.383384510587314,-1.0664643773686
-0.602440431249026,-0.382936051536675,-1.06628313329308
-0.602223058272024,-0.382487592486036,-1.06610188921757
-0.602005685295022,-0.382039133435396,-1.06592064514205
-0.601783666686816,-0.381600378595418,-1.06572818568419
-0.601560732782484,-0.381163535707985,-1.06553351653823
-0.601337798878153,-0.380726692820553,-1.06533884739227
-0.601114864973822,-0.380289849933121,-1.06514417824631
-0.600891931069491,-0.379853007045689,-1.06494950910035
-0.60066899716516,-0.379416164158257,-1.06475483995439
-0.600446063260829,-0.378979321270824,-1.06456017080843
-0.600223129356498,-0.378542478383392,-1.06436550166247
-0.600000195452167,-0.37810563549596,-1.0641708325165
-0.599777261547836,-0.377668792608528,-1.06397616337054
-0.599554327643505,-0.377231949721096,-1.06378149422458
-0.599331393739174,-0.376795106833663,-1.06358682507862
-0.599108459834843,-0.376358263946231,-1.06339215593266
-0.598885525930511,-0.375921421058799,-1.0631974867867
-0.59866259202618,-0.375484578171367,-1.06300281764074
-0.598439658121849,-0.375047735283935,-1.06280814849478
-0.598216724217518,-0.374610892396502,-1.06261347934882
-0.597993790313187,-0.37417404950907,-1.06241881020286
-0.597770856408856,-0.373737206621638,-1.06222414105689
-0.597547922504525,-0.373300363734206,-1.06202947191093
-0.597324988600194,-0.372863520846774,-1.06183480276497
-0.597102054695863,-0.372426677959341,-1.06164013361901
-0.596879120791532,-0.371989835071909,-1.06144546447305
-0.596656186887201,-0.371552992184477,-1.06125079532709
-0.59643325298287,-0.371116149297045,-1.06105612618113
-0.596205896713378,-0.370689065569615,-1.0608501831848
-0.595977822949552,-0.370263565189953,-1.06064241109398
-0.595749749185726,-0.369838064810291,-1.06043463900316
-0.595521675421901,-0.369412564430628,-1.06022686691234
-0.595293601658075,-0.368987064050966,-1.06001909482152
-0.595065527894249,-0.368561563671304,-1.0598113227307
-0.594837454130424,-0.368136063291641,-1.05960355063988
-0.594609380366598,-0.367710562911979,-1.05939577854906
-0.594381306602772,-0.367285062532317,-1.05918800645824
-0.594153232838947,-0.366859562152654,-1.05898023436743
-0.593925159075121,-0.366434061772992,-1.05877246227661
-0.593697085311295,-0.36600856139333,-1.05856469018579
-0.59346901154747,-0.365583061013668,-1.05835691809497
-0.593240937783644,-0.365157560634005,-1.05814914600415
-0.593012864019818,-0.364732060254343,-1.05794137391333
-0.592784790255993,-0.364306559874681,-1.05773360182251
-0.592556716492167,-0.363881059495018,-1.05752582973169
-0.592328642728341,-0.363455559115356,-1.05731805764087
-0.592100568964516,-0.363030058735694,-1.05711028555005
-0.59187249520069,-0.362604558356031,-1.05690251345923
-0.591644421436864,-0.362179057976369,-1.05669474136841
-0.591416347673039,-0.361753557596707,-1.05648696927759
-0.591188273909213,-0.361328057217045,-1.05627919718677
-0.590960200145387,-0.360902556837382,-1.05607142509595
-0.590732126381562,-0.36047705645772,-1.05586365300513
-0.590499858654237,-0.360061361711177,-1.05564459609823
-0.590267048120812,-0.359646936064254,-1.05542407864761
-0.590034237587386,-0.359232510417332,-1.05520356119698
-0.589801427053961,-0.358818084770409,-1.05498304374636
-0.589568616520535,-0.358403659123486,-1.05476252629574
-0.58933580598711,-0.357989233476563,-1.05454200884512
-0.589102995453684,-0.357574807829641,-1.0543214913945
-0.588870184920259,-0.357160382182718,-1.05410097394388
-0.588637374386833,-0.356745956535795,-1.05388045649326
-0.588404563853408,-0.356331530888872,-1.05365993904264
-0.588171753319982,-0.35591710524195,-1.05343942159202
-0.587938942786557,-0.355502679595027,-1.0532189041414
-0.587706132253131,-0.355088253948104,-1.05299838669078
-0.587473321719706,-0.354673828301182,-1.05277786924015
-0.58724051118628,-0.354259402654259,-1.05255735178953
-0.587007700652855,-0.353844977007336,-1.05233683433891
-0.586774890119429,-0.353430551360414,-1.05211631688829
-0.586542079586004,-0.353016125713491,-1.05189579943767
-0.586309269052578,-0.352601700066568,-1.05167528198705
-0.586076458519153,-0.352187274419645,-1.05145476453643
-0.585843647985727,-0.351772848772723,-1.05123424708581
-0.585610837452302,-0.3513584231258,-1.05101372963519
-0.585378026918876,-0.350943997478877,-1.05079321218457
-0.585145216385451,-0.350529571831954,-1.05057269473394
-0.584912405852025,-0.350115146185032,-1.05035217728332
-0.584675635213298,-0.349710564334162,-1.05012039882814
-0.584438474855762,-0.349306951223306,-1.04988751216373
-0.584201314498227,-0.34890333811245,-1.04965462549931
-0.583964154140691,-0.348499725001594,-1.0494217388349
-0.583726993783156,-0.348096111890737,-1.04918885217048
-0.583489833425621,-0.347692498779881,-1.04895596550607
-0.583252673068085,-0.347288885669024,-1.04872307884165
-0.58301551271055,-0.346885272558168,-1.04849019217723
-0.582778352353014,-0.346481659447312,-1.04825730551282
-0.582541191995479,-0.346078046336456,-1.0480244188484
-0.582304031637944,-0.345674433225599,-1.04779153218399
-0.582066871280408,-0.345270820114743,-1.04755864551957
-0.581829710922873,-0.344867207003887,-1.04732575885516
-0.581592550565338,-0.34446359389303,-1.04709287219074
-0.581355390207802,-0.344059980782174,-1.04685998552632
-0.581118229850267,-0.343656367671318,-1.04662709886191
-0.580881069492731,-0.343252754560461,-1.04639421219749
-0.580643909135196,-0.342849141449605,-1.04616132553308
-0.580406748777661,-0.342445528338749,-1.04592843886866
-0.580169588420125,-0.342041915227892,-1.04569555220425
-0.57993242806259,-0.341638302117036,-1.04546266553983
-0.579695267705054,-0.34123468900618,-1.04522977887542
-0.579458107347519,-0.340831075895323,-1.044996892211
-0.579220946989984,-0.340427462784467,-1.04476400554658
-0.578983786632448,-0.340023849673611,-1.04453111888217
-0.578742904930433,-0.339630110513389,-1.04428702670136
-0.578501766252158,-0.339237053195689,-1.04404216072717
-0.578260627573883,-0.338843995877988,-1.04379729475299
-0.578019488895608,-0.338450938560287,-1.04355242877881
-0.577778350217333,-0.338057881242587,-1.04330756280463
-0.577537211539058,-0.337664823924886,-1.04306269683044
-0.577296072860783,-0.337271766607185,-1.04281783085626
-0.577054934182508,-0.336878709289484,-1.04257296488208
-0.576813795504233,-0.336485651971784,-1.0423280989079
-0.576572656825958,-0.336092594654083,-1.04208323293371
-0.576331518147683,-0.335699537336382,-1.04183836695953
-0.576090379469408,-0.335306480018681,-1.04159350098535
-0.575849240791133,-0.334913422700981,-1.04134863501117
-0.575608102112858,-0.33452036538328,-1.04110376903698
-0.575366963434583,-0.334127308065579,-1.0408589030628
-0.575125824756308,-0.333734250747878,-1.04061403708862
-0.574884686078033,-0.333341193430178,-1.04036917111444
-0.574643547399759,-0.332948136112477,-1.04012430514025
-0.574402408721484,-0.332555078794776,-1.03987943916607
-0.574161270043209,-0.332162021477076,-1.03963457319189
-0.573920131364934,-0.331768964159375,-1.03938970721771
-0.573678992686659,-0.331375906841674,-1.03914484124352
-0.573437854008384,-0.330982849523973,-1.03889997526934
-0.573196715330109,-0.330589792206273,-1.03865510929516
-0.572955576651834,-0.330196734888572,-1.03841024332098
-0.572710959123762,-0.329813574067088,-1.03815426176059
-0.572466198174956,-0.329430821243316,-1.03789782194369
-0.572221437226149,-0.329048068419544,-1.0376413821268
-0.571976676277343,-0.328665315595772,-1.03738494230991
-0.571731915328536,-0.328282562772,-1.03712850249302
-0.57148715437973,-0.327899809948228,-1.03687206267613
-0.571242393430924,-0.327517057124456,-1.03661562285923
-0.570997632482117,-0.327134304300684,-1.03635918304234
-0.570752871533311,-0.326751551476912,-1.03610274322545
-0.570508110584504,-0.32636879865314,-1.03584630340856
-0.570263349635698,-0.325986045829368,-1.03558986359167
-0.570018588686892,-0.325603293005596,-1.03533342377478
-0.569773827738085,-0.325220540181824,-1.03507698395788
-0.569529066789279,-0.324837787358052,-1.03482054414099
-0.569284305840472,-0.32445503453428,-1.0345641043241
-0.569039544891666,-0.324072281710508,-1.03430766450721
-0.56879478394286,-0.323689528886735,-1.03405122469032
-0.568550022994053,-0.323306776062963,-1.03379478487343
-0.568305262045247,-0.322924023239191,-1.03353834505653
-0.56806050109644,-0.322541270415419,-1.03328190523964
-0.567815740147634,-0.322158517591647,-1.03302546542275
-0.567570979198828,-0.321775764767875,-1.03276902560586
-0.567326218250021,-0.321393011944103,-1.03251258578897
-0.567081457301215,-0.321010259120331,-1.03225614597207
-0.566836696352409,-0.320627506296559,-1.03199970615518
-0.566588701353533,-0.320254665350433,-1.03173227970108
-0.566340658457417,-0.319881971202159,-1.03146469053162
-0.5660926155613,-0.319509277053884,-1.03119710136216
-0.565844572665183,-0.31913658290561,-1.0309295121927
-0.565596529769066,-0.318763888757336,-1.03066192302324
-0.565348486872949,-0.318391194609061,-1.03039433385377
-0.565100443976832,-0.318018500460787,-1.03012674468431
-0.564852401080715,-0.317645806312513,-1.02985915551485
-0.564604358184599,-0.317273112164238,-1.02959156634539
-0.564356315288482,-0.316900418015964,-1.02932397717593
-0.564108272392365,-0.31652772386769,-1.02905638800647
-0.563860229496248,-0.316155029719415,-1.02878879883701
-0.563612186600131,-0.315782335571141,-1.02852120966754
-0.563364143704014,-0.315409641422867,-1.02825362049808
-0.563116100807897,-0.315036947274592,-1.02798603132862
-0.562868057911781,-0.314664253126318,-1.02771844215916
-0.562620015015664,-0.314291558978044,-1.0274508529897
-0.562371972119547,-0.313918864829769,-1.02718326382024
-0.56212392922343,-0.313546170681495,-1.02691567465078
-0.561875886327313,-0.31317347653322,-1.02664808548131
-0.561627843431196,-0.312800782384946,-1.02638049631185
-0.561379800535079,-0.312428088236672,-1.02611290714239
-0.561131757638962,-0.312055394088397,-1.02584531797293
-0.560883714742846,-0.311682699940123,-1.02557772880347
-0.560635641089957,-0.311310107956953,-1.02531002810817
-0.560384642473659,-0.310947231856784,-1.02503172132593
-0.560133643857361,-0.310584355756616,-1.02475341454369
-0.559882645241063,-0.310221479656447,-1.02447510776146
-0.559631646624765,-0.309858603556278,-1.02419680097922
-0.559380648008467,-0.30949572745611,-1.02391849419698
-0.559129649392169,-0.309132851355941,-1.02364018741474
-0.558878650775871,-0.308769975255772,-1.0233618806325
-0.558627652159573,-0.308407099155604,-1.02308357385026
-0.558376653543275,-0.308044223055435,-1.02280526706803
-0.558125654926977,-0.307681346955266,-1.02252696028579
-0.557874656310679,-0.307318470855098,-1.02224865350355
-0.557623657694381,-0.306955594754929,-1.02197034672131
-0.557372659078083,-0.30659271865476,-1.02169203993907
-0.557121660461785,-0.306229842554592,-1.02141373315683
-0.556870661845487,-0.305866966454423,-1.0211354263746
-0.556619663229189,-0.305504090354254,-1.02085711959236
-0.556368664612891,-0.305141214254086,-1.02057881281012
-0.556117665996593,-0.304778338153917,-1.02030050602788
-0.555866667380295,-0.304415462053749,-1.02002219924564
-0.555615668763997,-0.30405258595358,-1.0197438924634
-0.555364670147699,-0.303689709853411,-1.01946558568116
-0.555113671531401,-0.303326833753243,-1.01918727889893
-0.554862672915103,-0.302963957653074,-1.01890897211669
-0.554611674298805,-0.302601081552905,-1.01863066533445
-0.554360582106084,-0.302238544729006,-1.01835199451297
-0.554106940524506,-0.301885251121555,-1.01806340583458
-0.553853298942929,-0.301531957514104,-1.0177748171562
-0.553599657361352,-0.301178663906652,-1.01748622847781
-0.553346015779775,-0.300825370299201,-1.01719763979942
-0.553092374198198,-0.30047207669175,-1.01690905112103
-0.552838732616621,-0.300118783084299,-1.01662046244264
-0.552585091035043,-0.299765489476848,-1.01633187376426
-0.552331449453466,-0.299412195869397,-1.01604328508587
-0.552077807871889,-0.299058902261946,-1.01575469640748
-0.551824166290312,-0.298705608654495,-1.01546610772909
-0.551570524708735,-0.298352315047044,-1.01517751905071
-0.551316883127158,-0.297999021439593,-1.01488893037232
-0.551063241545581,-0.297645727832142,-1.01460034169393
-0.550809599964003,-0.297292434224691,-1.01431175301554
-0.550555958382426,-0.29693914061724,-1.01402316433715
-0.550302316800849,-0.296585847009789,-1.01373457565877
-0.550048675219272,-0.296232553402338,-1.01344598698038
-0.549795033637695,-0.295879259794887,-1.01315739830199
-0.549541392056118,-0.295525966187436,-1.0128688096236
-0.549287750474541,-0.295172672579985,-1.01258022094522
-0.549034108892963,-0.294819378972534,-1.01229163226683
-0.548780467311386,-0.294466085365083,-1.01200304358844
-0.548526825729809,-0.294112791757632,-1.01171445491005
-0.548273184148232,-0.293759498150181,-1.01142586623166
-0.54801941400324,-0.29340671418197,-1.01113674055125
-0.547763644094331,-0.293061857493571,-1.0108392619714
-0.547507874185423,-0.292717000805173,-1.01054178339155
-0.547252104276514,-0.292372144116775,-1.0102443048117
-0.546996334367605,-0.292027287428377,-1.00994682623184
-0.546740564458697,-0.291682430739979,-1.00964934765199
-0.546484794549788,-0.291337574051581,-1.00935186907214
-0.546229024640879,-0.290992717363182,-1.00905439049229
-0.54597325473197,-0.290647860674784,-1.00875691191244
-0.545717484823062,-0.290303003986386,-1.00845943333258
-0.545461714914153,-0.289958147297988,-1.00816195475273
-0.545205945005244,-0.28961329060959,-1.00786447617288
-0.544950175096335,-0.289268433921192,-1.00756699759303
-0.544694405187427,-0.288923577232794,-1.00726951901318
-0.544438635278518,-0.288578720544395,-1.00697204043332
-0.544182865369609,-0.288233863855997,-1.00667456185347
-0.543927095460701,-0.287889007167599,-1.00637708327362
-0.543671325551792,-0.287544150479201,-1.00607960469377
-0.543415555642883,-0.287199293790803,-1.00578212611392
-0.543159785733974,-0.286854437102405,-1.00548464753406
-0.542903939089807,-0.286509913381287,-1.00518682472018
-0.542646475409791,-0.286172406252545,-1.00488174789065
-0.542389011729774,-0.285834899123802,-1.00457667106112
-0.542131548049758,-0.28549739199506,-1.00427159423158
-0.541874084369742,-0.285159884866317,-1.00396651740205
-0.541616620689725,-0.284822377737575,-1.00366144057252
-0.541359157009709,-0.284484870608832,-1.00335636374298
-0.541101693329692,-0.28414736348009,-1.00305128691345
-0.540844229649676,-0.283809856351347,-1.00274621008392
-0.54058676596966,-0.283472349222605,-1.00244113325438
-0.540329302289643,-0.283134842093863,-1.00213605642485
-0.540071838609627,-0.28279733496512,-1.00183097959532
-0.53981437492961,-0.282459827836378,-1.00152590276578
-0.539556911249594,-0.282122320707635,-1.00122082593625
-0.539299447569578,-0.281784813578893,-1.00091574910672
-0.539041983889561,-0.28144730645015,-1.00061067227718
-0.538784520209545,-0.281109799321408,-1.00030559544765
-0.538527056529528,-0.280772292192665,-1.00000051861812
-0.538269592849512,-0.280434785063923,-0.999695441788582
-0.538012129169495,-0.28009727793518,-0.999390364959049
-0.537754619705801,-0.279759988477921,-0.999085067329376
-0.537495640156675,-0.279429688316555,-0.998772679944605
-0.537236660607549,-0.279099388155188,-0.998460292559833
-0.536977681058423,-0.278769087993822,-0.998147905175062
-0.536718701509298,-0.278438787832455,-0.997835517790291
-0.536459721960172,-0.278108487671089,-0.99752313040552
-0.536200742411046,-0.277778187509722,-0.997210743020749
-0.535941762861921,-0.277447887348356,-0.996898355635978
-0.535682783312795,-0.277117587186989,-0.996585968251207
-0.535423803763669,-0.276787287025623,-0.996273580866436
-0.535164824214544,-0.276456986864256,-0.995961193481664
-0.534905844665418,-0.27612668670289,-0.995648806096893
-0.534646865116292,-0.275796386541523,-0.995336418712122
-0.534387885567167,-0.275466086380157,-0.995024031327351
-0.534128906018041,-0.27513578621879,-0.99471164394258
-0.533869926468915,-0.274805486057424,-0.994399256557809
-0.53361094691979,-0.274475185896057,-0.994086869173038
-0.533351967370664,-0.274144885734691,-0.993774481788267
-0.533092987821538,-0.273814585573324,-0.993462094403495
-0.532834008272413,-0.273484285411958,-0.993149707018724
-0.532575008424879,-0.273154091969984,-0.992837213568614
-0.532314684740446,-0.272830858633986,-0.992517802669107
-0.532054361056012,-0.272507625297988,-0.992198391769599
-0.531794037371579,-0.27218439196199,-0.991878980870091
-0.531533713687146,-0.271861158625991,-0.991559569970583
-0.531273390002713,-0.271537925289993,-0.991240159071076
-0.531013066318279,-0.271214691953995,-0.990920748171568
-0.530752742633846,-0.270891458617997,-0.99060133727206
-0.530492418949413,-0.270568225281999,-0.990281926372553
-0.530232095264979,-0.270244991946001,-0.989962515473045
-0.529971771580546,-0.269921758610003,-0.989643104573537
-0.529711447896113,-0.269598525274005,-0.98932369367403
-0.52945112421168,-0.269275291938007,-0.989004282774522
-0.529190800527246,-0.268952058602009,-0.988684871875014
-0.528930476842813,-0.26862882526601,-0.988365460975506
-0.52867015315838,-0.268305591930012,-0.988046050075999
-0.528409829473946,-0.267982358594014,-0.987726639176491
-0.528149505789513,-0.267659125258016,-0.987407228276983
-0.52788918210508,-0.267335891922018,-0.987087817377476
-0.527628858420646,-0.26701265858602,-0.986768406477968
-0.527368534736213,-0.266689425250022,-0.98644899557846
