-2.33910212661959,-0.779700708873196,-1.55940141774639
-2.32832702251665,-0.778692058801364,-1.55848633112227
-2.3175519184137,-0.777683408729533,-1.55757124449815
-2.30677681431076,-0.776674758657702,-1.55665615787403
-2.29600171020782,-0.77566610858587,-1.55574107124991
-2.28522660610488,-0.774657458514039,-1.55482598462579
-2.27453964274546,-0.773652300727237,-1.55383518870813
-2.26406215187384,-0.772655442593964,-1.5526644644913
-2.25358466100222,-0.771658584460692,-1.55149374027448
-2.2431071701306,-0.770661726327419,-1.55032301605765
-2.23262967925899,-0.769664868194147,-1.54915229184083
-2.22215218838737,-0.768668010060874,-1.547981567624
-2.2118460579332,-0.767677997812433,-1.54667102181303
-2.20165787212938,-0.766692697477658,-1.54526423902226
-2.19146968632556,-0.765707397142882,-1.54385745623149
-2.18128150052174,-0.764722096808107,-1.54245067344073
-2.17109331471792,-0.763736796473332,-1.54104389064996
-2.1609051289141,-0.762751496138557,-1.53963710785919
-2.15096680312115,-0.761776261789347,-1.53803706309203
-2.14105984043937,-0.760802290950144,-1.53641275955361
-2.13115287775758,-0.759828320110942,-1.53478845601519
-2.12124591507579,-0.75885434927174,-1.53316415247678
-2.11133895239401,-0.757880378432538,-1.53153984893836
-2.10148246284804,-0.756908458337344,-1.52987861229117
-2.0918488676525,-0.755945594530135,-1.52805427538969
-2.08221527245695,-0.754982730722926,-1.52622993848821
-2.07258167726141,-0.754019866915717,-1.52440560158672
-2.06294808206586,-0.753057003108508,-1.52258126468524
-2.05331448687031,-0.752094139301299,-1.52075692778375
-2.04380865842904,-0.751136511570798,-1.51884430092768
-2.0344408047065,-0.750184538254977,-1.51683633016372
-2.02507295098396,-0.749232564939156,-1.51482835939976
-2.01570509726141,-0.748280591623335,-1.51282038863581
-2.00633724353887,-0.747328618307515,-1.51081241787185
-1.99696938981633,-0.746376644991694,-1.50880444710789
-1.98780224230215,-0.745432969033229,-1.50666583763984
-1.97869271364786,-0.744491675085139,-1.50448972433347
-1.96958318499357,-0.74355038113705,-1.50231361102711
-1.96047365633928,-0.74260908718896,-1.50013749772074
-1.95136412768499,-0.741667793240871,-1.49796138441438
-1.9422729579272,-0.740727265016328,-1.49577404887262
-1.93341453986156,-0.739796444534915,-1.49344443929605
-1.92455612179592,-0.738865624053501,-1.49111482971949
-1.91569770373028,-0.737934803572088,-1.48878522014293
-1.90683928566464,-0.737003983090674,-1.48645561056636
-1.897980867599,-0.736073162609261,-1.4841260009898
-1.88921454437718,-0.735146218423837,-1.48174373580938
-1.88060552369434,-0.734225895143292,-1.47927153225852
-1.87199650301151,-0.733305571862748,-1.47679932870767
-1.86338748232867,-0.732385248582203,-1.47432712515681
-1.85477846164584,-0.731464925301659,-1.47185492160596
-1.846169440963,-0.730544602021114,-1.4693827180551
-1.83766261277117,-0.729628620465748,-1.46685607776298
-1.8293010788492,-0.728718811847196,-1.46425204091757
-1.82093954492723,-0.727809003228644,-1.46164800407216
-1.81257801100526,-0.726899194610092,-1.45904396722674
-1.8042164770833,-0.72598938599154,-1.45643993038133
-1.79585494316133,-0.725079577372987,-1.45383589353592
-1.78760311492668,-0.724174474759834,-1.45117770141158
-1.77948186193395,-0.723274973385854,-1.4484550519303
-1.77136060894121,-0.722375472011874,-1.44573240244902
-1.76323935594848,-0.721475970637894,-1.44300975296774
-1.75511810295575,-0.720576469263914,-1.44028710348646
-1.74699684996301,-0.719676967889934,-1.43756445400517
-1.73899228902708,-0.718782521345435,-1.43478869846981
-1.73110431556962,-0.717893125100325,-1.43195988447352
-1.72321634211216,-0.717003728855215,-1.42913107047724
-1.71532836865469,-0.716114332610104,-1.42630225648095
-1.70744039519723,-0.715224936364994,-1.42347344248466
-1.69955242173977,-0.714335540119884,-1.42064462848838
-1.69179000459858,-0.713451637512283,-1.41776348927761
-1.68413288594105,-0.712572342173488,-1.41483846724274
-1.67647576728353,-0.711693046834694,-1.41191344520787
-1.668818648626,-0.710813751495899,-1.408988423173
-1.66116152996848,-0.709934456157105,-1.40606340113813
-1.65350441131095,-0.70905516081831,-1.40313837910326
-1.64592784936371,-0.708179426610706,-1.40018282992246
-1.63849902308289,-0.707310223281631,-1.39717129597969
-1.63107019680207,-0.706441019952557,-1.39415976203693
-1.62364137052126,-0.705571816623482,-1.39114822809417
-1.61621254424044,-0.704702613294408,-1.38813669415141
-1.60878371795963,-0.703833409965333,-1.38512516020865
-1.60139072524422,-0.702965807536124,-1.38210139802468
-1.59418328908776,-0.70210649502914,-1.37901431447327
-1.5869758529313,-0.701247182522157,-1.37592723092187
-1.57976841677484,-0.700387870015173,-1.37284014737046
-1.57256098061838,-0.699528557508189,-1.36975306381906
-1.56535354446192,-0.698669245001206,-1.36666598026765
-1.55814610830546,-0.697809932494222,-1.36357889671625
-1.55114710443561,-0.696960032277419,-1.36042844090343
-1.54415435927809,-0.696110414688694,-1.35727608217643
-1.53716161412056,-0.695260797099969,-1.35412372344943
-1.53016886896304,-0.694411179511244,-1.35097136472243
-1.52317612380552,-0.693561561922519,-1.34781900599543
-1.51618337864799,-0.692711944333794,-1.34466664726843
-1.50935629252488,-0.691869890372176,-1.34147005349087
-1.5025759747239,-0.691029971749268,-1.33826097141709
-1.49579565692291,-0.69019005312636,-1.33505188934331
-1.48901533912192,-0.689350134503452,-1.33184280726952
-1.48223502132094,-0.688510215880544,-1.32863372519574
-1.47545470351995,-0.687670297257637,-1.32542464312196
-1.46874406718199,-0.686833596281517,-1.32219949412848
-1.46217377225744,-0.686003375782107,-1.31894198567925
-1.45560347733289,-0.685173155282696,-1.31568447723002
-1.44903318240834,-0.684342934783285,-1.31242696878079
-1.44246288748379,-0.683512714283875,-1.30916946033157
-1.43589259255923,-0.682682493784464,-1.30591195188234
-1.42932229763468,-0.681852273285053,-1.30265444343311
-1.42293176626838,-0.681030450623553,-1.29936202278048
-1.41656488771411,-0.680209732927283,-1.29606500847275
-1.41019800915984,-0.679389015231013,-1.29276799416503
-1.40383113060557,-0.678568297534743,-1.28947097985731
-1.39746425205129,-0.677747579838473,-1.28617396554958
-1.39109737349702,-0.676926862142203,-1.28287695124186
-1.38481632593979,-0.67611020167889,-1.2795663472745
-1.37864645929045,-0.675298796739332,-1.27623813998493
-1.37247659264112,-0.674487391799773,-1.27290993269536
-1.36630672599178,-0.673675986860215,-1.26958172540578
-1.36013685934245,-0.672864581920657,-1.26625351811621
-1.35396699269311,-0.672053176981098,-1.26292531082664
-1.34779712604377,-0.67124177204154,-1.25959710353707
-1.34181971104145,-0.670439575234626,-1.2562452943303
-1.33584471124918,-0.669637493986995,-1.2528931889266
-1.32986971145691,-0.668835412739365,-1.2495410835229
-1.32389471166463,-0.668033331491734,-1.24618897811921
-1.31791971187236,-0.667231250244104,-1.24283687271551
-1.31194471208009,-0.666429168996473,-1.23948476731181
-1.30601964167103,-0.665629506580624,-1.23612829116487
-1.30023722270147,-0.664836754921792,-1.23275932752512
-1.2944548037319,-0.66404400326296,-1.22939036388538
-1.28867238476234,-0.663251251604128,-1.22602140024563
-1.28288996579277,-0.662458499945296,-1.22265243660588
-1.27710754682321,-0.661665748286465,-1.21928347296613
-1.27132512785364,-0.660872996627633,-1.21591450932638
-1.26564160244709,-0.660085097549657,-1.21254035227598
-1.26004545061971,-0.659301485781641,-1.20916160678865
-1.25444929879233,-0.658517874013625,-1.20578286130132
-1.24885314696495,-0.657734262245609,-1.20240411581399
-1.24325699513757,-0.656950650477592,-1.19902537032666
-1.23766084331019,-0.656167038709576,-1.19564662483933
-1.23206469148281,-0.65538342694156,-1.192267879352
-1.22661312836728,-0.654607002664741,-1.18888653631571
-1.22119713098013,-0.653832346356916,-1.18550455433796
-1.21578113359298,-0.653057690049092,-1.18212257236022
-1.21036513620583,-0.652283033741268,-1.17874059038247
-1.20494913881868,-0.651508377433443,-1.17535860840473
-1.19953314143152,-0.650733721125619,-1.17197662642698
-1.19413036860224,-0.649959731048243,-1.16859486130943
-1.18889250198972,-0.649194048662043,-1.16521580037249
-1.1836546353772,-0.648428366275844,-1.16183673943555
-1.17841676876468,-0.647662683889644,-1.15845767849861
-1.17317890215216,-0.646897001503445,-1.15507861756167
-1.16794103553964,-0.646131319117245,-1.15169955662473
-1.16270316892712,-0.645365636731045,-1.14832049568779
-1.15747211184409,-0.644600302130709,-1.14494177620478
-1.15241021077651,-0.643843606904208,-1.14157153880362
-1.14734830970893,-0.643086911677707,-1.13820130140246
-1.14228640864136,-0.642330216451206,-1.1348310640013
-1.13722450757378,-0.641573521224704,-1.13146082660013
-1.1321626065062,-0.640816825998203,-1.12809058919897
-1.12710070543863,-0.640060130771702,-1.12472035179781
-1.12203934061092,-0.639303463321919,-1.12135015934448
-1.11714738075209,-0.638555570889074,-1.11799416648007
-1.11225542089326,-0.637807678456229,-1.11463817361567
-1.10736346103443,-0.637059786023384,-1.11128218075127
-1.1024715011756,-0.636311893590539,-1.10792618788686
-1.09757954131676,-0.635564001157694,-1.10457019502246
-1.09268758145793,-0.634816108724849,-1.10121420215806
-1.0877956215991,-0.634068216292005,-1.09785820929365
-1.08306246329884,-0.633328668254991,-1.09452080185212
-1.07833462028318,-0.632589399515228,-1.09118401648768
-1.07360677726752,-0.631850130775465,-1.08784723112323
-1.06887893425185,-0.631110862035702,-1.08451044575879
-1.06415109123619,-0.630371593295939,-1.08117366039435
-1.05942324822053,-0.629632324556175,-1.07783687502991
-1.05469540520487,-0.628893055816412,-1.07450008966547
-1.05011875825501,-0.628161849801956,-1.07118599381694
-1.04555313056606,-0.627431231403806,-1.06787355159408
-1.04098750287711,-0.626700613005655,-1.06456110937123
-1.03642187518816,-0.625969994607505,-1.06124866714837
-1.03185624749921,-0.625239376209355,-1.05793622492551
-1.02729061981026,-0.624508757811205,-1.05462378270266
-1.02272499212131,-0.623778139413055,-1.0513113404798
-1.0182487444377,-0.623052359973497,-1.04801520572195
-1.01384328808949,-0.622330413117518,-1.04473198690902
-1.00943783174128,-0.621608466261538,-1.04144876809608
-1.00503237539307,-0.620886519405558,-1.03816554928314
-1.00062691904486,-0.620164572549579,-1.0348823304702
-0.996221462696647,-0.619442625693599,-1.03159911165727
-0.991816006348436,-0.61872067883762,-1.02831589284433
-0.987438963229851,-0.618000294411549,-1.02503877649813
-0.983187939411839,-0.617286839726551,-1.02178872601527
-0.978936915593826,-0.616573385041553,-1.0185386755324
-0.974685891775813,-0.615859930356555,-1.01528862504954
-0.970434867957801,-0.615146475671557,-1.01203857456667
-0.966183844139788,-0.614433020986558,-1.00878852408381
-0.961932820321775,-0.61371956630156,-1.00553847360095
-0.957681796503762,-0.613006111616562,-1.00228842311808
-0.953551367192107,-0.612299394085672,-0.999068117468039
-0.949449236135543,-0.611594257470127,-0.995854791629032
-0.945347105078979,-0.610889120854581,-0.992641465790026
-0.941244974022414,-0.610183984239035,-0.989428139951019
-0.93714284296585,-0.60947884762349,-0.986214814112013
-0.933040711909286,-0.608773711007944,-0.983001488273006
-0.928938580852722,-0.608068574392399,-0.979788162434
-0.924900576987089,-0.607367079166073,-0.976592686231728
-0.920945560612501,-0.606670296289544,-0.973420309381652
-0.916990544237913,-0.605973513413016,-0.970247932531576
-0.913035527863325,-0.605276730536487,-0.9670755556815
-0.909080511488737,-0.604579947659959,-0.963903178831424
-0.905125495114149,-0.60388316478343,-0.960730801981348
-0.901170478739561,-0.603186381906902,-0.957558425131272
-0.897215462364973,-0.602489599030373,-0.954386048281196
-0.893360131439757,-0.601798572165766,-0.951244510364311
-0.889550307847149,-0.60111017297401,-0.948117050706578
-0.88574048425454,-0.600421773782254,-0.944989591048845
-0.881930660661932,-0.599733374590498,-0.941862131391112
-0.878120837069323,-0.599044975398742,-0.93873467173338
-0.874311013476715,-0.598356576206986,-0.935607212075647
-0.870501189884106,-0.59766817701523,-0.932479752417914
-0.866691366291498,-0.596979777823474,-0.929352292760181
-0.863012509092932,-0.596299072407022,-0.926269404654949
-0.85934242073476,-0.595618882126443,-0.923189500833073
-0.855672332376588,-0.594938691845863,-0.920109597011197
-0.852002244018416,-0.594258501565283,-0.917029693189321
-0.848332155660245,-0.593578311284704,-0.913949789367445
-0.844662067302073,-0.592898121004124,-0.910869885545569
-0.840991978943901,-0.592217930723545,-0.907789981723693
-0.837347161361174,-0.591539251214351,-0.904719449834956
-0.83381154891743,-0.59086710035322,-0.901689417821785
-0.830275936473687,-0.590194949492089,-0.898659385808614
-0.826740324029943,-0.589522798630958,-0.895629353795443
-0.823204711586199,-0.588850647769827,-0.892599321782271
-0.819669099142455,-0.588178496908696,-0.8895692897691
-0.816133486698711,-0.587506346047565,-0.886539257755928
-0.812597874254967,-0.586834195186433,-0.883509225742757
-0.809120517256033,-0.586165590435155,-0.88050256679303
-0.805717727929912,-0.585501524747308,-0.87752582564675
-0.802314938603791,-0.584837459059461,-0.874549084500469
-0.79891214927767,-0.584173393371614,-0.871572343354189
-0.795509359951549,-0.583509327683767,-0.868595602207909
-0.792106570625428,-0.582845261995921,-0.865618861061629
-0.788703781299307,-0.582181196308074,-0.862642119915348
-0.785300991973186,-0.581517130620227,-0.859665378769068
-0.781933608462667,-0.580855260454577,-0.856703892337378
-0.778661843688311,-0.580199319627203,-0.853783603559374
-0.775390078913956,-0.579543378799829,-0.85086331478137
-0.7721183141396,-0.578887437972455,-0.847943026003366
-0.768846549365245,-0.578231497145082,-0.845022737225363
-0.765574784590889,-0.577575556317708,-0.842102448447359
-0.762303019816533,-0.576919615490334,-0.839182159669355
-0.759031255042178,-0.57626367466296,-0.836261870891351
-0.755772307590725,-0.57560854398245,-0.833347483879001
-0.752626386248674,-0.574960557363821,-0.830485139997306
-0.749480464906623,-0.574312570745193,-0.827622796115611
-0.746334543564572,-0.573664584126564,-0.824760452233916
-0.743188622222521,-0.573016597507936,-0.821898108352221
-0.74004270088047,-0.572368610889308,-0.819035764470526
-0.736896779538419,-0.571720624270679,-0.816173420588831
-0.733750858196369,-0.571072637652051,-0.813311076707137
-0.730604936854318,-0.570424651033422,-0.810448732825442
-0.727571835795173,-0.569783935160972,-0.807641629749224
-0.724546774343933,-0.56914373740412,-0.80483846314972
-0.721521712892693,-0.568503539647268,-0.802035296550215
-0.718496651441452,-0.567863341890416,-0.79923212995071
-0.715471589990212,-0.567223144133564,-0.796428963351205
-0.712446528538972,-0.566582946376713,-0.7936257967517
-0.709421467087731,-0.565942748619861,-0.790822630152195
-0.706396405636491,-0.565302550863009,-0.788019463552691
-0.703462648446451,-0.564668356214756,-0.785263651700793
-0.700556922041805,-0.564036004545643,-0.782522377952047
-0.697651195637159,-0.56340365287653,-0.779781104203301
-0.694745469232513,-0.562771301207417,-0.777039830454555
-0.691839742827867,-0.562138949538305,-0.774298556705809
-0.688934016423221,-0.561506597869192,-0.771557282957063
-0.686028290018575,-0.560874246200079,-0.768816009208316
-0.68312256361393,-0.560241894530966,-0.766074735459571
-0.680231528558707,-0.559610528865758,-0.763341496325596
-0.677443463819243,-0.55898607401116,-0.76066457106696
-0.674655399079778,-0.558361619156562,-0.757987645808323
-0.671867334340314,-0.557737164301964,-0.755310720549687
-0.66907926960085,-0.557112709447366,-0.75263379529105
-0.666291204861385,-0.556488254592768,-0.749956870032414
-0.663503140121921,-0.55586379973817,-0.747279944773777
-0.660715075382456,-0.555239344883572,-0.744603019515141
-0.657927010642992,-0.554614890028974,-0.741926094256504
-0.655193586732522,-0.553994181092578,-0.739280593852093
-0.65251827336862,-0.553377455941901,-0.736668513794488
-0.649842960004718,-0.552760730791224,-0.734056433736883
-0.647167646640816,-0.552144005640547,-0.731444353679277
-0.644492333276914,-0.55152728048987,-0.728832273621672
-0.641817019913012,-0.550910555339193,-0.726220193564067
-0.63914170654911,-0.550293830188515,-0.723608113506462
-0.636466393185208,-0.549677105037838,-0.720996033448857
-0.633791079821306,-0.549060379887161,-0.718383953391252
-0.631206990268469,-0.548450044842793,-0.715826876180704
-0.628639715156104,-0.547840887627556,-0.713279937135694
-0.626072440043739,-0.54723173041232,-0.710732998090684
-0.623505164931373,-0.546622573197083,-0.708186059045674
-0.620937889819008,-0.546013415981846,-0.705639120000664
-0.618370614706642,-0.545404258766609,-0.703092180955654
-0.615803339594277,-0.544795101551373,-0.700545241910644
-0.613236064481912,-0.544185944336136,-0.697998302865634
-0.610690557621825,-0.543578346277907,-0.695465091035169
-0.608229927782336,-0.542976827559432,-0.692985403256919
-0.605769297942847,-0.542375308840957,-0.690505715478669
-0.603308668103357,-0.541773790122482,-0.68802602770042
-0.600848038263868,-0.541172271404007,-0.68554633992217
-0.598387408424379,-0.540570752685532,-0.68306665214392
-0.595926778584889,-0.539969233967057,-0.680586964365671
-0.5934661487454,-0.539367715248582,-0.678107276587421
-0.591005518905911,-0.538766196530107,-0.675627588809172
-0.588547733751587,-0.53816488627793,-0.673149771266765
-0.586192203746447,-0.537571069562333,-0.670739181285213
-0.583836673741308,-0.536977252846735,-0.668328591303661
-0.581481143736168,-0.536383436131138,-0.665918001322109
-0.579125613731029,-0.535789619415541,-0.663507411340557
-0.576770083725889,-0.535195802699944,-0.661096821359005
-0.574414553720749,-0.534601985984347,-0.658686231377453
-0.57205902371561,-0.53400816926875,-0.656275641395901
-0.56970349371047,-0.533414352553152,-0.653865051414349
-0.56734796370533,-0.532820535837555,-0.651454461432797
-0.565077820838055,-0.532233126284395,-0.649102300416875
-0.562822744551373,-0.531646847276556,-0.646760449205705
-0.560567668264691,-0.531060568268717,-0.644418597994535
-0.558312591978009,-0.530474289260878,-0.642076746783365
-0.556057515691327,-0.52988801025304,-0.639734895572195
-0.553802439404645,-0.529301731245201,-0.637393044361025
-0.551547363117963,-0.528715452237362,-0.635051193149855
-0.549292286831281,-0.528129173229523,-0.632709341938685
-0.547037210544599,-0.527542894221684,-0.630367490727515
-0.544846741860347,-0.526961580880663,-0.628071559123168
-0.542687670274547,-0.526382680684908,-0.625797942886706
-0.540528598688747,-0.525803780489153,-0.623524326650244
-0.538369527102947,-0.525224880293398,-0.621250710413782
-0.536210455517147,-0.524645980097643,-0.61897709417732
-0.534051383931347,-0.524067079901888,-0.616703477940858
-0.531892312345547,-0.523488179706133,-0.614429861704396
-0.529733240759747,-0.522909279510378,-0.612156245467934
-0.527574169173947,-0.522330379314624,-0.609882629231472
-0.525462084895904,-0.521755181243583,-0.60764364517454
-0.523397762766661,-0.521183746346895,-0.60543986439677
-0.521333440637418,-0.520612311450208,-0.603236083619001
-0.519269118508176,-0.52004087655352,-0.601032302841231
-0.517204796378933,-0.519469441656832,-0.598828522063462
-0.515140474249691,-0.518898006760145,-0.596624741285692
-0.513076152120448,-0.518326571863457,-0.594420960507923
-0.511011829991206,-0.51775513696677,-0.592217179730153
-0.508947507861963,-0.517183702070082,-0.590013398952384
-0.50688318573272,-0.516612267173394,-0.587809618174615
-0.504884242121595,-0.516046116568787,-0.585655686737389
-0.502913256140018,-0.515482225670956,-0.583523072231723
-0.50094227015844,-0.514918334773125,-0.581390457726057
-0.498971284176863,-0.514354443875294,-0.579257843220391
-0.497000298195285,-0.513790552977463,-0.577125228714725
-0.495029312213708,-0.513226662079632,-0.574992614209058
-0.49305832623213,-0.5126627711818,-0.572859999703392
-0.491087340250553,-0.512098880283969,-0.570727385197726
-0.489116354268975,-0.511534989386138,-0.56859477069206
-0.487145368287398,-0.510971098488307,-0.566462156186393
-0.485254879773407,-0.510413888035587,-0.564392965823677
-0.483372839805718,-0.509857378723555,-0.562330432090347
-0.481490799838029,-0.509300869411523,-0.560267898357017
-0.47960875987034,-0.508744360099491,-0.558205364623688
-0.47772671990265,-0.508187850787459,-0.556142830890358
-0.475844679934961,-0.507631341475427,-0.554080297157028
-0.473962639967272,-0.507074832163395,-0.552017763423698
-0.472080599999583,-0.506518322851363,-0.549955229690369
-0.470198560031894,-0.505961813539331,-0.547892695957039
-0.468325806224881,-0.505406095809885,-0.545837711789616
-0.466528519679853,-0.504856811155696,-0.543844081833905
-0.464731233134826,-0.504307526501506,-0.541850451878194
-0.462933946589799,-0.503758241847316,-0.539856821922484
-0.461136660044772,-0.503208957193126,-0.537863191966773
-0.459339373499745,-0.502659672538936,-0.535869562011062
-0.457542086954717,-0.502110387884746,-0.533875932055351
-0.45574480040969,-0.501561103230556,-0.531882302099641
-0.453947513864663,-0.501011818576366,-0.52988867214393
-0.452150227319636,-0.500462533922176,-0.527895042188219
-0.450379215240539,-0.499915552020212,-0.525923428554282
-0.448665573721804,-0.499373598200873,-0.523999887780155
-0.446951932203069,-0.498831644381534,-0.522076347006027
-0.445238290684335,-0.498289690562195,-0.5201528062319
-0.4435246491656,-0.497747736742856,-0.518229265457773
-0.441811007646865,-0.497205782923516,-0.516305724683646
-0.44009736612813,-0.496663829104177,-0.514382183909518
-0.438383724609396,-0.496121875284838,-0.512458643135391
-0.436670083090661,-0.495579921465499,-0.510535102361264
-0.434956441571926,-0.495037967646159,-0.508611561587136
-0.433242800053191,-0.49449601382682,-0.506688020813009
-0.431594623424182,-0.49395996368511,-0.50482090467429
-0.429963352306496,-0.493425438096323,-0.502968359511201
-0.428332081188811,-0.492890912507536,-0.501115814348112
-0.426700810071125,-0.492356386918748,-0.499263269185023
-0.425069538953439,-0.491821861329961,-0.497410724021934
-0.423438267835753,-0.491287335741174,-0.495558178858845
-0.421806996718067,-0.490752810152387,-0.493705633695756
-0.420175725600382,-0.4902182845636,-0.491853088532667
-0.418544454482696,-0.489683758974813,-0.490000543369578
-0.41691318336501,-0.489149233386026,-0.488147998206489
-0.415303456067845,-0.488616709021605,-0.486314538957058
-0.413750410648868,-0.488089449886516,-0.484531294823006
-0.412197365229891,-0.487562190751427,-0.482748050688954
-0.410644319810914,-0.487034931616338,-0.480964806554902
-0.409091274391938,-0.486507672481249,-0.47918156242085
-0.407538228972961,-0.485980413346161,-0.477398318286797
-0.405985183553984,-0.485453154211072,-0.475615074152745
-0.404432138135007,-0.484925895075983,-0.473831830018693
-0.402879092716031,-0.484398635940894,-0.472048585884641
-0.401326047297054,-0.483871376805806,-0.470265341750589
-0.399773001878077,-0.483344117670717,-0.468482097616537
-0.398276115639758,-0.48282223426645,-0.466749936555034
-0.396797349984197,-0.482302085420525,-0.465034258195608
-0.395318584328635,-0.4817819365746,-0.463318579836182
-0.393839818673074,-0.481261787728674,-0.461602901476756
-0.392361053017512,-0.480741638882749,-0.45988722311733
-0.390882287361951,-0.480221490036824,-0.458171544757904
-0.389403521706389,-0.479701341190898,-0.456455866398478
-0.387924756050828,-0.479181192344973,-0.454740188039052
-0.386445990395267,-0.478661043499048,-0.453024509679626
-0.384967224739705,-0.478140894653122,-0.4513088313202
-0.383505816525936,-0.477622459928049,-0.449609350676514
-0.38210038396708,-0.477109553035844,-0.447962105711186
-0.380694951408223,-0.476596646143639,-0.446314860745858
-0.379289518849367,-0.476083739251434,-0.44466761578053
-0.377884086290511,-0.47557083235923,-0.443020370815202
-0.376478653731654,-0.475057925467025,-0.441373125849874
-0.375073221172798,-0.47454501857482,-0.439725880884546
-0.373667788613942,-0.474032111682615,-0.438078635919218
-0.372262356055085,-0.473519204790411,-0.43643139095389
-0.370856923496229,-0.473006297898206,-0.434784145988563
-0.369451490937373,-0.472493391006001,-0.433136901023235
-0.368046058378516,-0.471980484113796,-0.431489656057907
-0.36670212259983,-0.471473848379022,-0.429901181975719
-0.365368897950914,-0.470968304915759,-0.428322944243375
-0.364035673301999,-0.470462761452496,-0.426744706511031
-0.362702448653084,-0.469957217989233,-0.425166468778688
-0.361369224004168,-0.46945167452597,-0.423588231046344
-0.360035999355253,-0.468946131062708,-0.422009993314
-0.358702774706337,-0.468440587599445,-0.420431755581656
-0.357369550057422,-0.467935044136182,-0.418853517849313
-0.356036325408507,-0.467429500672919,-0.417275280116969
-0.354703100759591,-0.466923957209656,-0.415697042384625
-0.353369876110676,-0.466418413746393,-0.414118804652281
-0.35206851972898,-0.465916230287663,-0.412571741254498
-0.350803589274739,-0.465417887366623,-0.411060310608295
-0.349538658820499,-0.464919544445583,-0.409548879962093
-0.348273728366258,-0.464421201524542,-0.408037449315891
-0.347008797912018,-0.463922858603502,-0.406526018669689
-0.345743867457777,-0.463424515682461,-0.405014588023486
-0.344478937003537,-0.462926172761421,-0.403503157377284
-0.343214006549296,-0.462427829840381,-0.401991726731082
-0.341949076095055,-0.46192948691934,-0.400480296084879
-0.340684145640815,-0.4614311439983,-0.398968865438677
-0.339419215186574,-0.460932801077259,-0.397457434792475
-0.338159554707037,-0.460435032914135,-0.395951276863102
-0.336959205965303,-0.459943733452037,-0.394504461533203
-0.33575885722357,-0.45945243398994,-0.393057646203304
-0.334558508481836,-0.458961134527843,-0.391610830873405
-0.333358159740102,-0.458469835065745,-0.390164015543506
-0.332157810998368,-0.457978535603648,-0.388717200213607
-0.330957462256635,-0.457487236141551,-0.387270384883708
-0.329757113514901,-0.456995936679454,-0.385823569553809
-0.328556764773167,-0.456504637217356,-0.38437675422391
-0.327356416031433,-0.456013337755259,-0.382929938894012
-0.326156067289699,-0.455522038293162,-0.381483123564113
-0.324955718547966,-0.455030738831065,-0.380036308234214
-0.323799827006089,-0.45454446183867,-0.37863495988161
-0.32266330117658,-0.454060372651715,-0.377253417103972
-0.321526775347071,-0.45357628346476,-0.375871874326335
-0.320390249517562,-0.453092194277804,-0.374490331548697
-0.319253723688052,-0.452608105090849,-0.373108788771059
-0.318117197858543,-0.452124015903894,-0.371727245993421
-0.316980672029034,-0.451639926716939,-0.370345703215783
-0.315844146199525,-0.451155837529983,-0.368964160438146
-0.314707620370016,-0.450671748343028,-0.367582617660508
-0.313571094540507,-0.450187659156073,-0.36620107488287
-0.312434568710998,-0.449703569969117,-0.364819532105232
-0.311298042881489,-0.449219480782162,-0.363437989327594
-0.310176911470902,-0.44873719505698,-0.362072513254466
-0.309103251735213,-0.448260470655772,-0.360756581979167
-0.308029591999524,-0.447783746254564,-0.359440650703868
-0.306955932263835,-0.447307021853356,-0.358124719428568
-0.305882272528146,-0.446830297452148,-0.356808788153269
-0.304808612792457,-0.44635357305094,-0.35549285687797
-0.303734953056768,-0.445876848649732,-0.35417692560267
-0.302661293321079,-0.445400124248524,-0.352860994327371
-0.30158763358539,-0.444923399847315,-0.351545063052072
-0.300513973849702,-0.444446675446107,-0.350229131776773
-0.299440314114013,-0.443969951044899,-0.348913200501473
-0.298366654378324,-0.443493226643691,-0.347597269226174
-0.297292994642635,-0.443016502242483,-0.346281337950875
-0.296266261001478,-0.442545487297709,-0.34501537018237
-0.29525176312634,-0.442075961067769,-0.343762430171335
-0.294237265251202,-0.441606434837829,-0.342509490160301
-0.293222767376064,-0.441136908607889,-0.341256550149266
-0.292208269500926,-0.440667382377949,-0.340003610138232
-0.291193771625788,-0.440197856148009,-0.338750670127197
-0.29017927375065,-0.439728329918068,-0.337497730116162
-0.289164775875512,-0.439258803688128,-0.336244790105128
-0.288150278000374,-0.438789277458188,-0.334991850094093
-0.287135780125236,-0.438319751228248,-0.333738910083058
-0.286121282250097,-0.437850224998308,-0.332485970072024
-0.285106784374959,-0.437380698768368,-0.331233030060989
-0.284111294820629,-0.436913575804461,-0.3300007253845
-0.28315246037445,-0.436451087230791,-0.328808213303431
-0.282193625928272,-0.43598859865712,-0.327615701222363
-0.281234791482093,-0.43552611008345,-0.326423189141294
-0.280275957035915,-0.43506362150978,-0.325230677060226
-0.279317122589736,-0.434601132936109,-0.324038164979157
-0.278358288143558,-0.434138644362439,-0.322845652898089
-0.277399453697379,-0.433676155788769,-0.32165314081702
-0.276440619251201,-0.433213667215098,-0.320460628735952
-0.275481784805023,-0.432751178641428,-0.319268116654884
-0.274522950358844,-0.432288690067758,-0.318075604573815
-0.273564115912666,-0.431826201494087,-0.316883092492747
-0.272605281466487,-0.431363712920417,-0.315690580411678
-0.271695513450495,-0.430907682175605,-0.314552355570427
-0.27079182271945,-0.430452451286539,-0.313420854654762
-0.269888131988404,-0.429997220397473,-0.312289353739097
-0.268984441257358,-0.429541989508407,-0.311157852823432
-0.268080750526312,-0.42908675861934,-0.310026351907766
-0.267177059795266,-0.428631527730274,-0.308894850992101
-0.26627336906422,-0.428176296841208,-0.307763350076436
-0.265369678333175,-0.427721065952142,-0.306631849160771
-0.264465987602129,-0.427265835063076,-0.305500348245105
-0.263562296871083,-0.42681060417401,-0.30436884732944
-0.262658606140037,-0.426355373284944,-0.303237346413775
-0.261754915408992,-0.425900142395877,-0.30210584549811
-0.260851224677946,-0.425444911506811,-0.300974344582444
-0.259950932137289,-0.424990146805702,-0.299846669199336
-0.259101633746309,-0.424542377845187,-0.298776400776246
-0.258252335355329,-0.424094608884672,-0.297706132353155
-0.257403036964349,-0.423646839924158,-0.296635863930065
-0.256553738573369,-0.423199070963643,-0.295565595506974
-0.255704440182388,-0.422751302003128,-0.294495327083884
-0.254855141791408,-0.422303533042613,-0.293425058660793
-0.254005843400428,-0.421855764082098,-0.292354790237703
-0.253156545009448,-0.421407995121583,-0.291284521814612
-0.252307246618468,-0.420960226161068,-0.290214253391522
-0.251457948227487,-0.420512457200553,-0.289143984968431
-0.250608649836507,-0.420064688240039,-0.28807371654534
-0.249759351445527,-0.419616919279524,-0.28700344812225
-0.248910053054547,-0.419169150319009,-0.285933179699159
-0.248072715208392,-0.418723095022415,-0.284876609209704
-0.247274278301194,-0.418282613312691,-0.283864590409821
-0.246475841393996,-0.417842131602967,-0.282852571609937
-0.245677404486797,-0.417401649893244,-0.281840552810054
-0.244878967579599,-0.41696116818352,-0.28082853401017
-0.2440805306724,-0.416520686473796,-0.279816515210287
-0.243282093765202,-0.416080204764072,-0.278804496410403
-0.242483656858004,-0.415639723054348,-0.277792477610519
-0.241685219950805,-0.415199241344624,-0.276780458810636
-0.240886783043607,-0.4147587596349,-0.275768440010752
-0.240088346136409,-0.414318277925176,-0.274756421210869
-0.23928990922921,-0.413877796215452,-0.273744402410985
-0.238491472322012,-0.413437314505728,-0.272732383611102
-0.237693035414814,-0.412996832796004,-0.271720364811218
-0.236913989360365,-0.412559254584074,-0.270730930016946
-0.236163097368543,-0.412125892032992,-0.269774285503565
-0.235412205376721,-0.41169252948191,-0.268817640990185
-0.234661313384899,-0.411259166930827,-0.267860996476804
-0.233910421393078,-0.410825804379745,-0.266904351963423
-0.233159529401256,-0.410392441828663,-0.265947707450043
-0.232408637409434,-0.40995907927758,-0.264991062936662
-0.231657745417613,-0.409525716726498,-0.264034418423281
-0.230906853425791,-0.409092354175415,-0.263077773909901
-0.230155961433969,-0.408658991624333,-0.26212112939652
-0.229405069442148,-0.408225629073251,-0.261164484883139
-0.228654177450326,-0.407792266522168,-0.260207840369759
-0.227903285458504,-0.407358903971086,-0.259251195856378
-0.227152393466683,-0.406925541420003,-0.258294551342997
-0.226428142024714,-0.406496353362955,-0.257369439866985
-0.22572314035995,-0.406070181688097,-0.256467113354016
-0.225018138695185,-0.405644010013239,-0.255564786841048
-0.224313137030421,-0.40521783833838,-0.25466246032808
-0.223608135365656,-0.404791666663522,-0.253760133815111
-0.222903133700892,-0.404365494988663,-0.252857807302143
-0.222198132036127,-0.403939323313805,-0.251955480789175
-0.221493130371363,-0.403513151638947,-0.251053154276207
-0.220788128706598,-0.403086979964088,-0.250150827763238
-0.220083127041834,-0.40266080828923,-0.24924850125027
-0.219378125377069,-0.402234636614372,-0.248346174737302
-0.218673123712305,-0.401808464939513,-0.247443848224333
-0.21796812204754,-0.401382293264655,-0.246541521711365
-0.217263120382776,-0.400956121589796,-0.245639195198397
-0.216558118718011,-0.400529949914938,-0.244736868685428
-0.215889020584053,-0.400109669937716,-0.243877649946788
-0.215228234173699,-0.399690753897723,-0.243028410725408
-0.214567447763345,-0.399271837857729,-0.242179171504028
-0.21390666135299,-0.398852921817736,-0.241329932282648
-0.213245874942636,-0.398434005777742,-0.240480693061268
-0.212585088532282,-0.398015089737749,-0.239631453839888
-0.211924302121928,-0.397596173697755,-0.238782214618508
-0.211263515711574,-0.397177257657762,-0.237932975397128
-0.210602729301219,-0.396758341617769,-0.237083736175748
-0.209941942890865,-0.396339425577775,-0.236234496954369
-0.209281156480511,-0.395920509537782,-0.235385257732989
-0.208620370070157,-0.395501593497788,-0.234536018511609
-0.207959583659802,-0.395082677457795,-0.233686779290229
-0.207298797249448,-0.394663761417802,-0.232837540068849
-0.206639802233361,-0.39424515370215,-0.231990481997413
-0.206020190496987,-0.393833324407103,-0.231191375870419
-0.205400578760614,-0.393421495112056,-0.230392269743426
-0.20478096702424,-0.393009665817009,-0.229593163616432
-0.204161355287867,-0.392597836521962,-0.228794057489438
-0.203541743551494,-0.392186007226915,-0.227994951362445
-0.20292213181512,-0.391774177931868,-0.227195845235451
-0.202302520078747,-0.391362348636821,-0.226396739108457
-0.201682908342373,-0.390950519341774,-0.225597632981464
-0.201063296606,-0.390538690046727,-0.22479852685447
-0.200443684869627,-0.39012686075168,-0.223999420727476
-0.199824073133253,-0.389715031456633,-0.223200314600483
-0.19920446139688,-0.389303202161586,-0.222401208473489
-0.198584849660507,-0.388891372866539,-0.221602102346495
-0.197965237924133,-0.388479543571492,-0.220802996219501
-0.197356166502133,-0.388069618393427,-0.220016901618504
-0.196774883524054,-0.387664713221988,-0.219265110554167
-0.196193600545976,-0.387259808050548,-0.21851331948983
-0.195612317567898,-0.386854902879109,-0.217761528425493
-0.19503103458982,-0.38644999770767,-0.217009737361156
-0.194449751611742,-0.38604509253623,-0.216257946296818
-0.193868468633663,-0.385640187364791,-0.215506155232481
-0.193287185655585,-0.385235282193351,-0.214754364168144
-0.192705902677507,-0.384830377021912,-0.214002573103807
-0.192124619699429,-0.384425471850472,-0.21325078203947
-0.191543336721351,-0.384020566679033,-0.212498990975133
-0.190962053743272,-0.383615661507594,-0.211747199910796
-0.190380770765194,-0.383210756336154,-0.210995408846458
-0.189799487787116,-0.382805851164715,-0.210243617782121
-0.189218204809038,-0.382400945993275,-0.209491826717784
-0.188655468400603,-0.381999561652867,-0.208763233269979
-0.188110803414136,-0.381601607942729,-0.208057243135083
-0.18756613842767,-0.381203654232591,-0.207351253000187
-0.187021473441203,-0.380805700522453,-0.20664526286529
-0.186476808454737,-0.380407746812315,-0.205939272730394
-0.185932143468271,-0.380009793102178,-0.205233282595497
-0.185387478481804,-0.37961183939204,-0.204527292460601
-0.184842813495338,-0.379213885681902,-0.203821302325704
-0.184298148508871,-0.378815931971764,-0.203115312190808
-0.183753483522405,-0.378417978261626,-0.202409322055911
-0.183208818535939,-0.378020024551488,-0.201703331921015
-0.182664153549472,-0.377622070841351,-0.200997341786118
-0.182119488563006,-0.377224117131213,-0.200291351651222
-0.181574823576539,-0.376826163421075,-0.199585361516325
-0.181030158590073,-0.376428209710937,-0.198879371381429
-0.180485493603606,-0.376030256000799,-0.198173381246533
-0.179973133013212,-0.375638749144641,-0.197508255517691
-0.179463417072765,-0.375247770070275,-0.196846475217412
-0.178953701132318,-0.374856790995909,-0.196184694917133
-0.178443985191871,-0.374465811921542,-0.195522914616854
-0.177934269251424,-0.374074832847176,-0.194861134316576
-0.177424553310977,-0.37368385377281,-0.194199354016297
-0.17691483737053,-0.373292874698443,-0.193537573716018
-0.176405121430084,-0.372901895624077,-0.192875793415739
-0.175895405489637,-0.372510916549711,-0.19221401311546
-0.17538568954919,-0.372119937475344,-0.191552232815182
-0.174875973608743,-0.371728958400978,-0.190890452514903
-0.174366257668296,-0.371337979326612,-0.190228672214624
-0.173856541727849,-0.370947000252245,-0.189566891914345
-0.173346825787402,-0.370556021177879,-0.188905111614066
-0.172837109846955,-0.370165042103513,-0.188243331313788
-0.172338493051448,-0.369776394831236,-0.187595746919021
-0.171861214729927,-0.369392230525758,-0.186975454623075
-0.171383936408407,-0.369008066220279,-0.18635516232713
-0.170906658086886,-0.3686239019148,-0.185734870031184
-0.170429379765365,-0.368239737609321,-0.185114577735238
-0.169952101443845,-0.367855573303842,-0.184494285439292
-0.169474823122324,-0.367471408998363,-0.183873993143346
-0.168997544800804,-0.367087244692884,-0.1832537008474
-0.168520266479283,-0.366703080387405,-0.182633408551454
-0.168042988157763,-0.366318916081926,-0.182013116255508
-0.167565709836242,-0.365934751776447,-0.181392823959562
-0.167088431514722,-0.365550587470968,-0.180772531663616
-0.166611153193201,-0.365166423165489,-0.18015223936767
-0.166133874871681,-0.36478225886001,-0.179531947071724
-0.16565659655016,-0.364398094554531,-0.178911654775779
-0.165179318228639,-0.364013930249052,-0.178291362479833
-0.164724911531753,-0.363634828087039,-0.177700643822963
-0.164277727079929,-0.363257324414038,-0.177119263727401
-0.163830542628106,-0.362879820741037,-0.176537883631839
-0.163383358176283,-0.362502317068036,-0.175956503536276
-0.162936173724459,-0.362124813395035,-0.175375123440714
-0.162488989272636,-0.361747309722034,-0.174793743345151
-0.162041804820813,-0.361369806049033,-0.174212363249589
-0.161594620368989,-0.360992302376032,-0.173630983154027
-0.161147435917166,-0.36061479870303,-0.173049603058464
-0.160700251465343,-0.360237295030029,-0.172468222962902
-0.160253067013519,-0.359859791357028,-0.171886842867339
-0.159805882561696,-0.359482287684027,-0.171305462771777
-0.159358698109873,-0.359104784011026,-0.170724082676214
-0.158911513658049,-0.358727280338025,-0.170142702580652
-0.158464329206226,-0.358349776665024,-0.16956132248509
-0.158022250539479,-0.357973465011606,-0.168986612971796
-0.157603774476438,-0.357602663728368,-0.168442739678093
-0.157185298413397,-0.35723186244513,-0.16789886638439
-0.156766822350357,-0.356861061161893,-0.167354993090687
-0.156348346287316,-0.356490259878655,-0.166811119796984
-0.155929870224276,-0.356119458595417,-0.166267246503281
-0.155511394161235,-0.355748657312179,-0.165723373209578
-0.155092918098194,-0.355377856028941,-0.165179499915875
-0.154674442035154,-0.355007054745703,-0.164635626622172
-0.154255965972113,-0.354636253462466,-0.164091753328469
-0.153837489909073,-0.354265452179228,-0.163547880034766
-0.153419013846032,-0.35389465089599,-0.163004006741063
-0.153000537782991,-0.353523849612752,-0.16246013344736
-0.152582061719951,-0.353153048329514,-0.161916260153657
-0.15216358565691,-0.352782247046276,-0.161372386859954
-0.151745109593869,-0.352411445763039,-0.160828513566251
-0.151326633530829,-0.352040644479801,-0.160284640272548
-0.150926548620854,-0.351674373423414,-0.159765002511768
-0.150535431185199,-0.351310311292852,-0.159257181928428
-0.150144313749544,-0.350946249162291,-0.158749361345088
-0.149753196313889,-0.350582187031729,-0.158241540761747
-0.149362078878234,-0.350218124901167,-0.157733720178407
-0.14897096144258,-0.349854062770605,-0.157225899595067
-0.148579844006925,-0.349490000640043,-0.156718079011727
-0.14818872657127,-0.349125938509481,-0.156210258428387
-0.147797609135615,-0.348761876378919,-0.155702437845047
-0.14740649169996,-0.348397814248358,-0.155194617261706
-0.147015374264305,-0.348033752117796,-0.154686796678366
-0.14662425682865,-0.347669689987234,-0.154178976095026
-0.146233139392995,-0.347305627856672,-0.153671155511686
-0.14584202195734,-0.34694156572611,-0.153163334928346
-0.145450904521685,-0.346577503595548,-0.152655514345005
-0.14505978708603,-0.346213441464986,-0.152147693761665
-0.144672884930622,-0.345850476527318,-0.151645474796594
-0.144307069289821,-0.345493000186523,-0.151171277362368
-0.143941253649019,-0.345135523845728,-0.150697079928141
-0.143575438008217,-0.344778047504932,-0.150222882493914
-0.143209622367415,-0.344420571164137,-0.149748685059687
-0.142843806726613,-0.344063094823342,-0.14927448762546
-0.142477991085811,-0.343705618482546,-0.148800290191233
-0.142112175445009,-0.343348142141751,-0.148326092757006
-0.141746359804207,-0.342990665800955,-0.147851895322779
-0.141380544163406,-0.34263318946016,-0.147377697888553
-0.141014728522604,-0.342275713119365,-0.146903500454326
-0.140648912881802,-0.341918236778569,-0.146429303020099
-0.140283097241,-0.341560760437774,-0.145955105585872
-0.139917281600198,-0.341203284096979,-0.145480908151645
-0.139551465959396,-0.340845807756183,-0.145006710717418
-0.139185650318594,-0.340488331415388,-0.144532513283191
-0.138819834677793,-0.340130855074593,-0.144058315848964
-0.138469478187812,-0.339777633904112,-0.14360483333338
-0.138127050948027,-0.339426595279778,-0.143161975836893
-0.137784623708242,-0.339075556655444,-0.142719118340407
-0.137442196468457,-0.338724518031109,-0.14227626084392
-0.137099769228673,-0.338373479406775,-0.141833403347433
-0.136757341988888,-0.338022440782441,-0.141390545850946
-0.136414914749103,-0.337671402158107,-0.140947688354459
-0.136072487509318,-0.337320363533772,-0.140504830857972
-0.135730060269533,-0.336969324909438,-0.140061973361485
-0.135387633029748,-0.336618286285104,-0.139619115864999
-0.135045205789963,-0.336267247660769,-0.139176258368512
-0.134702778550178,-0.335916209036435,-0.138733400872025
-0.134360351310394,-0.335565170412101,-0.138290543375538
-0.134017924070609,-0.335214131787767,-0.137847685879051
-0.133675496830824,-0.334863093163432,-0.137404828382564
-0.133333069591039,-0.334512054539098,-0.136961970886077
-0.132994101018957,-0.334162023960992,-0.136523784168307
-0.132673937468254,-0.333817474201658,-0.136110992805386
-0.132353773917551,-0.333472924442323,-0.135698201442464
-0.132033610366848,-0.333128374682989,-0.135285410079543
-0.131713446816145,-0.332783824923655,-0.134872618716622
-0.131393283265442,-0.332439275164321,-0.1344598273537
-0.131073119714739,-0.332094725404986,-0.134047035990779
-0.130752956164036,-0.331750175645652,-0.133634244627857
-0.130432792613333,-0.331405625886318,-0.133221453264936
-0.13011262906263,-0.331061076126984,-0.132808661902014
-0.129792465511927,-0.330716526367649,-0.132395870539093
-0.129472301961224,-0.330371976608315,-0.131983079176172
-0.129152138410521,-0.330027426848981,-0.13157028781325
-0.128831974859818,-0.329682877089646,-0.131157496450329
-0.128511811309115,-0.329338327330312,-0.130744705087407
-0.128191647758412,-0.328993777570978,-0.130331913724486
-0.127871484207709,-0.328649227811644,-0.129919122361564
-0.127551320657006,-0.328304678052309,-0.129506330998643
-0.127244236291403,-0.327964164806141,-0.129111310968039
-0.126945245463866,-0.327626149397011,-0.128727288025821
-0.126646254636328,-0.32728813398788,-0.128343265083604
-0.126347263808791,-0.32695011857875,-0.127959242141386
-0.126048272981254,-0.326612103169619,-0.127575219199169
-0.125749282153716,-0.326274087760488,-0.127191196256952
-0.125450291326179,-0.325936072351358,-0.126807173314735
-0.125151300498641,-0.325598056942227,-0.126423150372517
-0.124852309671104,-0.325260041533097,-0.1260391274303
-0.124553318843567,-0.324922026123966,-0.125655104488082
-0.124254328016029,-0.324584010714836,-0.125271081545865
-0.123955337188492,-0.324245995305705,-0.124887058603648
-0.123656346360955,-0.323907979896574,-0.124503035661431
-0.123357355533417,-0.323569964487444,-0.124119012719213
-0.12305836470588,-0.323231949078313,-0.123734989776996
-0.122759373878342,-0.322893933669183,-0.123350966834779
-0.122460383050805,-0.322555918260052,-0.122966943892561
-0.122162955336624,-0.322218414483751,-0.122585057368549
-0.121883472982987,-0.321886784520479,-0.122227698045202
-0.121603990629349,-0.321555154557206,-0.121870338721855
-0.121324508275712,-0.321223524593934,-0.121512979398507
-0.121045025922074,-0.320891894630661,-0.12115562007516
-0.120765543568436,-0.320560264667388,-0.120798260751813
-0.120486061214799,-0.320228634704116,-0.120440901428466
-0.120206578861161,-0.319897004740843,-0.120083542105118
-0.119927096507523,-0.319565374777571,-0.119726182781771
-0.119647614153886,-0.319233744814298,-0.119368823458424
-0.119368131800248,-0.318902114851025,-0.119011464135077
-0.11908864944661,-0.318570484887753,-0.11865410481173
-0.118809167092973,-0.31823885492448,-0.118296745488382
-0.118529684739335,-0.317907224961208,-0.117939386165035
-0.118250202385698,-0.317575594997935,-0.117582026841688
-0.11797072003206,-0.317243965034663,-0.117224667518341
-0.117691237678422,-0.31691233507139,-0.116867308194993
-0.117411755324785,-0.316580705108117,-0.116509948871646
-0.117142019466472,-0.316252461218623,-0.116165988603039
-0.116880502599494,-0.315927072725876,-0.115833327443611
-0.116618985732516,-0.315601684233128,-0.115500666284182
-0.116357468865539,-0.315276295740381,-0.115168005124754
-0.116095951998561,-0.314950907247633,-0.114835343965326
-0.115834435131583,-0.314625518754886,-0.114502682805898
-0.115572918264605,-0.314300130262138,-0.11417002164647
-0.115311401397627,-0.313974741769391,-0.113837360487042
-0.115049884530649,-0.313649353276643,-0.113504699327614
-0.114788367663671,-0.313323964783896,-0.113172038168186
-0.114526850796693,-0.312998576291148,-0.112839377008758
-0.114265333929715,-0.312673187798401,-0.11250671584933
-0.114003817062737,-0.312347799305653,-0.112174054689902
-0.11374230019576,-0.312022410812906,-0.111841393530473
-0.113480783328782,-0.311697022320158,-0.111508732371045
-0.113219266461804,-0.311371633827411,-0.111176071211617
-0.112957749594826,-0.311046245334663,-0.110843410052189
-0.112696316346616,-0.310720887716906,-0.110510864457788
-0.112451866210249,-0.310401800861367,-0.110201790314034
-0.112207416073883,-0.310082714005829,-0.10989271617028
-0.111962965937516,-0.30976362715029,-0.109583642026527
-0.11171851580115,-0.309444540294752,-0.109274567882773
-0.111474065664783,-0.309125453439213,-0.108965493739019
-0.111229615528417,-0.308806366583674,-0.108656419595265
-0.11098516539205,-0.308487279728136,-0.108347345451511
-0.110740715255684,-0.308168192872597,-0.108038271307757
-0.110496265119317,-0.307849106017059,-0.107729197164003
-0.110251814982951,-0.30753001916152,-0.107420123020249
-0.110007364846584,-0.307210932305982,-0.107111048876495
-0.109762914710217,-0.306891845450443,-0.106801974732741
-0.109518464573851,-0.306572758594905,-0.106492900588987
-0.109274014437484,-0.306253671739366,-0.106183826445233
-0.109029564301118,-0.305934584883828,-0.105874752301479
-0.108785114164751,-0.305615498028289,-0.105565678157725
-0.108540664028385,-0.305296411172751,-0.105256604013971
-0.108296213892018,-0.304977324317212,-0.104947529870217
-0.108056708441247,-0.304660177363645,-0.104645314473054
-0.107828457678444,-0.304347445855906,-0.104358710392573
-0.10760020691564,-0.304034714348167,-0.104072106312092
-0.107371956152836,-0.303721982840427,-0.10378550223161
-0.107143705390032,-0.303409251332688,-0.103498898151129
-0.106915454627228,-0.303096519824948,-0.103212294070648
-0.106687203864424,-0.302783788317209,-0.102925689990166
-0.10645895310162,-0.30247105680947,-0.102639085909685
-0.106230702338816,-0.30215832530173,-0.102352481829204
-0.106002451576012,-0.301845593793991,-0.102065877748723
-0.105774200813208,-0.301532862286251,-0.101779273668241
-0.105545950050404,-0.301220130778512,-0.10149266958776
-0.1053176992876,-0.300907399270772,-0.101206065507279
-0.105089448524796,-0.300594667763033,-0.100919461426797
-0.104861197761992,-0.300281936255294,-0.100632857346316
-0.104632946999188,-0.299969204747554,-0.100346253265835
-0.104404696236385,-0.299656473239815,-0.100059649185354
-0.104176445473581,-0.299343741732075,-0.0997730451048722
-0.103948194710777,-0.299031010224336,-0.099486441024391
-0.103728949092397,-0.298722038682879,-0.0992123699663792
-0.103515568632135,-0.298415516052369,-0.0989464618155929
-0.103302188171873,-0.298108993421859,-0.0986805536648067
-0.103088807711612,-0.29780247079135,-0.0984146455140205
-0.10287542725135,-0.29749594816084,-0.0981487373632342
-0.102662046791089,-0.297189425530331,-0.097882829212448
-0.102448666330827,-0.296882902899821,-0.0976169210616617
-0.102235285870566,-0.296576380269311,-0.0973510129108755
-0.102021905410304,-0.296269857638802,-0.0970851047600892
-0.101808524950042,-0.295963335008292,-0.096819196609303
-0.101595144489781,-0.295656812377783,-0.0965532884585168
-0.101381764029519,-0.295350289747273,-0.0962873803077305
-0.101168383569258,-0.295043767116763,-0.0960214721569443
-0.100955003108996,-0.294737244486254,-0.0957555640061581
-0.100741622648735,-0.294430721855744,-0.0954896558553718
-0.100528242188473,-0.294124199225235,-0.0952237477045856
-0.100314861728211,-0.293817676594725,-0.0949578395537993
-0.10010148126795,-0.293511153964215,-0.0946919314030131
-0.0998881008076883,-0.293204631333706,-0.0944260232522268
-0.0996870792490613,-0.292903604970042,-0.0941773720887196
-0.0994873411819231,-0.292603149402386,-0.0939305130906452
-0.0992876031147849,-0.29230269383473,-0.0936836540925707
-0.0990878650476468,-0.292002238267073,-0.0934367950944963
-0.0988881269805086,-0.291701782699417,-0.0931899360964219
-0.0986883889133705,-0.291401327131761,-0.0929430770983474
-0.0984886508462323,-0.291100871564105,-0.092696218100273
-0.0982889127790942,-0.290800415996449,-0.0924493591021985
-0.098089174711956,-0.290499960428793,-0.0922025001041241
-0.0978894366448179,-0.290199504861137,-0.0919556411060496
-0.0976896985776797,-0.289899049293481,-0.0917087821079752
-0.0974899605105416,-0.289598593725825,-0.0914619231099007
-0.0972902224434034,-0.289298138158169,-0.0912150641118263
-0.0970904843762653,-0.288997682590513,-0.0909682051137518
-0.0968907463091271,-0.288697227022857,-0.0907213461156774
-0.096691008241989,-0.288396771455201,-0.0904744871176029
-0.0964912701748508,-0.288096315887545,-0.0902276281195285
-0.0962915321077127,-0.287795860319888,-0.089980769121454
-0.0960944622442518,-0.287496670278146,-0.0897376457622595
-0.0959076603777779,-0.287202350335483,-0.0895088981904491
-0.095720858511304,-0.286908030392819,-0.0892801506186389
-0.0955340566448302,-0.286613710450156,-0.0890514030468285
-0.0953472547783563,-0.286319390507492,-0.0888226554750182
-0.0951604529118824,-0.286025070564829,-0.0885939079032079
-0.0949736510454085,-0.285730750622165,-0.0883651603313976
-0.0947868491789346,-0.285436430679502,-0.0881364127595872
-0.0946000473124607,-0.285142110736838,-0.0879076651877769
-0.0944132454459868,-0.284847790794174,-0.0876789176159666
-0.0942264435795129,-0.284553470851511,-0.0874501700441563
-0.094039641713039,-0.284259150908847,-0.087221422472346
-0.0938528398465651,-0.283964830966184,-0.0869926749005357
-0.0936660379800912,-0.28367051102352,-0.0867639273287253
-0.0934792361136173,-0.283376191080857,-0.086535179756915
-0.0932924342471434,-0.283081871138193,-0.0863064321851047
-0.0931056323806695,-0.28278755119553,-0.0860776846132944
-0.0929188305141956,-0.282493231252866,-0.0858489370414841
-0.0927320286477218,-0.282198911310203,-0.0856201894696738
-0.0925452267812479,-0.281904591367539,-0.0853914418978634
-0.09236074751167,-0.281611445478284,-0.0851659494151806
-0.0921862046241386,-0.28132332234749,-0.0849543826417848
-0.092011661736607,-0.281035199216697,-0.084742815868389
-0.0918371188490756,-0.280747076085903,-0.0845312490949932
-0.0916625759615441,-0.280458952955109,-0.0843196823215973
-0.0914880330740126,-0.280170829824315,-0.0841081155482015
-0.0913134901864811,-0.279882706693521,-0.0838965487748057
-0.0911389472989496,-0.279594583562728,-0.0836849820014099
-0.0909644044114181,-0.279306460431934,-0.083473415228014
-0.0907898615238866,-0.27901833730114,-0.0832618484546182
-0.0906153186363551,-0.278730214170346,-0.0830502816812224
-0.0904407757488236,-0.278442091039552,-0.0828387149078266
-0.0902662328612922,-0.278153967908758,-0.0826271481344307
-0.0900916899737607,-0.277865844777965,-0.0824155813610349
-0.0899171470862292,-0.277577721647171,-0.0822040145876391
-0.0897426041986977,-0.277289598516377,-0.0819924478142433
-0.0895680613111662,-0.277001475385583,-0.0817808810408474
-0.0893935184236347,-0.276713352254789,-0.0815693142674516
-0.0892189755361032,-0.276425229123996,-0.0813577474940558
-0.0890444326485717,-0.276137105993202,-0.0811461807206599
-0.088871825784095,-0.275850027609699,-0.080937328969825
-0.0887084956186788,-0.275567955264832,-0.080741486592601
-0.0885451654532626,-0.275285882919965,-0.080545644215377
-0.0883818352878464,-0.275003810575097,-0.0803498018381531
-0.0882185051224302,-0.27472173823023,-0.0801539594609291
-0.0880551749570139,-0.274439665885363,-0.0799581170837051
-0.0878918447915977,-0.274157593540496,-0.0797622747064812
-0.0877285146261815,-0.273875521195629,-0.0795664323292572
-0.0875651844607653,-0.273593448850762,-0.0793705899520332
-0.0874018542953491,-0.273311376505895,-0.0791747475748093
-0.0872385241299329,-0.273029304161028,-0.0789789051975853
-0.0870751939645166,-0.272747231816161,-0.0787830628203613
-0.0869118637991004,-0.272465159471294,-0.0785872204431374
-0.0867485336336842,-0.272183087126427,-0.0783913780659134
-0.086585203468268,-0.27190101478156,-0.0781955356886895
-0.0864218733028518,-0.271618942436692,-0.0779996933114655
-0.0862585431374356,-0.271336870091825,-0.0778038509342416
-0.0860952129720194,-0.271054797746958,-0.0776080085570176
-0.0859318828066031,-0.270772725402091,-0.0774121661797936
-0.0857685526411869,-0.270490653057224,-0.0772163238025697
-0.085606820027081,-0.270209501757467,-0.0770227228104853
-0.0854537394273328,-0.269933338651492,-0.0768412607063876
-0.0853006588275845,-0.269657175545517,-0.07665979860229
-0.0851475782278363,-0.269381012439542,-0.0764783364981924
-0.0849944976280881,-0.269104849333567,-0.0762968743940947
-0.0848414170283398,-0.268828686227592,-0.0761154122899971
-0.0846883364285916,-0.268552523121617,-0.0759339501858995
-0.0845352558288434,-0.268276360015642,-0.0757524880818018
-0.0843821752290952,-0.268000196909667,-0.0755710259777042
-0.0842290946293469,-0.267724033803692,-0.0753895638736066
-0.0840760140295987,-0.267447870697717,-0.075208101769509
-0.0839229334298505,-0.267171707591743,-0.0750266396654113
-0.0837698528301022,-0.266895544485768,-0.0748451775613137
-0.083616772230354,-0.266619381379793,-0.0746637154572161
-0.0834636916306058,-0.266343218273818,-0.0744822533531185
-0.0833106110308575,-0.266067055167843,-0.0743007912490208
-0.0831575304311093,-0.265790892061868,-0.0741193291449232
-0.0830044498313611,-0.265514728955893,-0.0739378670408256
-0.0828513692316128,-0.265238565849918,-0.073756404936728
-0.0826982886318646,-0.264962402743943,-0.0735749428326303
-0.0825460015769878,-0.264686719901987,-0.0733945941525291
-0.0823986271635848,-0.264414010256656,-0.0732211384070307
-0.0822512527501818,-0.264141300611326,-0.0730476826615324
-0.0821038783367788,-0.263868590965996,-0.072874226916034
-0.0819571218248007,-0.263596266310126,-0.0727016374017869
-0.0818114914147288,-0.263324643282942,-0.0725306265611343
-0.081665861004657,-0.263053020255758,-0.0723596157204816
-0.0815202305945852,-0.262781397228574,-0.072188604879829
-0.0813755771341667,-0.262510390354463,-0.0720189633062221
-0.0812316620740335,-0.262239849182554,-0.0718503566551147
-0.0810877470139003,-0.261969308010645,-0.0716817500040074
-0.0809438319537672,-0.261698766838736,-0.0715131433529001
-0.0808012409582726,-0.261429070955603,-0.0713463920087675
-0.0806590131057617,-0.261159606904573,-0.0711801495081542
-0.0805167852532508,-0.260890142853542,-0.0710139070075409
-0.0803745574007398,-0.260620678802512,-0.0708476645069276
