2.28811688794247,0.762705629314158,1.52541125862832
2.27757723349176,0.76171898785081,1.52451560722834
2.26703757904105,0.760732346387462,1.52361995582836
2.25649792459033,0.759745704924114,1.52272430442838
2.24595827013962,0.758759063460766,1.52182865302841
2.23541861568891,0.757772421997418,1.52093300162843
2.22495887158272,0.756788946819625,1.51996872413318
2.21471147067284,0.755813885310912,1.51882208871535
2.20446406976295,0.7548388238022,1.51767545329753
2.19421666885306,0.753863762293488,1.51652881787971
2.18396926794318,0.752888700784775,1.51538218246189
2.17372186703329,0.751913639276063,1.51423554704406
2.16362980774616,0.750944784107894,1.51296221288417
2.15366646980431,0.749981071724317,1.51158389184288
2.14370313186247,0.74901735934074,1.51020557080159
2.13373979392062,0.748053646957163,1.5088272497603
2.12377645597877,0.747089934573586,1.50744892871901
2.11381311803692,0.746126222190009,1.50607060767771
2.10407625756099,0.745171634709703,1.50451722382106
2.09438901587726,0.744219046398177,1.50292548557261
2.08470177419354,0.743266458086651,1.50133374732417
2.07501453250982,0.742313869775125,1.49974200907572
2.0653272908261,0.741361281463599,1.49815027082727
2.05566519724559,0.740409715068949,1.49654014728853
2.04624630906968,0.739468031555127,1.49475222099751
2.03682742089377,0.738526348041306,1.49296429470649
2.02740853271787,0.737584664527484,1.49117636841547
2.01798964454196,0.736642981013662,1.48938844212445
2.00857075636605,0.735701297499841,1.48760051583343
1.99924763245221,0.734763539229163,1.48574649120673
1.99008958229048,0.733832547100675,1.48377852950118
1.98093153212875,0.732901554972186,1.48181056779563
1.97177348196703,0.731970562843697,1.47984260609008
1.9626154318053,0.731039570715209,1.47787464438453
1.95345738164357,0.730108578586721,1.47590668267897
1.94446173483957,0.729184301754589,1.47383316757326
1.9355572145638,0.728263792958116,1.47170042515209
1.92665269428802,0.727343284161644,1.46956768273092
1.91774817401225,0.726422775365171,1.46743494030974
1.90884365373648,0.725502266568699,1.46530219788857
1.89993913346071,0.724581757772227,1.4631694554674
1.89125984169749,0.723670645271755,1.46089928330401
1.88260174291215,0.72276041691997,1.4586161796274
1.87394364412681,0.721850188568184,1.45633307595079
1.86528554534147,0.720939960216399,1.45404997227418
1.85662744655614,0.720029731864613,1.45176686859756
1.84801522508539,0.719121435061218,1.44945759106763
1.83960190297752,0.71822151241284,1.44703483778616
1.83118858086966,0.717321589764463,1.44461208450469
1.82277525876179,0.716421667116085,1.44218933122323
1.81436193665393,0.715521744467708,1.43976657794176
1.80594861454606,0.71462182181933,1.43734382466029
1.79758489850876,0.713724007428215,1.43489471525912
1.78941450967435,0.712834409440353,1.43234288949997
1.78124412083993,0.71194481145249,1.42979106374082
1.77307373200552,0.711055213464627,1.42723923798167
1.7649033431711,0.710165615476764,1.42468741222252
1.75673295433669,0.709276017488901,1.42213558646338
1.74861467593137,0.70838865572015,1.41955811650615
1.74068011571152,0.707509177864938,1.41689023651735
1.73274555549167,0.706629700009726,1.41422235652854
1.72481099527183,0.705750222154514,1.41155447653974
1.71687643505198,0.704870744299303,1.40888659655094
1.70894187483214,0.703991266444091,1.40621871656214
1.70106173921992,0.703114147157622,1.40352615932581
1.69335610538738,0.702244590157059,1.40075447935806
1.68565047155484,0.701375033156496,1.39798279939032
1.6779448377223,0.700505476155933,1.39521111942257
1.67023920388977,0.69963591915537,1.39243943945482
1.66253357005723,0.698766362154807,1.38966775948708
1.65488559099933,0.697899329026472,1.38687215694523
1.64740649001514,0.697039688636778,1.38400648218027
1.63992738903096,0.696180048247084,1.38114080741532
1.63244828804677,0.69532040785739,1.37827513265036
1.62496918706259,0.694460767467695,1.3754094578854
1.6174900860784,0.693601127078001,1.37254378312044
1.6100187466051,0.692741829982735,1.36967518229603
1.60276364891538,0.691892097339633,1.36672505915904
1.59550855122566,0.69104236469653,1.36377493602206
1.58825345353594,0.690192632053427,1.36082481288508
1.58099835584623,0.689342899410324,1.35787468974809
1.57374325815651,0.688493166767221,1.35492456661111
1.56648816046679,0.687643434124118,1.35197444347412
1.55941003462233,0.686801612588826,1.34896429885734
1.55237213663194,0.685961589344612,1.34594051062778
1.54533423864154,0.685121566100398,1.34291672239822
1.53829634065115,0.684281542856185,1.33989293416866
1.53125844266076,0.683441519611971,1.3368691459391
1.52422054467036,0.682601496367757,1.33384535770954
1.51730793689296,0.681767134628167,1.33078375489524
1.51048063611449,0.680936627666674,1.32769640506797
1.50365333533601,0.680106120705181,1.3246090552407
1.49682603455753,0.679275613743688,1.32152170541343
1.48999873377905,0.678445106782195,1.31843435558616
1.48317143300058,0.677614599820702,1.31534700575888
1.47642228342188,0.676787663627985,1.31223897197348
1.46980334822457,0.675966676997766,1.30909647488077
1.46318441302727,0.675145690367546,1.30595397778806
1.45656547782996,0.674324703737326,1.30281148069536
1.44994654263266,0.673503717107106,1.29966898360265
1.44332760743535,0.672682730476887,1.29652648650994
1.43670867223805,0.671861743846667,1.29338398941724
1.4302742612706,0.67104928455362,1.29019940367732
1.42386132071231,0.670237817463159,1.28700992069178
1.41744838015401,0.669426350372697,1.28382043770625
1.41103543959571,0.668614883282236,1.28063095472071
1.40462249903741,0.667803416191775,1.27744147173517
1.39820955847911,0.666991949101313,1.27425198874964
1.39187969829116,0.666184366486661,1.27104658732384
1.38566624176265,0.665382226399495,1.2678188826188
1.37945278523415,0.664580086312329,1.26459117791377
1.37323932870564,0.663777946225162,1.26136347320873
1.36702587217714,0.662975806137996,1.2581357685037
1.36081241564863,0.66217366605083,1.25490806379866
1.35459895912013,0.661371525963664,1.25168035909363
1.34856654099131,0.6605779514151,1.24842448498507
1.34254625790275,0.659784951016307,1.24516672267575
1.33652597481418,0.658991950617514,1.24190896036642
1.33050569172562,0.658198950218721,1.2386511980571
1.32448540863705,0.657405949819928,1.23539343574777
1.31846512554849,0.656612949421135,1.23213567343845
1.31253232556857,0.655824138924078,1.22886743189599
1.30670310165156,0.655040289082083,1.22558678341318
1.30087387773455,0.654256439240089,1.22230613493037
1.29504465381754,0.653472589398094,1.21902548644756
1.28921542990053,0.6526887395561,1.21574483796475
1.28338620598353,0.651904889714106,1.21246418948194
1.27755698206652,0.651121039872111,1.20918354099913
1.2718590915081,0.650343559261733,1.205891785288
1.26621867305541,0.649568865857567,1.20259516900064
1.26057825460271,0.648794172453401,1.19929855271328
1.25493783615001,0.648019479049235,1.19600193642593
1.24929741769731,0.647244785645068,1.19270532013857
1.24365699924462,0.646470092240902,1.18940870385121
1.23801658079192,0.645695398836736,1.18611208756385
1.23254657216411,0.644929076799926,1.18280704688232
1.22708873865723,0.64416335286484,1.17950140431051
1.22163090515035,0.643397628929754,1.17619576173869
1.21617307164348,0.642631904994668,1.17289011916688
1.2107152381366,0.641866181059582,1.16958447659506
1.20525740462972,0.641100457124497,1.16627883402325
1.19982976957392,0.640336236192948,1.16297274527182
1.1945484994479,0.639579299973012,1.15966449399067
1.18926722932187,0.638822363753075,1.15635624270953
1.18398595919584,0.638065427533139,1.15304799142838
1.17870468906981,0.637308491313202,1.14973974014724
1.17342341894378,0.636551555093266,1.14643148886609
1.16814214881776,0.635794618873329,1.14312323758495
1.16293223413087,0.635041282134792,1.13981639187113
1.15782553337507,0.634293151959758,1.13651157927674
1.15271883261927,0.633545021784723,1.13320676668235
1.14761213186347,0.632796891609688,1.12990195408796
1.14250543110768,0.632048761434654,1.12659714149357
1.13739873035188,0.631300631259619,1.12329232889918
1.13229202959608,0.630552501084585,1.11998751630479
1.12724329581066,0.629807335629181,1.11668580754076
1.12230903041078,0.629068024657247,1.11339022796458
1.11737476501091,0.628328713685313,1.11009464838839
1.11244049961103,0.627589402713379,1.10679906881221
1.10750623421116,0.626850091741445,1.10350348923602
1.10257196881128,0.62611078076951,1.10020790965984
1.09763770341141,0.625371469797576,1.09691233008365
1.09274732472751,0.624634435514787,1.09362058283945
1.0879795607842,0.623903762055375,1.09033954271656
1.0832117968409,0.623173088595962,1.08705850259368
1.07844403289759,0.62244241513655,1.08377746247079
1.07367626895429,0.621711741677138,1.0804964223479
1.06890850501098,0.620981068217725,1.07721538222502
1.06414074106768,0.620250394758313,1.07393434210213
1.05940368281405,0.619521337329133,1.07065700625498
1.05479668436931,0.618799124904425,1.06739536057469
1.05018968592457,0.618076912479717,1.06413371489439
1.04558268747984,0.617354700055009,1.0608720692141
1.0409756890351,0.6166324876303,1.0576104235338
1.03636869059036,0.615910275205592,1.05434877785351
1.03176169214563,0.615188062780884,1.05108713217321
1.02717350847169,0.614466855375748,1.04782837959678
1.02272540252699,0.613753130435371,1.04459116644934
1.01827729658229,0.613039405494994,1.0413539533019
1.01382919063759,0.612325680554618,1.03811674015446
1.00938108469289,0.611611955614241,1.03487952700703
1.00493297874819,0.610898230673864,1.03164231385959
1.00048487280349,0.610184505733487,1.02840510071215
0.996036766858788,0.60947078079311,1.02516788756471
0.991699063307256,0.608763043686549,1.02195123589457
0.987407835969131,0.608057827284787,1.0187432400115
0.983116608631006,0.607352610883025,1.01553524412844
0.978825381292881,0.606647394481262,1.01232724824537
0.974534153954756,0.6059421780795,1.0091192523623
0.970242926616631,0.605236961677738,1.00591125647924
0.965951699278506,0.604531745275976,1.00270326059617
0.961704188222928,0.603828937396737,0.999504823525237
0.957564188402742,0.603132052784914,0.996329894393248
0.953424188582555,0.602435168173092,0.99315496526126
0.949284188762369,0.60173828356127,0.989980036129272
0.945144188942182,0.601041398949447,0.986805106997284
0.941004189121996,0.600344514337625,0.983630177865296
0.936864189301809,0.599647629725802,0.980455248733307
0.932724189481623,0.59895074511398,0.977280319601319
0.928711655177409,0.598260995900241,0.974137335870113
0.92471742879418,0.597572271546467,0.970998940469083
0.920723202410952,0.596883547192694,0.967860545068053
0.916728976027723,0.59619482283892,0.964722149667023
0.912734749644494,0.595506098485147,0.961583754265993
0.908740523261265,0.594817374131374,0.958445358864963
0.904746296878037,0.5941286497776,0.955306963463933
0.900818283583036,0.593443693300916,0.952187266810579
0.896968079933083,0.592763164607119,0.949089543802595
0.89311787628313,0.592082635913321,0.945991820794612
0.889267672633178,0.591402107219523,0.942894097786628
0.885417468983225,0.590721578525726,0.939796374778644
0.881567265333272,0.590041049831928,0.936698651770661
0.877717061683319,0.589360521138131,0.933600928762677
0.873866858033366,0.588679992444333,0.930503205754693
0.870111256891599,0.58800493862399,0.927435140152525
0.8664031830398,0.587332635321611,0.924381974114362
0.862695109188,0.586660332019232,0.9213288080762
0.858987035336201,0.585988028716852,0.918275642038037
0.855278961484401,0.585315725414473,0.915222475999875
0.851570887632602,0.584643422112094,0.912169309961712
0.847862813780802,0.583971118809715,0.90911614392355
0.844154739929003,0.583298815507336,0.906062977885387
0.840565846251871,0.582633530335522,0.903050874007756
0.836994529666834,0.581969280221155,0.900044826115353
0.833423213081796,0.581305030106788,0.89703877822295
0.829851896496759,0.580640779992421,0.894032730330546
0.826280579911722,0.579976529878053,0.891026682438143
0.822709263326685,0.579312279763686,0.88802063454574
0.819137946741648,0.578648029649319,0.885014586653337
0.815576806393192,0.577984389440793,0.882012356351119
0.812137070731538,0.577328025539861,0.879055670719277
0.808697335069883,0.57667166163893,0.876098985087435
0.805257599408229,0.576015297737998,0.873142299455593
0.801817863746574,0.575358933837067,0.870185613823751
0.79837812808492,0.574702569936135,0.867228928191909
0.794938392423266,0.574046206035204,0.864272242560067
0.791498656761612,0.573389842134272,0.861315556928225
0.788095724711455,0.572735724503908,0.85837379807869
0.784785943406426,0.572087292233445,0.855469819241434
0.781476162101397,0.571438859962981,0.852565840404178
0.778166380796369,0.570790427692518,0.849661861566922
0.77485659949134,0.570141995422055,0.846757882729666
0.771546818186312,0.569493563151592,0.84385390389241
0.768237036881283,0.568845130881128,0.840949925055154
0.764927255576254,0.568196698610665,0.838045946217898
0.761625817012088,0.567548785129374,0.835145598815348
0.758444219330812,0.566908323893513,0.832297415845154
0.755262621649536,0.566267862657651,0.82944923287496
0.75208102396826,0.565627401421789,0.826601049904766
0.748899426286984,0.564986940185928,0.823752866934572
0.745717828605708,0.564346478950066,0.820904683964378
0.742536230924432,0.563706017714205,0.818056500994183
0.739354633243156,0.563065556478343,0.815208318023989
0.73617303556188,0.562425095242481,0.812360135053795
0.733095686349452,0.561791242786393,0.80956042193592
0.73003717348998,0.561158584451522,0.806769466694838
0.726978660630508,0.56052592611665,0.803978511453756
0.723920147771035,0.559893267781779,0.801187556212673
0.720861634911563,0.559260609446907,0.798396600971591
0.71780312205209,0.558627951112036,0.795605645730509
0.714744609192618,0.557995292777164,0.792814690489427
0.711686096333145,0.557362634442293,0.790023735248344
0.70870190130625,0.556734780492182,0.787269507407487
0.705761569999426,0.556109762176277,0.784536956738131
0.702821238692602,0.555484743860373,0.781804406068774
0.699880907385778,0.554859725544469,0.779071855399418
0.696940576078954,0.554234707228564,0.776339304730062
0.69400024477213,0.55360968891266,0.773606754060706
0.691059913465306,0.552984670596756,0.770874203391349
0.688119582158482,0.552359652280851,0.768141652721993
0.685227174954564,0.551737795248108,0.765434179295157
0.682403525441605,0.551120473772994,0.762762684701241
0.679579875928646,0.55050315229788,0.760091190107325
0.676756226415687,0.549885830822766,0.757419695513408
0.673932576902728,0.549268509347653,0.754748200919492
0.671108927389769,0.548651187872539,0.752076706325576
0.66828527787681,0.548033866397425,0.749405211731659
0.665461628363851,0.547416544922312,0.746733717137743
0.662637978850892,0.546799223447198,0.744062222543826
0.659896557504182,0.546187439754781,0.741436082440374
0.657187943103284,0.545577865496736,0.738828037624446
0.654479328702386,0.544968291238691,0.736219992808519
0.651770714301488,0.544358716980646,0.733611947992592
0.649062099900591,0.543749142722601,0.731003903176665
0.646353485499693,0.543139568464556,0.728395858360738
0.643644871098795,0.542529994206511,0.72578781354481
0.640936256697897,0.541920419948467,0.723179768728883
0.638229724477858,0.541310988954031,0.720572931254437
0.635631314521232,0.540708997268063,0.718028787898584
0.633032904564606,0.540107005582096,0.715484644542731
0.63043449460798,0.539505013896128,0.712940501186878
0.627836084651354,0.53890302221016,0.710396357831026
0.625237674694728,0.538301030524193,0.707852214475173
0.622639264738102,0.537699038838225,0.70530807111932
0.620040854781476,0.537097047152258,0.702763927763467
0.61744244482485,0.53649505546629,0.700219784407615
0.614878131331138,0.535895461318121,0.697696362333924
0.612385290266063,0.535300892848116,0.69521637586129
0.609892449200987,0.534706324378112,0.692736389388656
0.607399608135912,0.534111755908107,0.690256402916023
0.604906767070836,0.533517187438103,0.687776416443389
0.602413926005761,0.532922618968099,0.685296429970755
0.599921084940686,0.532328050498094,0.682816443498121
0.59742824387561,0.53173348202809,0.680336457025488
0.594935402810535,0.531138913558085,0.677856470552854
0.592507901608261,0.530549043865665,0.675418003698032
0.590119260408645,0.529961968707877,0.673004230076243
0.587730619209028,0.529374893550089,0.670590456454453
0.585341978009412,0.528787818392301,0.668176682832664
0.582953336809796,0.528200743234513,0.665762909210875
0.58056469561018,0.527613668076725,0.663349135589086
0.578176054410563,0.527026592918937,0.660935361967297
0.575787413210947,0.526439517761148,0.658521588345508
0.573398772011331,0.52585244260336,0.656107814723719
0.571049880833777,0.525268292721203,0.653720368424172
0.568763919632541,0.524688773969211,0.65137460204527
0.566477958431304,0.524109255217218,0.649028835666369
0.564191997230068,0.523529736465225,0.646683069287468
0.561906036028832,0.522950217713233,0.644337302908566
0.559620074827596,0.52237069896124,0.641991536529665
0.557334113626359,0.521791180209247,0.639645770150763
0.555048152425123,0.521211661457254,0.637300003771862
0.552762191223887,0.520632142705262,0.634954237392961
0.550490670726796,0.52005371233601,0.632618423501646
0.548302820328938,0.519481588106057,0.630340274777873
0.54611496993108,0.518909463876104,0.6280621260541
0.543927119533222,0.518337339646151,0.625783977330327
0.541739269135364,0.517765215416198,0.623505828606554
0.539551418737506,0.517193091186245,0.621227679882781
0.537363568339648,0.516620966956292,0.618949531159008
0.535175717941791,0.516048842726339,0.616671382435235
0.532987867543933,0.515476718496387,0.614393233711462
0.530800017146075,0.514904594266434,0.612115084987689
0.528697209339427,0.514339036699017,0.609897801374298
0.526603095593813,0.51377415045363,0.60768674011346
0.524508981848199,0.513209264208243,0.605475678852623
0.522414868102586,0.512644377962856,0.603264617591786
0.520320754356972,0.512079491717469,0.601053556330948
0.518226640611358,0.511514605472082,0.598842495070111
0.516132526865744,0.510949719226694,0.596631433809273
0.514038413120131,0.510384832981307,0.594420372548436
0.511944299374517,0.50981994673592,0.592209311287598
0.509911914887272,0.509259947862094,0.590044056226992
0.507910305404527,0.508702385578077,0.587901637760497
0.505908695921781,0.508144823294059,0.585759219294002
0.503907086439036,0.507587261010041,0.583616800827507
0.501905476956291,0.507029698726024,0.581474382361013
0.499903867473545,0.506472136442006,0.579331963894518
0.4979022579908,0.505914574157988,0.577189545428023
0.495900648508054,0.505357011873971,0.575047126961529
0.493899039025309,0.504799449589953,0.572904708495034
0.491897429542563,0.504241887305935,0.570762290028539
0.48996871054235,0.503690246631863,0.568675814620891
0.48805821647753,0.503140086548328,0.566603326754519
0.486147722412709,0.502589926464793,0.564530838888148
0.484237228347889,0.502039766381257,0.562458351021777
0.482326734283069,0.501489606297722,0.560385863155405
0.480416240218248,0.500939446214187,0.558313375289034
0.478505746153428,0.500389286130652,0.556240887422663
0.476595252088607,0.499839126047116,0.554168399556291
0.474684758023787,0.499288965963581,0.55209591168992
0.472774263958967,0.498738805880046,0.550023423823549
0.470944723151086,0.49819540015537,0.548015128001588
0.469121028568533,0.497652482212227,0.546011467955506
0.46729733398598,0.497109564269084,0.544007807909424
0.465473639403427,0.496566646325942,0.542004147863342
0.463649944820874,0.496023728382799,0.54000048781726
0.461826250238321,0.495480810439657,0.537996827771178
0.460002555655768,0.494937892496514,0.535993167725096
0.458178861073214,0.494394974553371,0.533989507679014
0.456355166490661,0.493852056610229,0.531985847632932
0.454536871995619,0.493309601579944,0.529986605236975
0.452795856447579,0.492773771149384,0.528050582436847
0.451054840899538,0.492237940718823,0.526114559636719
0.449313825351497,0.491702110288263,0.524178536836592
0.447572809803456,0.491166279857702,0.522242514036464
0.445831794255415,0.490630449427142,0.520306491236336
0.444090778707374,0.490094618996582,0.518370468436208
0.442349763159333,0.489558788566021,0.51643444563608
0.440608747611292,0.489022958135461,0.514498422835952
0.438867732063251,0.4884871277049,0.512562400035825
0.43714287027376,0.487952721385124,0.510639995567079
0.435483447209595,0.487424084124863,0.508772758831832
0.433824024145429,0.486895446864601,0.506905522096584
0.432164601081263,0.486366809604339,0.505038285361337
0.430505178017097,0.485838172344078,0.503171048626089
0.428845754952932,0.485309535083816,0.501303811890842
0.427186331888766,0.484780897823554,0.499436575155594
0.4255269088246,0.484252260563293,0.497569338420347
0.423867485760434,0.483723623303031,0.495702101685099
0.422208062696268,0.483194986042769,0.493834864949852
0.420548639632103,0.482666348782507,0.491967628214604
0.418937034638384,0.482142050487774,0.490141851007305
0.41735795284583,0.481620703316903,0.488344272272988
0.415778871053275,0.481099356146032,0.486546693538671
0.414199789260721,0.48057800897516,0.484749114804355
0.412620707468166,0.480056661804289,0.482951536070038
0.411041625675612,0.479535314633418,0.481153957335722
0.409462543883057,0.479013967462547,0.479356378601405
0.407883462090503,0.478492620291675,0.477558799867088
0.406304380297948,0.477971273120804,0.475761221132772
0.404725298505394,0.477449925949933,0.473963642398455
0.40314621671284,0.476928578779062,0.472166063664138
0.401642822721454,0.476414307962353,0.470435926150992
0.400140008916796,0.475900091389615,0.468706305610208
0.398637195112138,0.475385874816876,0.466976685069424
0.397134381307479,0.474871658244137,0.46524706452864
0.395631567502821,0.474357441671398,0.463517443987856
0.394128753698162,0.47384322509866,0.461787823447072
0.392625939893504,0.473329008525921,0.460058202906288
0.391123126088846,0.472814791953182,0.458328582365504
0.389620312284187,0.472300575380443,0.45659896182472
0.388117498479529,0.471786358807705,0.454869341283936
0.386642888279975,0.471274860335462,0.453165520346634
0.385212465900236,0.470767620429972,0.45150212077482
0.383782043520496,0.470260380524481,0.449838721203006
0.382351621140757,0.46975314061899,0.448175321631191
0.380921198761018,0.4692459007135,0.446511922059377
0.379490776381279,0.468738660808009,0.444848522487563
0.37806035400154,0.468231420902519,0.443185122915749
0.376629931621801,0.467724180997028,0.441521723343934
0.375199509242062,0.467216941091537,0.43985832377212
0.373769086862322,0.466709701186047,0.438194924200306
0.372338664482583,0.466202461280556,0.436531524628492
0.370964471732446,0.465700813892383,0.4349208883199
0.369605515163457,0.465200681872665,0.43332454893345
0.368246558594468,0.464700549852947,0.431728209547
0.366887602025479,0.464200417833229,0.43013187016055
0.36552864545649,0.463700285813511,0.4285355307741
0.364169688887501,0.463200153793793,0.42693919138765
0.362810732318512,0.462700021774076,0.4253428520012
0.361451775749523,0.462199889754358,0.42374651261475
0.360092819180534,0.46169975773464,0.4221501732283
0.358733862611545,0.461199625714922,0.42055383384185
0.357374906042556,0.460699493695204,0.4189574944554
0.356037262188589,0.46020155129381,0.417381633130336
0.354748668749633,0.459708648216943,0.415852901296217
0.353460075310678,0.459215745140076,0.414324169462097
0.352171481871723,0.458722842063209,0.412795437627978
0.350882888432767,0.458229938986343,0.411266705793859
0.349594294993812,0.457737035909476,0.40973797395974
0.348305701554856,0.457244132832609,0.408209242125621
0.347017108115901,0.456751229755742,0.406680510291501
0.345728514676946,0.456258326678875,0.405151778457382
0.34443992123799,0.455765423602008,0.403623046623263
0.343151327799035,0.455272520525141,0.402094314789144
0.34186273436008,0.454779617448274,0.400565582955024
0.340628618265724,0.454292503184122,0.399090423476189
0.339406542745359,0.453806668362429,0.397627104550751
0.338184467224994,0.453320833540737,0.396163785625313
0.336962391704628,0.452834998719045,0.394700466699874
0.335740316184263,0.452349163897352,0.393237147774436
0.334518240663898,0.45186332907566,0.391773828848998
0.333296165143533,0.451377494253968,0.39031050992356
0.332074089623168,0.450891659432275,0.388847190998121
0.330852014102803,0.450405824610583,0.387383872072683
0.329629938582438,0.449919989788891,0.385920553147245
0.328407863062073,0.449434154967199,0.384457234221807
0.327206854599803,0.448950636653905,0.383015102167772
0.326047651000986,0.448471715153174,0.381615012731269
0.32488844740217,0.447992793652442,0.380214923294767
0.323729243803353,0.447513872151711,0.378814833858264
0.322570040204537,0.44703495065098,0.377414744421761
0.321410836605721,0.446556029150249,0.376014654985258
0.320251633006904,0.446077107649517,0.374614565548756
0.319092429408088,0.445598186148786,0.373214476112253
0.317933225809271,0.445119264648055,0.37181438667575
0.316774022210455,0.444640343147323,0.370414297239247
0.315614818611638,0.444161421646592,0.369014207802745
0.314455615012822,0.443682500145861,0.367614118366242
0.313349297980822,0.443209604901928,0.366268390280487
0.312252228316943,0.442737763366306,0.36493216743306
0.311155158653063,0.442265921830684,0.363595944585632
0.310058088989184,0.441794080295062,0.362259721738205
0.308961019325305,0.44132223875944,0.360923498890777
0.307863949661425,0.440850397223817,0.359587276043349
0.306766879997546,0.440378555688195,0.358251053195922
0.305669810333667,0.439906714152573,0.356914830348494
0.304572740669788,0.439434872616951,0.355578607501067
0.303475671005908,0.438963031081329,0.354242384653639
0.302378601342029,0.438491189545707,0.352906161806211
0.30128153167815,0.438019348010085,0.351569938958784
0.300201519031606,0.437549522771498,0.350251605876349
0.299165648461772,0.437084915534196,0.3489795699491
0.298129777891938,0.436620308296893,0.347707534021851
0.297093907322104,0.436155701059591,0.346435498094603
0.29605803675227,0.435691093822289,0.345163462167354
0.295022166182436,0.435226486584987,0.343891426240106
0.293986295612602,0.434761879347685,0.342619390312857
0.292950425042768,0.434297272110382,0.341347354385609
0.291914554472934,0.43383266487308,0.34007531845836
0.2908786839031,0.433368057635778,0.338803282531112
0.289842813333266,0.432903450398476,0.337531246603863
0.288806942763432,0.432438843161173,0.336259210676614
0.287771072193598,0.431974235923871,0.334987174749366
0.286775853843721,0.431514621747214,0.333758631050132
0.285797543392455,0.431057084263127,0.332548176453594
0.284819232941189,0.43059954677904,0.331337721857057
0.283840922489924,0.430142009294953,0.33012726726052
0.282862612038658,0.429684471810865,0.328916812663983
0.281884301587392,0.429226934326778,0.327706358067445
0.280905991136126,0.428769396842691,0.326495903470908
0.279927680684861,0.428311859358604,0.325285448874371
0.278949370233595,0.427854321874517,0.324074994277834
0.277971059782329,0.42739678439043,0.322864539681297
0.276992749331063,0.426939246906343,0.321654085084759
0.276014438879797,0.426481709422256,0.320443630488222
0.275043370345876,0.426025096664058,0.319241074788167
0.274119184893946,0.425574470441973,0.318089655354077
0.273194999442016,0.425123844219887,0.316938235919988
0.272270813990087,0.424673217997801,0.315786816485898
0.271346628538157,0.424222591775716,0.314635397051809
0.270422443086228,0.42377196555363,0.313483977617719
0.269498257634298,0.423321339331545,0.312332558183629
0.268574072182368,0.422870713109459,0.31118113874954
0.267649886730439,0.422420086887373,0.31002971931545
0.266725701278509,0.421969460665288,0.308878299881361
0.265801515826579,0.421518834443202,0.307726880447271
0.26487733037465,0.421068208221117,0.306575461013182
0.26395314492272,0.420617581999031,0.305424041579092
0.263059062873078,0.420170959245864,0.304306082714297
0.262188504885499,0.419727464971345,0.303214271342771
0.261317946897919,0.419283970696827,0.302122459971246
0.26044738891034,0.418840476422308,0.30103064859972
0.259576830922761,0.41839698214779,0.299938837228195
0.258706272935182,0.417953487873271,0.298847025856669
0.257835714947602,0.417509993598753,0.297755214485144
0.256965156960023,0.417066499324234,0.296663403113618
0.256094598972444,0.416623005049715,0.295571591742093
0.255224040984865,0.416179510775197,0.294479780370567
0.254353482997285,0.415736016500678,0.293387968999042
0.253482925009706,0.41529252222616,0.292296157627517
0.252612367022127,0.414849027951641,0.291204346255991
0.251741809034547,0.414405533677123,0.290112534884466
0.25090189096821,0.413966288996392,0.289055372102437
0.250084231628532,0.413530131482427,0.288023380190681
0.249266572288854,0.413093973968461,0.286991388278925
0.248448912949177,0.412657816454496,0.28595939636717
0.247631253609499,0.412221658940531,0.284927404455414
0.246813594269821,0.411785501426566,0.283895412543658
0.245995934930144,0.4113493439126,0.282863420631903
0.245178275590466,0.410913186398635,0.281831428720147
0.244360616250788,0.41047702888467,0.280799436808391
0.243542956911111,0.410040871370704,0.279767444896636
0.242725297571433,0.409604713856739,0.27873545298488
0.241907638231756,0.409168556342774,0.277703461073124
0.241089978892078,0.408732398828808,0.276671469161368
0.2402723195524,0.408296241314843,0.275639477249613
0.23948417399815,0.40786436134313,0.274641435031151
0.238715943559864,0.407435367742947,0.27366630116108
0.237947713121578,0.407006374142764,0.272691167291009
0.237179482683292,0.406577380542581,0.271716033420938
0.236411252245006,0.406148386942398,0.270740899550867
0.23564302180672,0.405719393342215,0.269765765680796
0.234874791368434,0.405290399742032,0.268790631810725
0.234106560930148,0.404861406141849,0.267815497940654
0.233338330491862,0.404432412541666,0.266840364070583
0.232570100053576,0.404003418941483,0.265865230200512
0.23180186961529,0.4035744253413,0.264890096330441
0.231033639177004,0.403145431741117,0.26391496246037
0.230265408738718,0.402716438140934,0.2629398285903
0.229497178300432,0.402287444540751,0.261964694720229
0.228757342163228,0.401862754279934,0.261022773365147
0.2280352834168,0.401440758297286,0.260101646036865
0.227313224670373,0.401018762314639,0.259180518708584
0.226591165923946,0.400596766331991,0.258259391380302
0.225869107177519,0.400174770349344,0.25733826405202
0.225147048431091,0.399752774366696,0.256417136723738
0.224424989684664,0.399330778384049,0.255496009395456
0.223702930938237,0.398908782401401,0.254574882067174
0.22298087219181,0.398486786418754,0.253653754738892
0.222258813445382,0.398064790436106,0.25273262741061
0.221536754698955,0.397642794453459,0.251811500082328
0.220814695952528,0.397220798470811,0.250890372754047
0.220092637206101,0.396798802488164,0.249969245425765
0.219370578459674,0.396376806505516,0.249048118097483
0.218676650803647,0.395959274620752,0.248160427536596
0.217999043602268,0.395544332614518,0.247292135557067
0.21732143640089,0.395129390608284,0.246423843577539
0.216643829199511,0.394714448602049,0.24555555159801
0.215966221998132,0.394299506595815,0.244687259618481
0.215288614796753,0.393884564589581,0.243818967638953
0.214611007595374,0.393469622583347,0.242950675659424
0.213933400393996,0.393054680577112,0.242082383679895
0.213255793192617,0.392639738570878,0.241214091700367
0.212578185991238,0.392224796564644,0.240345799720838
0.211900578789859,0.391809854558409,0.239477507741309
0.21122297158848,0.391394912552175,0.23860921576178
0.210545364387102,0.390979970545941,0.237740923782252
0.209867757185723,0.390565028539707,0.236872631802723
0.209190149984344,0.390150086533472,0.236004339823194
0.208544734849545,0.389740496906742,0.235174855045956
0.207909856847386,0.389332659225094,0.234358072672801
0.207274978845228,0.388924821543447,0.233541290299646
0.20664010084307,0.3885169838618,0.232724507926491
0.206005222840912,0.388109146180153,0.231907725553337
0.205370344838754,0.387701308498506,0.231090943180182
0.204735466836595,0.387293470816859,0.230274160807027
0.204100588834437,0.386885633135212,0.229457378433872
0.203465710832279,0.386477795453564,0.228640596060717
0.202830832830121,0.386069957771917,0.227823813687562
0.202195954827963,0.38566212009027,0.227007031314407
0.201561076825804,0.385254282408623,0.226190248941253
0.200926198823646,0.384846444726976,0.225373466568098
0.200291320821488,0.384438607045329,0.224556684194943
0.19965644281933,0.384030769363681,0.223739901821788
0.199056322533522,0.383628995597625,0.222965602544415
0.198461215528022,0.383228096460625,0.222197430817694
0.197866108522521,0.382827197323624,0.221429259090973
0.197271001517021,0.382426298186623,0.220661087364252
0.196675894511521,0.382025399049623,0.219892915637531
0.19608078750602,0.381624499912622,0.21912474391081
0.19548568050052,0.381223600775621,0.218356572184089
0.194890573495019,0.38082270163862,0.217588400457369
0.194295466489519,0.38042180250162,0.216820228730648
0.193700359484019,0.380020903364619,0.216052057003927
0.193105252478518,0.379620004227618,0.215283885277206
0.192510145473018,0.379219105090618,0.214515713550485
0.191915038467518,0.378818205953617,0.213747541823764
0.191319931462017,0.378417306816616,0.212979370097043
0.190724824456517,0.378016407679615,0.212211198370322
0.190166517088886,0.377622250150485,0.211488621852075
0.189608413414498,0.377228129937482,0.210766297712286
0.189050309740111,0.376834009724479,0.210043973572498
0.188492206065723,0.376439889511475,0.20932164943271
0.187934102391336,0.376045769298472,0.208599325292922
0.187375998716948,0.375651649085469,0.207877001153134
0.186817895042561,0.375257528872466,0.207154677013346
0.186259791368173,0.374863408659463,0.206432352873557
0.185701687693786,0.37446928844646,0.205710028733769
0.185143584019398,0.374075168233456,0.204987704593981
0.184585480345011,0.373681048020453,0.204265380454193
0.184027376670623,0.37328692780745,0.203543056314405
0.183469272996236,0.372892807594447,0.202820732174617
0.182911169321848,0.372498687381444,0.202098408034829
0.18235713192889,0.372105350348213,0.201381187891418
0.181834373632053,0.371718037776351,0.200703229268896
0.181311615335215,0.371330725204489,0.200025270646375
0.180788857038377,0.370943412632627,0.199347312023854
0.18026609874154,0.370556100060765,0.198669353401332
0.179743340444702,0.370168787488903,0.197991394778811
0.179220582147865,0.369781474917041,0.19731343615629
0.178697823851027,0.369394162345179,0.196635477533768
0.17817506555419,0.369006849773317,0.195957518911247
0.177652307257352,0.368619537201455,0.195279560288726
0.177129548960514,0.368232224629593,0.194601601666204
0.176606790663677,0.367844912057731,0.193923643043683
0.176084032366839,0.367457599485869,0.193245684421162
0.175561274070002,0.367070286914007,0.19256772579864
0.175038515773164,0.366682974342145,0.191889767176119
0.174515757476327,0.366295661770283,0.191211808553598
0.174006661761198,0.365911116785672,0.190551191032074
0.173517631295265,0.365530636357016,0.189916041135942
0.173028600829332,0.36515015592836,0.189280891239809
0.172539570363399,0.364769675499705,0.188645741343677
0.172050539897466,0.364389195071049,0.188010591447545
0.171561509431533,0.364008714642394,0.187375441551413
0.1710724789656,0.363628234213738,0.186740291655281
0.170583448499667,0.363247753785083,0.186105141759149
0.170094418033734,0.362867273356427,0.185469991863017
0.169605387567801,0.362486792927772,0.184834841966885
0.169116357101868,0.362106312499116,0.184199692070753
0.168627326635935,0.361725832070461,0.183564542174621
0.168138296170003,0.361345351641805,0.182929392278489
0.16764926570407,0.360964871213149,0.182294242382357
0.167160235238137,0.360584390784494,0.181659092486225
0.166671204772204,0.360203910355838,0.181023942590093
0.166203922395167,0.359828069901119,0.180416697842845
0.165746178632589,0.359454264518203,0.179821692169011
0.165288434870011,0.359080459135287,0.179226686495177
0.164830691107433,0.358706653752371,0.178631680821343
0.164372947344855,0.358332848369455,0.178036675147509
0.163915203582277,0.357959042986539,0.177441669473676
0.163457459819699,0.357585237603623,0.176846663799842
0.162999716057121,0.357211432220707,0.176251658126008
0.162541972294543,0.356837626837791,0.175656652452174
0.162084228531965,0.356463821454874,0.17506164677834
0.161626484769387,0.356090016071958,0.174466641104506
0.161168741006809,0.355716210689042,0.173871635430673
0.160710997244231,0.355342405306126,0.173276629756839
0.160253253481653,0.35496859992321,0.172681624083005
0.159795509719075,0.354594794540294,0.172086618409171
0.159337765956497,0.354220989157378,0.171491612735337
0.158908601344272,0.35385361055776,0.170933673435917
0.15847986719064,0.353486328758223,0.170376292429488
0.158051133037008,0.353119046958687,0.169818911423059
0.157622398883375,0.352751765159151,0.169261530416631
0.157193664729743,0.352384483359615,0.168704149410202
0.156764930576111,0.352017201560078,0.168146768403774
0.156336196422479,0.351649919760542,0.167589387397345
0.155907462268846,0.351282637961006,0.167032006390917
0.155478728115214,0.350915356161469,0.166474625384488
0.155049993961582,0.350548074361933,0.165917244378059
0.154621259807949,0.350180792562397,0.165359863371631
0.154192525654317,0.34981351076286,0.164802482365202
0.153763791500685,0.349446228963324,0.164245101358774
0.153335057347052,0.349078947163788,0.163687720352345
0.15290632319342,0.348711665364251,0.163130339345917
0.152485202118279,0.348346190358691,0.162582933452651
0.152084131705431,0.347985473929558,0.162061799142638
0.151683061292584,0.347624757500424,0.161540664832624
0.151281990879737,0.347264041071291,0.161019530522611
0.15088092046689,0.346903324642158,0.160498396212598
0.150479850054043,0.346542608213025,0.159977261902585
0.150078779641196,0.346181891783891,0.159456127592572
0.149677709228349,0.345821175354758,0.158934993282559
0.149276638815502,0.345460458925625,0.158413858972546
0.148875568402655,0.345099742496492,0.157892724662532
0.148474497989808,0.344739026067359,0.157371590352519
0.148073427576961,0.344378309638225,0.156850456042506
0.147672357164114,0.344017593209092,0.156329321732493
0.147271286751267,0.343656876779959,0.15580818742248
0.146870216338419,0.343296160350826,0.155287053112467
0.146469145925572,0.342935443921692,0.154765918802454
0.146068075512725,0.342574727492559,0.15424478449244
0.145683535831295,0.342218152424557,0.153745493490502
0.145308818791442,0.341864038173623,0.153259181889212
0.144934101751589,0.34150992392269,0.152772870287921
0.144559384711736,0.341155809671757,0.152286558686631
0.144184667671883,0.340801695420823,0.151800247085341
0.14380995063203,0.34044758116989,0.151313935484051
0.143435233592177,0.340093466918956,0.150827623882761
0.143060516552324,0.339739352668023,0.150341312281471
0.142685799512471,0.33938523841709,0.149855000680181
0.142311082472618,0.339031124166156,0.149368689078891
0.141936365432765,0.338677009915223,0.148882377477601
0.141561648392912,0.338322895664289,0.148396065876311
0.141186931353059,0.337968781413356,0.14790975427502
0.140812214313206,0.337614667162423,0.14742344267373
0.140437497273353,0.337260552911489,0.14693713107244
0.1400627802335,0.336906438660556,0.14645081947115
0.139688063193647,0.336552324409622,0.14596450786986
0.139337200625195,0.336204528269455,0.145509977199648
0.138986841205637,0.335856865393631,0.145056116866669
0.138636481786079,0.335509202517806,0.14460225653369
0.138286122366522,0.335161539641982,0.144148396200711
0.137935762946964,0.334813876766157,0.143694535867732
0.137585403527407,0.334466213890332,0.143240675534753
0.137235044107849,0.334118551014508,0.142786815201774
0.136884684688292,0.333770888138683,0.142332954868795
0.136534325268734,0.333423225262859,0.141879094535816
0.136183965849177,0.333075562387034,0.141425234202837
0.135833606429619,0.33272789951121,0.140971373869858
0.135483247010062,0.332380236635385,0.140517513536879
0.135132887590504,0.332032573759561,0.1400636532039
0.134782528170947,0.331684910883736,0.139609792870921
0.134432168751389,0.331337248007912,0.139155932537942
0.134081809331832,0.330989585132087,0.138702072204963
0.133738907388808,0.3306440120819,0.138258228678498
0.133411049925249,0.330302654980464,0.1378345927436
0.133083192461691,0.329961297879028,0.137410956808702
0.132755334998132,0.329619940777592,0.136987320873804
0.132427477534573,0.329278583676156,0.136563684938905
0.132099620071014,0.32893722657472,0.136140049004007
0.131771762607455,0.328595869473284,0.135716413069109
0.131443905143897,0.328254512371848,0.135292777134211
0.131116047680338,0.327913155270412,0.134869141199313
0.130788190216779,0.327571798168976,0.134445505264414
0.13046033275322,0.32723044106754,0.134021869329516
0.130132475289661,0.326889083966104,0.133598233394618
0.129804617826102,0.326547726864668,0.13317459745972
0.129476760362544,0.326206369763232,0.132750961524822
0.129148902898985,0.325865012661796,0.132327325589923
0.128821045435426,0.32552365556036,0.131903689655025
0.128493187971867,0.325182298458924,0.131480053720127
0.128179965189424,0.324845286194738,0.131076225403229
0.127873519551305,0.324510285972283,0.130681569755339
0.127567073913186,0.324175285749827,0.13028691410745
0.127260628275068,0.323840285527372,0.12989225845956
0.126954182636949,0.323505285304916,0.129497602811671
0.12664773699883,0.32317028508246,0.129102947163781
0.126341291360711,0.322835284860005,0.128708291515892
0.126034845722593,0.322500284637549,0.128313635868002
0.125728400084474,0.322165284415094,0.127918980220112
0.125421954446355,0.321830284192638,0.127524324572223
0.125115508808236,0.321495283970182,0.127129668924333
0.124809063170118,0.321160283747727,0.126735013276444
0.124502617531999,0.320825283525271,0.126340357628554
0.12419617189388,0.320490283302815,0.125945701980665
0.123889726255761,0.32015528308036,0.125551046332775
0.123583280617643,0.319820282857904,0.125156390684886
0.123276834979524,0.319485282635448,0.124761735036996
0.122970389341405,0.319150282412993,0.124367079389107
0.122684014980328,0.318821595236365,0.123999751486443
0.122397924475606,0.318492997341459,0.123632810064129
0.122111833970885,0.318164399446553,0.123265868641815
0.121825743466163,0.317835801551648,0.122898927219501
0.121539652961442,0.317507203656742,0.122531985797187
0.12125356245672,0.317178605761836,0.122165044374874
0.120967471951999,0.316850007866931,0.12179810295256
0.120681381447278,0.316521409972025,0.121431161530246
0.120395290942556,0.316192812077119,0.121064220107932
0.120109200437835,0.315864214182214,0.120697278685618
0.119823109933113,0.315535616287308,0.120330337263305
0.119537019428392,0.315207018392402,0.119963395840991
0.11925092892367,0.314878420497497,0.119596454418677
0.118964838418949,0.314549822602591,0.119229512996363
0.118678747914227,0.314221224707685,0.11886257157405
0.118392657409506,0.31389262681278,0.118495630151736
0.118106566904784,0.313564028917874,0.118128688729422
0.117825886175951,0.313237236589995,0.117769155029798
0.117558539024901,0.312914894477597,0.117427879285538
0.117291191873852,0.312592552365199,0.117086603541278
0.117023844722802,0.312270210252801,0.116745327797019
0.116756497571753,0.311947868140403,0.116404052052759
0.116489150420703,0.311625526028005,0.116062776308499
0.116221803269654,0.311303183915607,0.115721500564239
0.115954456118604,0.310980841803209,0.11538022481998
0.115687108967555,0.310658499690811,0.11503894907572
0.115419761816505,0.310336157578412,0.11469767333146
0.115152414665456,0.310013815466014,0.114356397587201
0.114885067514406,0.309691473353616,0.114015121842941
0.114617720363357,0.309369131241218,0.113673846098681
0.114350373212307,0.30904678912882,0.113332570354422
0.114083026061258,0.308724447016422,0.112991294610162
0.113815678910208,0.308402104904024,0.112650018865902
0.113548331759159,0.308079762791626,0.112308743121643
0.113280984608109,0.307757420679228,0.111967467377383
0.113023835403632,0.307438693170291,0.11164023495441
0.112773738040524,0.307122465145935,0.111322713434834
0.112523640677417,0.30680623712158,0.111005191915258
0.112273543314309,0.306490009097224,0.110687670395682
0.112023445951201,0.306173781072869,0.110370148876106
0.111773348588093,0.305857553048513,0.11005262735653
0.111523251224985,0.305541325024158,0.109735105836953
0.111273153861878,0.305225096999802,0.109417584317377
0.11102305649877,0.304908868975447,0.109100062797801
0.110772959135662,0.304592640951092,0.108782541278225
0.110522861772554,0.304276412926736,0.108465019758649
0.110272764409446,0.303960184902381,0.108147498239073
0.110022667046339,0.303643956878025,0.107829976719497
0.109772569683231,0.30332772885367,0.107512455199921
0.109522472320123,0.303011500829314,0.107194933680344
0.109272374957015,0.302695272804959,0.106877412160768
0.109022277593908,0.302379044780603,0.106559890641192
0.1087721802308,0.302062816756248,0.106242369121616
0.108536723179806,0.301752106863187,0.105945111511993
0.108303006375402,0.301442052892561,0.105650262607863
0.108069289570998,0.301131998921935,0.105355413703733
0.107835572766594,0.300821944951308,0.105060564799602
0.10760185596219,0.300511890980682,0.104765715895472
0.107368139157786,0.300201837010056,0.104470866991342
0.107134422353382,0.29989178303943,0.104176018087211
0.106900705548978,0.299581729068804,0.103881169183081
0.106666988744575,0.299271675098178,0.103586320278951
0.106433271940171,0.298961621127551,0.103291471374821
0.106199555135767,0.298651567156925,0.10299662247069
0.105965838331363,0.298341513186299,0.10270177356656
0.105732121526959,0.298031459215673,0.10240692466243
0.105498404722555,0.297721405245047,0.102112075758299
0.105264687918151,0.297411351274421,0.101817226854169
0.105030971113747,0.297101297303794,0.101522377950039
0.104797254309343,0.296791243333168,0.101227529045908
0.10456353750494,0.296481189362542,0.100932680141778
0.104330030474867,0.296171219444732,0.10063812259008
0.104111856085111,0.295867393041178,0.100364860313214
0.103893681695354,0.295563566637624,0.100091598036347
0.103675507305598,0.29525974023407,0.0998183357594812
0.103457332915841,0.294955913830517,0.0995450734826151
0.103239158526084,0.294652087426963,0.0992718112057489
0.103020984136328,0.294348261023409,0.0989985489288827
0.102802809746571,0.294044434619855,0.0987252866520165
0.102584635356815,0.293740608216301,0.0984520243751504
0.102366460967058,0.293436781812747,0.0981787620982842
0.102148286577301,0.293132955409193,0.097905499821418
0.101930112187545,0.292829129005639,0.0976322375445518
0.101711937797788,0.292525302602085,0.0973589752676857
0.101493763408032,0.292221476198532,0.0970857129908195
0.101275589018275,0.291917649794978,0.0968124507139533
0.101057414628518,0.291613823391424,0.0965391884370871
0.100839240238762,0.29130999698787,0.0962659261602209
0.100621065849005,0.291006170584316,0.0959926638833547
0.100402891459249,0.290702344180762,0.0957194016064886
0.100186616688643,0.290399328265713,0.0954487859952322
0.0999827002436976,0.290101585134355,0.0951953887592999
0.0997787837987519,0.289803842002998,0.0949419915233676
0.0995748673538061,0.289506098871641,0.0946885942874352
0.0993709509088604,0.289208355740284,0.0944351970515029
0.0991670344639147,0.288910612608927,0.0941817998155706
0.0989631180189689,0.288612869477569,0.0939284025796382
0.0987592015740232,0.288315126346212,0.0936750053437059
0.0985552851290775,0.288017383214855,0.0934216081077735
0.0983513686841318,0.287719640083497,0.0931682108718412
0.098147452239186,0.28742189695214,0.0929148136359088
0.0979435357942403,0.287124153820783,0.0926614163999765
0.0977396193492946,0.286826410689426,0.0924080191640442
0.0975357029043488,0.286528667558068,0.0921546219281118
0.0973317864594031,0.286230924426711,0.0919012246921795
0.0971278700144574,0.285933181295354,0.0916478274562471
0.0969239535695117,0.285635438163997,0.0913944302203148
0.0967200371245659,0.28533769503264,0.0911410329843825
0.0965161206796202,0.285039951901282,0.0908876357484501
0.0963155110001446,0.284743712300036,0.0906388597969238
0.0961246664403408,0.284451912732895,0.0904037308353854
0.095933821880537,0.284160113165755,0.090168601873847
0.0957429773207333,0.283868313598614,0.0899334729123086
0.0955521327609295,0.283576514031473,0.0896983439507702
0.0953612882011258,0.283284714464333,0.0894632149892318
0.095170443641322,0.282992914897192,0.0892280860276934
0.0949795990815183,0.282701115330051,0.088992957066155
0.0947887545217145,0.282409315762911,0.0887578281046166
0.0945979099619107,0.28211751619577,0.0885226991430782
0.094407065402107,0.281825716628629,0.0882875701815398
0.0942162208423032,0.281533917061489,0.0880524412200014
0.0940253762824995,0.281242117494348,0.087817312258463
0.0938345317226957,0.280950317927207,0.0875821832969246
0.093643687162892,0.280658518360067,0.0873470543353862
0.0934528426030882,0.280366718792926,0.0871119253738478
0.0932619980432845,0.280074919225785,0.0868767964123095
0.0930711534834807,0.279783119658645,0.086641667450771
0.092880308923677,0.279491320091504,0.0864065384892327
0.0926942892436603,0.279201866561433,0.086178169671623
0.0925163903197696,0.278916361646818,0.0859611788535995
0.0923384913958788,0.278630856732203,0.085744188035576
0.092160592471988,0.278345351817588,0.0855271972175525
0.0919826935480972,0.278059846902973,0.0853102063995289
0.0918047946242064,0.277774341988359,0.0850932155815054
0.0916268957003156,0.277488837073744,0.0848762247634818
0.0914489967764248,0.277203332159129,0.0846592339454583
0.091271097852534,0.276917827244514,0.0844422431274348
0.0910931989286432,0.276632322329899,0.0842252523094113
0.0909153000047524,0.276346817415284,0.0840082614913877
0.0907374010808616,0.27606131250067,0.0837912706733642
0.0905595021569708,0.275775807586055,0.0835742798553407
0.0903816032330801,0.27549030267144,0.0833572890373172
0.0902037043091893,0.275204797756825,0.0831402982192936
0.0900258053852985,0.27491929284221,0.0829233074012701
0.0898479064614077,0.274633787927595,0.0827063165832466
0.0896700075375169,0.27434828301298,0.082489325765223
0.0894921086136261,0.274062778098366,0.0822723349471995
0.0893142096897353,0.273777273183751,0.082055344129176
0.0891363107658445,0.273491768269136,0.0818383533111524
0.0889584118419537,0.273206263354521,0.0816213624931289
0.0887840684272529,0.272922608839509,0.0814093567786482
0.0886188892199117,0.272643723668283,0.0812102000036963
0.0884537100125704,0.272364838497056,0.0810110432287444
0.0882885308052292,0.27208595332583,0.0808118864537925
0.088123351597888,0.271807068154603,0.0806127296788406
0.0879581723905467,0.271528182983377,0.0804135729038886
0.0877929931832055,0.27124929781215,0.0802144161289367
0.0876278139758643,0.270970412640924,0.0800152593539848
0.087462634768523,0.270691527469697,0.0798161025790328
0.0872974555611818,0.270412642298471,0.0796169458040809
0.0871322763538406,0.270133757127244,0.079417789029129
0.0869670971464993,0.269854871956018,0.0792186322541771
0.0868019179391581,0.269575986784791,0.0790194754792251
0.0866367387318169,0.269297101613564,0.0788203187042732
0.0864715595244756,0.269018216442338,0.0786211619293213
0.0863063803171344,0.268739331271111,0.0784220051543694
0.0861412011097931,0.268460446099885,0.0782228483794174
0.0859760219024519,0.268181560928658,0.0780236916044655
0.0858108426951107,0.267902675757432,0.0778245348295136
0.0856456634877695,0.267623790586205,0.0776253780545617
0.0854804842804282,0.267344905414979,0.0774262212796097
0.085315305073087,0.267066020243752,0.0772270645046578
0.0851522751160977,0.266788336797918,0.0770309217981383
0.0849986292168471,0.266515900325967,0.0768479391184027
0.0848449833175964,0.266243463854016,0.0766649564386671
0.0846913374183458,0.265971027382065,0.0764819737589315
0.0845376915190951,0.265698590910114,0.0762989910791959
0.0843840456198445,0.265426154438163,0.0761160083994603
0.0842303997205938,0.265153717966212,0.0759330257197247
0.0840767538213432,0.264881281494261,0.0757500430399892
0.0839231079220925,0.26460884502231,0.0755670603602536
0.0837694620228419,0.264336408550359,0.075384077680518
0.0836158161235912,0.264063972078408,0.0752010950007824
0.0834621702243405,0.263791535606458,0.0750181123210468
0.0833085243250899,0.263519099134507,0.0748351296413112
0.0831548784258392,0.263246662662556,0.0746521469615756
0.0830012325265886,0.262974226190605,0.07446916428184
0.0828475866273379,0.262701789718654,0.0742861816021045
0.0826939407280873,0.262429353246703,0.0741031989223689
0.0825402948288366,0.262156916774752,0.0739202162426333
0.082386648929586,0.261884480302801,0.0737372335628977
0.0822330030303353,0.26161204383085,0.0735542508831621
0.0820793571310847,0.261339607358899,0.0733712682034265
0.081925711231834,0.261067170886948,0.0731882855236909
0.0817730387741162,0.260795319864774,0.0730066681512364
0.081629840239545,0.260529166674474,0.072838338496446
0.0814866417049737,0.260263013484173,0.0726700088416557
0.0813434431704025,0.259996860293873,0.0725016791868653
0.0812002446358312,0.259730707103572,0.072333349532075
0.08105704610126,0.259464553913272,0.0721650198772846
0.0809138475666887,0.259198400722972,0.0719966902224943
0.0807706490321174,0.258932247532671,0.0718283605677039
0.0806274504975461,0.258666094342371,0.0716600309129136
0.0804842519629749,0.25839994115207,0.0714917012581232
0.0803410534284036,0.25813378796177,0.0713233716033329
0.0801978548938324,0.25786763477147,0.0711550419485425
0.0800546563592611,0.257601481581169,0.0709867122937522
0.0799114578246898,0.257335328390869,0.0708183826389618
0.0797682592901186,0.257069175200568,0.0706500529841714
0.0796250607555473,0.256803022010268,0.0704817233293811
0.079481862220976,0.256536868819967,0.0703133936745907
0.0793386636864048,0.256270715629667,0.0701450640198004
0.0791954651518335,0.256004562439367,0.06997673436501
0.0790522666172623,0.255738409249066,0.0698084047102197
0.078909068082691,0.255472256058766,0.0696400750554293
0.0787658695481197,0.255206102868465,0.069471745400639
0.0786226710135485,0.254939949678165,0.0693034157458486
