0.629369596568552,0.804194484504261,1.04894932761425
0.629534341460186,0.803334899654802,1.04895752028281
0.62969908635182,0.802475314805342,1.04896571295137
0.629863831243454,0.801615729955883,1.04897390561994
0.630028576135088,0.800756145106423,1.0489820982885
0.630193321026723,0.799896560256964,1.04899029095706
0.630358065918357,0.799036975407505,1.04899848362562
0.630522810809991,0.798177390558045,1.04900667629418
0.630687555701625,0.797317805708586,1.04901486896274
0.630852300593259,0.796458220859127,1.0490230616313
0.631017045484893,0.795598636009667,1.04903125429986
0.631181790376527,0.794739051160208,1.04903944696842
0.631346535268161,0.793879466310748,1.04904763963698
0.631511280159795,0.793019881461289,1.04905583230554
0.631676025051429,0.79216029661183,1.0490640249741
0.631840769943063,0.79130071176237,1.04907221764266
0.632005514834697,0.790441126912911,1.04908041031122
0.632170259726331,0.789581542063452,1.04908860297978
0.632335004617965,0.788721957213992,1.04909679564834
0.6324997495096,0.787862372364533,1.0491049883169
0.632662151471585,0.787004734151568,1.04911487328344
0.632806875608934,0.786161783660273,1.04913752694184
0.632951599746283,0.785318833168978,1.04916018060025
0.633096323883632,0.784475882677683,1.04918283425866
0.633241048020982,0.783632932186388,1.04920548791707
0.633385772158331,0.782789981695094,1.04922814157548
0.63353049629568,0.781947031203799,1.04925079523389
0.633675220433029,0.781104080712504,1.04927344889229
0.633819944570379,0.780261130221209,1.0492961025507
0.633964668707728,0.779418179729915,1.04931875620911
0.634109392845077,0.77857522923862,1.04934140986752
0.634254116982426,0.777732278747325,1.04936406352593
0.634398841119776,0.77688932825603,1.04938671718433
0.634543565257125,0.776046377764736,1.04940937084274
0.634688289394474,0.775203427273441,1.04943202450115
0.634833013531823,0.774360476782146,1.04945467815956
0.634977737669172,0.773517526290851,1.04947733181797
0.635122461806522,0.772674575799556,1.04949998547638
0.635267185943871,0.771831625308262,1.04952263913478
0.63541191008122,0.770988674816967,1.04954529279319
0.635552116715247,0.770149549946757,1.04957069207525
0.635677539414319,0.7693229447648,1.04960507665705
0.635802962113391,0.768496339582842,1.04963946123885
0.635928384812463,0.767669734400885,1.04967384582064
0.636053807511535,0.766843129218928,1.04970823040244
0.636179230210608,0.766016524036971,1.04974261498424
0.63630465290968,0.765189918855014,1.04977699956604
0.636430075608752,0.764363313673056,1.04981138414784
0.636555498307824,0.763536708491099,1.04984576872964
0.636680921006896,0.762710103309142,1.04988015331144
0.636806343705968,0.761883498127184,1.04991453789323
0.63693176640504,0.761056892945227,1.04994892247503
0.637057189104113,0.76023028776327,1.04998330705683
0.637182611803185,0.759403682581313,1.05001769163863
0.637308034502257,0.758577077399356,1.05005207622043
0.637433457201329,0.757750472217398,1.05008646080223
0.637558879900401,0.756923867035441,1.05012084538403
0.637684302599473,0.756097261853484,1.05015522996582
0.637809725298546,0.755270656671527,1.05018961454762
0.637935147997618,0.75444405148957,1.05022399912942
0.638054040168961,0.753623084757602,1.05026161692461
0.638160861357586,0.752812540097972,1.05030521096928
0.638267682546211,0.752001995438341,1.05034880501395
0.638374503734836,0.75119145077871,1.05039239905862
0.638481324923461,0.75038090611908,1.05043599310328
0.638588146112086,0.749570361459449,1.05047958714795
0.638694967300711,0.748759816799819,1.05052318119262
0.638801788489336,0.747949272140188,1.05056677523729
0.638908609677961,0.747138727480557,1.05061036928196
0.639015430866587,0.746328182820927,1.05065396332663
0.639122252055212,0.745517638161296,1.0506975573713
0.639229073243837,0.744707093501666,1.05074115141597
0.639335894432462,0.743896548842035,1.05078474546063
0.639442715621087,0.743086004182404,1.0508283395053
0.639549536809712,0.742275459522774,1.05087193354997
0.639656357998337,0.741464914863143,1.05091552759464
0.639763179186962,0.740654370203513,1.05095912163931
0.639870000375587,0.739843825543882,1.05100271568398
0.639976821564212,0.739033280884251,1.05104630972865
0.640083642752837,0.738222736224621,1.05108990377332
0.640182075138921,0.737419578180539,1.05113672809064
0.640270975371778,0.736624813509756,1.0511872229502
0.640359875604634,0.735830048838973,1.05123771780976
0.64044877583749,0.73503528416819,1.05128821266931
0.640537676070347,0.734240519497407,1.05133870752887
0.640626576303203,0.733445754826623,1.05138920238842
0.640715476536059,0.73265099015584,1.05143969724798
0.640804376768915,0.731856225485057,1.05149019210753
0.640893277001771,0.731061460814274,1.05154068696709
0.640982177234628,0.730266696143491,1.05159118182664
0.641071077467484,0.729471931472707,1.0516416766862
0.64115997770034,0.728677166801924,1.05169217154575
0.641248877933197,0.727882402131141,1.05174266640531
0.641337778166053,0.727087637460358,1.05179316126486
0.641426678398909,0.726292872789575,1.05184365612442
0.641515578631765,0.725498108118791,1.05189415098397
0.641604478864622,0.724703343448008,1.05194464584353
0.641693379097478,0.723908578777225,1.05199514070309
0.641782279330334,0.723113814106442,1.05204563556264
0.64187117956319,0.722319049435659,1.0520961304222
0.641949980539554,0.721533356383765,1.05214944374723
0.642021620780604,0.720754095435244,1.05220475546543
0.642093261021655,0.719974834486723,1.05226006718364
0.642164901262705,0.719195573538202,1.05231537890185
0.642236541503755,0.71841631258968,1.05237069062006
0.642308181744805,0.717637051641159,1.05242600233827
0.642379821985855,0.716857790692638,1.05248131405647
0.642451462226906,0.716078529744116,1.05253662577468
0.642523102467956,0.715299268795595,1.05259193749289
0.642594742709006,0.714520007847074,1.0526472492111
0.642666382950056,0.713740746898552,1.0527025609293
0.642738023191106,0.712961485950031,1.05275787264751
0.642809663432156,0.71218222500151,1.05281318436572
0.642881303673207,0.711402964052988,1.05286849608393
0.642952943914257,0.710623703104467,1.05292380780213
0.643024584155307,0.709844442155946,1.05297911952034
0.643096224396357,0.709065181207425,1.05303443123855
0.643167864637407,0.708285920258903,1.05308974295676
0.643239504878457,0.707506659310382,1.05314505467497
0.643311145119507,0.706727398361861,1.05320036639317
0.643371117603013,0.705958832278038,1.05325771940871
0.643426140663731,0.70519480291919,1.05331593833558
0.643481163724449,0.704430773560342,1.05337415726245
0.643536186785167,0.703666744201493,1.05343237618932
0.643591209845886,0.702902714842645,1.05349059511618
0.643646232906604,0.702138685483797,1.05354881404305
0.643701255967322,0.701374656124948,1.05360703296992
0.64375627902804,0.7006106267661,1.05366525189679
0.643811302088759,0.699846597407252,1.05372347082366
0.643866325149477,0.699082568048404,1.05378168975053
0.643921348210195,0.698318538689555,1.0538399086774
0.643976371270913,0.697554509330707,1.05389812760427
0.644031394331632,0.696790479971859,1.05395634653114
0.64408641739235,0.69602645061301,1.05401456545801
0.644141440453068,0.695262421254162,1.05407278438488
0.644196463513786,0.694498391895314,1.05413100331175
0.644251486574505,0.693734362536465,1.05418922223861
0.644306509635223,0.692970333177617,1.05424744116548
0.644361532695941,0.692206303818769,1.05430566009235
0.64441655575666,0.69144227445992,1.05436387901922
0.644458478603228,0.690690502858668,1.05442304435293
0.644497509709557,0.689941437033863,1.0544824185964
0.644536540815885,0.689192371209058,1.05454179283988
0.644575571922213,0.688443305384252,1.05460116708335
0.644614603028542,0.687694239559447,1.05466054132683
0.64465363413487,0.686945173734642,1.05471991557031
0.644692665241199,0.686196107909837,1.05477928981378
0.644731696347527,0.685447042085031,1.05483866405726
0.644770727453855,0.684697976260226,1.05489803830073
0.644809758560184,0.683948910435421,1.05495741254421
0.644848789666512,0.683199844610616,1.05501678678768
0.644887820772841,0.682450778785811,1.05507616103116
0.644926851879169,0.681701712961005,1.05513553527463
0.644965882985497,0.6809526471362,1.05519490951811
0.645004914091826,0.680203581311395,1.05525428376159
0.645043945198154,0.67945451548659,1.05531365800506
0.645082976304482,0.678705449661784,1.05537303224854
0.645122007410811,0.677956383836979,1.05543240649201
0.645161038517139,0.677207318012174,1.05549178073549
0.645200069623468,0.676458252187369,1.05555115497896
0.645224301487906,0.675723332489252,1.0556100824586
0.645247524822027,0.67498937681333,1.05566897949243
0.645270748156148,0.674255421137408,1.05572787652625
0.645293971490269,0.673521465461486,1.05578677356008
0.64531719482439,0.672787509785564,1.05584567059391
0.645340418158511,0.672053554109642,1.05590456762774
0.645363641492632,0.67131959843372,1.05596346466156
0.645386864826753,0.670585642757798,1.05602236169539
0.645410088160874,0.669851687081876,1.05608125872922
0.645433311494995,0.669117731405954,1.05614015576304
0.645456534829115,0.668383775730031,1.05619905279687
0.645479758163237,0.667649820054109,1.0562579498307
0.645502981497357,0.666915864378187,1.05631684686453
0.645526204831478,0.666181908702265,1.05637574389835
0.645549428165599,0.665447953026343,1.05643464093218
0.64557265149972,0.664713997350421,1.05649353796601
0.645595874833841,0.663980041674499,1.05655243499984
0.645619098167962,0.663246085998577,1.05661133203366
0.645642321502083,0.662512130322655,1.05667022906749
0.645665544836204,0.661778174646733,1.05672912610132
0.645688768170325,0.661044218970811,1.05678802313514
0.645697506103053,0.66032441838115,1.05684502540865
0.6457051328783,0.6596057036109,1.0569018823374
0.645712759653547,0.65888698884065,1.05695873926615
0.645720386428793,0.6581682740704,1.0570155961949
0.64572801320404,0.65744955930015,1.05707245312366
0.645735639979287,0.6567308445299,1.05712931005241
0.645743266754534,0.65601212975965,1.05718616698116
0.645750893529781,0.6552934149894,1.05724302390991
0.645758520305028,0.654574700219149,1.05729988083866
0.645766147080274,0.653855985448899,1.05735673776741
0.645773773855521,0.653137270678649,1.05741359469616
0.645781400630768,0.652418555908399,1.05747045162492
0.645789027406015,0.651699841138149,1.05752730855367
0.645796654181262,0.650981126367899,1.05758416548242
0.645804280956508,0.650262411597649,1.05764102241117
0.645811907731755,0.649543696827399,1.05769787933992
0.645819534507002,0.648824982057149,1.05775473626867
0.645827161282249,0.648106267286899,1.05781159319742
0.645834788057496,0.647387552516648,1.05786845012618
0.645842414832743,0.646668837746398,1.05792530705493
0.645850041607989,0.645950122976148,1.05798216398368
0.645843887386802,0.645245186942877,1.05803582745261
0.645836556151653,0.644541427730592,1.058089218173
0.645829224916503,0.643837668518307,1.05814260889338
0.645821893681354,0.643133909306022,1.05819599961377
0.645814562446204,0.642430150093736,1.05824939033416
0.645807231211055,0.641726390881451,1.05830278105454
0.645799899975905,0.641022631669166,1.05835617177493
0.645792568740756,0.640318872456881,1.05840956249531
0.645785237505606,0.639615113244596,1.0584629532157
0.645777906270457,0.638911354032311,1.05851634393608
0.645770575035307,0.638207594820026,1.05856973465647
0.645763243800158,0.63750383560774,1.05862312537686
0.645755912565008,0.636800076395455,1.05867651609724
0.645748581329859,0.63609631718317,1.05872990681763
0.645741250094709,0.635392557970885,1.05878329753801
0.645733918859559,0.6346887987586,1.0588366882584
0.64572658762441,0.633985039546315,1.05889007897878
0.64571925638926,0.63328128033403,1.05894346969917
0.645711925154111,0.632577521121744,1.05899686041956
0.645704593918961,0.631873761909459,1.05905025113994
0.645697262683812,0.631170002697174,1.05910364186033
0.64567682824877,0.630479654309199,1.05915268718742
0.645655158838313,0.629790569890212,1.05920132296158
0.645633489427856,0.629101485471225,1.05924995873574
0.645611820017399,0.628412401052239,1.0592985945099
0.645590150606943,0.627723316633252,1.05934723028406
0.645568481196486,0.627034232214265,1.05939586605822
0.645546811786029,0.626345147795279,1.05944450183238
0.645525142375572,0.625656063376292,1.05949313760654
0.645503472965116,0.624966978957305,1.0595417733807
0.645481803554659,0.624277894538319,1.05959040915486
0.645460134144202,0.623588810119332,1.05963904492902
0.645438464733745,0.622899725700345,1.05968768070319
0.645416795323289,0.622210641281359,1.05973631647735
0.645395125912832,0.621521556862372,1.05978495225151
0.645373456502375,0.620832472443385,1.05983358802567
0.645351787091918,0.620143388024399,1.05988222379983
0.645330117681461,0.619454303605412,1.05993085957399
0.645308448271005,0.618765219186426,1.05997949534815
0.645286778860548,0.618076134767439,1.06002813112231
0.645265109450091,0.617387050348452,1.06007676689647
0.645243440039634,0.616697965929465,1.06012540267063
0.645209013137195,0.616022258786903,1.06016853561498
0.645173269195132,0.615347932668379,1.06021110046608
0.64513752525307,0.614673606549855,1.06025366531719
0.645101781311008,0.613999280431331,1.06029623016829
0.645066037368945,0.613324954312806,1.0603387950194
0.645030293426883,0.612650628194282,1.06038135987051
0.644994549484821,0.611976302075758,1.06042392472161
0.644958805542758,0.611301975957234,1.06046648957272
0.644923061600696,0.61062764983871,1.06050905442383
0.644887317658634,0.609953323720186,1.06055161927493
0.644851573716571,0.609278997601661,1.06059418412604
0.644815829774509,0.608604671483137,1.06063674897714
0.644780085832447,0.607930345364613,1.06067931382825
0.644744341890384,0.607256019246089,1.06072187867936
0.644708597948322,0.606581693127565,1.06076444353046
0.64467285400626,0.60590736700904,1.06080700838157
0.644637110064197,0.605233040890516,1.06084957323268
0.644601366122135,0.604558714771992,1.06089213808378
0.644565622180073,0.603884388653468,1.06093470293489
0.64452987823801,0.603210062534944,1.060977267786
0.644494134295948,0.60253573641642,1.0610198326371
0.644458390353886,0.601861410297895,1.06106239748821
0.644411123002122,0.601199474445824,1.06109886383135
0.644361588638261,0.60053997614346,1.06113413040882
0.644312054274399,0.599880477841097,1.0611693969863
0.644262519910538,0.599220979538733,1.06120466356377
0.644212985546677,0.598561481236369,1.06123993014125
0.644163451182815,0.597901982934006,1.06127519671872
0.644113916818954,0.597242484631642,1.06131046329619
0.644064382455092,0.596582986329278,1.06134572987367
0.644014848091231,0.595923488026915,1.06138099645114
0.64396531372737,0.595263989724551,1.06141626302861
0.643915779363508,0.594604491422187,1.06145152960609
0.643866244999647,0.593944993119824,1.06148679618356
0.643816710635785,0.59328549481746,1.06152206276104
0.643767176271924,0.592625996515096,1.06155732933851
0.643717641908063,0.591966498212733,1.06159259591598
0.643668107544201,0.591306999910369,1.06162786249346
0.64361857318034,0.590647501608005,1.06166312907093
0.643569038816479,0.589988003305642,1.06169839564841
0.643519504452617,0.589328505003278,1.06173366222588
0.643469970088756,0.588669006700914,1.06176892880335
0.643420435724894,0.588009508398551,1.06180419538083
0.643370901361033,0.587350010096187,1.0618394619583
0.643311295780062,0.586701626782519,1.06186840724662
0.643248592904815,0.586056661763829,1.06189540849058
0.643185890029567,0.585411696745139,1.06192240973454
0.64312318715432,0.584766731726449,1.06194941097851
0.643060484279073,0.584121766707759,1.06197641222247
0.642997781403826,0.583476801689068,1.06200341346644
0.642935078528579,0.582831836670378,1.0620304147104
0.642872375653331,0.582186871651688,1.06205741595437
0.642809672778084,0.581541906632998,1.06208441719833
0.642746969902837,0.580896941614308,1.0621114184423
0.642684267027589,0.580251976595618,1.06213841968626
0.642621564152342,0.579607011576928,1.06216542093022
0.642558861277095,0.578962046558238,1.06219242217419
0.642496158401848,0.578317081539548,1.06221942341815
0.6424334555266,0.577672116520858,1.06224642466212
0.642370752651353,0.577027151502168,1.06227342590608
0.642308049776106,0.576382186483478,1.06230042715005
0.642245346900859,0.575737221464788,1.06232742839401
0.642182644025612,0.575092256446098,1.06235442963798
0.642119941150364,0.574447291427407,1.06238143088194
0.642057238275117,0.573802326408717,1.0624084321259
0.64199453539987,0.573157361390027,1.06243543336987
0.641923111920738,0.572522281296076,1.06245610681908
0.641847842992796,0.57189156007137,1.0624739899557
0.641772574064854,0.571260838846664,1.06249187309233
0.641697305136912,0.570630117621958,1.06250975622895
0.64162203620897,0.569999396397252,1.06252763936557
0.641546767281028,0.569368675172546,1.06254552250219
0.641471498353086,0.56873795394784,1.06256340563881
0.641396229425143,0.568107232723134,1.06258128877544
0.641320960497201,0.567476511498428,1.06259917191206
0.641245691569259,0.566845790273722,1.06261705504868
0.641170422641317,0.566215069049016,1.0626349381853
0.641095153713375,0.56558434782431,1.06265282132193
0.641019884785433,0.564953626599604,1.06267070445855
0.640944615857491,0.564322905374898,1.06268858759517
0.640869346929549,0.563692184150192,1.06270647073179
0.640794078001607,0.563061462925486,1.06272435386842
0.640718809073665,0.56243074170078,1.06274223700504
0.640643540145722,0.561800020476074,1.06276012014166
0.64056827121778,0.561169299251369,1.06277800327828
0.640493002289838,0.560538578026663,1.0627958864149
0.640417733361896,0.559907856801957,1.06281376955153
0.640342464433954,0.559277135577251,1.06283165268815
0.640259532200065,0.558655345963799,1.06284322138583
0.640171965915265,0.558038957353721,1.06285097170124
0.640084399630465,0.557422568743642,1.06285872201666
0.639996833345665,0.556806180133564,1.06286647233207
0.639909267060864,0.556189791523486,1.06287422264748
0.639821700776064,0.555573402913407,1.0628819729629
0.639734134491264,0.554957014303329,1.06288972327831
0.639646568206464,0.55434062569325,1.06289747359372
0.639559001921664,0.553724237083172,1.06290522390914
0.639471435636864,0.553107848473094,1.06291297422455
0.639383869352064,0.552491459863015,1.06292072453997
0.639296303067264,0.551875071252937,1.06292847485538
0.639208736782463,0.551258682642858,1.06293622517079
0.639121170497663,0.55064229403278,1.06294397548621
0.639033604212863,0.550025905422702,1.06295172580162
0.638946037928063,0.549409516812623,1.06295947611703
0.638858471643263,0.548793128202545,1.06296722643245
0.638770905358463,0.548176739592467,1.06297497674786
0.638683339073663,0.547560350982388,1.06298272706327
0.638595772788863,0.54694396237231,1.06299047737869
0.638508206504063,0.546327573762232,1.0629982276941
0.638420640219262,0.545711185152153,1.06300597800952
0.638333073934462,0.545094796542075,1.06301372832493
0.638241238984546,0.544483529247319,1.06301754718454
0.638141665168715,0.543881546628569,1.06301423852102
0.638042091352884,0.54327956400982,1.06301092985751
0.637942517537054,0.542677581391071,1.063007621194
0.637842943721223,0.542075598772322,1.06300431253048
0.637743369905392,0.541473616153573,1.06300100386697
0.637643796089561,0.540871633534824,1.06299769520345
0.63754422227373,0.540269650916075,1.06299438653994
0.637444648457899,0.539667668297326,1.06299107787643
0.637345074642068,0.539065685678577,1.06298776921291
0.637245500826238,0.538463703059827,1.0629844605494
0.637145927010407,0.537861720441078,1.06298115188588
0.637046353194576,0.537259737822329,1.06297784322237
0.636946779378745,0.53665775520358,1.06297453455885
0.636847205562914,0.536055772584831,1.06297122589534
0.636747631747083,0.535453789966082,1.06296791723183
0.636648057931252,0.534851807347333,1.06296460856831
0.636548484115422,0.534249824728584,1.0629612999048
0.636448910299591,0.533647842109834,1.06295799124128
0.63634933648376,0.533045859491085,1.06295468257777
0.636249762667929,0.532443876872336,1.06295137391426
0.636150188852098,0.531841894253587,1.06294806525074
0.636050615036267,0.531239911634838,1.06294475658723
0.635950039667392,0.530639167548357,1.06294042699257
0.635839062675172,0.53005128623157,1.06292549452344
0.635728085682953,0.529463404914783,1.06291056205431
0.635617108690733,0.528875523597997,1.06289562958518
0.635506131698514,0.52828764228121,1.06288069711605
0.635395154706295,0.527699760964424,1.06286576464692
0.635284177714075,0.527111879647637,1.06285083217779
0.635173200721856,0.52652399833085,1.06283589970866
0.635062223729636,0.525936117014064,1.06282096723953
0.634951246737417,0.525348235697277,1.0628060347704
0.634840269745197,0.52476035438049,1.06279110230127
0.634729292752978,0.524172473063704,1.06277616983214
0.634618315760759,0.523584591746917,1.06276123736301
0.634507338768539,0.52299671043013,1.06274630489388
0.63439636177632,0.522408829113344,1.06273137242475
0.6342853847841,0.521820947796557,1.06271643995563
0.634174407791881,0.52123306647977,1.0627015074865
0.634063430799662,0.520645185162984,1.06268657501737
0.633952453807442,0.520057303846197,1.06267164254824
0.633841476815223,0.51946942252941,1.06265671007911
0.633730499823003,0.518881541212624,1.06264177760998
0.633619522830784,0.518293659895837,1.06262684514085
0.633508545838565,0.51770577857905,1.06261191267172
0.633397568846345,0.517117897262264,1.06259698020259
0.633277718425521,0.516541335993997,1.06257212695732
0.633155922331231,0.515967256868655,1.06254509838708
0.633034126236942,0.515393177743314,1.06251806981683
0.632912330142652,0.514819098617973,1.06249104124659
0.632790534048363,0.514245019492631,1.06246401267634
0.632668737954073,0.51367094036729,1.0624369841061
0.632546941859784,0.513096861241949,1.06240995553585
0.632425145765494,0.512522782116607,1.0623829269656
0.632303349671205,0.511948702991266,1.06235589839536
0.632181553576915,0.511374623865924,1.06232886982511
0.632059757482625,0.510800544740583,1.06230184125487
0.631937961388336,0.510226465615242,1.06227481268462
0.631816165294046,0.5096523864899,1.06224778411438
0.631694369199757,0.509078307364559,1.06222075554413
0.631572573105467,0.508504228239218,1.06219372697389
0.631450777011178,0.507930149113876,1.06216669840364
0.631328980916888,0.507356069988535,1.0621396698334
0.631207184822599,0.506781990863194,1.06211264126315
0.631085388728309,0.506207911737852,1.06208561269291
0.630963592634019,0.505633832612511,1.06205858412266
0.63084179653973,0.505059753487169,1.06203155555242
0.63072000044544,0.504485674361828,1.06200452698217
0.630598204351151,0.503911595236487,1.06197749841193
0.630470584835704,0.503345191689074,1.06194337659355
0.630338248521048,0.502785005133174,1.06190350945361
0.630205912206392,0.502224818577273,1.06186364231367
0.630073575891736,0.501664632021373,1.06182377517373
0.629941239577079,0.501104445465473,1.06178390803379
0.629808903262423,0.500544258909573,1.06174404089385
0.629676566947767,0.499984072353672,1.06170417375391
0.629544230633111,0.499423885797772,1.06166430661397
0.629411894318454,0.498863699241872,1.06162443947403
0.629279558003798,0.498303512685972,1.06158457233409
0.629147221689142,0.497743326130071,1.06154470519415
0.629014885374486,0.497183139574171,1.06150483805421
0.628882549059829,0.496622953018271,1.06146497091427
0.628750212745173,0.496062766462371,1.06142510377433
0.628617876430517,0.49550257990647,1.06138523663439
0.628485540115861,0.49494239335057,1.06134536949445
0.628353203801204,0.49438220679467,1.06130550235451
0.628220867486548,0.49382202023877,1.06126563521457
0.628088531171892,0.493261833682869,1.06122576807463
0.627956194857236,0.492701647126969,1.06118590093469
0.627823858542579,0.492141460571069,1.06114603379475
0.627691522227923,0.491581274015169,1.06110616665481
0.627559185913267,0.491021087459268,1.06106629951487
0.627426849598611,0.490460900903368,1.06102643237493
0.627294513283954,0.489900714347468,1.06098656523499
0.627152525361095,0.48935369129682,1.06093398187903
0.627009949002885,0.488807470793443,1.06088062324594
0.626867372644675,0.488261250290066,1.06082726461285
0.626724796286465,0.487715029786688,1.06077390597976
0.626582219928255,0.487168809283311,1.06072054734667
0.626439643570046,0.486622588779934,1.06066718871358
0.626297067211836,0.486076368276557,1.06061383008049
0.626154490853626,0.485530147773179,1.0605604714474
0.626011914495416,0.484983927269802,1.06050711281431
0.625869338137206,0.484437706766425,1.06045375418122
0.625726761778997,0.483891486263048,1.06040039554813
0.625584185420787,0.48334526575967,1.06034703691504
0.625441609062577,0.482799045256293,1.06029367828195
0.625299032704367,0.482252824752916,1.06024031964886
0.625156456346157,0.481706604249539,1.06018696101577
0.625013879987948,0.481160383746161,1.06013360238268
0.624871303629738,0.480614163242784,1.06008024374959
0.624728727271528,0.480067942739407,1.0600268851165
0.624586150913318,0.47952172223603,1.05997352648341
0.624443574555108,0.478975501732652,1.05992016785032
0.624300998196899,0.478429281229275,1.05986680921723
0.624158421838689,0.477883060725898,1.05981345058414
0.624015845480479,0.47733684022252,1.05976009195105
0.623873269122269,0.476790619719143,1.05970673331796
0.623727481698269,0.476248939029192,1.05964881632004
0.623575250221024,0.475716368959002,1.05958175147292
0.623423018743779,0.475183798888813,1.05951468662579
0.623270787266535,0.474651228818623,1.05944762177866
0.62311855578929,0.474118658748433,1.05938055693153
0.622966324312045,0.473586088678243,1.0593134920844
0.6228140928348,0.473053518608054,1.05924642723727
0.622661861357555,0.472520948537864,1.05917936239014
0.62250962988031,0.471988378467674,1.05911229754301
0.622357398403065,0.471455808397484,1.05904523269588
0.62220516692582,0.470923238327295,1.05897816784875
0.622052935448575,0.470390668257105,1.05891110300162
0.62190070397133,0.469858098186915,1.05884403815449
0.621748472494085,0.469325528116725,1.05877697330737
0.621596241016841,0.468792958046536,1.05870990846024
0.621444009539596,0.468260387976346,1.05864284361311
0.621291778062351,0.467727817906156,1.05857577876598
0.621139546585106,0.467195247835966,1.05850871391885
0.620987315107861,0.466662677765776,1.05844164907172
0.620835083630616,0.466130107695587,1.05837458422459
0.620682852153371,0.465597537625397,1.05830751937746
0.620530620676126,0.465064967555207,1.05824045453033
0.620378389198881,0.464532397485017,1.0581733896832
0.620226157721636,0.463999827414828,1.05810632483607
0.620073926244391,0.463467257344638,1.05803925998895
0.619915125186546,0.46294432771949,1.05796218752742
0.619753802338489,0.462425098662372,1.05788127355674
0.619592479490432,0.461905869605255,1.05780035958606
0.619431156642375,0.461386640548137,1.05771944561538
0.619269833794318,0.46086741149102,1.0576385316447
0.619108510946261,0.460348182433903,1.05755761767402
0.618947188098204,0.459828953376785,1.05747670370334
0.618785865250147,0.459309724319668,1.05739578973266
0.61862454240209,0.458790495262551,1.05731487576198
0.618463219554032,0.458271266205433,1.05723396179129
0.618301896705975,0.457752037148316,1.05715304782061
0.618140573857918,0.457232808091199,1.05707213384993
0.617979251009861,0.456713579034081,1.05699121987925
0.617817928161804,0.456194349976964,1.05691030590857
0.617656605313747,0.455675120919847,1.05682939193789
0.61749528246569,0.45515589186273,1.05674847796721
0.617333959617633,0.454636662805612,1.05666756399653
0.617172636769575,0.454117433748495,1.05658665002585
0.617011313921518,0.453598204691378,1.05650573605517
0.616849991073461,0.45307897563426,1.05642482208449
0.616688668225404,0.452559746577143,1.05634390811381
0.616527345377347,0.452040517520025,1.05626299414312
0.61636602252929,0.451521288462908,1.05618208017244
0.616204699681233,0.451002059405791,1.05610116620176
0.616042406897441,0.450484309882164,1.05601867280034
0.615872474476277,0.449978213810343,1.05592373911269
0.615702542055114,0.449472117738523,1.05582880542504
0.615532609633951,0.448966021666703,1.05573387173739
0.615362677212788,0.448459925594882,1.05563893804974
0.615192744791625,0.447953829523062,1.05554400436209
0.615022812370462,0.447447733451241,1.05544907067444
0.614852879949298,0.446941637379421,1.05535413698679
0.614682947528135,0.4464355413076,1.05525920329914
0.614513015106972,0.44592944523578,1.05516426961149
0.614343082685809,0.445423349163959,1.05506933592384
0.614173150264646,0.444917253092139,1.05497440223619
0.614003217843483,0.444411157020318,1.05487946854854
0.61383328542232,0.443905060948498,1.05478453486089
0.613663353001157,0.443398964876678,1.05468960117324
0.613493420579993,0.442892868804857,1.05459466748559
0.61332348815883,0.442386772733037,1.05449973379794
0.613153555737667,0.441880676661216,1.05440480011029
0.612983623316504,0.441374580589396,1.05430986642264
0.612813690895341,0.440868484517575,1.05421493273499
0.612643758474178,0.440362388445755,1.05411999904734
0.612473826053014,0.439856292373934,1.05402506535969
0.612303893631851,0.439350196302114,1.05393013167204
0.612133961210688,0.438844100230293,1.05383519798439
0.611964028789525,0.438338004158473,1.05374026429674
0.611792975942863,0.437833687361026,1.05364338897466
0.611614904314635,0.437340516631021,1.05353435049853
0.611436832686408,0.436847345901016,1.0534253120224
0.611258761058181,0.436354175171011,1.05331627354628
0.611080689429954,0.435861004441006,1.05320723507015
0.610902617801726,0.435367833711,1.05309819659402
0.610724546173499,0.434874662980995,1.05298915811789
0.610546474545271,0.43438149225099,1.05288011964176
0.610368402917044,0.433888321520985,1.05277108116564
0.610190331288817,0.43339515079098,1.05266204268951
0.610012259660589,0.432901980060974,1.05255300421338
0.609834188032362,0.432408809330969,1.05244396573725
0.609656116404135,0.431915638600964,1.05233492726113
0.609478044775907,0.431422467870959,1.052225888785
0.60929997314768,0.430929297140954,1.05211685030887
0.609121901519453,0.430436126410949,1.05200781183274
0.608943829891225,0.429942955680943,1.05189877335662
0.608765758262998,0.429449784950938,1.05178973488049
0.608587686634771,0.428956614220933,1.05168069640436
0.608409615006543,0.428463443490928,1.05157165792823
0.608231543378316,0.427970272760922,1.05146261945211
0.608053471750089,0.427477102030917,1.05135358097598
0.607875400121861,0.426983931300912,1.05124454249985
0.607697328493634,0.426490760570907,1.05113550402372
0.607519256865407,0.425997589840902,1.0510264655476
0.607339945285701,0.425506472778714,1.05091514488855
0.607154250590348,0.425025927742456,1.0507920758363
0.606968555894995,0.424545382706197,1.05066900678406
0.606782861199642,0.424064837669939,1.05054593773182
0.606597166504289,0.423584292633681,1.05042286867957
0.606411471808936,0.423103747597422,1.05029979962733
0.606225777113582,0.422623202561164,1.05017673057508
0.606040082418229,0.422142657524905,1.05005366152284
0.605854387722876,0.421662112488647,1.04993059247059
0.605668693027523,0.421181567452388,1.04980752341835
0.60548299833217,0.42070102241613,1.04968445436611
0.605297303636817,0.420220477379872,1.04956138531386
0.605111608941464,0.419739932343613,1.04943831626162
0.604925914246111,0.419259387307355,1.04931524720937
0.604740219550758,0.418778842271096,1.04919217815713
0.604554524855405,0.418298297234838,1.04906910910488
0.604368830160052,0.417817752198579,1.04894604005264
0.604183135464699,0.417337207162321,1.04882297100039
0.603997440769346,0.416856662126063,1.04869990194815
0.603811746073993,0.416376117089804,1.04857683289591
0.60362605137864,0.415895572053546,1.04845376384366
0.603440356683287,0.415415027017287,1.04833069479142
0.603254661987934,0.414934481981029,1.04820762573917
0.603068967292581,0.414453936944771,1.04808455668693
0.602883272597228,0.413973391908512,1.04796148763468
0.602696240583704,0.413495161088616,1.04783580831413
0.602503419523075,0.413026948159623,1.04769882953876
0.602310598462447,0.41255873523063,1.0475618507634
0.602117777401818,0.412090522301637,1.04742487198803
0.601924956341189,0.411622309372644,1.04728789321267
0.60173213528056,0.411154096443651,1.0471509144373
0.601539314219931,0.410685883514658,1.04701393566194
0.601346493159303,0.410217670585665,1.04687695688657
0.601153672098674,0.409749457656672,1.04673997811121
0.600960851038045,0.409281244727679,1.04660299933584
0.600768029977416,0.408813031798686,1.04646602056048
0.600575208916788,0.408344818869693,1.04632904178511
0.600382387856159,0.4078766059407,1.04619206300975
0.60018956679553,0.407408393011707,1.04605508423438
0.599996745734901,0.406940180082714,1.04591810545902
0.599803924674273,0.406471967153721,1.04578112668365
0.599611103613644,0.406003754224727,1.04564414790829
0.599418282553015,0.405535541295734,1.04550716913293
0.599225461492386,0.405067328366741,1.04537019035756
0.599032640431758,0.404599115437748,1.0452332115822
0.598839819371129,0.404130902508755,1.04509623280683
0.5986469983105,0.403662689579762,1.04495925403147
0.598454177249871,0.403194476650769,1.0448222752561
0.598261356189242,0.402726263721776,1.04468529648074
0.598068535128614,0.402258050792783,1.04454831770537
0.597874300082286,0.40179239923584,1.04440841721101
0.597674829909479,0.4013362308771,1.04425769937354
0.597475359736672,0.40088006251836,1.04410698153607
0.597275889563866,0.40042389415962,1.0439562636986
0.597076419391059,0.39996772580088,1.04380554586113
0.596876949218253,0.39951155744214,1.04365482802366
0.596677479045446,0.399055389083399,1.04350411018618
0.596478008872639,0.398599220724659,1.04335339234871
0.596278538699832,0.398143052365919,1.04320267451124
0.596079068527026,0.397686884007179,1.04305195667377
0.595879598354219,0.397230715648439,1.0429012388363
0.595680128181412,0.396774547289699,1.04275052099883
0.595480658008606,0.396318378930959,1.04259980316136
0.595281187835799,0.395862210572219,1.04244908532388
0.595081717662992,0.395406042213479,1.04229836748641
0.594882247490186,0.394949873854739,1.04214764964894
0.594682777317379,0.394493705495998,1.04199693181147
0.594483307144572,0.394037537137258,1.041846213974
0.594283836971765,0.393581368778518,1.04169549613653
0.594084366798959,0.393125200419778,1.04154477829905
0.593884896626152,0.392669032061038,1.04139406046158
0.593685426453345,0.392212863702298,1.04124334262411
0.593485956280539,0.391756695343558,1.04109262478664
0.593286486107732,0.391300526984818,1.04094190694917
0.593087015934925,0.390844358626078,1.0407911891117
0.59288607427076,0.390390985864802,1.04063726000473
0.592680412459236,0.389946580626113,1.04047303001141
0.592474750647712,0.389502175387424,1.0403088000181
0.592269088836187,0.389057770148735,1.04014457002479
0.592063427024663,0.388613364910046,1.03998034003147
0.591857765213139,0.388168959671357,1.03981611003816
0.591652103401614,0.387724554432668,1.03965188004485
0.59144644159009,0.387280149193979,1.03948765005153
0.591240779778566,0.38683574395529,1.03932342005822
0.591035117967041,0.3863913387166,1.03915919006491
0.590829456155517,0.385946933477911,1.03899496007159
0.590623794343992,0.385502528239222,1.03883073007828
0.590418132532468,0.385058123000533,1.03866650008497
0.590212470720944,0.384613717761844,1.03850227009165
0.590006808909419,0.384169312523155,1.03833804009834
0.589801147097895,0.383724907284466,1.03817381010503
0.589595485286371,0.383280502045777,1.03800958011171
0.589389823474846,0.382836096807088,1.0378453501184
0.589184161663322,0.382391691568398,1.03768112012509
0.588978499851798,0.381947286329709,1.03751689013177
0.588772838040273,0.38150288109102,1.03735266013846
0.588567176228749,0.381058475852331,1.03718843014515
0.588361514417225,0.380614070613642,1.03702420015183
0.5881558526057,0.380169665374953,1.03685997015852
0.587950190794176,0.379725260136264,1.03669574016521
0.587743018185841,0.379283872167032,1.03652802945125
0.587531604416077,0.378850954381716,1.03635054753708
0.587320190646313,0.378418036596399,1.03617306562291
0.587108776876549,0.377985118811082,1.03599558370874
0.586897363106785,0.377552201025766,1.03581810179456
0.58668594933702,0.37711928324045,1.03564061988039
0.586474535567256,0.376686365455133,1.03546313796622
0.586263121797492,0.376253447669816,1.03528565605205
0.586051708027728,0.3758205298845,1.03510817413787
0.585840294257964,0.375387612099183,1.0349306922237
0.5856288804882,0.374954694313867,1.03475321030953
0.585417466718436,0.37452177652855,1.03457572839536
0.585206052948671,0.374088858743234,1.03439824648118
0.584994639178907,0.373655940957917,1.03422076456701
0.584783225409143,0.373223023172601,1.03404328265284
0.584571811639379,0.372790105387284,1.03386580073867
0.584360397869615,0.372357187601968,1.03368831882449
0.584148984099851,0.371924269816651,1.03351083691032
0.583937570330086,0.371491352031335,1.03333335499615
0.583726156560322,0.371058434246018,1.03315587308197
0.583514742790558,0.370625516460702,1.0329783911678
0.583303329020794,0.370192598675385,1.03280090925363
0.58309191525103,0.369759680890069,1.03262342733946
0.582880501481266,0.369326763104752,1.03244594542528
0.582669087711501,0.368893845319436,1.03226846351111
0.58245614092436,0.368464154319764,1.03208725212068
0.582239397845701,0.368042453979004,1.03189680523214
0.582022654767042,0.367620753638244,1.0317063583436
0.581805911688384,0.367199053297484,1.03151591145506
0.581589168609725,0.366777352956724,1.03132546456652
0.581372425531066,0.366355652615965,1.03113501767798
0.581155682452407,0.365933952275205,1.03094457078944
0.580938939373749,0.365512251934445,1.0307541239009
0.58072219629509,0.365090551593685,1.03056367701236
0.580505453216431,0.364668851252925,1.03037323012382
0.580288710137772,0.364247150912165,1.03018278323528
0.580071967059114,0.363825450571406,1.02999233634674
0.579855223980455,0.363403750230646,1.0298018894582
0.579638480901796,0.362982049889886,1.02961144256966
0.579421737823137,0.362560349549126,1.02942099568112
0.579204994744479,0.362138649208366,1.02923054879258
0.57898825166582,0.361716948867607,1.02904010190404
0.578771508587161,0.361295248526847,1.0288496550155
0.578554765508502,0.360873548186087,1.02865920812696
0.578338022429844,0.360451847845327,1.02846876123842
0.578121279351185,0.360030147504567,1.02827831434988
0.577904536272526,0.359608447163807,1.02808786746134
0.577687793193867,0.359186746823048,1.0278974205728
0.577471050115208,0.358765046482288,1.02770697368426
0.57725430703655,0.358343346141528,1.02751652679572
0.577036024524139,0.357925070367737,1.02732212510638
0.576814357744058,0.357514323109718,1.0271190292433
0.576592690963976,0.357103575851698,1.02691593338022
0.576371024183895,0.356692828593679,1.02671283751714
0.576149357403814,0.356282081335659,1.02650974165406
0.575927690623732,0.355871334077639,1.02630664579098
0.575706023843651,0.35546058681962,1.0261035499279
0.57548435706357,0.3550498395616,1.02590045406482
0.575262690283488,0.35463909230358,1.02569735820174
0.575041023503407,0.354228345045561,1.02549426233866
0.574819356723326,0.353817597787541,1.02529116647557
0.574597689943244,0.353406850529522,1.02508807061249
0.574376023163163,0.352996103271502,1.02488497474941
0.574154356383081,0.352585356013482,1.02468187888633
0.573932689603,0.352174608755463,1.02447878302325
0.573711022822919,0.351763861497443,1.02427568716017
0.573489356042837,0.351353114239424,1.02407259129709
0.573267689262756,0.350942366981404,1.02386949543401
0.573046022482675,0.350531619723384,1.02366639957093
0.572824355702593,0.350120872465365,1.02346330370785
0.572602688922512,0.349710125207345,1.02326020784477
0.57238102214243,0.349299377949325,1.02305711198169
0.572159355362349,0.348888630691306,1.02285401611861
0.571937688582268,0.348477883433286,1.02265092025553
0.571716021802187,0.348067136175267,1.02244782439245
0.571492823598128,0.347659999966618,1.0222405755788
0.571266621386353,0.347259947113286,1.0220251804283
0.571040419174579,0.346859894259954,1.0218097852778
0.570814216962804,0.346459841406622,1.0215943901273
0.57058801475103,0.34605978855329,1.0213789949768
0.570361812539255,0.345659735699958,1.0211635998263
0.570135610327481,0.345259682846627,1.0209482046758
0.569909408115706,0.344859629993295,1.0207328095253
0.569683205903932,0.344459577139963,1.0205174143748
0.569457003692157,0.344059524286631,1.0203020192243
0.569230801480383,0.343659471433299,1.0200866240738
0.569004599268608,0.343259418579968,1.0198712289233
0.568778397056834,0.342859365726636,1.01965583377281
0.568552194845059,0.342459312873304,1.01944043862231
0.568325992633284,0.342059260019972,1.01922504347181
0.56809979042151,0.34165920716664,1.01900964832131
0.567873588209735,0.341259154313308,1.01879425317081
0.567647385997961,0.340859101459977,1.01857885802031
0.567421183786186,0.340459048606645,1.01836346286981
0.567194981574412,0.340058995753313,1.01814806771931
0.566968779362637,0.339658942899981,1.01793267256881
0.566742577150863,0.339258890046649,1.01771727741831
0.566516374939088,0.338858837193318,1.01750188226781
0.566290172727314,0.338458784339986,1.01728648711731
0.566063970515539,0.338058731486654,1.01707109196681
0.565836258657018,0.337662465186462,1.01685136955349
0.5656058937148,0.337272853451269,1.01662404232105
0.565375528772582,0.336883241716075,1.01639671508861
0.565145163830365,0.336493629980882,1.01616938785617
0.564914798888147,0.336104018245688,1.01594206062373
0.564684433945929,0.335714406510494,1.01571473339129
0.564454069003712,0.335324794775301,1.01548740615885
0.564223704061494,0.334935183040107,1.01526007892641
0.563993339119276,0.334545571304914,1.01503275169397
0.563762974177058,0.33415595956972,1.01480542446153
0.563532609234841,0.333766347834527,1.01457809722909
0.563302244292623,0.333376736099333,1.01435076999665
0.563071879350405,0.33298712436414,1.01412344276421
0.562841514408188,0.332597512628946,1.01389611553177
0.56261114946597,0.332207900893753,1.01366878829933
0.562380784523752,0.331818289158559,1.01344146106689
0.562150419581534,0.331428677423366,1.01321413383445
0.561920054639317,0.331039065688172,1.01298680660201
0.561689689697099,0.330649453952979,1.01275947936957
0.561459324754881,0.330259842217785,1.01253215213713
0.561228959812664,0.329870230482592,1.01230482490469
0.560998594870446,0.329480618747398,1.01207749767225
0.560768229928228,0.329091007012205,1.01185017043981
0.56053786498601,0.328701395277011,1.01162284320737
0.560307500043793,0.328311783541818,1.01139551597494
0.56007566009457,0.327926123242536,1.01116371053852
0.559841490232317,0.327546704609896,1.0109248313555
0.559607320370063,0.327167285977256,1.01068595217249
0.55937315050781,0.326787867344616,1.01044707298947
0.559138980645557,0.326408448711976,1.01020819380645
0.558904810783304,0.326029030079335,1.00996931462344
0.55867064092105,0.325649611446695,1.00973043544042
0.558436471058797,0.325270192814055,1.0094915562574
0.558202301196544,0.324890774181415,1.00925267707439
0.557968131334291,0.324511355548775,1.00901379789137
0.557733961472038,0.324131936916135,1.00877491870835
0.557499791609784,0.323752518283494,1.00853603952534
0.557265621747531,0.323373099650854,1.00829716034232
0.557031451885278,0.322993681018214,1.0080582811593
0.556797282023025,0.322614262385574,1.00781940197629
0.556563112160772,0.322234843752934,1.00758052279327
0.556328942298518,0.321855425120293,1.00734164361025
0.556094772436265,0.321476006487653,1.00710276442724
0.555860602574012,0.321096587855013,1.00686388524422
0.555626432711759,0.320717169222373,1.0066250060612
0.555392262849506,0.320337750589733,1.00638612687819
0.555158092987252,0.319958331957092,1.00614724769517
0.554923923124999,0.319578913324452,1.00590836851216
0.554689753262746,0.319199494691812,1.00566948932914
0.554455583400493,0.318820076059172,1.00543061014612
0.55421998491226,0.318444763515528,1.00518712687251
0.55398235303884,0.318075295231094,1.0049370905264
0.55374472116542,0.317705826946659,1.00468705418029
0.553507089292001,0.317336358662225,1.00443701783418
0.553269457418581,0.31696689037779,1.00418698148807
0.553031825545162,0.316597422093356,1.00393694514196
0.552794193671742,0.316227953808921,1.00368690879585
0.552556561798322,0.315858485524487,1.00343687244974
0.552318929924903,0.315489017240052,1.00318683610363
0.552081298051483,0.315119548955618,1.00293679975752
0.551843666178063,0.314750080671183,1.00268676341141
0.551606034304644,0.314380612386749,1.0024367270653
0.551368402431224,0.314011144102314,1.0021866907192
0.551130770557804,0.31364167581788,1.00193665437309
0.550893138684385,0.313272207533445,1.00168661802698
0.550655506810965,0.312902739249011,1.00143658168087
0.550417874937545,0.312533270964576,1.00118654533476
0.550180243064126,0.312163802680142,1.00093650898865
0.549942611190706,0.311794334395707,1.00068647264254
0.549704979317287,0.311424866111273,1.00043643629643
0.549467347443867,0.311055397826838,1.00018639995032
0.549229715570447,0.310685929542404,0.999936363604211
0.548992083697028,0.310316461257969,0.999686327258101
0.548754451823608,0.309946992973535,0.999436290911992
0.548516819950188,0.3095775246891,0.999186254565882
0.54827781633983,0.309212307327374,0.998931515845992
0.548037050198321,0.308852551933961,0.998670735092795
0.547796284056811,0.308492796540548,0.998409954339599
0.547555517915302,0.308133041147135,0.998149173586402
0.547314751773792,0.307773285753722,0.997888392833205
0.547073985632283,0.307413530360308,0.997627612080008
0.546833219490773,0.307053774966896,0.997366831326811
0.546592453349264,0.306694019573482,0.997106050573614
0.546351687207755,0.306334264180069,0.996845269820417
0.546110921066245,0.305974508786656,0.99658448906722
0.545870154924736,0.305614753393243,0.996323708314023
0.545629388783226,0.30525499799983,0.996062927560826
0.545388622641717,0.304895242606417,0.995802146807629
0.545147856500207,0.304535487213004,0.995541366054432
0.544907090358698,0.304175731819591,0.995280585301236
0.544666324217188,0.303815976426178,0.995019804548039
0.544425558075679,0.303456221032765,0.994759023794842
0.54418479193417,0.303096465639352,0.994498243041645
0.54394402579266,0.302736710245939,0.994237462288448
0.543703259651151,0.302376954852526,0.993976681535251
0.543462493509641,0.302017199459113,0.993715900782054
0.543221727368132,0.3016574440657,0.993455120028857
0.542980961226622,0.301297688672287,0.99319433927566
0.542740195085113,0.300937933278874,0.992933558522463
0.542499428943603,0.300578177885461,0.992672777769266
0.542257358052841,0.300222808696689,0.992407220101079
0.542013771794181,0.299872533753954,0.992136114406239
0.541770185535521,0.299522258811218,0.991865008711398
0.54152659927686,0.299171983868483,0.991593903016557
0.5412830130182,0.298821708925748,0.991322797321716
0.541039426759539,0.298471433983013,0.991051691626876
0.540795840500879,0.298121159040277,0.990780585932035
0.540552254242219,0.297770884097542,0.990509480237194
0.540308667983558,0.297420609154807,0.990238374542353
0.540065081724898,0.297070334212071,0.989967268847513
0.539821495466237,0.296720059269336,0.989696163152672
0.539577909207577,0.296369784326601,0.989425057457831
0.539334322948916,0.296019509383866,0.98915395176299
0.539090736690256,0.29566923444113,0.98888284606815
0.538847150431595,0.295318959498395,0.988611740373309
0.538603564172935,0.29496868455566,0.988340634678468
0.538359977914275,0.294618409612925,0.988069528983627
0.538116391655614,0.294268134670189,0.987798423288787
0.537872805396954,0.293917859727454,0.987527317593946
0.537629219138293,0.293567584784719,0.987256211899105
0.537385632879633,0.293217309841983,0.986985106204264
0.537142046620972,0.292867034899248,0.986714000509424
0.536898460362312,0.292516759956513,0.986442894814583
0.536654874103652,0.292166485013778,0.986171789119742
0.536411287844991,0.291816210071042,0.985900683424901
0.53616647319754,0.291470447383214,0.985624748994173
0.535920367982469,0.29112942535251,0.985343741405644
0.535674262767399,0.290788403321806,0.985062733817114
0.535428157552328,0.290447381291101,0.984781726228585
0.535182052337258,0.290106359260397,0.984500718640056
0.534935947122187,0.289765337229693,0.984219711051526
0.534689841907117,0.289424315198989,0.983938703462997
0.534443736692046,0.289083293168284,0.983657695874467
0.534197631476976,0.28874227113758,0.983376688285938
0.533951526261905,0.288401249106876,0.983095680697409
0.533705421046835,0.288060227076171,0.982814673108879
0.533459315831764,0.287719205045467,0.98253366552035
0.533213210616694,0.287378183014763,0.98225265793182
0.532967105401623,0.287037160984058,0.981971650343291
0.532721000186553,0.286696138953354,0.981690642754762
0.532474894971482,0.28635511692265,0.981409635166232
0.532228789756412,0.286014094891945,0.981128627577703
0.531982684541342,0.285673072861241,0.980847619989174
0.531736579326271,0.285332050830537,0.980566612400644
0.531490474111201,0.284991028799832,0.980285604812115
0.53124436889613,0.284650006769128,0.980004597223586
0.53099826368106,0.284308984738424,0.979723589635056
0.530752158465989,0.283967962707719,0.979442582046527
0.530506053250919,0.283626940677015,0.979161574457997
0.530259948035848,0.283285918646311,0.978880566869468
0.530012823151058,0.282948991912425,0.978595255816844
0.529764728949026,0.282615958244838,0.978305853810189
0.529516634746994,0.28228292457725,0.978016451803533
0.529268540544962,0.281949890909663,0.977727049796878
0.52902044634293,0.281616857242076,0.977437647790222
0.528772352140898,0.281283823574488,0.977148245783567
0.528524257938866,0.280950789906901,0.976858843776911
0.528276163736834,0.280617756239313,0.976569441770256
0.528028069534802,0.280284722571726,0.9762800397636
0.52777997533277,0.279951688904139,0.975990637756945
0.527531881130738,0.279618655236551,0.97570123575029
0.527283786928706,0.279285621568964,0.975411833743634
0.527035692726673,0.278952587901376,0.975122431736979
0.526787598524642,0.278619554233789,0.974833029730323
0.526539504322609,0.278286520566201,0.974543627723668
0.526291410120577,0.277953486898614,0.974254225717012
0.526043315918545,0.277620453231027,0.973964823710357
0.525795221716513,0.277287419563439,0.973675421703702
0.525547127514481,0.276954385895852,0.973386019697046
0.525298438828545,0.276623962190867,0.97309392595218
0.525048798477844,0.276297716579568,0.97279752320518
0.524799158127144,0.275971470968268,0.972501120458181
0.524549517776443,0.275645225356969,0.972204717711181
0.524299877425742,0.275318979745669,0.971908314964181
0.524050237075042,0.27499273413437,0.971611912217182
0.523800596724341,0.274666488523071,0.971315509470182
0.52355095637364,0.274340242911771,0.971019106723183
0.52330131602294,0.274013997300472,0.970722703976183
0.523051675672239,0.273687751689172,0.970426301229183
0.522802035321538,0.273361506077873,0.970129898482184
0.522552394970838,0.273035260466574,0.969833495735184
0.522302754620137,0.272709014855274,0.969537092988185
0.522053114269436,0.272382769243975,0.969240690241185
0.521803473918736,0.272056523632675,0.968944287494186
0.521553833568035,0.271730278021376,0.968647884747186
0.521304193217334,0.271404032410077,0.968351482000186
0.521054552866634,0.271077786798777,0.968055079253187
0.520804912515933,0.270751541187478,0.967758676506187
0.520554916038376,0.270427003267617,0.96746054453512
0.520303886352166,0.270107419766491,0.967157395674039
0.520052856665956,0.269787836265365,0.966854246812958
0.519801826979745,0.269468252764239,0.966551097951878
0.519550797293535,0.269148669263114,0.966247949090798
0.519299767607325,0.268829085761988,0.965944800229717
0.519048737921115,0.268509502260862,0.965641651368637
0.518797708234905,0.268189918759736,0.965338502507556
0.518546678548695,0.26787033525861,0.965035353646476
0.518295648862485,0.267550751757485,0.964732204785395
0.518044619176275,0.267231168256359,0.964429055924314
0.517793589490064,0.266911584755233,0.964125907063234
0.517542559803854,0.266592001254107,0.963822758202154
0.517291530117644,0.266272417752981,0.963519609341073
0.517040500431434,0.265952834251856,0.963216460479993
0.516789470745224,0.26563325075073,0.962913311618912
0.516538441059014,0.265313667249604,0.962610162757832
0.516287411372804,0.264994083748478,0.962307013896751
0.516036381686594,0.264674500247353,0.962003865035671
0.515785193366972,0.264355754715539,0.961699884126204
0.515532925947478,0.264042709449315,0.961390243228099
0.515280658527984,0.263729664183091,0.961080602329995
0.51502839110849,0.263416618916867,0.960770961431891
0.514776123688996,0.263103573650643,0.960461320533787
0.514523856269502,0.262790528384419,0.960151679635682
0.514271588850008,0.262477483118195,0.959842038737578
0.514019321430514,0.262164437851971,0.959532397839474
0.51376705401102,0.261851392585747,0.959222756941369
0.513514786591526,0.261538347319523,0.958913116043265
0.513262519172032,0.261225302053299,0.958603475145161
0.513010251752538,0.260912256787075,0.958293834247057
0.512757984333044,0.260599211520851,0.957984193348952
0.51250571691355,0.260286166254627,0.957674552450848
0.512253449494056,0.259973120988403,0.957364911552744
0.512001182074562,0.259660075722179,0.95705527065464
0.511748914655068,0.259347030455955,0.956745629756535
0.511496647235574,0.259033985189731,0.956435988858431
0.511244379816081,0.258720939923507,0.956126347960327
0.510992112396586,0.258407894657283,0.955816707062223
