0.964352506620737,0.321450835540246,0.642901671080491
0.95992023863467,0.321035391374159,0.642515673925987
0.955487970648604,0.320619947208072,0.642129676771483
0.951055702662537,0.320204503041985,0.641743679616978
0.94662343467647,0.319789058875897,0.641357682462474
0.942191166690403,0.31937361470981,0.640971685307969
0.937758898704337,0.318958170543723,0.640585688153465
0.933379220825299,0.318544812845601,0.640154882272557
0.929088914355594,0.318135000882466,0.639647928628216
0.924798607885888,0.317725188919331,0.639140974983875
0.920508301416182,0.317315376956196,0.638634021339534
0.916217994946477,0.316905564993062,0.638127067695193
0.911927688476771,0.316495753029927,0.637620114050852
0.907637382007065,0.316085941066792,0.63711316040651
0.903448851222771,0.315680206036092,0.63652455284618
0.899295911184184,0.315275896700193,0.635907391081096
0.895142971145597,0.314871587364294,0.635290229316013
0.89099003110701,0.314467278028395,0.63467306755093
0.886837091068423,0.314062968692496,0.634055905785846
0.882684151029836,0.313658659356597,0.633438744020763
0.878546012449623,0.313254948777349,0.632810433604036
0.874525988055911,0.312856016217466,0.632093158040348
0.870505963662199,0.312457083657583,0.631375882476659
0.866485939268487,0.312058151097701,0.630658606912971
0.862465914874775,0.311659218537818,0.629941331349282
0.858445890481063,0.311260285977935,0.629224055785593
0.854425866087351,0.310861353418053,0.628506780221905
0.850467807373852,0.310464952619502,0.62774581240878
0.846576392364403,0.310071274714534,0.626937853852864
0.842684977354954,0.309677596809566,0.626129895296948
0.838793562345505,0.309283918904597,0.625321936741032
0.834902147336056,0.308890240999629,0.624513978185116
0.831010732326606,0.308496563094661,0.6237060196292
0.827119317317157,0.308102885189692,0.622898061073284
0.82333396709543,0.307713584806214,0.622020262648803
0.819567002372863,0.307325043231757,0.621130358030811
0.815800037650296,0.3069365016573,0.620240453412819
0.812033072927729,0.306547960082842,0.619350548794828
0.808266108205162,0.306159418508385,0.618460644176836
0.804499143482595,0.305770876933928,0.617570739558844
0.800758999388632,0.305383453728565,0.616664405434458
0.797112457973581,0.304999933576517,0.615700733138233
0.79346591655853,0.304616413424468,0.614737060842008
0.789819375143479,0.304232893272419,0.613773388545783
0.786172833728429,0.30384937312037,0.612809716249557
0.782526292313378,0.303465852968321,0.611846043953332
0.778879750898327,0.303082332816272,0.610882371657107
0.775302327631277,0.302701725016683,0.609879489402426
0.771772308994754,0.302323114651869,0.608849715026829
0.76824229035823,0.301944504287054,0.607819940651231
0.764712271721707,0.30156589392224,0.606790166275634
0.761182253085183,0.301187283557425,0.605760391900036
0.757652234448659,0.300808673192611,0.604730617524439
0.754122215812136,0.300430062827797,0.603700843148841
0.750704923682459,0.300056254247152,0.602612250513294
0.747291886628207,0.299682626918943,0.601521437671164
0.743878849573955,0.299308999590733,0.600430624829035
0.740465812519703,0.298935372262524,0.599339811986906
0.737052775465451,0.298561744934314,0.598248999144776
0.733639738411199,0.298188117606105,0.597158186302647
0.730226701356947,0.297814490277895,0.596067373460517
0.72691032002768,0.297445026961581,0.594930489665039
0.723614474200286,0.297076448332378,0.593783817622161
0.720318628372891,0.296707869703174,0.592637145579283
0.717022782545496,0.296339291073971,0.591490473536405
0.713726936718102,0.295970712444768,0.590343801493527
0.710431090890707,0.295602133815564,0.589197129450649
0.707135245063313,0.295233555186361,0.588050457407771
0.703916986029904,0.294868358661733,0.586870331204298
0.700734254917781,0.294504710843257,0.585674885940414
0.697551523805657,0.294141063024781,0.584479440676529
0.694368792693534,0.293777415206305,0.583283995412644
0.69118606158141,0.293413767387829,0.582088550148759
0.688003330469287,0.293050119569352,0.580893104884875
0.684820599357163,0.292686471750876,0.57969765962099
0.681697593280309,0.29232545881829,0.578479140322241
0.678624037596347,0.291966627485798,0.577241516470695
0.675550481912385,0.291607796153305,0.57600389261915
0.672476926228424,0.291248964820813,0.574766268767604
0.669403370544462,0.29089013348832,0.573528644916057
0.666329814860501,0.290531302155828,0.572291021064512
0.663256259176539,0.290172470823335,0.571053397212966
0.660226669467582,0.28981560326725,0.569800746326981
0.65726082103585,0.289461582767696,0.568526309449263
0.654294972604119,0.289107562268143,0.567251872571545
0.651329124172387,0.288753541768589,0.565977435693827
0.648363275740655,0.288399521269036,0.564702998816109
0.645397427308923,0.288045500769483,0.563428561938391
0.642431578877191,0.287691480269929,0.562154125060673
0.63946573044546,0.287337459770376,0.560879688182955
0.636600240430765,0.286987979225483,0.559575326979981
0.633740550759825,0.286638761073107,0.558269236262151
0.630880861088885,0.286289542920732,0.556963145544321
0.628021171417946,0.285940324768356,0.555657054826492
0.625161481747006,0.28559110661598,0.554350964108662
0.622301792076066,0.285241888463605,0.553044873390832
0.619442102405126,0.284892670311229,0.551738782673003
0.616631776606429,0.28454571475954,0.550420120027418
0.613874390308867,0.28420118569804,0.549087974817493
0.611117004011306,0.28385665663654,0.547755829607568
0.608359617713745,0.28351212757504,0.546423684397642
0.605602231416184,0.283167598513539,0.545091539187717
0.602844845118622,0.282823069452039,0.543759393977792
0.600087458821061,0.282478540390538,0.542427248767866
0.597332013347715,0.282134101483644,0.541094692527602
0.594673210308914,0.281794151783203,0.539741669223745
0.592014407270113,0.281454202082761,0.538388645919889
0.589355604231312,0.28111425238232,0.537035622616032
0.58669680119251,0.280774302681879,0.535682599312176
0.584037998153709,0.280434352981438,0.534329576008319
0.581379195114907,0.280094403280996,0.532976552704463
0.578720392076106,0.279754453580555,0.531623529400606
0.57611577743057,0.27941705600392,0.530261340450704
0.573554286773657,0.279081689448163,0.528891857333325
0.570992796116744,0.278746322892405,0.527522374215945
0.568431305459831,0.278410956336647,0.526152891098566
0.565869814802919,0.278075589780889,0.524783407981187
0.563308324146006,0.277740223225131,0.523413924863808
0.560746833489093,0.277404856669373,0.522044441746429
0.55818534283218,0.277069490113616,0.520674958629049
0.555693045064092,0.27673742898068,0.519296656414345
0.553227505720088,0.27640664612803,0.51791494365919
0.550761966376085,0.27607586327538,0.516533230904034
0.548296427032082,0.27574508042273,0.515151518148879
0.545830887688079,0.27541429757008,0.513769805393724
0.543365348344075,0.27508351471743,0.512388092638568
0.540899809000072,0.27475273186478,0.511006379883413
0.538434269656069,0.27442194901213,0.509624667128258
0.536050450929301,0.274095127806517,0.508235939013807
0.533677209545826,0.2737688193687,0.506846302880474
0.53130396816235,0.273442510930883,0.50545666674714
0.528930726778875,0.273116202493067,0.504067030613807
0.5265574853954,0.27278989405525,0.502677394480473
0.524184244011924,0.272463585617433,0.50128775834714
0.521811002628449,0.272137277179616,0.499898122213806
0.519442171335989,0.271811185754311,0.498508288465834
0.517157708688396,0.271489245955689,0.49711467418834
0.514873246040803,0.271167306157067,0.495721059910847
0.512588783393209,0.270845366358445,0.494327445633353
0.510304320745616,0.270523426559823,0.49293383135586
0.508019858098023,0.270201486761201,0.491540217078366
0.50573539545043,0.269879546962579,0.490146602800872
0.503450932802836,0.269557607163957,0.488752988523379
0.501185208683018,0.269236603814041,0.487359298709237
0.498988329658614,0.268919040963897,0.485965331374479
0.49679145063421,0.268601478113754,0.484571364039721
0.494594571609806,0.26828391526361,0.483177396704964
0.492397692585402,0.267966352413466,0.481783429370206
0.490200813560998,0.267648789563322,0.480389462035448
0.488003934536595,0.267331226713178,0.478995494700691
0.485807055512191,0.267013663863034,0.477601527365933
0.483610176487787,0.26669610101289,0.476207560031175
0.481496617878391,0.266382768848062,0.474816570938174
0.479386037934846,0.266069587928254,0.473425688315922
0.477275457991302,0.265756407008446,0.472034805693669
0.475164878047757,0.265443226088638,0.470643923071417
0.473054298104213,0.26513004516883,0.469253040449165
0.470943718160668,0.264816864249022,0.467862157826913
0.468833138217124,0.264503683329214,0.466471275204661
0.466722558273579,0.264190502409406,0.465080392582409
0.464671380463462,0.263880387764832,0.463693992261576
0.462643646530206,0.263571483268359,0.462309360943243
0.46061591259695,0.263262578771887,0.46092472962491
0.458588178663694,0.262953674275414,0.459540098306577
0.456560444730438,0.262644769778941,0.458155466988244
0.454532710797182,0.262335865282469,0.456770835669912
0.452504976863926,0.262026960785996,0.455386204351579
0.45047724293067,0.261718056289523,0.454001573033246
0.448486771076783,0.261411107728075,0.452621212745542
0.446538563020217,0.261106377648333,0.451245696792236
0.444590354963651,0.260801647568592,0.44987018083893
0.442642146907085,0.26049691748885,0.448494664885625
0.440693938850519,0.260192187409109,0.447119148932319
0.438745730793953,0.259887457329367,0.445743632979014
0.436797522737387,0.259582727249626,0.444368117025708
0.434849314680821,0.259277997169884,0.442992601072402
0.432918364578815,0.258974188824334,0.441619734807542
0.431048570710097,0.258673646786563,0.440256258123826
0.429178776841379,0.258373104748792,0.438892781440109
0.427308982972661,0.25807256271102,0.437529304756392
0.425439189103943,0.257772020673249,0.436165828072675
0.423569395235225,0.257471478635478,0.434802351388959
0.421699601366508,0.257170936597707,0.433438874705242
0.41982980749779,0.256870394559936,0.432075398021525
0.417960013629072,0.256569852522164,0.430711921337809
0.416129626470968,0.256271453087623,0.429355986501356
0.414337045545931,0.255975109235896,0.428007287205016
0.412544464620894,0.255678765384169,0.426658587908677
0.410751883695856,0.255382421532441,0.425309888612338
0.408959302770819,0.255086077680714,0.423961189315999
0.407166721845782,0.254789733828987,0.422612490019659
0.405374140920744,0.254493389977259,0.42126379072332
0.403581559995707,0.254197046125532,0.419915091426981
0.40178897907067,0.253900702273805,0.418566392130642
0.400055611157152,0.253607638009417,0.417231263844743
0.398336987242503,0.253315390360005,0.415899514731047
0.396618363327853,0.253023142710593,0.414567765617351
0.394899739413203,0.252730895061182,0.413236016503655
0.393181115498553,0.25243864741177,0.41190426738996
0.391462491583904,0.252146399762358,0.410572518276264
0.389743867669254,0.251854152112947,0.409240769162568
0.388025243754604,0.251561904463535,0.407909020048872
0.386313059811414,0.251270020277467,0.406578987045659
0.384665268747947,0.250981770339078,0.405266113325935
0.383017477684479,0.25069352040069,0.403953239606212
0.381369686621012,0.250405270462302,0.402640365886488
0.379721895557545,0.250117020523913,0.401327492166764
0.378074104494077,0.249828770585525,0.40001461844704
0.37642631343061,0.249540520647137,0.398701744727316
0.374778522367143,0.249252270708748,0.397388871007592
0.373130731303675,0.24896402077036,0.396075997287868
0.371509549459921,0.248677302175827,0.394771200049436
0.369931563183472,0.24839306945902,0.393479513612261
0.368353576907022,0.248108836742213,0.392187827175086
0.366775590630573,0.247824604025406,0.390896140737911
0.365197604354123,0.247540371308599,0.389604454300735
0.363619618077674,0.247256138591792,0.38831276786356
0.362041631801224,0.246971905874985,0.387021081426385
0.360463645524775,0.246687673158178,0.38572939498921
0.358885659248325,0.246403440441371,0.384437708552035
0.357318110582251,0.24611982058587,0.383149564986716
0.355808811091922,0.245839620925665,0.381881193127564
0.354299511601593,0.24555942126546,0.380612821268412
0.352790212111263,0.245279221605255,0.37934444940926
0.351280912620934,0.244999021945051,0.378076077550108
0.349771613130605,0.244718822284846,0.376807705690956
0.348262313640275,0.244438622624641,0.375539333831804
0.346753014149946,0.244158422964436,0.374270961972652
0.345243714659617,0.243878223304231,0.3730025901135
0.343734415169288,0.243598023644026,0.371734218254348
0.342285669040931,0.243321454247779,0.3704885732126
0.340841994098704,0.24304518887667,0.369244831482535
0.339398319156478,0.242768923505561,0.36800108975247
0.337954644214251,0.242492658134452,0.366757348022404
0.336510969272025,0.242216392763343,0.365513606292339
0.335067294329798,0.241940127392234,0.364269864562273
0.333623619387572,0.241663862021124,0.363026122832208
0.332179944445346,0.241387596650015,0.361782381102143
0.330736269503119,0.241111331278906,0.360538639372077
0.329336071446134,0.240837728220317,0.359312754685291
0.327955089474956,0.240565301861152,0.358094762525165
0.326574107503777,0.240292875501987,0.356876770365039
0.325193125532599,0.240020449142822,0.355658778204914
0.32381214356142,0.239748022783657,0.354440786044788
0.322431161590242,0.239475596424492,0.353222793884662
0.321050179619063,0.239203170065327,0.352004801724536
0.319669197647885,0.238930743706162,0.350786809564411
0.318288215676707,0.238658317346997,0.349568817404285
0.316935901206735,0.23838768541731,0.348363607962249
0.315616668876448,0.238119124249433,0.347173149707013
0.31429743654616,0.237850563081555,0.345982691451777
0.312978204215873,0.237582001913677,0.344792233196541
0.311658971885586,0.2373134407458,0.343601774941305
0.310339739555298,0.237044879577922,0.342411316686069
0.309020507225011,0.236776318410045,0.341220858430832
0.307701274894724,0.236507757242167,0.340030400175596
0.306382042564437,0.23623919607429,0.33883994192036
0.305062810234149,0.235970634906412,0.337649483665124
0.303782697485308,0.235704578453242,0.336477796937411
0.302524180716075,0.235439904728765,0.335316473038506
0.301265663946843,0.235175231004288,0.334155149139601
0.30000714717761,0.234910557279811,0.332993825240696
0.298748630408377,0.234645883555334,0.331832501341791
0.297490113639145,0.234381209830857,0.330671177442886
0.296231596869912,0.234116536106381,0.329509853543981
0.294973080100679,0.233851862381904,0.328348529645076
0.293714563331447,0.233587188657427,0.327187205746171
0.292456046562214,0.23332251493295,0.326025881847266
0.291245213562001,0.233060966798376,0.32488905795015
0.290044539875875,0.232800084589551,0.323757453925928
0.28884386618975,0.232539202380725,0.322625849901705
0.287643192503625,0.232278320171899,0.321494245877482
0.286442518817499,0.232017437963073,0.32036264185326
0.285241845131374,0.231756555754248,0.319231037829037
0.284041171445248,0.231495673545422,0.318099433804815
0.282840497759123,0.231234791336596,0.316967829780592
0.281639824072998,0.23097390912777,0.315836225756369
0.280439393901752,0.230713043267006,0.314704755012308
0.279293820457994,0.230455860142725,0.313603308361678
0.278148247014236,0.230198677018445,0.312501861711047
0.277002673570478,0.229941493894164,0.311400415060417
0.275857100126719,0.229684310769884,0.310298968409786
0.274711526682961,0.229427127645604,0.309197521759156
0.273565953239203,0.229169944521323,0.308096075108525
0.272420379795445,0.228912761397043,0.306994628457895
0.271274806351686,0.228655578272763,0.305893181807264
0.270129232907928,0.228398395148482,0.304791735156633
0.26899366599775,0.228141900668206,0.30369609841074
0.26790233593466,0.227888450542831,0.302626146070478
0.26681100587157,0.227635000417455,0.301556193730216
0.26571967580848,0.227381550292079,0.300486241389955
0.26462834574539,0.227128100166704,0.299416289049693
0.2635370156823,0.226874650041328,0.298346336709432
0.262445685619211,0.226621199915952,0.29727638436917
0.261354355556121,0.226367749790577,0.296206432028908
0.260263025493031,0.226114299665201,0.295136479688647
0.259171695429941,0.225860849539825,0.294066527348385
0.258080365366851,0.225607399414449,0.292996575008124
0.257025546227358,0.225356527011194,0.291948988697354
0.255987510492897,0.225106839539738,0.290911683642028
0.254949474758437,0.224857152068282,0.289874378586701
0.253911439023976,0.224607464596827,0.288837073531374
0.252873403289515,0.224357777125371,0.287799768476047
0.251835367555054,0.224108089653915,0.28676246342072
0.250797331820593,0.223858402182459,0.285725158365393
0.249759296086133,0.223608714711004,0.284687853310066
0.248721260351672,0.223359027239548,0.283650548254739
0.247683224617211,0.223109339768092,0.282613243199412
0.246654585942676,0.222860333599228,0.281581995333722
0.245667157211759,0.222614315220335,0.280577310717112
0.244679728480841,0.222368296841441,0.2795726261005
0.243692299749924,0.222122278462547,0.27856794148389
0.242704871019006,0.221876260083654,0.277563256867279
0.241717442288089,0.22163024170476,0.276558572250667
0.240730013557171,0.221384223325867,0.275553887634057
0.239742584826254,0.221138204946973,0.274549203017446
0.238755156095336,0.220892186568079,0.273544518400835
0.237767727364419,0.220646168189186,0.272539833784224
0.236780298633501,0.220400149810292,0.271535149167613
0.235825845214869,0.220156587705958,0.270552762493198
0.234886464926755,0.21991414837331,0.26958056828611
0.233947084638642,0.219671709040663,0.268608374079022
0.233007704350528,0.219429269708016,0.267636179871934
0.232068324062414,0.219186830375368,0.266663985664845
0.231128943774301,0.218944391042721,0.265691791457757
0.230189563486187,0.218701951710074,0.264719597250669
0.229250183198073,0.218459512377426,0.263747403043581
0.22831080290996,0.218217073044779,0.262775208836492
0.227371422621846,0.217974633712132,0.261803014629404
0.226440879086193,0.217732871367037,0.260837073395884
0.225548779657355,0.217494054242136,0.259898335593135
0.224656680228516,0.217255237117235,0.258959597790386
0.223764580799678,0.217016419992334,0.258020859987637
0.22287248137084,0.216777602867433,0.257082122184888
0.221980381942002,0.216538785742531,0.256143384382139
0.221088282513164,0.21629996861763,0.25520464657939
0.220196183084325,0.216061151492729,0.254265908776642
0.219304083655487,0.215822334367828,0.253327170973893
0.218411984226649,0.215583517242927,0.252388433171144
0.217519884797811,0.215344700118026,0.251449695368395
0.216627785368973,0.215105882993125,0.250510957565646
0.215777214888939,0.214870340914754,0.249602850314513
0.214931534151951,0.214635184450188,0.248698349596438
0.214085853414963,0.214400027985623,0.247793848878364
0.213240172677975,0.214164871521057,0.246889348160289
0.212394491940987,0.213929715056492,0.245984847442215
0.211548811203999,0.213694558591926,0.24508034672414
0.210703130467011,0.213459402127361,0.244175846006066
0.209857449730023,0.213224245662796,0.243271345287991
0.209011768993034,0.21298908919823,0.242366844569917
0.208166088256046,0.212753932733665,0.241462343851842
0.207320407519058,0.212518776269099,0.240557843133768
0.206501179648579,0.212285769754775,0.239673647399272
0.20569940984671,0.212054182140697,0.238802852321991
0.204897640044841,0.21182259452662,0.23793205724471
0.204095870242972,0.211591006912542,0.237061262167429
0.203294100441102,0.211359419298464,0.236190467090148
0.202492330639233,0.211127831684387,0.235319672012867
0.201690560837364,0.210896244070309,0.234448876935586
0.200888791035495,0.210664656456231,0.233578081858305
0.200087021233626,0.210433068842154,0.232707286781024
0.199285251431756,0.210201481228076,0.231836491703743
0.198483481629887,0.209969893613998,0.230965696626463
0.197694594088774,0.20973938561631,0.230105172534559
0.196934355607417,0.209511278594275,0.229267490246544
0.19617411712606,0.20928317157224,0.228429807958529
0.195413878644702,0.209055064550205,0.227592125670515
0.194653640163345,0.20882695752817,0.2267544433825
0.193893401681988,0.208598850506135,0.225916761094485
0.193133163200631,0.2083707434841,0.22507907880647
0.192372924719273,0.208142636462065,0.224241396518455
0.191612686237916,0.20791452944003,0.22340371423044
0.190852447756559,0.207686422417995,0.222566031942425
0.190092209275202,0.20745831539596,0.22172834965441
0.189332703891591,0.207230271806018,0.220891273502082
0.188613323091969,0.207005700040051,0.220087372928805
0.187893942292346,0.206781128274085,0.219283472355529
0.187174561492724,0.206556556508118,0.218479571782252
0.186455180693101,0.206331984742151,0.217675671208976
0.185735799893478,0.206107412976185,0.216871770635699
0.185016419093856,0.205882841210218,0.216067870062423
0.184297038294233,0.205658269444251,0.215263969489146
0.183577657494611,0.205433697678285,0.21446006891587
0.182858276694988,0.205209125912318,0.213656168342593
0.182138895895365,0.204984554146351,0.212852267769317
0.181419515095743,0.204759982380385,0.21204836719604
0.18070013429612,0.204535410614418,0.211244466622764
0.180012146762174,0.204313646137221,0.210467398459685
0.179332851512219,0.204092658952566,0.209697759753995
0.178653556262264,0.20387167176791,0.208928121048305
0.177974261012309,0.203650684583254,0.208158482342615
0.177294965762353,0.203429697398598,0.207388843636924
0.176615670512398,0.203208710213942,0.206619204931234
0.175936375262443,0.202987723029286,0.205849566225544
0.175257080012488,0.20276673584463,0.205079927519854
0.174577784762533,0.202545748659974,0.204310288814163
0.173898489512578,0.202324761475318,0.203540650108473
0.173219194262623,0.202103774290662,0.202771011402783
0.172539899012668,0.201882787106006,0.202001372697093
0.171881304894793,0.201663715758213,0.201250007353342
0.171239759901664,0.201446222263338,0.200513691661276
0.170598214908536,0.201228728768463,0.19977737596921
0.169956669915408,0.201011235273588,0.199041060277144
0.16931512492228,0.200793741778713,0.198304744585078
0.168673579929151,0.200576248283838,0.197568428893012
0.168032034936023,0.200358754788963,0.196832113200946
0.167390489942895,0.200141261294088,0.19609579750888
0.166748944949767,0.199923767799213,0.195359481816814
0.166107399956639,0.199706274304337,0.194623166124748
0.16546585496351,0.199488780809462,0.193886850432682
0.164824309970382,0.199271287314587,0.193150534740616
0.164193910684125,0.199054862018521,0.192424367202667
0.163587908595126,0.198840774937281,0.19172041328658
0.162981906506127,0.19862668785604,0.191016459370493
0.162375904417128,0.1984126007748,0.190312505454406
0.16176990232813,0.198198513693559,0.189608551538318
0.161163900239131,0.197984426612319,0.188904597622231
0.160557898150132,0.197770339531078,0.188200643706144
0.159951896061133,0.197556252449838,0.187496689790057
0.159345893972134,0.197342165368597,0.186792735873969
0.158739891883136,0.197128078287357,0.186088781957882
0.158133889794137,0.196913991206117,0.185384828041795
0.157527887705138,0.196699904124876,0.184680874125708
0.156924641307889,0.196486090961562,0.183979505368834
0.156353610573109,0.196275480060426,0.183308358648466
0.15578257983833,0.19606486915929,0.182637211928098
0.155211549103551,0.195854258258154,0.181966065207729
0.154640518368772,0.195643647357018,0.181294918487361
0.154069487633993,0.195433036455881,0.180623771766993
0.153498456899213,0.195222425554745,0.179952625046625
0.152927426164434,0.195011814653609,0.179281478326257
0.152356395429655,0.194801203752473,0.178610331605889
0.151785364694876,0.194590592851337,0.17793918488552
0.151214333960096,0.194379981950201,0.177268038165152
0.150643303225317,0.194169371049065,0.176596891444784
0.150072272490538,0.193958760147928,0.175925744724416
0.149501241755759,0.193748149246792,0.175254598004048
0.148954040165868,0.193539997829986,0.174606420157295
0.148417304258184,0.193332926610623,0.17396833016443
0.1478805683505,0.19312585539126,0.173330240171565
0.147343832442815,0.192918784171896,0.172692150178699
0.146807096535131,0.192711712952533,0.172054060185834
0.146270360627447,0.19250464173317,0.171415970192969
0.145733624719762,0.192297570513807,0.170777880200103
0.145196888812078,0.192090499294444,0.170139790207238
0.144660152904394,0.191883428075081,0.169501700214373
0.144123416996709,0.191676356855717,0.168863610221508
0.143586681089025,0.191469285636354,0.168225520228642
0.143049945181341,0.191262214416991,0.167587430235777
0.142513209273657,0.191055143197628,0.166949340242912
0.141986459086705,0.190849144002161,0.166321134435378
0.141481845492784,0.190645521295816,0.165714840134682
0.140977231898863,0.190441898589471,0.165108545833985
0.140472618304942,0.190238275883126,0.164502251533289
0.139968004711021,0.190034653176781,0.163895957232593
0.1394633911171,0.189831030470436,0.163289662931897
0.138958777523179,0.189627407764091,0.1626833686312
0.138454163929258,0.189423785057747,0.162077074330504
0.137949550335336,0.189220162351402,0.161470780029808
0.137444936741415,0.189016539645057,0.160864485729112
0.136940323147494,0.188812916938712,0.160258191428415
0.136435709553573,0.188609294232367,0.159651897127719
0.135931095959652,0.188405671526022,0.159045602827023
0.135426482365731,0.188202048819677,0.158439308526327
0.134949748289214,0.188001541484394,0.157861330144698
0.134475212962498,0.187801279846387,0.157285584930182
0.134000677635781,0.187601018208379,0.156709839715666
0.133526142309065,0.187400756570372,0.156134094501151
0.133051606982349,0.187200494932365,0.155558349286635
0.132577071655633,0.187000233294358,0.154982604072119
0.132102536328916,0.186799971656351,0.154406858857603
0.1316280010022,0.186599710018344,0.153831113643088
0.131153465675484,0.186399448380337,0.153255368428572
0.130678930348768,0.18619918674233,0.152679623214056
0.130204395022051,0.185998925104322,0.152103877999541
0.129729859695335,0.185798663466315,0.151528132785025
0.129255324368619,0.185598401828308,0.150952387570509
0.128796872996974,0.185400014533826,0.150393391574489
0.128351961893117,0.185203205154299,0.149848495897868
0.127907050789261,0.185006395774772,0.149303600221247
0.127462139685405,0.184809586395245,0.148758704544625
0.127017228581548,0.184612777015718,0.148213808868004
0.126572317477692,0.184415967636191,0.147668913191383
0.126127406373836,0.184219158256664,0.147124017514762
0.12568249526998,0.184022348877137,0.14657912183814
0.125237584166123,0.18382553949761,0.146034226161519
0.124792673062267,0.183628730118083,0.145489330484898
0.124347761958411,0.183431920738556,0.144944434808276
0.123902850854555,0.183235111359029,0.144399539131655
0.123457939750698,0.183038301979502,0.143854643455034
0.123013028646842,0.182841492599975,0.143309747778412
0.122568117542986,0.182644683220448,0.142764852101791
0.122143703920791,0.182450368286602,0.142241784598531
0.121727846727884,0.182257094629359,0.141727829005939
0.121311989534977,0.182063820972115,0.141213873413348
0.12089613234207,0.181870547314872,0.140699917820756
0.120480275149163,0.181677273657629,0.140185962228164
0.120064417956256,0.181484000000386,0.139672006635572
0.119648560763349,0.181290726343143,0.139158051042981
0.119232703570441,0.1810974526859,0.138644095450389
0.118816846377534,0.180904179028657,0.138130139857797
0.118400989184627,0.180710905371413,0.137616184265206
0.11798513199172,0.18051763171417,0.137102228672614
0.117569274798813,0.180324358056927,0.136588273080022
0.117153417605906,0.180131084399684,0.136074317487431
0.116737560412999,0.179937810742441,0.135560361894839
0.116321703220091,0.179744537085198,0.135046406302247
0.115929309417257,0.179554251663311,0.134557995230801
0.115540481792125,0.179364420420394,0.134073466646133
0.115151654166992,0.179174589177476,0.133588938061465
0.11476282654186,0.178984757934558,0.133104409476797
0.114373998916728,0.17879492669164,0.132619880892129
0.113985171291596,0.178605095448723,0.132135352307461
0.113596343666464,0.178415264205805,0.131650823722793
0.113207516041332,0.178225432962887,0.131166295138125
0.1128186884162,0.178035601719969,0.130681766553457
0.112429860791068,0.177845770477051,0.130197237968789
0.112041033165936,0.177655939234134,0.129712709384121
0.111652205540804,0.177466107991216,0.129228180799453
0.111263377915672,0.177276276748298,0.128743652214785
0.11087455029054,0.17708644550538,0.128259123630117
0.110486492554251,0.176896716963582,0.127775451568381
0.110122800493257,0.176710238737931,0.127318887003853
0.109759108432263,0.17652376051228,0.126862322439324
0.10939541637127,0.176337282286629,0.126405757874796
0.109031724310276,0.176150804060977,0.125949193310267
0.108668032249282,0.175964325835326,0.125492628745739
0.108304340188289,0.175777847609675,0.12503606418121
0.107940648127295,0.175591369384024,0.124579499616682
0.107576956066301,0.175404891158372,0.124122935052153
0.107213264005308,0.175218412932721,0.123666370487625
0.106849571944314,0.17503193470707,0.123209805923097
0.10648587988332,0.174845456481419,0.122753241358568
0.106122187822327,0.174658978255768,0.12229667679404
0.105758495761333,0.174472500030116,0.121840112229511
0.105394803700339,0.174286021804465,0.121383547664983
0.105035909135081,0.17410021559941,0.120932434644109
0.104697049462501,0.173917215829477,0.120504087895079
0.104358189789922,0.173734216059544,0.120075741146049
0.104019330117343,0.17355121628961,0.119647394397018
0.103680470444764,0.173368216519677,0.119219047647988
0.103341610772185,0.173185216749744,0.118790700898958
0.103002751099606,0.173002216979811,0.118362354149927
0.102663891427026,0.172819217209877,0.117934007400897
0.102325031754447,0.172636217439944,0.117505660651867
0.101986172081868,0.172453217670011,0.117077313902836
0.101647312409289,0.172270217900078,0.116648967153806
0.10130845273671,0.172087218130144,0.116220620404776
0.10096959306413,0.171904218360211,0.115792273655745
0.100630733391551,0.171721218590278,0.115363926906715
0.100291873718972,0.171538218820344,0.114935580157685
0.0999530140463929,0.171355219050411,0.114507233408654
0.0996141543738138,0.171172219280478,0.114078886659624
0.0992851910247353,0.17099067754332,0.113661994837721
0.0989707226197482,0.170811271357162,0.113261880814996
0.098656254214761,0.170631865171005,0.11286176679227
0.0983417858097738,0.170452458984848,0.112461652769544
0.0980273174047867,0.17027305279869,0.112061538746818
0.0977128489997995,0.170093646612533,0.111661424724093
0.0973983805948123,0.169914240426376,0.111261310701367
0.0970839121898252,0.169734834240218,0.110861196678641
0.096769443784838,0.169555428054061,0.110461082655915
0.0964549753798508,0.169376021867904,0.110060968633189
0.0961405069748637,0.169196615681746,0.109660854610464
0.0958260385698765,0.169017209495589,0.109260740587738
0.0955115701648893,0.168837803309431,0.108860626565012
0.0951971017599022,0.168658397123274,0.108460512542286
0.094882633354915,0.168478990937117,0.108060398519561
0.0945681649499278,0.168299584750959,0.107660284496835
0.0942536965449407,0.168120178564802,0.107260170474109
0.0939531326134531,0.167942933133224,0.10687644940433
0.0936611535540076,0.16776702179039,0.106502849638566
0.093369174494562,0.167591110447555,0.106129249872801
0.0930771954351165,0.167415199104721,0.105755650107036
0.0927852163756709,0.167239287761887,0.105382050341271
0.0924932373162254,0.167063376419052,0.105008450575507
0.0922012582567798,0.166887465076218,0.104634850809742
0.0919092791973343,0.166711553733383,0.104261251043977
0.0916173001378887,0.166535642390549,0.103887651278212
0.0913253210784432,0.166359731047714,0.103514051512447
0.0910333420189976,0.16618381970488,0.103140451746683
0.0907413629595521,0.166007908362046,0.102766851980918
0.0904493839001065,0.165831997019211,0.102393252215153
0.090157404840661,0.165656085676377,0.102019652449388
0.0898654257812154,0.165480174333542,0.101646052683624
0.0895734467217699,0.165304262990708,0.101272452917859
0.0892814676623243,0.165128351647874,0.100898853152094
0.0890067049211235,0.16495526534201,0.100545926200313
0.0887354482779439,0.164782754354074,0.100197209260869
0.0884641916347643,0.164610243366138,0.0998484923214251
0.0881929349915847,0.164437732378202,0.0994997753819811
0.0879216783484052,0.164265221390266,0.099151058442537
0.0876504217052256,0.16409271040233,0.098802341503093
0.087379165062046,0.163920199414394,0.0984536245636489
0.0871079084188665,0.163747688426458,0.0981049076242049
0.0868366517756869,0.163575177438522,0.0977561906847608
0.0865653951325073,0.163402666450586,0.0974074737453168
0.0862941384893277,0.16323015546265,0.0970587568058727
0.0860228818461482,0.163057644474715,0.0967100398664287
0.0857516252029686,0.162885133486779,0.0963613229269846
0.085480368559789,0.162712622498843,0.0960126059875406
0.0852091119166094,0.162540111510907,0.0956638890480965
0.0849378552734299,0.162367600522971,0.0953151721086525
0.0846674522008411,0.162195237680259,0.0949674981360916
0.0844158886560896,0.162026144615248,0.0946428439393276
0.0841643251113381,0.161857051550237,0.0943181897425637
0.0839127615665865,0.161687958485227,0.0939935355457997
0.083661198021835,0.161518865420216,0.0936688813490358
0.0834096344770835,0.161349772355205,0.0933442271522718
0.0831580709323319,0.161180679290194,0.0930195729555079
0.0829065073875804,0.161011586225183,0.0926949187587439
0.0826549438428288,0.160842493160172,0.09237026456198
0.0824033802980773,0.160673400095161,0.092045610365216
0.0821518167533258,0.16050430703015,0.0917209561684521
0.0819002532085742,0.160335213965139,0.0913963019716881
0.0816486896638227,0.160166120900128,0.0910716477749242
0.0813971261190712,0.159997027835117,0.0907469935781602
0.0811455625743196,0.159827934770106,0.0904223393813963
0.0808939990295681,0.159658841705095,0.0900976851846323
0.0806424354848166,0.159489748640084,0.0897730309878684
0.080390871940065,0.159320655575073,0.0894483767911044
0.0801419913525539,0.159152055221983,0.0891270480287554
0.0799091198779683,0.158986394863858,0.0888255620183794
0.0796762484033827,0.158820734505732,0.0885240760080034
0.0794433769287971,0.158655074147607,0.0882225899976273
0.0792105054542115,0.158489413789482,0.0879211039872513
0.0789776339796259,0.158323753431357,0.0876196179768753
0.0787447625050403,0.158158093073231,0.0873181319664993
0.0785118910304547,0.157992432715106,0.0870166459561232
0.0782790195558691,0.157826772356981,0.0867151599457472
0.0780461480812835,0.157661111998856,0.0864136739353712
0.0778132766066979,0.157495451640731,0.0861121879249952
0.0775804051321123,0.157329791282605,0.0858107019146191
0.0773475336575267,0.15716413092448,0.0855092159042431
0.0771146621829411,0.156998470566355,0.0852077298938671
0.0768817907083555,0.15683281020823,0.0849062438834911
0.0766489192337699,0.156667149850104,0.084604757873115
0.0764160477591843,0.156501489491979,0.084303271862739
0.0761831762845987,0.156335829133854,0.084001785852363
0.0759544858284587,0.156170982846314,0.0837055554964308
0.0757387689820292,0.156008662602173,0.083425633322444
0.0755230521355997,0.155846342358032,0.0831457111484573
0.0753073352891703,0.155684022113891,0.0828657889744705
0.0750916184427408,0.15552170186975,0.0825858668004838
0.0748759015963113,0.155359381625609,0.082305944626497
0.0746601847498819,0.155197061381468,0.0820260224525103
0.0744444679034524,0.155034741137327,0.0817461002785235
0.0742287510570229,0.154872420893186,0.0814661781045367
0.0740130342105935,0.154710100649045,0.08118625593055
0.073797317364164,0.154547780404904,0.0809063337565632
0.0735816005177345,0.154385460160763,0.0806264115825765
0.0733658836713051,0.154223139916622,0.0803464894085897
0.0731501668248756,0.154060819672481,0.080066567234603
0.0729344499784461,0.15389849942834,0.0797866450606162
0.0727187331320167,0.153736179184199,0.0795067228866295
0.0725030162855872,0.153573858940058,0.0792268007126427
0.0722872994391577,0.153411538695916,0.078946878538656
0.072076992944896,0.153250336648928,0.0786738544653333
0.0718770076957075,0.153091267769337,0.0784139897918591
0.0716770224465191,0.152932198889745,0.0781541251183849
0.0714770371973306,0.152773130010154,0.0778942604449107
0.0712770519481422,0.152614061130562,0.0776343957714365
0.0710770666989537,0.152454992250971,0.0773745310979622
0.0708770814497653,0.15229592337138,0.077114666424488
0.0706770962005769,0.152136854491788,0.0768548017510138
0.0704771109513884,0.151977785612197,0.0765949370775396
0.0702771257022,0.151818716732605,0.0763350724040653
0.0700771404530116,0.151659647853014,0.0760752077305911
0.0698771552038231,0.151500578973423,0.0758153430571169
0.0696771699546347,0.151341510093831,0.0755554783836427
0.0694771847054462,0.15118244121424,0.0752956137101685
0.0692771994562578,0.151023372334649,0.0750357490366943
0.0690772142070693,0.150864303455057,0.07477588436322
0.0688772289578809,0.150705234575466,0.0745160196897458
0.0686772437086924,0.150546165695874,0.0742561550162716
0.0684838692221914,0.150388549625199,0.0740048328803674
0.0682987694861932,0.150232752048375,0.0737642035147828
0.068113669750195,0.150076954471552,0.0735235741491982
0.0679285700141968,0.149921156894728,0.0732829447836136
0.0677434702781986,0.149765359317905,0.073042315418029
0.0675583705422003,0.149609561741081,0.0728016860524444
0.0673732708062022,0.149453764164258,0.0725610566868598
0.0671881710702039,0.149297966587434,0.0723204273212752
0.0670030713342057,0.149142169010611,0.0720797979556906
0.0668179715982075,0.148986371433787,0.071839168590106
0.0666328718622093,0.148830573856964,0.0715985392245214
0.0664477721262111,0.14867477628014,0.0713579098589368
0.0662626723902129,0.148518978703317,0.0711172804933522
0.0660775726542147,0.148363181126493,0.0708766511277676
0.0658924729182165,0.14820738354967,0.070636021762183
0.0657073731822183,0.148051585972846,0.0703953923965984
0.0655222734462201,0.147895788396023,0.0701547630310139
0.0653371737102219,0.1477399908192,0.0699141336654292
0.0651520739742237,0.147584193242376,0.0696735042998446
0.0649717430120298,0.147429510080238,0.069439102128951
0.0648007146695308,0.147277000847168,0.0692168475721722
0.0646296863270317,0.147124491614099,0.0689945930153933
0.0644586579845328,0.14697198238103,0.0687723384586145
0.0642876296420337,0.14681947314796,0.0685500839018356
0.0641166012995347,0.146666963914891,0.0683278293450568
0.0639455729570357,0.146514454681822,0.068105574788278
0.0637745446145367,0.146361945448753,0.0678833202314992
0.0636035162720377,0.146209436215683,0.0676610656747203
0.0634324879295387,0.146056926982614,0.0674388111179415
0.0632614595870397,0.145904417749545,0.0672165565611627
0.0630904312445407,0.145751908516475,0.0669943020043839
0.0629194029020417,0.145599399283406,0.066772047447605
0.0627483745595427,0.145446890050337,0.0665497928908262
0.0625773462170437,0.145294380817267,0.0663275383340474
0.0624063178745447,0.145141871584198,0.0661052837772686
0.0622352895320456,0.144989362351129,0.0658830292204897
0.0620642611895466,0.14483685311806,0.0656607746637109
0.0618932328470476,0.14468434388499,0.0654385201069321
0.0617252081824849,0.144532582631269,0.0652202285262593
0.0615670331086935,0.144383274134016,0.0650149322445867
0.0614088580349022,0.144233965636763,0.0648096359629141
0.0612506829611109,0.14408465713951,0.0646043396812414
0.0610925078873196,0.143935348642257,0.0643990433995688
0.0609343328135282,0.143786040145004,0.0641937471178962
0.0607761577397369,0.14363673164775,0.0639884508362236
0.0606179826659456,0.143487423150497,0.0637831545545509
0.0604598075921543,0.143338114653244,0.0635778582728783
0.0603016325183629,0.143188806155991,0.0633725619912057
0.0601434574445716,0.143039497658738,0.0631672657095331
0.0599852823707803,0.142890189161485,0.0629619694278604
0.0598271072969889,0.142740880664231,0.0627566731461879
0.0596689322231976,0.142591572166978,0.0625513768645152
0.0595107571494063,0.142442263669725,0.0623460805828426
0.0593525820756149,0.142292955172472,0.06214078430117
0.0591944070018236,0.142143646675219,0.0619354880194974
0.0590362319280323,0.141994338177966,0.0617301917378247
0.058878056854241,0.141845029680713,0.0615248954561521
0.058721388865877,0.141696121607913,0.061321608629436
0.0585749438043524,0.14154992971153,0.0611319524242062
0.0584284987428277,0.141403737815148,0.0609422962189764
0.0582820536813031,0.141257545918765,0.0607526400137466
0.0581356086197785,0.141111354022382,0.0605629838085168
0.0579891635582539,0.140965162125999,0.060373327603287
0.0578427184967293,0.140818970229617,0.0601836713980572
0.0576962734352047,0.140672778333234,0.0599940151928274
0.0575498283736801,0.140526586436851,0.0598043589875976
0.0574033833121555,0.140380394540469,0.0596147027823678
0.0572569382506309,0.140234202644086,0.059425046577138
0.0571104931891063,0.140088010747703,0.0592353903719082
0.0569640481275816,0.13994181885132,0.0590457341666784
0.056817603066057,0.139795626954938,0.0588560779614486
0.0566711580045324,0.139649435058555,0.0586664217562188
0.0565247129430078,0.139503243162172,0.058476765550989
0.0563782678814832,0.139357051265789,0.0582871093457592
0.0562318228199586,0.139210859369407,0.0580974531405294
0.056085377758434,0.139064667473024,0.0579077969352995
0.0559391902785399,0.138918548729504,0.0577184875707403
0.0558038132941631,0.138775500153269,0.0575437348323916
0.0556684363097863,0.138632451577035,0.0573689820940429
0.0555330593254095,0.1384894030008,0.0571942293556942
0.0553976823410327,0.138346354424565,0.0570194766173455
0.0552623053566559,0.138203305848331,0.0568447238789968
0.0551269283722791,0.138060257272096,0.0566699711406481
0.0549915513879023,0.137917208695861,0.0564952184022994
0.0548561744035255,0.137774160119627,0.0563204656639507
0.0547207974191487,0.137631111543392,0.056145712925602
0.054585420434772,0.137488062967157,0.0559709601872533
0.0544500434503951,0.137345014390923,0.0557962074489046
0.0543146664660184,0.137201965814688,0.0556214547105559
0.0541792894816416,0.137058917238453,0.0554467019722072
0.0540439124972648,0.136915868662219,0.0552719492338586
0.053908535512888,0.136772820085984,0.0550971964955098
0.0537731585285112,0.13662977150975,0.0549224437571612
0.0536377815441344,0.136486722933515,0.0547476910188124
0.0535024045597576,0.13634367435728,0.0545729382804638
0.0533670275753808,0.136200625781046,0.054398185542115
0.053231650591004,0.136057577204811,0.0542234328037664
0.0531019484947806,0.135916250675192,0.0540563753401532
0.0529770068534881,0.135776368707137,0.0538957731594584
0.0528520652121956,0.135636486739082,0.0537351709787634
0.052727123570903,0.135496604771027,0.0535745687980686
0.0526021819296105,0.135356722802972,0.0534139666173736
0.052477240288318,0.135216840834917,0.0532533644366788
0.0523522986470255,0.135076958866862,0.0530927622559838
0.052227357005733,0.134937076898807,0.052932160075289
0.0521024153644404,0.134797194930752,0.052771557894594
0.0519774737231479,0.134657312962697,0.0526109557138992
0.0518525320818554,0.134517430994642,0.0524503535332042
0.0517275904405628,0.134377549026587,0.0522897513525094
0.0516026487992703,0.134237667058532,0.0521291491718145
0.0514777071579778,0.134097785090477,0.0519685469911196
0.0513527655166853,0.133957903122422,0.0518079448104247
0.0512278238753928,0.133818021154367,0.0516473426297298
0.0511028822341002,0.133678139186311,0.0514867404490349
0.0509779405928077,0.133538257218256,0.05132613826834
0.0508529989515152,0.133398375250201,0.0511655360876451
0.0507280573102226,0.133258493282146,0.0510049339069502
0.0506037260923508,0.133118809679587,0.050845165177195
0.0504882695568897,0.132982010027281,0.0506975136306021
0.0503728130214285,0.132845210374974,0.0505498620840091
0.0502573564859673,0.132708410722668,0.0504022105374161
0.0501418999505061,0.132571611070362,0.0502545589908231
0.0500264434150449,0.132434811418055,0.0501069074442301
0.0499109868795838,0.132298011765749,0.0499592558976371
0.0497955303441226,0.132161212113442,0.0498116043510441
0.0496800738086614,0.132024412461136,0.0496639528044511
0.0495646172732002,0.131887612808829,0.0495163012578581
0.049449160737739,0.131750813156523,0.0493686497112652
0.0493337042022778,0.131614013504216,0.0492209981646722
0.0492182476668167,0.13147721385191,0.0490733466180792
0.0491027911313555,0.131340414199603,0.0489256950714862
0.0489873345958943,0.131203614547297,0.0487780435248932
0.0488718780604331,0.131066814894991,0.0486303919783002
0.0487564215249719,0.130930015242684,0.0484827404317072
0.0486409649895107,0.130793215590378,0.0483350888851142
0.0485255084540496,0.130656415938071,0.0481874373385213
0.0484100519185884,0.130519616285765,0.0480397857919283
0.0482945953831272,0.130382816633458,0.0478921342453353
0.0481841761569321,0.130247772377941,0.0477514094527104
0.0480773319118388,0.130113973928472,0.0476156005811111
0.0479704876667454,0.129980175479003,0.0474797917095118
0.0478636434216521,0.129846377029534,0.0473439828379125
0.0477567991765588,0.129712578580064,0.0472081739663132
0.0476499549314655,0.129578780130595,0.0470723650947139
0.0475431106863722,0.129444981681126,0.0469365562231146
0.0474362664412789,0.129311183231657,0.0468007473515153
0.0473294221961856,0.129177384782187,0.046664938479916
0.0472225779510923,0.129043586332718,0.0465291296083167
0.047115733705999,0.128909787883249,0.0463933207367174
0.0470088894609057,0.12877598943378,0.0462575118651181
0.0469020452158124,0.12864219098431,0.0461217029935188
0.0467952009707191,0.128508392534841,0.0459858941219195
0.0466883567256257,0.128374594085372,0.0458500852503202
0.0465815124805324,0.128240795635903,0.0457142763787209
0.0464746682354391,0.128106997186433,0.0455784675071216
0.0463678239903458,0.127973198736964,0.0454426586355223
0.0462609797452525,0.127839400287495,0.045306849763923
0.0461541355001592,0.127705601838026,0.0451710408923237
0.0460481456227867,0.127572123256976,0.0450364143960442
0.0459494042960853,0.127441358475137,0.0449118193033502
0.045850662969384,0.127310593693298,0.0447872242106562
0.0457519216426827,0.127179828911459,0.0446626291179622
0.0456531803159813,0.127049064129621,0.0445380340252682
0.04555443898928,0.126918299347782,0.0444134389325742
0.0454556976625786,0.126787534565943,0.0442888438398801
0.0453569563358773,0.126656769784104,0.0441642487471861
0.0452582150091759,0.126526005002265,0.0440396536544921
0.0451594736824746,0.126395240220427,0.0439150585617981
0.0450607323557732,0.126264475438588,0.0437904634691041
0.0449619910290719,0.126133710656749,0.0436658683764101
0.0448632497023706,0.12600294587491,0.0435412732837161
0.0447645083756692,0.125872181093071,0.0434166781910221
0.0446657670489679,0.125741416311233,0.0432920830983281
0.0445670257222665,0.125610651529394,0.0431674880056341
0.0444682843955652,0.125479886747555,0.0430428929129401
0.0443695430688638,0.125349121965716,0.0429182978202461
0.0442708017421625,0.125218357183877,0.042793702727552
0.0441720604154612,0.125087592402039,0.0426691076348581
0.0440733190887598,0.1249568276202,0.042544512542164
0.0439745777620585,0.124826062838361,0.04241991744947
0.0438762393081776,0.124695459944172,0.0422958819334043
0.0437851183392343,0.124567757274611,0.0421818712581321
0.0436939973702909,0.12444005460505,0.0420678605828598
0.0436028764013476,0.12431235193549,0.0419538499075876
0.0435117554324042,0.124184649265929,0.0418398392323154
0.0434206344634608,0.124056946596368,0.0417258285570432
0.0433295134945175,0.123929243926807,0.041611817881771
0.0432383925255741,0.123801541257246,0.0414978072064988
0.0431472715566308,0.123673838587685,0.0413837965312265
0.0430561505876874,0.123546135918124,0.0412697858559544
0.0429650296187441,0.123418433248563,0.0411557751806821
0.0428739086498007,0.123290730579002,0.0410417645054099
0.0427827876808573,0.123163027909442,0.0409277538301377
0.042691666711914,0.123035325239881,0.0408137431548655
0.0426005457429706,0.12290762257032,0.0406997324795933
0.0425094247740273,0.122779919900759,0.0405857218043211
0.0424183038050839,0.122652217231198,0.0404717111290488
0.0423271828361406,0.122524514561637,0.0403577004537766
0.0422360618671972,0.122396811892076,0.0402436897785044
0.0421449408982538,0.122269109222515,0.0401296791032322
0.0420538199293105,0.122141406552954,0.04001566842796
0.0419626989603671,0.122013703883394,0.0399016577526878
0.0418715800344801,0.121886002097058,0.039787649924811
0.0417873513531969,0.121761279005393,0.0396832449897502
0.0417031226719136,0.121636555913728,0.0395788400546894
0.0416188939906303,0.121511832822064,0.0394744351196286
0.0415346653093471,0.121387109730399,0.0393700301845678
0.0414504366280638,0.121262386638734,0.039265625249507
0.0413662079467805,0.121137663547069,0.0391612203144462
0.0412819792654972,0.121012940455404,0.0390568153793854
0.041197750584214,0.120888217363739,0.0389524104443246
0.0411135219029307,0.120763494272074,0.0388480055092638
0.0410292932216474,0.120638771180409,0.038743600574203
0.0409450645403642,0.120514048088744,0.0386391956391422
0.0408608358590809,0.120389324997079,0.0385347907040814
0.0407766071777976,0.120264601905414,0.0384303857690206
0.0406923784965144,0.120139878813749,0.0383259808339598
0.0406081498152311,0.120015155722084,0.038221575898899
0.0405239211339478,0.119890432630419,0.0381171709638382
0.0404396924526646,0.119765709538754,0.0380127660287774
0.0403554637713813,0.119640986447089,0.0379083610937165
0.040271235090098,0.119516263355424,0.0378039561586558
0.0401870064088147,0.119391540263759,0.0376995512235949
0.0401027777275315,0.119266817172094,0.0375951462885341
0.0400185490462482,0.119142094080429,0.0374907413534733
0.0399402210582906,0.119020119399456,0.0373945895907501
0.0398622185439169,0.118898296316783,0.0372988930609006
0.0397842160295433,0.11877647323411,0.0372031965310511
0.0397062135151696,0.118654650151437,0.0371075000012016
0.039628211000796,0.118532827068763,0.0370118034713522
0.0395502084864224,0.11841100398609,0.0369161069415027
0.0394722059720487,0.118289180903417,0.0368204104116532
0.0393942034576751,0.118167357820744,0.0367247138818037
0.0393162009433014,0.118045534738071,0.0366290173519543
0.0392381984289278,0.117923711655398,0.0365333208221048
0.0391601959145542,0.117801888572724,0.0364376242922553
0.0390821934001805,0.117680065490051,0.0363419277624059
0.0390041908858069,0.117558242407378,0.0362462312325564
0.0389261883714332,0.117436419324705,0.0361505347027069
0.0388481858570596,0.117314596242032,0.0360548381728574
0.038770183342686,0.117192773159359,0.035959141643008
0.0386921808283123,0.117070950076685,0.0358634451131585
0.0386141783139387,0.116949126994012,0.035767748583309
0.0385361757995651,0.116827303911339,0.0356720520534596
0.0384581732851914,0.116705480828666,0.0355763555236101
0.0383801707708178,0.116583657745993,0.0354806589937606
0.0383021682564441,0.11646183466332,0.0353849624639111
0.0382289277376358,0.116342393770886,0.035295943551337
0.038156244977232,0.116223231897324,0.0352077067682518
0.0380835622168283,0.116104070023761,0.0351194699851666
0.0380108794564245,0.115984908150199,0.0350312332020814
0.0379381966960208,0.115865746276637,0.0349429964189962
0.037865513935617,0.115746584403074,0.034854759635911
0.0377928311752132,0.115627422529512,0.0347665228528258
0.0377201484148095,0.115508260655949,0.0346782860697406
0.0376474656544057,0.115389098782387,0.0345900492866554
0.0375747828940019,0.115269936908825,0.0345018125035702
0.0375021001335982,0.115150775035262,0.034413575720485
0.0374294173731944,0.1150316131617,0.0343253389373998
0.0373567346127907,0.114912451288138,0.0342371021543146
0.0372840518523869,0.114793289414575,0.0341488653712294
0.0372113690919831,0.114674127541013,0.0340606285881442
0.0371386863315794,0.11455496566745,0.033972391805059
0.0370660035711756,0.114435803793888,0.0338841550219738
0.0369933208107718,0.114316641920326,0.0337959182388886
0.0369206380503681,0.114197480046763,0.0337076814558034
0.0368498769305419,0.114079344710515,0.0336221399192026
0.0367817546830774,0.113962619055649,0.0335402996009975
0.036713632435613,0.113845893400783,0.0334584592827925
0.0366455101881486,0.113729167745917,0.0333766189645875
0.0365773879406841,0.113612442091051,0.0332947786463825
0.0365092656932197,0.113495716436186,0.0332129383281775
0.0364411434457553,0.11337899078132,0.0331310980099725
0.0363730211982908,0.113262265126454,0.0330492576917675
0.0363048989508264,0.113145539471588,0.0329674173735624
0.036236776703362,0.113028813816722,0.0328855770553574
0.0361686544558975,0.112912088161856,0.0328037367371524
0.0361005322084331,0.11279536250699,0.0327218964189474
0.0360324099609687,0.112678636852125,0.0326400561007424
0.0359642877135042,0.112561911197259,0.0325582157825374
0.0358961654660398,0.112445185542393,0.0324763754643323
0.0358280432185754,0.112328459887527,0.0323945351461273
0.0357599209711109,0.112211734232661,0.0323126948279223
0.0356917987236465,0.112095008577795,0.0322308545097173
0.035623676476182,0.11197828292293,0.0321490141915123
0.0355555542287176,0.111861557268064,0.0320671738733073
0.0354913962676744,0.111747087613731,0.0319908940406257
0.0354274576251197,0.111632742769409,0.0319149218338699
0.035363518982565,0.111518397925086,0.0318389496271141
0.0352995803400103,0.111404053080763,0.0317629774203583
0.0352356416974555,0.111289708236441,0.0316870052136025
0.0351717030549008,0.111175363392118,0.0316110330068467
0.0351077644123461,0.111061018547795,0.0315350608000909
0.0350438257697914,0.110946673703473,0.0314590885933352
0.0349798871272367,0.11083232885915,0.0313831163865794
0.034915948484682,0.110717984014827,0.0313071441798236
0.0348520098421273,0.110603639170505,0.0312311719730678
0.0347880711995726,0.110489294326182,0.031155199766312
0.0347241325570179,0.110374949481859,0.0310792275595562
0.0346601939144631,0.110260604637537,0.0310032553528004
0.0345962552719084,0.110146259793214,0.0309272831460446
0.0345323166293537,0.110031914948891,0.0308513109392888
0.034468377986799,0.109917570104569,0.030775338732533
0.0344044393442443,0.109803225260246,0.0306993665257772
0.0343405007016896,0.109688880415923,0.0306233943190214
0.0342783795209893,0.109575638092369,0.0305499709220554
0.03421827689911,0.10946362028036,0.0304793783534071
0.0341581742772307,0.10935160246835,0.0304087857847588
0.0340980716553514,0.10923958465634,0.0303381932161104
0.0340379690334721,0.109127566844331,0.0302676006474621
0.0339778664115928,0.109015549032321,0.0301970080788138
0.0339177637897135,0.108903531220311,0.0301264155101655
0.0338576611678341,0.108791513408302,0.0300558229415172
0.0337975585459548,0.108679495596292,0.0299852303728689
0.0337374559240755,0.108567477784282,0.0299146378042206
0.0336773533021962,0.108455459972273,0.0298440452355723
0.0336172506803169,0.108343442160263,0.029773452666924
0.0335571480584376,0.108231424348253,0.0297028600982757
0.0334970454365583,0.108119406536243,0.0296322675296273
0.033436942814679,0.108007388724234,0.029561674960979
0.0333768401927996,0.107895370912224,0.0294910823923307
0.0333167375709203,0.107783353100214,0.0294204898236824
0.033256634949041,0.107671335288205,0.0293498972550341
0.0331965323271617,0.107559317476195,0.0292793046863858
0.0331364297052824,0.107447299664185,0.0292087121177375
