-2.18433809885606,-0.728112699618685,-1.45622539923737
-2.1742776562568,-0.727170854450399,-1.45536934118624
-2.16421721365754,-0.726229009282113,-1.45451328313511
-2.15415677105828,-0.725287164113827,-1.45365722508398
-2.14409632845902,-0.72434531894554,-1.45280116703284
-2.13403588585976,-0.723403473777254,-1.45194510898171
-2.12403885044827,-0.722464141162657,-1.45103462037689
-2.11425967776884,-0.721533441509563,-1.44993711213668
-2.10448050508941,-0.72060274185647,-1.44883960389647
-2.09470133240998,-0.719672042203376,-1.44774209565627
-2.08492215973056,-0.718741342550283,-1.44664458741606
-2.07514298705113,-0.71781064289719,-1.44554707917586
-2.06548704536006,-0.716884867360125,-1.44434914965986
-2.05598119477108,-0.715965089226889,-1.44302891048655
-2.04647534418209,-0.715045311093653,-1.44170867131325
-2.03696949359311,-0.714125532960418,-1.44038843213994
-2.02746364300412,-0.713205754827182,-1.43906819296664
-2.01795779241514,-0.712285976693947,-1.43774795379333
-2.00863156131122,-0.711373437068837,-1.43628906165838
-1.9993913039457,-0.710464362110179,-1.43476380415418
-1.99015104658017,-0.70955528715152,-1.43323854664998
-1.98091078921465,-0.708646212192862,-1.43171328914578
-1.97167053184912,-0.707737137234204,-1.43018803164157
-1.9624302744836,-0.706828062275545,-1.42866277413737
-1.95342273797488,-0.70592844687028,-1.42696770182032
-1.94444056403431,-0.70502986239353,-1.42525412261127
-1.93545839009374,-0.704131277916781,-1.42354054340222
-1.92647621615317,-0.703232693440031,-1.42182696419317
-1.9174940422126,-0.702334108963282,-1.42011338498412
-1.90854375925078,-0.701436832129824,-1.41837784820196
-1.89981238126936,-0.700548531177336,-1.41649159098725
-1.89108100328795,-0.699660230224849,-1.41460533377255
-1.88234962530653,-0.698771929272361,-1.41271907655784
-1.87361824732511,-0.697883628319873,-1.41083281934313
-1.86488686934369,-0.696995327367385,-1.40894656212843
-1.85624142170485,-0.696110581167419,-1.40700462695966
-1.84775375491681,-0.695232362020182,-1.40496045881127
-1.83926608812876,-0.694354142872946,-1.40291629066287
-1.83077842134072,-0.69347592372571,-1.40087212251447
-1.82229075455267,-0.692597704578474,-1.39882795436607
-1.81380308776463,-0.691719485431238,-1.39678378621767
-1.80545230923468,-0.690846980115999,-1.39465640665873
-1.79720146404803,-0.689978646103268,-1.39246827978243
-1.78895061886137,-0.689110312090537,-1.39028015290614
-1.78069977367471,-0.688241978077806,-1.38809202602985
-1.77244892848805,-0.687373644065076,-1.38590389915356
-1.76419808330139,-0.686505310052345,-1.38371577227727
-1.75613630548782,-0.685644941125409,-1.38142027197612
-1.74812077838517,-0.684786520662001,-1.3790985053914
-1.74010525128252,-0.683928100198593,-1.37677673880669
-1.73208972417987,-0.683069679735184,-1.37445497222197
-1.72407419707722,-0.682211259271776,-1.37213320563726
-1.71605866997458,-0.681352838808367,-1.36981143905254
-1.70822143886994,-0.680502001289305,-1.36739546160004
-1.70043952524416,-0.679653516427444,-1.36495025462054
-1.69265761161838,-0.678805031565583,-1.36250504764105
-1.6848756979926,-0.677956546703722,-1.36005984066155
-1.67709378436682,-0.67710806184186,-1.35761463368205
-1.66931187074104,-0.676259576979999,-1.35516942670256
-1.66169386564613,-0.675418131642793,-1.35264408736044
-1.65413866935234,-0.674579383810724,-1.35008804176037
-1.64658347305855,-0.673740635978655,-1.34753199616031
-1.63902827676476,-0.672901888146587,-1.34497595056024
-1.63147308047097,-0.672063140314518,-1.34241990496018
-1.62391788417719,-0.671224392482449,-1.33986385936011
-1.61651289938112,-0.670392160249139,-1.33724023607124
-1.60917772254301,-0.669562956017352,-1.33458520732718
-1.60184254570489,-0.668733751785566,-1.33193017858313
-1.59450736886678,-0.667904547553779,-1.32927514983907
-1.58717219202866,-0.667075343321993,-1.32662012109502
-1.57983701519055,-0.666246139090206,-1.32396509235097
-1.57264169863736,-0.665423063616792,-1.3212525690646
-1.56552421197027,-0.664603398693887,-1.31850805103661
-1.55840672530318,-0.663783733770982,-1.31576353300862
-1.5512892386361,-0.662964068848077,-1.31301901498063
-1.54417175196901,-0.662144403925172,-1.31027449695264
-1.53705426530193,-0.661324739002268,-1.30752997892465
-1.53001456274008,-0.660508518430746,-1.30475645801306
-1.52311230442165,-0.659698384016139,-1.30193168910702
-1.51621004610322,-0.658888249601531,-1.29910692020099
-1.50930778778478,-0.658078115186923,-1.29628215129496
-1.50240552946635,-0.657267980772316,-1.29345738238892
-1.49550327114792,-0.656457846357708,-1.29063261348289
-1.48861777220154,-0.655648462078316,-1.28780223459024
-1.48192414193772,-0.654847665677689,-1.28490763009667
-1.4752305116739,-0.654046869277063,-1.2820130256031
-1.46853688141007,-0.653246072876436,-1.27911842110952
-1.46184325114625,-0.65244527647581,-1.27622381661595
-1.45514962088243,-0.651644480075183,-1.27332921212237
-1.44845599061861,-0.650843683674557,-1.2704346076288
-1.44192399044892,-0.650050201016566,-1.26749198092594
-1.43543258486227,-0.649258555258655,-1.26453729309316
-1.42894117927562,-0.648466909500743,-1.26158260526038
-1.42244977368897,-0.647675263742831,-1.2586279174276
-1.41595836810233,-0.64688361798492,-1.25567322959483
-1.40946696251568,-0.646091972227008,-1.25271854176205
-1.40307922524852,-0.645305070326373,-1.24973693313784
-1.39678787869635,-0.644522579260183,-1.24673029358474
-1.39049653214418,-0.643740088193993,-1.24372365403164
-1.38420518559201,-0.642957597127804,-1.24071701447854
-1.37791383903985,-0.642175106061614,-1.23771037492543
-1.37162249248768,-0.641392614995424,-1.23470373537233
-1.36533114593551,-0.640610123929235,-1.23169709581923
-1.35923213459388,-0.639836535885966,-1.2286475954294
-1.35313854528708,-0.639063198823785,-1.22559688676914
-1.34704495598028,-0.638289861761604,-1.22254617810887
-1.34095136667347,-0.637516524699424,-1.2194954694486
-1.33485777736667,-0.636743187637243,-1.21644476078834
-1.32876418805987,-0.635969850575062,-1.21339405212807
-1.32275234085225,-0.6352003422949,-1.21032813205191
-1.31685019574889,-0.634435972437268,-1.2072417974727
-1.31094805064554,-0.633671602579637,-1.20415546289349
-1.30504590554218,-0.632907232722006,-1.20106912831428
-1.29914376043882,-0.632142862864375,-1.19798279373507
-1.29324161533546,-0.631378493006744,-1.19489645915586
-1.2873394702321,-0.630614123149112,-1.19181012457665
-1.28160066674164,-0.629857496581869,-1.18869931692157
-1.27588384862339,-0.629101912242129,-1.18558521525175
-1.27016703050514,-0.628346327902389,-1.18247111358193
-1.26445021238689,-0.627590743562649,-1.17935701191211
-1.25873339426864,-0.626835159222909,-1.17624291024228
-1.2530165761504,-0.626079574883168,-1.17312880857246
-1.24736129548091,-0.625326944002164,-1.17000770649045
-1.24182775350357,-0.624580155908129,-1.16687275558886
-1.23629421152622,-0.623833367814093,-1.16373780468728
-1.23076066954887,-0.623086579720058,-1.1606028537857
-1.22522712757153,-0.622339791626022,-1.15746790288412
-1.21969358559418,-0.621593003531987,-1.15433295198253
-1.21416004361683,-0.620846215437951,-1.15119800108095
-1.20871729712159,-0.620103840587541,-1.14805594031909
-1.20336484421217,-0.619365854585372,-1.14490680899861
-1.19801239130275,-0.618627868583203,-1.14175767767813
-1.19265993839333,-0.617889882581035,-1.13860854635765
-1.18730748548391,-0.617151896578866,-1.13545941503717
-1.18195503257449,-0.616413910576698,-1.13231028371669
-1.17660257966507,-0.615675924574529,-1.12916115239621
-1.17136689346537,-0.614943688679234,-1.12600700824932
-1.16618950099278,-0.614214323423711,-1.12285036153697
-1.16101210852018,-0.613484958168187,-1.11969371482461
-1.15583471604759,-0.612755592912664,-1.11653706811226
-1.15065732357499,-0.61202622765714,-1.11338042139991
-1.1454799311024,-0.611296862401617,-1.11022377468755
-1.1403025386298,-0.610567497146093,-1.1070671279752
-1.13526604929901,-0.609845163042301,-1.10390934917881
-1.13025788338238,-0.609124242293952,-1.1007513428184
-1.12524971746576,-0.608403321545604,-1.09759333645799
-1.12024155154913,-0.607682400797255,-1.09443533009759
-1.1152333856325,-0.606961480048906,-1.09127732373718
-1.11022521971587,-0.606240559300558,-1.08811931737677
-1.10521705379925,-0.605519638552209,-1.08496131101636
-1.10037588915813,-0.604807165576345,-1.08180775859223
-1.09553501687604,-0.604094707389484,-1.07865421396533
-1.09069414459394,-0.603382249202624,-1.07550066933844
-1.08585327231185,-0.602669791015763,-1.07234712471154
-1.08101240002975,-0.601957332828902,-1.06919358008464
-1.07617152774766,-0.601244874642041,-1.06604003545775
-1.07133065546556,-0.600532416455181,-1.06288649083085
-1.06662971747995,-0.599827136527905,-1.05974144450489
-1.06195406914403,-0.599123153892823,-1.05659793403583
-1.05727842080811,-0.598419171257741,-1.05345442356676
-1.05260277247219,-0.597715188622659,-1.0503109130977
-1.04792712413627,-0.597011205987577,-1.04716740262863
-1.04325147580035,-0.596307223352495,-1.04402389215957
-1.03857582746443,-0.595603240717413,-1.0408803816905
-1.03401111431134,-0.59490503130769,-1.03774737938291
-1.02949494224997,-0.59420934804571,-1.03461897505422
-1.02497877018861,-0.59351366478373,-1.03149057072552
-1.02046259812725,-0.59281798152175,-1.02836216639683
-1.01594642606589,-0.59212229825977,-1.02523376206813
-1.01143025400453,-0.59142661499779,-1.02210535773944
-1.00691408194317,-0.59073093173581,-1.01897695341074
-1.00248169082017,-0.590039672759802,-1.01585929386027
-0.998119441091001,-0.589352117795598,-1.01275062983712
-0.993757191361833,-0.588664562831395,-1.00964196581398
-0.989394941632664,-0.587977007867192,-1.00653330179084
-0.985032691903496,-0.587289452902988,-1.00342463776769
-0.980670442174327,-0.586601897938784,-1.00031597374455
-0.976308192445159,-0.585914342974581,-0.997207309721408
-0.972005719860901,-0.585229992592014,-0.994108304810475
-0.967795578192964,-0.584550591960046,-0.991024219225022
-0.963585436525027,-0.583871191328079,-0.987940133639569
-0.95937529485709,-0.583191790696111,-0.984856048054116
-0.955165153189153,-0.582512390064143,-0.981771962468663
-0.950955011521216,-0.581832989432176,-0.97868787688321
-0.946744869853279,-0.581153588800208,-0.975603791297757
-0.942534728185342,-0.580474188168241,-0.972519705712305
-0.938458512951612,-0.579802079007913,-0.969461634956418
-0.934398527445453,-0.579130853456554,-0.966406716779028
-0.930338541939295,-0.578459627905194,-0.963351798601638
-0.926278556433136,-0.577788402353834,-0.960296880424248
-0.922218570926978,-0.577117176802475,-0.957241962246859
-0.918158585420819,-0.576445951251115,-0.954187044069469
-0.914098599914661,-0.575774725699755,-0.951132125892079
-0.910095162974168,-0.575106628306814,-0.948090035793676
-0.906179863130648,-0.574443406489382,-0.945067939653179
-0.902264563287127,-0.57378018467195,-0.942045843512682
-0.898349263443606,-0.573116962854518,-0.939023747372185
-0.894433963600085,-0.572453741037086,-0.936001651231687
-0.890518663756565,-0.571790519219654,-0.93297955509119
-0.886603363913044,-0.571127297402222,-0.929957458950693
-0.882688064069523,-0.57046407558479,-0.926935362810196
-0.878896803901564,-0.569807827259573,-0.923945393034096
-0.875120912006905,-0.569152442936409,-0.920959403651737
-0.871345020112247,-0.568497058613244,-0.917973414269378
-0.867569128217588,-0.567841674290079,-0.914987424887019
-0.863793236322929,-0.567186289966914,-0.91200143550466
-0.860017344428271,-0.566530905643749,-0.909015446122302
-0.856241452533612,-0.565875521320585,-0.906029456739943
-0.852519087638217,-0.565223196845085,-0.903059041912961
-0.848880909344113,-0.564575684860084,-0.900113122553723
-0.845242731050008,-0.563928172875084,-0.897167203194485
-0.841604552755904,-0.563280660890083,-0.894221283835247
-0.8379663744618,-0.562633148905083,-0.891275364476009
-0.834328196167696,-0.561985636920082,-0.888329445116771
-0.830690017873591,-0.561338124935081,-0.885383525757533
-0.827051839579487,-0.560690612950081,-0.882437606398294
-0.823481487947327,-0.560047045176227,-0.879513542211464
-0.819979189970788,-0.559407434813507,-0.876611406339165
-0.81647689199425,-0.558767824450786,-0.873709270466865
-0.812974594017711,-0.558128214088065,-0.870807134594565
-0.809472296041173,-0.557488603725345,-0.867904998722265
-0.805969998064634,-0.556848993362624,-0.865002862849965
-0.802467700088096,-0.556209382999904,-0.862100726977665
-0.798965402111557,-0.555569772637183,-0.859198591105365
-0.795542774354198,-0.554934877710813,-0.856324612929034
-0.792171159134257,-0.55430300206035,-0.853468664018016
-0.788799543914317,-0.553671126409887,-0.850612715106999
-0.785427928694376,-0.553039250759424,-0.847756766195982
-0.782056313474435,-0.552407375108961,-0.844900817284965
-0.778684698254495,-0.551775499458498,-0.842044868373948
-0.775313083034554,-0.551143623808035,-0.839188919462931
-0.771941467814614,-0.550511748157572,-0.836332970551914
-0.76866035613646,-0.549885325973937,-0.833511792949438
-0.765414418066556,-0.549261023244436,-0.830704128988095
-0.762168479996652,-0.548636720514936,-0.827896465026752
-0.758922541926748,-0.548012417785435,-0.825088801065408
-0.755676603856845,-0.547388115055935,-0.822281137104065
-0.752430665786941,-0.546763812326434,-0.819473473142722
-0.749184727717037,-0.546139509596933,-0.816665809181379
-0.745938789647133,-0.545515206867433,-0.813858145220036
-0.742795933882092,-0.544897231411573,-0.811093238630603
-0.739674100371188,-0.544280546318347,-0.808337051833959
-0.736552266860283,-0.543663861225121,-0.805580865037314
-0.733430433349378,-0.543047176131895,-0.802824678240669
-0.730308599838474,-0.542430491038669,-0.800068491444024
-0.727186766327569,-0.541813805945443,-0.79731230464738
-0.724064932816665,-0.541197120852217,-0.794556117850735
-0.72094309930576,-0.540580435758992,-0.79179993105409
-0.717883255167125,-0.539967628549356,-0.789071306347026
-0.714883812783778,-0.539358599906385,-0.786369537833679
-0.711884370400432,-0.538749571263414,-0.783667769320333
-0.708884928017085,-0.538140542620444,-0.780966000806986
-0.705885485633739,-0.537531513977473,-0.77826423229364
-0.702886043250392,-0.536922485334502,-0.775562463780293
-0.699886600867046,-0.536313456691531,-0.772860695266946
-0.696887158483699,-0.53570442804856,-0.7701589267536
-0.693909136783384,-0.535096765944135,-0.767467320821366
-0.69102715609172,-0.534495230803079,-0.764821279474497
-0.688145175400057,-0.533893695662023,-0.762175238127628
-0.685263194708394,-0.533292160520967,-0.759529196780758
-0.68238121401673,-0.532690625379911,-0.756883155433889
-0.679499233325067,-0.532089090238855,-0.75423711408702
-0.676617252633403,-0.531487555097799,-0.751591072740151
-0.67373527194174,-0.530886019956743,-0.748945031393282
-0.670853291250076,-0.530284484815687,-0.746298990046413
-0.668068054462584,-0.529689245464611,-0.743701689537635
-0.665298797314044,-0.529095046018339,-0.741112439778943
-0.662529540165504,-0.528500846572068,-0.738523190020251
-0.659760283016964,-0.527906647125796,-0.735933940261559
-0.656991025868424,-0.527312447679525,-0.733344690502868
-0.654221768719883,-0.526718248233253,-0.730755440744176
-0.651452511571343,-0.526124048786981,-0.728166190985484
-0.648683254422803,-0.52552984934071,-0.725576941226793
-0.64597343143214,-0.524939597919423,-0.723019371268504
-0.643315449666731,-0.524352790148386,-0.72048943389941
-0.640657467901322,-0.523765982377348,-0.717959496530316
-0.637999486135913,-0.52317917460631,-0.715429559161222
-0.635341504370504,-0.522592366835272,-0.712899621792128
-0.632683522605095,-0.522005559064234,-0.710369684423033
-0.630025540839686,-0.521418751293196,-0.707839747053939
-0.627367559074278,-0.520831943522158,-0.705309809684845
-0.624709577308869,-0.52024513575112,-0.702779872315751
-0.622130507908908,-0.51966368167027,-0.700294238810738
-0.619582209792678,-0.519084315220665,-0.697825881264497
-0.617033911676449,-0.51850494877106,-0.695357523718256
-0.61448561356022,-0.517925582321454,-0.692889166172016
-0.61193731544399,-0.517346215871849,-0.690420808625775
-0.609389017327761,-0.516766849422244,-0.687952451079534
-0.606840719211531,-0.516187482972639,-0.685484093533293
-0.604292421095302,-0.515608116523034,-0.683015735987052
-0.601744122979073,-0.515028750073429,-0.680547378440811
-0.599290843041257,-0.514455972085909,-0.678135064368115
-0.596847561673958,-0.513883887388915,-0.67572864763666
-0.594404280306659,-0.51331180269192,-0.673322230905205
-0.591960998939361,-0.512739717994925,-0.670915814173751
-0.589517717572062,-0.51216763329793,-0.668509397442296
-0.587074436204764,-0.511595548600936,-0.666102980710841
-0.584631154837465,-0.511023463903941,-0.663696563979387
-0.582187873470166,-0.510451379206946,-0.661290147247932
-0.579753653553405,-0.509879936879013,-0.658889328775196
-0.577410912893139,-0.509314979544174,-0.656545027141912
-0.575068172232874,-0.508750022209336,-0.654200725508628
-0.572725431572608,-0.508185064874497,-0.651856423875344
-0.570382690912343,-0.507620107539658,-0.64951212224206
-0.568039950252077,-0.50705515020482,-0.647167820608776
-0.565697209591812,-0.506490192869981,-0.644823518975492
-0.563354468931547,-0.505925235535143,-0.642479217342208
-0.561011728271281,-0.505360278200304,-0.640134915708924
-0.558696319370794,-0.504797303237277,-0.637808260431401
-0.556452799639015,-0.504239542393752,-0.635528019356866
-0.554209279907237,-0.503681781550227,-0.633247778282332
-0.551965760175458,-0.503124020706701,-0.630967537207798
-0.549722240443679,-0.502566259863176,-0.628687296133263
-0.547478720711901,-0.50200849901965,-0.626407055058729
-0.545235200980122,-0.501450738176125,-0.624126813984195
-0.542991681248344,-0.500892977332599,-0.62184657290966
-0.540748161516565,-0.500335216489074,-0.619566331835126
-0.538504641784787,-0.499777455645548,-0.617286090760592
-0.536349217921685,-0.499226236386067,-0.615065102788613
-0.53420345185718,-0.498675734269196,-0.612850610632376
-0.532057685792675,-0.498125232152325,-0.61063611847614
-0.52991191972817,-0.497574730035454,-0.608421626319903
-0.527766153663665,-0.497024227918583,-0.606207134163667
-0.525620387599159,-0.496473725801712,-0.603992642007431
-0.523474621534654,-0.495923223684841,-0.601778149851194
-0.521328855470149,-0.49537272156797,-0.599563657694958
-0.519183089405644,-0.494822219451099,-0.597349165538722
-0.5170865094686,-0.494275459572341,-0.59516908187894
-0.515034086033472,-0.493732059261676,-0.593019888206191
-0.512981662598343,-0.493188658951011,-0.590870694533443
-0.510929239163215,-0.492645258640345,-0.588721500860695
-0.508876815728086,-0.49210185832968,-0.586572307187947
-0.506824392292957,-0.491558458019015,-0.584423113515199
-0.504771968857829,-0.491015057708349,-0.582273919842451
-0.5027195454227,-0.490471657397684,-0.580124726169703
-0.500667121987571,-0.489928257087019,-0.577975532496954
-0.498628305825518,-0.489385917926358,-0.575836219713851
-0.496665004760853,-0.488849467737388,-0.573751742042799
-0.494701703696188,-0.488313017548417,-0.571667264371746
-0.492738402631523,-0.487776567359447,-0.569582786700694
-0.490775101566858,-0.487240117170476,-0.567498309029642
-0.488811800502193,-0.486703666981506,-0.565413831358589
-0.486848499437528,-0.486167216792536,-0.563329353687537
-0.484885198372863,-0.485630766603565,-0.561244876016485
-0.482921897308198,-0.485094316414595,-0.559160398345433
-0.480958596243533,-0.484557866225624,-0.55707592067438
-0.479063747047049,-0.484026892251316,-0.555042958577573
-0.477188382936551,-0.483497477102447,-0.553024660585931
-0.475313018826052,-0.482968061953578,-0.551006362594289
-0.473437654715554,-0.48243864680471,-0.548988064602647
-0.471562290605055,-0.481909231655841,-0.546969766611006
-0.469686926494557,-0.481379816506973,-0.544951468619364
-0.467811562384059,-0.480850401358104,-0.542933170627722
-0.46593619827356,-0.480320986209235,-0.54091487263608
-0.464060834163062,-0.479791571060367,-0.538896574644438
-0.462185470052563,-0.479262155911498,-0.536878276652797
-0.460375686017549,-0.478738126850429,-0.534911005053024
-0.458586920325332,-0.478215824024636,-0.532960087356295
-0.456798154633114,-0.477693521198843,-0.531009169659565
-0.455009388940896,-0.47717121837305,-0.529058251962835
-0.453220623248679,-0.476648915547257,-0.527107334266105
-0.451431857556461,-0.476126612721463,-0.525156416569375
-0.449643091864244,-0.47560430989567,-0.523205498872645
-0.447854326172026,-0.475082007069877,-0.521254581175915
-0.446065560479808,-0.474559704244084,-0.519303663479186
-0.444276794787591,-0.474037401418291,-0.517352745782456
-0.442548714368505,-0.473520220129163,-0.515450594240346
-0.44084238365769,-0.473004874407753,-0.513565920573538
-0.439136052946875,-0.472489528686343,-0.511681246906731
-0.43742972223606,-0.471974182964933,-0.509796573239923
-0.435723391525245,-0.471458837243524,-0.507911899573115
-0.43401706081443,-0.470943491522114,-0.506027225906307
-0.432310730103615,-0.470428145800704,-0.5041425522395
-0.4306043993928,-0.469912800079294,-0.502257878572692
-0.428898068681985,-0.469397454357885,-0.500373204905884
-0.42719173797117,-0.468882108636475,-0.498488531239076
-0.425541510410319,-0.468371630266103,-0.496650354159114
-0.423913642466935,-0.467863091753072,-0.494830708051051
-0.422285774523551,-0.467354553240041,-0.493011061942987
-0.420657906580167,-0.46684601472701,-0.491191415834923
-0.419030038636783,-0.466337476213979,-0.48937176972686
-0.417402170693399,-0.465828937700948,-0.487552123618796
-0.415774302750015,-0.465320399187917,-0.485732477510732
-0.414146434806631,-0.464811860674886,-0.483912831402669
-0.412518566863247,-0.464303322161854,-0.482093185294605
-0.410890698919863,-0.463794783648823,-0.480273539186542
-0.409316553379777,-0.463291041221134,-0.478499761449271
-0.407766106545213,-0.462789414503228,-0.47674621774744
-0.406215659710649,-0.462287787785321,-0.474992674045608
-0.404665212876085,-0.461786161067414,-0.473239130343777
-0.403114766041521,-0.461284534349508,-0.471485586641945
-0.401564319206957,-0.460782907631601,-0.469732042940113
-0.400013872372393,-0.460281280913694,-0.467978499238282
-0.398463425537829,-0.459779654195788,-0.46622495553645
-0.396912978703264,-0.459278027477881,-0.464471411834619
-0.3953625318687,-0.458776400759974,-0.462717868132787
-0.393812085034136,-0.458274774042068,-0.460964324430955
-0.392331165285839,-0.457779539867682,-0.459271812084958
-0.390856936483867,-0.457284920880381,-0.45758517309779
-0.389382707681894,-0.456790301893081,-0.455898534110621
-0.387908478879922,-0.456295682905781,-0.454211895123453
-0.38643425007795,-0.45580106391848,-0.452525256136285
-0.384960021275977,-0.45530644493118,-0.450838617149116
-0.383485792474005,-0.454811825943879,-0.449151978161948
-0.382011563672033,-0.454317206956579,-0.44746533917478
-0.38053733487006,-0.453822587969279,-0.445778700187612
-0.379063106068088,-0.453327968981978,-0.444092061200443
-0.377598313290672,-0.452834244491738,-0.442413932112316
-0.376196375953743,-0.45234647844368,-0.440792489338387
-0.374794438616815,-0.451858712395621,-0.439171046564457
-0.373392501279887,-0.451370946347563,-0.437549603790527
-0.371990563942958,-0.450883180299504,-0.435928161016597
-0.37058862660603,-0.450395414251446,-0.434306718242668
-0.369186689269101,-0.449907648203387,-0.432685275468738
-0.367784751932173,-0.449419882155329,-0.431063832694808
-0.366382814595245,-0.44893211610727,-0.429442389920878
-0.364980877258316,-0.448444350059212,-0.427820947146948
-0.363578939921388,-0.447956584011154,-0.426199504373019
-0.362200918270305,-0.447471156460055,-0.424600198045997
-0.360867538305099,-0.446990094012569,-0.423042212227853
-0.359534158339892,-0.446509031565083,-0.421484226409709
-0.358200778374686,-0.446027969117596,-0.419926240591565
-0.356867398409479,-0.44554690667011,-0.418368254773421
-0.355534018444273,-0.445065844222624,-0.416810268955277
-0.354200638479066,-0.444584781775138,-0.415252283137133
-0.35286725851386,-0.444103719327652,-0.413694297318988
-0.351533878548653,-0.443622656880166,-0.412136311500844
-0.350200498583446,-0.44314159443268,-0.4105783256827
-0.34886711861824,-0.442660531985194,-0.409020339864556
-0.347572120984906,-0.442183345437295,-0.407498787667528
-0.346306416064805,-0.441709116907045,-0.406005040962332
-0.345040711144703,-0.441234888376794,-0.404511294257136
-0.343775006224602,-0.440760659846544,-0.403017547551941
-0.3425093013045,-0.440286431316294,-0.401523800846745
-0.341243596384399,-0.439812202786044,-0.400030054141549
-0.339977891464298,-0.439337974255794,-0.398536307436353
-0.338712186544196,-0.438863745725544,-0.397042560731157
-0.337446481624095,-0.438389517195294,-0.395548814025961
-0.336180776703993,-0.437915288665043,-0.394055067320766
-0.334915071783892,-0.437441060134793,-0.39256132061557
-0.333649366863791,-0.436966831604543,-0.391067573910374
-0.33244166300517,-0.436498657637014,-0.389630186898229
-0.331242576730179,-0.436031383234066,-0.388201173601251
-0.330043490455189,-0.435564108831118,-0.386772160304273
-0.328844404180198,-0.43509683442817,-0.385343147007295
-0.327645317905207,-0.434629560025222,-0.383914133710317
-0.326446231630217,-0.434162285622275,-0.382485120413339
-0.325247145355226,-0.433695011219327,-0.381056107116361
-0.324048059080235,-0.433227736816379,-0.379627093819383
-0.322848972805244,-0.432760462413431,-0.378198080522405
-0.321649886530254,-0.432293188010483,-0.376769067225427
-0.320450800255263,-0.431825913607535,-0.375340053928448
-0.319262669193192,-0.431359822931134,-0.373921932809616
-0.318126496987143,-0.430899346484022,-0.372555471582763
-0.316990324781095,-0.430438870036909,-0.371189010355911
-0.315854152575046,-0.429978393589797,-0.369822549129059
-0.314717980368998,-0.429517917142684,-0.368456087902207
-0.313581808162949,-0.429057440695572,-0.367089626675354
-0.312445635956901,-0.428596964248459,-0.365723165448502
-0.311309463750852,-0.428136487801347,-0.36435670422165
-0.310173291544804,-0.427676011354234,-0.362990242994798
-0.309037119338755,-0.427215534907122,-0.361623781767946
-0.307900947132707,-0.426755058460009,-0.360257320541093
-0.306764774926658,-0.426294582012897,-0.358890859314241
-0.305656975299735,-0.425837280490112,-0.357553240282684
-0.304580207615195,-0.425383451477471,-0.356247166826828
-0.303503439930655,-0.42492962246483,-0.354941093370972
-0.302426672246115,-0.424475793452188,-0.353635019915116
-0.301349904561575,-0.424021964439547,-0.35232894645926
-0.300273136877035,-0.423568135426906,-0.351022873003404
-0.299196369192495,-0.423114306414265,-0.349716799547549
-0.298119601507955,-0.422660477401623,-0.348410726091693
-0.297042833823414,-0.422206648388982,-0.347104652635837
-0.295966066138874,-0.421752819376341,-0.345798579179981
-0.294889298454334,-0.421298990363699,-0.344492505724125
-0.293812530769794,-0.420845161351058,-0.343186432268269
-0.292781621230252,-0.420396654615077,-0.34192799440322
-0.291763563002791,-0.41994963939687,-0.340682905962656
-0.290745504775331,-0.419502624178662,-0.339437817522092
-0.28972744654787,-0.419055608960455,-0.338192729081529
-0.288709388320409,-0.418608593742248,-0.336947640640965
-0.287691330092949,-0.418161578524041,-0.335702552200401
-0.286673271865488,-0.417714563305833,-0.334457463759837
-0.285655213638028,-0.417267548087626,-0.333212375319273
-0.284637155410567,-0.416820532869419,-0.33196728687871
-0.283619097183107,-0.416373517651212,-0.330722198438146
-0.282601038955646,-0.415926502433004,-0.329477109997582
-0.281582980728185,-0.415479487214797,-0.328232021557018
-0.280564922500725,-0.41503247199659,-0.326986933116454
-0.279601670768279,-0.414592061461608,-0.325799920103354
-0.278641432427566,-0.414152014067853,-0.324616100215684
-0.277681194086853,-0.413711966674098,-0.323432280328013
-0.276720955746139,-0.413271919280343,-0.322248460440343
-0.275760717405426,-0.412831871886589,-0.321064640552673
-0.274800479064712,-0.412391824492834,-0.319880820665002
-0.273840240723999,-0.411951777099079,-0.318697000777332
-0.272880002383286,-0.411511729705324,-0.317513180889662
-0.271919764042572,-0.411071682311569,-0.316329361001991
-0.270959525701859,-0.410631634917814,-0.315145541114321
-0.269999287361145,-0.410191587524059,-0.313961721226651
-0.269039049020432,-0.409751540130304,-0.31277790133898
-0.268085038571917,-0.409312273307084,-0.31160081158725
-0.267179114958047,-0.408879033429264,-0.310475686597227
-0.266273191344176,-0.408445793551444,-0.309350561607205
-0.265367267730306,-0.408012553673624,-0.308225436617183
-0.264461344116435,-0.407579313795804,-0.307100311627161
-0.263555420502564,-0.407146073917983,-0.305975186637138
-0.262649496888694,-0.406712834040163,-0.304850061647116
-0.261743573274823,-0.406279594162343,-0.303724936657094
-0.260837649660952,-0.405846354284523,-0.302599811667072
-0.259931726047082,-0.405413114406703,-0.301474686677049
-0.259025802433211,-0.404979874528883,-0.300349561687027
-0.258119878819341,-0.404546634651062,-0.299224436697005
-0.25721395520547,-0.404113394773242,-0.298099311706983
-0.256322387828757,-0.403682027382704,-0.296989999817947
-0.255467473614936,-0.403255440672549,-0.2959210606366
-0.254612559401116,-0.402828853962394,-0.294852121455252
-0.253757645187295,-0.402402267252239,-0.293783182273905
-0.252902730973474,-0.401975680542083,-0.292714243092558
-0.252047816759654,-0.401549093831928,-0.291645303911211
-0.251192902545833,-0.401122507121773,-0.290576364729863
-0.250337988332013,-0.400695920411618,-0.289507425548516
-0.249483074118192,-0.400269333701463,-0.288438486367169
-0.248628159904371,-0.399842746991308,-0.287369547185822
-0.247773245690551,-0.399416160281153,-0.286300608004474
-0.24691833147673,-0.398989573570997,-0.285231668823127
-0.246063417262909,-0.398562986860842,-0.28416272964178
-0.245231164339742,-0.398139481886489,-0.28311922248847
-0.244426808209641,-0.397719770630123,-0.282107022996946
-0.24362245207954,-0.397300059373758,-0.281094823505422
-0.242818095949438,-0.396880348117392,-0.280082624013898
-0.242013739819337,-0.396460636861026,-0.279070424522374
-0.241209383689236,-0.39604092560466,-0.27805822503085
-0.240405027559135,-0.395621214348294,-0.277046025539326
-0.239600671429034,-0.395201503091928,-0.276033826047802
-0.238796315298933,-0.394781791835563,-0.275021626556278
-0.237991959168831,-0.394362080579197,-0.274009427064754
-0.23718760303873,-0.393942369322831,-0.27299722757323
-0.236383246908629,-0.393522658066465,-0.271985028081706
-0.235578890778528,-0.393102946810099,-0.270972828590182
-0.234774534648427,-0.392683235553733,-0.269960629098658
-0.233976633808735,-0.392264440852905,-0.268955798203075
-0.233222153735988,-0.391851811257267,-0.268000531318833
-0.232467673663241,-0.391439181661628,-0.267045264434591
-0.231713193590494,-0.391026552065989,-0.266089997550349
-0.230958713517747,-0.39061392247035,-0.265134730666107
-0.230204233445,-0.390201292874712,-0.264179463781864
-0.229449753372253,-0.389788663279073,-0.263224196897622
-0.228695273299506,-0.389376033683434,-0.26226893001338
-0.227940793226759,-0.388963404087795,-0.261313663129138
-0.227186313154012,-0.388550774492156,-0.260358396244896
-0.226431833081265,-0.388138144896518,-0.259403129360653
-0.225677353008518,-0.387725515300879,-0.258447862476411
-0.224922872935771,-0.38731288570524,-0.257492595592169
-0.224168392863023,-0.386900256109601,-0.256537328707927
-0.223413912790276,-0.386487626513963,-0.255582061823685
-0.222697152365991,-0.386080600420493,-0.254670582461319
-0.221989203547645,-0.385674883349112,-0.253769332207748
-0.221281254729298,-0.38526916627773,-0.252868081954177
-0.220573305910952,-0.384863449206349,-0.251966831700606
-0.219865357092606,-0.384457732134968,-0.251065581447035
-0.219157408274259,-0.384052015063586,-0.250164331193464
-0.218449459455913,-0.383646297992205,-0.249263080939893
-0.217741510637567,-0.383240580920824,-0.248361830686322
-0.217033561819221,-0.382834863849442,-0.247460580432751
-0.216325613000874,-0.382429146778061,-0.24655933017918
-0.215617664182528,-0.38202342970668,-0.24565807992561
-0.214909715364182,-0.381617712635298,-0.244756829672039
-0.214201766545835,-0.381211995563917,-0.243855579418468
-0.213493817727489,-0.380806278492535,-0.242954329164897
-0.21280721224939,-0.380403881236718,-0.242078268441039
-0.212142658834568,-0.380004914033649,-0.241228233685787
-0.211478105419747,-0.379605946830581,-0.240378198930534
-0.210813552004926,-0.379206979627512,-0.239528164175282
-0.210148998590104,-0.378808012424443,-0.238678129420029
-0.209484445175283,-0.378409045221375,-0.237828094664776
-0.208819891760462,-0.378010078018306,-0.236978059909524
-0.20815533834564,-0.377611110815237,-0.236128025154271
-0.207490784930819,-0.377212143612169,-0.235277990399019
-0.206826231515998,-0.3768131764091,-0.234427955643766
-0.206161678101177,-0.376414209206031,-0.233577920888514
-0.205497124686355,-0.376015242002963,-0.232727886133261
-0.204832571271534,-0.375616274799894,-0.231877851378009
-0.204168017856713,-0.375217307596825,-0.231027816622756
-0.203510653915403,-0.37481951268014,-0.230186401988544
-0.202887649056844,-0.374427320216095,-0.229386183618796
-0.202264644198286,-0.374035127752049,-0.228585965249049
-0.201641639339728,-0.373642935288004,-0.227785746879302
-0.201018634481169,-0.373250742823959,-0.226985528509554
-0.200395629622611,-0.372858550359913,-0.226185310139807
-0.199772624764052,-0.372466357895868,-0.225385091770059
-0.199149619905494,-0.372074165431822,-0.224584873400312
-0.198526615046935,-0.371681972967777,-0.223784655030565
-0.197903610188377,-0.371289780503732,-0.222984436660817
-0.197280605329818,-0.370897588039686,-0.22218421829107
-0.19665760047126,-0.370505395575641,-0.221383999921323
-0.196034595612702,-0.370113203111596,-0.220583781551575
-0.195411590754143,-0.36972101064755,-0.219783563181828
-0.194788585895585,-0.369328818183505,-0.218983344812081
-0.194167801661849,-0.368937005480547,-0.218185825846942
-0.19358453337147,-0.368551608582407,-0.217433911483422
-0.193001265081091,-0.368166211684268,-0.216681997119903
-0.192417996790712,-0.367780814786129,-0.215930082756384
-0.191834728500332,-0.367395417887989,-0.215178168392864
-0.191251460209953,-0.36701002098985,-0.214426254029345
-0.190668191919574,-0.36662462409171,-0.213674339665826
-0.190084923629195,-0.366239227193571,-0.212922425302306
-0.189501655338816,-0.365853830295431,-0.212170510938787
-0.188918387048436,-0.365468433397292,-0.211418596575268
-0.188335118758057,-0.365083036499153,-0.210666682211748
-0.187751850467678,-0.364697639601013,-0.209914767848229
-0.187168582177299,-0.364312242702874,-0.20916285348471
-0.186585313886919,-0.363926845804734,-0.20841093912119
-0.18600204559654,-0.363541448906595,-0.207659024757671
-0.185418777306161,-0.363156052008455,-0.206907110394152
-0.184870191537747,-0.362776884664471,-0.206197927393756
-0.184323869485602,-0.362398123921343,-0.205491533454722
-0.183777547433457,-0.362019363178214,-0.204785139515688
-0.183231225381313,-0.361640602435086,-0.204078745576653
-0.182684903329168,-0.361261841691957,-0.203372351637619
-0.182138581277023,-0.360883080948828,-0.202665957698585
-0.181592259224878,-0.3605043202057,-0.20195956375955
-0.181045937172733,-0.360125559462571,-0.201253169820516
-0.180499615120589,-0.359746798719442,-0.200546775881482
-0.179953293068444,-0.359368037976314,-0.199840381942447
-0.179406971016299,-0.358989277233185,-0.199133988003413
-0.178860648964154,-0.358610516490056,-0.198427594064379
-0.178314326912009,-0.358231755746928,-0.197721200125344
-0.177768004859865,-0.357852995003799,-0.19701480618631
-0.17722168280772,-0.35747423426067,-0.196308412247276
-0.176703571950815,-0.357100799525289,-0.195637240826452
-0.1761915878311,-0.356728521460139,-0.194973718819643
-0.175679603711385,-0.35635624339499,-0.194310196812835
-0.17516761959167,-0.35598396532984,-0.193646674806026
-0.174655635471954,-0.355611687264691,-0.192983152799217
-0.174143651352239,-0.355239409199541,-0.192319630792408
-0.173631667232524,-0.354867131134392,-0.1916561087856
-0.173119683112809,-0.354494853069242,-0.190992586778791
-0.172607698993094,-0.354122575004092,-0.190329064771982
-0.172095714873379,-0.353750296938943,-0.189665542765173
-0.171583730753664,-0.353378018873793,-0.189002020758365
-0.171071746633948,-0.353005740808644,-0.188338498751556
-0.170559762514233,-0.352633462743494,-0.187674976744747
-0.170047778394518,-0.352261184678345,-0.187011454737938
-0.169535794274803,-0.351888906613195,-0.186347932731129
-0.169046906239686,-0.351521217316089,-0.185713613909216
-0.16856770944937,-0.351155453491426,-0.185091548905156
-0.168088512659054,-0.350789689666763,-0.184469483901097
-0.167609315868739,-0.350423925842101,-0.183847418897037
-0.167130119078423,-0.350058162017438,-0.183225353892978
-0.166650922288107,-0.349692398192775,-0.182603288888918
-0.166171725497792,-0.349326634368112,-0.181981223884859
-0.165692528707476,-0.348960870543449,-0.181359158880799
-0.165213331917161,-0.348595106718787,-0.18073709387674
-0.164734135126845,-0.348229342894124,-0.18011502887268
-0.164254938336529,-0.347863579069461,-0.179492963868621
-0.163775741546214,-0.347497815244798,-0.178870898864561
-0.163296544755898,-0.347132051420136,-0.178248833860502
-0.162817347965582,-0.346766287595473,-0.177626768856442
-0.162338151175267,-0.34640052377081,-0.177004703852383
-0.161858954384951,-0.346034759946147,-0.176382638848323
-0.161402263507127,-0.345673703574966,-0.175789338833876
-0.16095434093214,-0.345314481227521,-0.175207245658526
-0.160506418357153,-0.344955258880076,-0.174625152483176
-0.160058495782166,-0.344596036532632,-0.174043059307826
-0.159610573207179,-0.344236814185187,-0.173460966132476
-0.159162650632191,-0.343877591837742,-0.172878872957126
-0.158714728057204,-0.343518369490297,-0.172296779781776
-0.158266805482217,-0.343159147142852,-0.171714686606426
-0.15781888290723,-0.342799924795408,-0.171132593431076
-0.157370960332243,-0.342440702447963,-0.170550500255726
-0.156923037757256,-0.342081480100518,-0.169968407080377
-0.156475115182269,-0.341722257753073,-0.169386313905027
-0.156027192607282,-0.341363035405628,-0.168804220729677
-0.155579270032295,-0.341003813058184,-0.168222127554327
-0.155131347457308,-0.340644590710739,-0.167640034378977
-0.154683424882321,-0.340285368363294,-0.167057941203627
-0.154256795134878,-0.339930841687053,-0.166503350355224
-0.153837848618585,-0.339578009380769,-0.165958683352524
-0.153418902102293,-0.339225177074484,-0.165414016349824
-0.152999955586001,-0.3388723447682,-0.164869349347124
-0.152581009069709,-0.338519512461915,-0.164324682344423
-0.152162062553416,-0.338166680155631,-0.163780015341723
-0.151743116037124,-0.337813847849346,-0.163235348339023
-0.151324169520832,-0.337461015543062,-0.162690681336323
-0.15090522300454,-0.337108183236777,-0.162146014333623
-0.150486276488247,-0.336755350930493,-0.161601347330923
-0.150067329971955,-0.336402518624208,-0.161056680328223
-0.149648383455663,-0.336049686317924,-0.160512013325523
-0.149229436939371,-0.335696854011639,-0.159967346322822
-0.148810490423078,-0.335344021705355,-0.159422679320122
-0.148391543906786,-0.33499118939907,-0.158878012317422
-0.147972597390494,-0.334638357092786,-0.158333345314722
-0.147573778110318,-0.334290208148111,-0.157814947428197
-0.147181666026256,-0.333943619885918,-0.157305303456663
-0.146789553942195,-0.333597031623724,-0.15679565948513
-0.146397441858134,-0.33325044336153,-0.156286015513596
-0.146005329774072,-0.332903855099336,-0.155776371542062
-0.145613217690011,-0.332557266837143,-0.155266727570528
-0.14522110560595,-0.332210678574949,-0.154757083598994
-0.144828993521888,-0.331864090312755,-0.15424743962746
-0.144436881437827,-0.331517502050561,-0.153737795655926
-0.144044769353766,-0.331170913788368,-0.153228151684392
-0.143652657269705,-0.330824325526174,-0.152718507712858
-0.143260545185643,-0.33047773726398,-0.152208863741325
-0.142868433101582,-0.330131149001786,-0.151699219769791
-0.142476321017521,-0.329784560739593,-0.151189575798257
-0.142084208933459,-0.329437972477399,-0.150679931826723
-0.141692096849398,-0.329091384215205,-0.150170287855189
-0.141319551826979,-0.328749606285103,-0.149686435042207
-0.140953008806077,-0.328409303876519,-0.149210493410555
-0.140586465785175,-0.328069001467935,-0.148734551778903
-0.140219922764273,-0.327728699059351,-0.148258610147251
-0.139853379743371,-0.327388396650767,-0.1477826685156
-0.139486836722469,-0.327048094242183,-0.147306726883948
-0.139120293701567,-0.3267077918336,-0.146830785252296
-0.138753750680665,-0.326367489425016,-0.146354843620644
-0.138387207659763,-0.326027187016432,-0.145878901988992
-0.138020664638861,-0.325686884607848,-0.14540296035734
-0.137654121617959,-0.325346582199264,-0.144927018725689
-0.137287578597057,-0.32500627979068,-0.144451077094037
-0.136921035576155,-0.324665977382096,-0.143975135462385
-0.136554492555252,-0.324325674973513,-0.143499193830733
-0.13618794953435,-0.323985372564929,-0.143023252199081
-0.135821406513448,-0.323645070156345,-0.142547310567429
-0.135454863492546,-0.323304767747761,-0.142071368935777
-0.13510805938511,-0.322969593114059,-0.141621656169149
-0.134765855092014,-0.322635613420113,-0.141178055588465
-0.134423650798918,-0.322301633726167,-0.140734455007782
-0.134081446505821,-0.321967654032221,-0.140290854427098
-0.133739242212725,-0.321633674338275,-0.139847253846414
-0.133397037919628,-0.321299694644329,-0.139403653265731
-0.133054833626532,-0.320965714950383,-0.138960052685047
-0.132712629333436,-0.320631735256437,-0.138516452104363
-0.132370425040339,-0.320297755562491,-0.138072851523679
-0.132028220747243,-0.319963775868545,-0.137629250942996
-0.131686016454147,-0.319629796174599,-0.137185650362312
-0.13134381216105,-0.319295816480653,-0.136742049781628
-0.131001607867954,-0.318961836786706,-0.136298449200945
-0.130659403574858,-0.31862785709276,-0.135854848620261
-0.130317199281761,-0.318293877398814,-0.135411248039577
-0.129974994988665,-0.317959897704868,-0.134967647458893
-0.129632790695568,-0.317625918010922,-0.13452404687821
-0.129309835045701,-0.317297230605989,-0.134106225537351
-0.128990097702881,-0.316969428053605,-0.133692714396865
-0.128670360360061,-0.316641625501222,-0.133279203256379
-0.128350623017241,-0.316313822948838,-0.132865692115893
-0.128030885674421,-0.315986020396454,-0.132452180975407
-0.127711148331601,-0.315658217844071,-0.132038669834921
-0.127391410988781,-0.315330415291687,-0.131625158694435
-0.127071673645961,-0.315002612739303,-0.131211647553949
-0.126751936303141,-0.314674810186919,-0.130798136413463
-0.126432198960321,-0.314347007634536,-0.130384625272977
-0.126112461617502,-0.314019205082152,-0.129971114132491
-0.125792724274682,-0.313691402529768,-0.129557602992005
-0.125472986931862,-0.313363599977384,-0.129144091851519
-0.125153249589042,-0.313035797425001,-0.128730580711033
-0.124833512246222,-0.312707994872617,-0.128317069570547
-0.124513774903402,-0.312380192320233,-0.127903558430061
-0.124194037560582,-0.31205238976785,-0.127490047289575
-0.123893007554493,-0.311730035233586,-0.127101786763682
-0.123593998585394,-0.311408269273009,-0.126716254174257
-0.123294989616295,-0.311086503312432,-0.126330721584833
-0.122995980647196,-0.310764737351855,-0.125945188995409
-0.122696971678096,-0.310442971391278,-0.125559656405984
-0.122397962708997,-0.3101212054307,-0.12517412381656
-0.122098953739898,-0.309799439470123,-0.124788591227135
-0.121799944770799,-0.309477673509546,-0.124403058637711
-0.1215009358017,-0.309155907548969,-0.124017526048286
-0.1212019268326,-0.308834141588392,-0.123631993458862
-0.120902917863501,-0.308512375627815,-0.123246460869438
-0.120603908894402,-0.308190609667237,-0.122860928280013
-0.120304899925303,-0.30786884370666,-0.122475395690589
-0.120005890956203,-0.307547077746083,-0.122089863101164
-0.119706881987104,-0.307225311785506,-0.12170433051174
-0.119407873018005,-0.306903545824929,-0.121318797922315
-0.119108864048906,-0.306581779864352,-0.120933265332891
-0.118828543431012,-0.306265786411005,-0.120573141821726
-0.118549242833758,-0.305950108024326,-0.120214405152235
-0.118269942236505,-0.305634429637646,-0.119855668482745
-0.117990641639251,-0.305318751250967,-0.119496931813254
-0.117711341041998,-0.305003072864287,-0.119138195143763
-0.117432040444744,-0.304687394477608,-0.118779458474273
-0.117152739847491,-0.304371716090929,-0.118420721804782
-0.116873439250237,-0.304056037704249,-0.118061985135292
-0.116594138652984,-0.30374035931757,-0.117703248465801
-0.11631483805573,-0.30342468093089,-0.117344511796311
-0.116035537458477,-0.303109002544211,-0.11698577512682
-0.115756236861223,-0.302793324157531,-0.11662703845733
-0.11547693626397,-0.302477645770852,-0.116268301787839
-0.115197635666717,-0.302161967384173,-0.115909565118349
-0.114918335069463,-0.301846288997493,-0.115550828448858
-0.11463903447221,-0.301530610610814,-0.115192091779368
-0.114359733874956,-0.301214932224134,-0.114833355109877
-0.114080433277703,-0.300899253837455,-0.114474618440387
-0.113818099620203,-0.300589133695583,-0.114139078703841
-0.113557520180595,-0.300279588222605,-0.113805937306384
-0.113296940740988,-0.299970042749627,-0.113472795908927
-0.11303636130138,-0.299660497276649,-0.11313965451147
-0.112775781861773,-0.299350951803671,-0.112806513114012
-0.112515202422165,-0.299041406330693,-0.112473371716555
-0.112254622982557,-0.298731860857715,-0.112140230319098
-0.11199404354295,-0.298422315384737,-0.111807088921641
-0.111733464103342,-0.298112769911759,-0.111473947524184
-0.111472884663735,-0.297803224438781,-0.111140806126727
-0.111212305224127,-0.297493678965803,-0.110807664729269
-0.11095172578452,-0.297184133492825,-0.110474523331812
-0.110691146344912,-0.296874588019847,-0.110141381934355
-0.110430566905304,-0.296565042546869,-0.109808240536898
-0.110169987465697,-0.296255497073891,-0.109475099139441
-0.109909408026089,-0.295945951600913,-0.109141957741983
-0.109648828586482,-0.295636406127935,-0.108808816344526
-0.109388249146874,-0.295326860654957,-0.108475674947069
-0.109142550053726,-0.295022493668292,-0.108162985932948
-0.108899186246459,-0.294718939380849,-0.107853506666811
-0.108655822439193,-0.294415385093406,-0.107544027400674
-0.108412458631926,-0.294111830805962,-0.107234548134537
-0.10816909482466,-0.293808276518519,-0.1069250688684
-0.107925731017393,-0.293504722231076,-0.106615589602263
-0.107682367210127,-0.293201167943633,-0.106306110336126
-0.10743900340286,-0.292897613656189,-0.10599663106999
-0.107195639595594,-0.292594059368746,-0.105687151803853
-0.106952275788328,-0.292290505081303,-0.105377672537716
-0.106708911981061,-0.29198695079386,-0.105068193271579
-0.106465548173795,-0.291683396506416,-0.104758714005442
-0.106222184366528,-0.291379842218973,-0.104449234739305
-0.105978820559262,-0.29107628793153,-0.104139755473169
-0.105735456751995,-0.290772733644086,-0.103830276207032
-0.105492092944729,-0.290469179356643,-0.103520796940895
-0.105248729137462,-0.2901656250692,-0.103211317674758
-0.105005365330196,-0.289862070781757,-0.102901838408621
-0.104775013655079,-0.289563330969306,-0.10261033796618
-0.104547471913527,-0.289265630829271,-0.10232272000046
-0.104319930171974,-0.288967930689237,-0.102035102034739
-0.104092388430422,-0.288670230549203,-0.101747484069019
-0.10386484668887,-0.288372530409168,-0.101459866103299
-0.103637304947318,-0.288074830269134,-0.101172248137578
-0.103409763205765,-0.2877771301291,-0.100884630171858
-0.103182221464213,-0.287479429989066,-0.100597012206137
-0.102954679722661,-0.287181729849031,-0.100309394240417
-0.102727137981108,-0.286884029708997,-0.100021776274696
-0.102499596239556,-0.286586329568963,-0.0997341583089759
-0.102272054498004,-0.286288629428928,-0.0994465403432555
-0.102044512756452,-0.285990929288894,-0.099158922377535
-0.101816971014899,-0.28569322914886,-0.0988713044118146
-0.101589429273347,-0.285395529008825,-0.0985836864460941
-0.101361887531795,-0.285097828868791,-0.0982960684803737
-0.101134345790242,-0.284800128728757,-0.0980084505146533
-0.10090680404869,-0.284502428588722,-0.0977208325489328
-0.100690978976342,-0.284209343812961,-0.0974494796648895
-0.100478449801956,-0.283917557338743,-0.0971827021468157
-0.10026592062757,-0.283625770864524,-0.0969159246287418
-0.100053391453183,-0.283333984390305,-0.0966491471106679
-0.0998408622787971,-0.283042197916087,-0.0963823695925941
-0.0996283331044109,-0.282750411441868,-0.0961155920745202
-0.0994158039300246,-0.28245862496765,-0.0958488145564463
-0.0992032747556384,-0.282166838493431,-0.0955820370383725
-0.0989907455812522,-0.281875052019212,-0.0953152595202986
-0.098778216406866,-0.281583265544994,-0.0950484820022248
-0.0985656872324797,-0.281291479070775,-0.0947817044841509
-0.0983531580580935,-0.280999692596556,-0.0945149269660771
-0.0981406288837073,-0.280707906122338,-0.0942481494480032
-0.0979280997093211,-0.280416119648119,-0.0939813719299294
-0.0977155705349348,-0.2801243331739,-0.0937145944118555
-0.0975030413605487,-0.279832546699682,-0.0934478168937816
-0.0972905121861624,-0.279540760225463,-0.0931810393757078
-0.0970779830117762,-0.279248973751245,-0.0929142618576339
-0.09686545383739,-0.278957187277026,-0.09264748433956
-0.0966601875839624,-0.27866844544923,-0.0923908193770646
-0.0964618918999688,-0.278382625712891,-0.0921438599133919
-0.0962635962159752,-0.278096805976552,-0.0918969004497192
-0.0960653005319816,-0.277810986240213,-0.0916499409860465
-0.095867004847988,-0.277525166503874,-0.0914029815223738
-0.0956687091639944,-0.277239346767535,-0.0911560220587011
-0.0954704134800008,-0.276953527031196,-0.0909090625950285
-0.0952721177960072,-0.276667707294857,-0.0906621031313557
-0.0950738221120136,-0.276381887558518,-0.0904151436676831
-0.0948755264280199,-0.276096067822179,-0.0901681842040103
-0.0946772307440263,-0.27581024808584,-0.0899212247403377
-0.0944789350600327,-0.275524428349501,-0.089674265276665
-0.0942806393760391,-0.275238608613162,-0.0894273058129923
-0.0940823436920455,-0.274952788876823,-0.0891803463493196
-0.0938840480080519,-0.274666969140484,-0.0889333868856469
-0.0936857523240583,-0.274381149404145,-0.0886864274219742
-0.0934874566400647,-0.274095329667806,-0.0884394679583015
-0.0932891609560711,-0.273809509931467,-0.0881925084946288
-0.0930908652720775,-0.273523690195128,-0.0879455490309561
-0.0928957000466091,-0.273239269389951,-0.0877029599683334
-0.0927104434690907,-0.272959276535597,-0.0874742042675187
-0.0925251868915723,-0.272679283681242,-0.0872454485667039
-0.0923399303140539,-0.272399290826887,-0.0870166928658892
-0.0921546737365355,-0.272119297972533,-0.0867879371650745
-0.0919694171590171,-0.271839305118178,-0.0865591814642598
-0.0917841605814987,-0.271559312263823,-0.086330425763445
-0.0915989040039802,-0.271279319409469,-0.0861016700626303
-0.0914136474264618,-0.270999326555114,-0.0858729143618156
-0.0912283908489434,-0.270719333700759,-0.0856441586610009
-0.091043134271425,-0.270439340846405,-0.0854154029601862
-0.0908578776939066,-0.27015934799205,-0.0851866472593714
-0.0906726211163882,-0.269879355137695,-0.0849578915585567
-0.0904873645388698,-0.269599362283341,-0.084729135857742
-0.0903021079613514,-0.269319369428986,-0.0845003801569273
-0.090116851383833,-0.269039376574631,-0.0842716244561126
-0.0899315948063146,-0.268759383720277,-0.0840428687552978
-0.0897463382287962,-0.268479390865922,-0.0838141130544831
-0.0895610816512778,-0.268199398011567,-0.0835853573536684
-0.0893758250737594,-0.267919405157213,-0.0833566016528537
-0.089202146611949,-0.267644932431278,-0.083144051885857
-0.0890288275317072,-0.267370631048631,-0.0829320051466467
-0.0888555084514653,-0.267096329665984,-0.0827199584074364
-0.0886821893712235,-0.266822028283337,-0.0825079116682261
-0.0885088702909816,-0.26654772690069,-0.0822958649290157
-0.0883355512107398,-0.266273425518043,-0.0820838181898055
-0.0881622321304979,-0.265999124135397,-0.0818717714505951
-0.0879889130502561,-0.26572482275275,-0.0816597247113849
-0.0878155939700143,-0.265450521370103,-0.0814476779721745
-0.0876422748897724,-0.265176219987456,-0.0812356312329642
-0.0874689558095306,-0.264901918604809,-0.0810235844937539
-0.0872956367292887,-0.264627617222162,-0.0808115377545436
-0.0871223176490469,-0.264353315839515,-0.0805994910153333
-0.086948998568805,-0.264079014456868,-0.080387444276123
-0.0867756794885632,-0.263804713074221,-0.0801753975369127
-0.0866023604083213,-0.263530411691574,-0.0799633507977024
-0.0864290413280795,-0.263256110308927,-0.079751304058492
-0.0862557222478377,-0.26298180892628,-0.0795392573192817
-0.0860824031675958,-0.262707507543633,-0.0793272105800714
-0.085916576913019,-0.262437012941981,-0.0791256711282196
-0.085753966349074,-0.262168152093804,-0.0789286410813687
-0.085591355785129,-0.261899291245628,-0.0787316110345178
-0.085428745221184,-0.261630430397452,-0.0785345809876669
-0.085266134657239,-0.261361569549276,-0.078337550940816
-0.085103524093294,-0.261092708701099,-0.0781405208939651
-0.084940913529349,-0.260823847852923,-0.0779434908471142
-0.084778302965404,-0.260554987004747,-0.0777464608002633
-0.084615692401459,-0.260286126156571,-0.0775494307534124
-0.084453081837514,-0.260017265308395,-0.0773524007065615
-0.084290471273569,-0.259748404460218,-0.0771553706597106
-0.084127860709624,-0.259479543612042,-0.0769583406128597
-0.083965250145679,-0.259210682763866,-0.0767613105660089
-0.083802639581734,-0.25894182191569,-0.0765642805191579
-0.083640029017789,-0.258672961067514,-0.0763672504723071
-0.083477418453844,-0.258404100219337,-0.0761702204254561
-0.083314807889899,-0.258135239371161,-0.0759731903786053
-0.083152197325954,-0.257866378522985,-0.0757761603317543
-0.0829922345565238,-0.257598946946639,-0.0755828444655003
-0.0828392600317939,-0.257335287604595,-0.0753993313247704
-0.082686285507064,-0.257071628262552,-0.0752158181840405
-0.082533310982334,-0.256807968920508,-0.0750323050433105
-0.0823803364576041,-0.256544309578465,-0.0748487919025806
-0.0822273619328742,-0.256280650236421,-0.0746652787618506
-0.0820743874081443,-0.256016990894377,-0.0744817656211207
-0.0819214128834144,-0.255753331552334,-0.0742982524803907
-0.0817684383586845,-0.25548967221029,-0.0741147393396608
-0.0816154638339546,-0.255226012868246,-0.0739312261989309
-0.0814624893092246,-0.254962353526203,-0.0737477130582009
-0.0813095147844947,-0.254698694184159,-0.073564199917471
-0.0811565402597648,-0.254435034842115,-0.0733806867767411
-0.0810035657350349,-0.254171375500072,-0.0731971736360111
-0.080850591210305,-0.253907716158028,-0.0730136604952812
-0.0806976166855751,-0.253644056815985,-0.0728301473545512
-0.0805446421608452,-0.253380397473941,-0.0726466342138213
-0.0803916676361152,-0.253116738131897,-0.0724631210730913
-0.0802386931113853,-0.252853078789854,-0.0722796079323614
-0.0800932662072524,-0.252593744896966,-0.0721066820163694
-0.079949172765943,-0.252335175195332,-0.071935626580009
-0.0798050793246337,-0.252076605493698,-0.0717645711436485
-0.0796609858833243,-0.251818035792064,-0.0715935157072881
-0.079516892442015,-0.25155946609043,-0.0714224602709277
-0.0793727990007057,-0.251300896388796,-0.0712514048345672
-0.0792287055593963,-0.251042326687162,-0.0710803493982068
-0.079084612118087,-0.250783756985528,-0.0709092939618464
-0.0789405186767776,-0.250525187283894,-0.0707382385254859
-0.0787964252354683,-0.25026661758226,-0.0705671830891255
-0.078652331794159,-0.250008047880626,-0.0703961276527651
-0.0785082383528496,-0.249749478178992,-0.0702250722164046
-0.0783641449115403,-0.249490908477357,-0.0700540167800442
-0.078220051470231,-0.249232338775723,-0.0698829613436838
-0.0780759580289216,-0.248973769074089,-0.0697119059073233
-0.0779318645876123,-0.248715199372455,-0.0695408504709629
-0.0777877711463029,-0.248456629670821,-0.0693697950346025
-0.0776436777049936,-0.248198059969187,-0.0691987395982421
-0.0775030612482677,-0.247941606787121,-0.0690325601312473
-0.0773671503566086,-0.247688017989495,-0.0688729795405383
-0.0772312394649495,-0.247434429191869,-0.0687133989498294
-0.0770953285732904,-0.247180840394243,-0.0685538183591204
-0.0769594176816313,-0.246927251596618,-0.0683942377684114
-0.0768235067899721,-0.246673662798992,-0.0682346571777025
-0.076687595898313,-0.246420074001366,-0.0680750765869935
-0.0765516850066539,-0.24616648520374,-0.0679154959962845
-0.0764157741149948,-0.245912896406114,-0.0677559154055755
-0.0762798632233357,-0.245659307608488,-0.0675963348148666
-0.0761439523316766,-0.245405718810863,-0.0674367542241576
-0.0760080414400175,-0.245152130013237,-0.0672771736334487
-0.0758721305483583,-0.244898541215611,-0.0671175930427397
-0.0757362196566992,-0.244644952417985,-0.0669580124520307
-0.0756003087650401,-0.244391363620359,-0.0667984318613217
-0.075464397873381,-0.244137774822733,-0.0666388512706128
-0.0753284869817219,-0.243884186025108,-0.0664792706799038
-0.0751925760900628,-0.243630597227482,-0.0663196900891949
-0.0750566651984036,-0.243377008429856,-0.0661601094984859
