0.598253321168255,0.764434799270548,0.997088868613759
0.598407462428022,0.763619746101511,0.997098489525381
0.598561603687789,0.762804692932473,0.997108110437004
0.598715744947556,0.761989639763435,0.997117731348626
0.598869886207323,0.761174586594397,0.997127352260249
0.599024027467089,0.76035953342536,0.997136973171871
0.599178168726856,0.759544480256322,0.997146594083494
0.599332309986623,0.758729427087284,0.997156214995117
0.59948645124639,0.757914373918246,0.997165835906739
0.599640592506156,0.757099320749209,0.997175456818362
0.599794733765923,0.756284267580171,0.997185077729984
0.59994887502569,0.755469214411133,0.997194698641606
0.600103016285457,0.754654161242096,0.997204319553229
0.600257157545224,0.753839108073058,0.997213940464852
0.60041129880499,0.75302405490402,0.997223561376474
0.600565440064757,0.752209001734982,0.997233182288097
0.600719581324524,0.751393948565945,0.997242803199719
0.600873722584291,0.750578895396907,0.997252424111342
0.601027863844058,0.749763842227869,0.997262045022964
0.601182005103824,0.748948789058832,0.997271665934587
0.601336146363591,0.748133735889794,0.997281286846209
0.601490287623358,0.747318682720756,0.997290907757832
0.601644428883125,0.746503629551718,0.997300528669455
0.601798570142892,0.745688576382681,0.997310149581077
0.601952711402658,0.744873523213643,0.9973197704927
0.602106260568878,0.74405896436372,0.997329801945149
0.602236718086748,0.743263683959264,0.997355844489825
0.602367175604617,0.742468403554809,0.997381887034502
0.602497633122487,0.741673123150353,0.997407929579179
0.602628090640357,0.740877842745898,0.997433972123856
0.602758548158227,0.740082562341443,0.997460014668532
0.602889005676097,0.739287281936987,0.997486057213209
0.603019463193967,0.738492001532532,0.997512099757886
0.603149920711837,0.737696721128076,0.997538142302563
0.603280378229707,0.736901440723621,0.997564184847239
0.603410835747577,0.736106160319165,0.997590227391916
0.603541293265447,0.73531087991471,0.997616269936593
0.603671750783317,0.734515599510254,0.99764231248127
0.603802208301187,0.733720319105799,0.997668355025946
0.603932665819057,0.732925038701343,0.997694397570623
0.604063123336927,0.732129758296888,0.9977204401153
0.604193580854797,0.731334477892432,0.997746482659977
0.604324038372667,0.730539197487977,0.997772525204654
0.604454495890537,0.729743917083521,0.99779856774933
0.604584953408407,0.728948636679066,0.997824610294007
0.604715410926277,0.728153356274611,0.997850652838684
0.604845868444147,0.727358075870155,0.99787669538336
0.604976325962017,0.7265627954657,0.997902737928037
0.605106783479887,0.725767515061244,0.997928780472714
0.605237240997757,0.724972234656789,0.997954823017391
0.605366567689348,0.724177921339536,0.997981488873358
0.605474408681637,0.723401982679134,0.99801999764385
0.605582249673926,0.722626044018732,0.998058506414341
0.605690090666215,0.72185010535833,0.998097015184833
0.605797931658504,0.721074166697928,0.998135523955324
0.605905772650793,0.720298228037526,0.998174032725816
0.606013613643083,0.719522289377124,0.998212541496307
0.606121454635372,0.718746350716721,0.998251050266799
0.606229295627661,0.717970412056319,0.99828955903729
0.60633713661995,0.717194473395917,0.998328067807782
0.606444977612239,0.716418534735515,0.998366576578273
0.606552818604529,0.715642596075113,0.998405085348764
0.606660659596818,0.714866657414711,0.998443594119256
0.606768500589107,0.714090718754309,0.998482102889747
0.606876341581396,0.713314780093907,0.998520611660239
0.606984182573685,0.712538841433505,0.99855912043073
0.607092023565974,0.711762902773103,0.998597629201222
0.607199864558263,0.710986964112701,0.998636137971713
0.607307705550553,0.710211025452299,0.998674646742205
0.607415546542842,0.709435086791896,0.998713155512696
0.607523387535131,0.708659148131494,0.998751664283188
0.60763122852742,0.707883209471092,0.998790173053679
0.607739069519709,0.70710727081069,0.998828681824171
0.607846910511998,0.706331332150288,0.998867190594662
0.607954751504288,0.705555393489886,0.998905699365153
0.60806097361145,0.704780873731278,0.998944873934843
0.60814722946871,0.704023853761462,0.998992260027972
0.608233485325971,0.703266833791647,0.999039646121101
0.608319741183231,0.702509813821831,0.99908703221423
0.608405997040491,0.701752793852015,0.999134418307359
0.608492252897752,0.7009957738822,0.999181804400488
0.608578508755012,0.700238753912384,0.999229190493617
0.608664764612273,0.699481733942569,0.999276576586746
0.608751020469533,0.698724713972753,0.999323962679875
0.608837276326794,0.697967694002937,0.999371348773004
0.608923532184054,0.697210674033122,0.999418734866133
0.609009788041315,0.696453654063306,0.999466120959262
0.609096043898575,0.695696634093491,0.999513507052391
0.609182299755835,0.694939614123675,0.99956089314552
0.609268555613096,0.69418259415386,0.999608279238649
0.609354811470356,0.693425574184044,0.999655665331778
0.609441067327617,0.692668554214228,0.999703051424907
0.609527323184877,0.691911534244413,0.999750437518036
0.609613579042138,0.691154514274597,0.999797823611165
0.609699834899398,0.690397494304781,0.999845209704294
0.609786090756659,0.689640474334966,0.999892595797423
0.609872346613919,0.68888345436515,0.999939981890552
0.60995860247118,0.688126434395335,0.999987367983681
0.61004485832844,0.687369414425519,1.00003475407681
0.6101311141857,0.686612394455703,1.00008214016994
0.610215506896345,0.685857046134172,1.0001300555334
0.610283131287442,0.685116742647202,1.00018273432986
0.610350755678539,0.684376439160231,1.00023541312631
0.610418380069637,0.68363613567326,1.00028809192277
0.610486004460734,0.68289583218629,1.00034077071922
0.610553628851832,0.682155528699319,1.00039344951568
0.610621253242929,0.681415225212348,1.00044612831213
0.610688877634027,0.680674921725378,1.00049880710859
0.610756502025124,0.679934618238407,1.00055148590505
0.610824126416222,0.679194314751436,1.0006041647015
0.610891750807319,0.678454011264466,1.00065684349796
0.610959375198417,0.677713707777495,1.00070952229441
0.611026999589514,0.676973404290524,1.00076220109087
0.611094623980612,0.676233100803554,1.00081487988732
0.611162248371709,0.675492797316583,1.00086755868378
0.611229872762806,0.674752493829613,1.00092023748023
0.611297497153904,0.674012190342642,1.00097291627669
0.611365121545001,0.673271886855671,1.00102559507315
0.611432745936099,0.672531583368701,1.0010782738696
0.611500370327196,0.67179127988173,1.00113095266606
0.611567765751686,0.67105118641899,1.00118367063482
0.611619454669886,0.670325500065362,1.00123907572103
0.611671143588087,0.669599813711735,1.00129448080723
0.611722832506287,0.668874127358107,1.00134988589343
0.611774521424487,0.668148441004479,1.00140529097963
0.611826210342687,0.667422754650852,1.00146069606583
0.611877899260887,0.666697068297224,1.00151610115204
0.611929588179088,0.665971381943596,1.00157150623824
0.611981277097288,0.665245695589969,1.00162691132444
0.612032966015488,0.664520009236341,1.00168231641064
0.612084654933688,0.663794322882714,1.00173772149684
0.612136343851888,0.663068636529086,1.00179312658304
0.612188032770089,0.662342950175458,1.00184853166925
0.612239721688289,0.661617263821831,1.00190393675545
0.612291410606489,0.660891577468203,1.00195934184165
0.612343099524689,0.660165891114576,1.00201474692785
0.612394788442889,0.659440204760948,1.00207015201405
0.61244647736109,0.65871451840732,1.00212555710026
0.61249816627929,0.657988832053693,1.00218096218646
0.61254985519749,0.657263145700065,1.00223636727266
0.61260154411569,0.656537459346437,1.00229177235886
0.612638995445409,0.655825107147467,1.0023481499059
0.61267535430485,0.655113778097021,1.00240460207124
0.612711713164292,0.654402449046574,1.00246105423658
0.612748072023733,0.653691119996128,1.00251750640191
0.612784430883175,0.652979790945681,1.00257395856725
0.612820789742616,0.652268461895234,1.00263041073258
0.612857148602058,0.651557132844788,1.00268686289792
0.612893507461499,0.650845803794341,1.00274331506325
0.61292986632094,0.650134474743895,1.00279976722859
0.612966225180382,0.649423145693448,1.00285621939393
0.613002584039823,0.648711816643001,1.00291267155926
0.613038942899265,0.648000487592555,1.0029691237246
0.613075301758706,0.647289158542108,1.00302557588993
0.613111660618148,0.646577829491662,1.00308202805527
0.613148019477589,0.645866500441215,1.0031384802206
0.613184378337031,0.645155171390768,1.00319493238594
0.613220737196472,0.644443842340322,1.00325138455128
0.613257096055914,0.643732513289875,1.00330783671661
0.613293454915355,0.643021184239429,1.00336428888195
0.613329813774796,0.642309855188982,1.00342074104728
0.613353744054495,0.641610415117827,1.00347678111108
0.613375361477729,0.640913187487932,1.00353274448616
0.613396978900963,0.640215959858036,1.00358870786125
0.613418596324196,0.63951873222814,1.00364467123633
0.61344021374743,0.638821504598245,1.00370063461142
0.613461831170664,0.638124276968349,1.00375659798651
0.613483448593898,0.637427049338454,1.00381256136159
0.613505066017132,0.636729821708558,1.00386852473668
0.613526683440365,0.636032594078663,1.00392448811176
0.613548300863599,0.635335366448767,1.00398045148685
0.613569918286833,0.634638138818872,1.00403641486194
0.613591535710067,0.633940911188976,1.00409237823702
0.6136131531333,0.63324368355908,1.00414834161211
0.613634770556534,0.632546455929185,1.00420430498719
0.613656387979768,0.631849228299289,1.00426026836228
0.613678005403001,0.631152000669394,1.00431623173737
0.613699622826235,0.630454773039498,1.00437219511245
0.613721240249469,0.629757545409603,1.00442815848754
0.613742857672703,0.629060317779707,1.00448412186262
0.613764475095936,0.628363090149812,1.00454008523771
0.613774993783913,0.627676715988204,1.0045945519007
0.613781958897658,0.626993816871664,1.00464853934894
0.613788924011404,0.626310917755124,1.00470252679718
0.61379588912515,0.625628018638585,1.00475651424543
0.613802854238896,0.624945119522045,1.00481050169367
0.613809819352642,0.624262220405505,1.00486448914191
0.613816784466388,0.623579321288965,1.00491847659016
0.613823749580134,0.622896422172425,1.0049724640384
0.61383071469388,0.622213523055886,1.00502645148665
0.613837679807626,0.621530623939346,1.00508043893489
0.613844644921372,0.620847724822806,1.00513442638313
0.613851610035118,0.620164825706266,1.00518841383138
0.613858575148863,0.619481926589726,1.00524240127962
0.613865540262609,0.618799027473186,1.00529638872786
0.613872505376355,0.618116128356647,1.00535037617611
0.613879470490101,0.617433229240107,1.00540436362435
0.613886435603847,0.616750330123567,1.0054583510726
0.613893400717593,0.616067431007027,1.00551233852084
0.613900365831339,0.615384531890488,1.00556632596908
0.613907330945085,0.614701632773948,1.00562031341733
0.613914296058831,0.614018733657408,1.00567430086557
0.613917412676316,0.613339685209228,1.00572738328954
0.613909850143573,0.612671321938611,1.00577795437153
0.61390228761083,0.612002958667994,1.00582852545352
0.613894725078087,0.611334595397377,1.00587909653551
0.613887162545343,0.61066623212676,1.00592966761751
0.6138796000126,0.609997868856143,1.0059802386995
0.613872037479857,0.609329505585526,1.00603080978149
0.613864474947114,0.608661142314909,1.00608138086348
0.61385691241437,0.607992779044292,1.00613195194547
0.613849349881627,0.607324415773675,1.00618252302746
0.613841787348884,0.606656052503058,1.00623309410946
0.613834224816141,0.605987689232441,1.00628366519145
0.613826662283397,0.605319325961824,1.00633423627344
0.613819099750654,0.604650962691207,1.00638480735543
0.613811537217911,0.60398259942059,1.00643537843742
0.613803974685168,0.603314236149973,1.00648594951942
0.613796412152425,0.602645872879356,1.00653652060141
0.613788849619681,0.601977509608739,1.0065870916834
0.613781287086938,0.601309146338122,1.00663766276539
0.613773724554195,0.600640783067505,1.00668823384738
0.613766162021452,0.599972419796889,1.00673880492937
0.613758599488708,0.599304056526272,1.00678937601137
0.613740291958272,0.598646704352303,1.00683633376316
0.613718817224108,0.597992597817593,1.00688222644698
0.613697342489944,0.597338491282884,1.0069281191308
0.61367586775578,0.596684384748174,1.00697401181462
0.613654393021616,0.596030278213464,1.00701990449844
0.613632918287452,0.595376171678754,1.00706579718226
0.613611443553288,0.594722065144045,1.00711168986609
0.613589968819124,0.594067958609335,1.00715758254991
0.613568494084961,0.593413852074625,1.00720347523373
0.613547019350797,0.592759745539915,1.00724936791755
0.613525544616633,0.592105639005206,1.00729526060137
0.613504069882469,0.591451532470496,1.00734115328519
0.613482595148305,0.590797425935786,1.00738704596902
0.613461120414141,0.590143319401077,1.00743293865284
0.613439645679977,0.589489212866367,1.00747883133666
0.613418170945813,0.588835106331657,1.00752472402048
0.613396696211649,0.588180999796947,1.0075706167043
0.613375221477485,0.587526893262238,1.00761650938812
0.613353746743321,0.586872786727528,1.00766240207195
0.613332272009157,0.586218680192818,1.00770829475577
0.613310797274993,0.585564573658108,1.00775418743959
0.613285597213972,0.584914379049905,1.00779845403727
0.613250807205842,0.584274254744183,1.00783853467203
0.613216017197712,0.583634130438461,1.00787861530679
0.613181227189582,0.582994006132738,1.00791869594154
0.613146437181452,0.582353881827016,1.0079587765763
0.613111647173323,0.581713757521294,1.00799885721106
0.613076857165193,0.581073633215571,1.00803893784582
0.613042067157063,0.580433508909849,1.00807901848058
0.613007277148933,0.579793384604126,1.00811909911534
0.612972487140803,0.579153260298404,1.0081591797501
0.612937697132673,0.578513135992682,1.00819926038486
0.612902907124543,0.577873011686959,1.00823934101961
0.612868117116414,0.577232887381237,1.00827942165437
0.612833327108284,0.576592763075515,1.00831950228913
0.612798537100154,0.575952638769792,1.00835958292389
0.612763747092024,0.57531251446407,1.00839966355865
0.612728957083894,0.574672390158347,1.00843974419341
0.612694167075764,0.574032265852625,1.00847982482817
0.612659377067634,0.573392141546903,1.00851990546293
0.612624587059505,0.57275201724118,1.00855998609768
0.612589797051375,0.572111892935458,1.00860006673244
0.612555007043245,0.571471768629736,1.0086401473672
0.612509942558852,0.570842710384861,1.00867471446105
0.612462100847878,0.570216643334629,1.00870779122567
0.612414259136904,0.569590576284396,1.00874086799028
0.61236641742593,0.568964509234163,1.0087739447549
0.612318575714956,0.568338442183931,1.00880702151951
0.612270734003982,0.567712375133698,1.00884009828413
0.612222892293008,0.567086308083465,1.00887317504874
0.612175050582033,0.566460241033232,1.00890625181335
0.612127208871059,0.565834173983,1.00893932857797
0.612079367160085,0.565208106932767,1.00897240534258
0.612031525449111,0.564582039882534,1.0090054821072
0.611983683738137,0.563955972832302,1.00903855887181
0.611935842027163,0.563329905782069,1.00907163563643
0.611888000316189,0.562703838731836,1.00910471240104
0.611840158605214,0.562077771681603,1.00913778916566
0.61179231689424,0.561451704631371,1.00917086593027
0.611744475183266,0.560825637581138,1.00920394269489
0.611696633472292,0.560199570530905,1.0092370194595
0.611648791761318,0.559573503480673,1.00927009622411
0.611600950050344,0.55894743643044,1.00930317298873
0.61155310833937,0.558321369380207,1.00933624975334
0.611505266628396,0.557695302329975,1.00936932651796
0.611454886886139,0.557072041622858,1.00940079177282
0.611394276430145,0.556460093184929,1.00942576108923
0.611333665974151,0.555848144747,1.00945073040563
0.611273055518157,0.555236196309071,1.00947569972204
0.611212445062163,0.554624247871141,1.00950066903845
0.611151834606169,0.554012299433212,1.00952563835486
0.611091224150175,0.553400350995283,1.00955060767127
0.611030613694181,0.552788402557354,1.00957557698767
0.610970003238187,0.552176454119424,1.00960054630408
0.610909392782193,0.551564505681495,1.00962551562049
0.610848782326199,0.550952557243566,1.0096504849369
0.610788171870205,0.550340608805636,1.00967545425331
0.610727561414211,0.549728660367707,1.00970042356971
0.610666950958217,0.549116711929778,1.00972539288612
0.610606340502224,0.548504763491849,1.00975036220253
0.61054573004623,0.547892815053919,1.00977533151894
0.610485119590236,0.54728086661599,1.00980030083535
0.610424509134242,0.546668918178061,1.00982527015176
0.610363898678248,0.546056969740132,1.00985023946816
0.610303288222254,0.545445021302202,1.00987520878457
0.61024267776626,0.544833072864273,1.00990017810098
0.610182067310266,0.544221124426344,1.00992514741739
0.610121456854272,0.543609175988415,1.0099501167338
0.610053418115895,0.543005668858294,1.00996963387375
0.609980636624909,0.542407551269465,1.00998566995
0.609907855133922,0.541809433680636,1.01000170602626
0.609835073642936,0.541211316091808,1.01001774210252
0.60976229215195,0.540613198502979,1.01003377817877
0.609689510660964,0.54001508091415,1.01004981425503
0.609616729169978,0.539416963325321,1.01006585033129
0.609543947678992,0.538818845736492,1.01008188640754
0.609471166188005,0.538220728147663,1.0100979224838
0.609398384697019,0.537622610558834,1.01011395856006
0.609325603206033,0.537024492970005,1.01012999463631
0.609252821715047,0.536426375381176,1.01014603071257
0.609180040224061,0.535828257792348,1.01016206678883
0.609107258733075,0.535230140203519,1.01017810286508
0.609034477242088,0.53463202261469,1.01019413894134
0.608961695751102,0.534033905025861,1.0102101750176
0.608888914260116,0.533435787437032,1.01022621109385
0.60881613276913,0.532837669848203,1.01024224717011
0.608743351278144,0.532239552259374,1.01025828324637
0.608670569787158,0.531641434670545,1.01027431932262
0.608597788296172,0.531043317081716,1.01029035539888
0.608525006805185,0.530445199492888,1.01030639147514
0.608451971667102,0.5298473783403,1.01032221633257
0.60836759763879,0.529262808898606,1.01032859898826
0.608283223610477,0.528678239456911,1.01033498164395
0.608198849582165,0.528093670015217,1.01034136429965
0.608114475553852,0.527509100573522,1.01034774695534
0.60803010152554,0.526924531131828,1.01035412961103
0.607945727497227,0.526339961690134,1.01036051226673
0.607861353468915,0.525755392248439,1.01036689492242
0.607776979440602,0.525170822806745,1.01037327757811
0.60769260541229,0.52458625336505,1.0103796602338
0.607608231383977,0.524001683923356,1.0103860428895
0.607523857355665,0.523417114481662,1.01039242554519
0.607439483327352,0.522832545039967,1.01039880820088
0.60735510929904,0.522247975598273,1.01040519085658
0.607270735270728,0.521663406156578,1.01041157351227
0.607186361242415,0.521078836714884,1.01041795616796
0.607101987214103,0.52049426727319,1.01042433882366
0.60701761318579,0.519909697831495,1.01043072147935
0.606933239157478,0.519325128389801,1.01043710413504
0.606848865129165,0.518740558948106,1.01044348679073
0.606764491100853,0.518155989506412,1.01044986944643
0.60668011707254,0.517571420064718,1.01045625210212
0.606595743044228,0.516986850623023,1.01046263475781
0.606506458214792,0.516408190933956,1.01046443997432
0.606410754247188,0.515837256159356,1.01046026180567
0.606315050279584,0.515266321384756,1.01045608363701
0.60621934631198,0.514695386610156,1.01045190546836
0.606123642344377,0.514124451835556,1.01044772729971
0.606027938376773,0.513553517060956,1.01044354913105
0.605932234409169,0.512982582286356,1.0104393709624
0.605836530441565,0.512411647511756,1.01043519279374
0.605740826473962,0.511840712737156,1.01043101462509
0.605645122506358,0.511269777962556,1.01042683645643
0.605549418538754,0.510698843187956,1.01042265828778
0.605453714571151,0.510127908413356,1.01041848011913
0.605358010603547,0.509556973638756,1.01041430195047
0.605262306635943,0.508986038864156,1.01041012378182
0.605166602668339,0.508415104089556,1.01040594561316
0.605070898700736,0.507844169314956,1.01040176744451
0.604975194733132,0.507273234540356,1.01039758927586
0.604879490765528,0.506702299765756,1.0103934111072
0.604783786797925,0.506131364991156,1.01038923293855
0.604688082830321,0.505560430216556,1.01038505476989
0.604592378862717,0.504989495441956,1.01038087660124
0.604496674895113,0.504418560667356,1.01037669843258
0.60440097092751,0.503847625892756,1.01037252026393
0.604305266959906,0.503276691118156,1.01036834209528
0.604203073714374,0.502713807678651,1.01035747812613
0.604096323100379,0.50215657862798,1.01034191877229
0.603989572486383,0.501599349577308,1.01032635941844
0.603882821872388,0.501042120526636,1.01031080006459
0.603776071258393,0.500484891475965,1.01029524071075
0.603669320644397,0.499927662425293,1.0102796813569
0.603562570030402,0.499370433374621,1.01026412200305
0.603455819416407,0.498813204323949,1.01024856264921
0.603349068802411,0.498255975273278,1.01023300329536
0.603242318188416,0.497698746222606,1.01021744394151
0.603135567574421,0.497141517171934,1.01020188458767
0.603028816960425,0.496584288121263,1.01018632523382
0.60292206634643,0.496027059070591,1.01017076587998
0.602815315732435,0.495469830019919,1.01015520652613
0.602708565118439,0.494912600969247,1.01013964717228
0.602601814504444,0.494355371918576,1.01012408781844
0.602495063890449,0.493798142867904,1.01010852846459
0.602388313276453,0.493240913817232,1.01009296911074
0.602281562662458,0.492683684766561,1.0100774097569
0.602174812048463,0.492126455715889,1.01006185040305
0.602068061434467,0.491569226665217,1.0100462910492
0.601961310820472,0.491011997614546,1.01003073169536
0.601854560206477,0.490454768563874,1.01001517234151
0.601747809592482,0.489897539513202,1.00999961298766
0.60163329854676,0.489350251708986,1.00997528357095
0.601516081381948,0.488806430489847,1.00994789596942
0.601398864217136,0.488262609270708,1.00992050836788
0.601281647052325,0.487718788051569,1.00989312076634
0.601164429887513,0.48717496683243,1.0098657331648
0.601047212722701,0.486631145613291,1.00983834556327
0.600929995557889,0.486087324394152,1.00981095796173
0.600812778393078,0.485543503175013,1.00978357036019
0.600695561228266,0.484999681955874,1.00975618275865
0.600578344063454,0.484455860736735,1.00972879515712
0.600461126898642,0.483912039517596,1.00970140755558
0.600343909733831,0.483368218298457,1.00967401995404
0.600226692569019,0.482824397079318,1.0096466323525
0.600109475404207,0.482280575860179,1.00961924475097
0.599992258239395,0.48173675464104,1.00959185714943
0.599875041074584,0.481192933421901,1.00956446954789
0.599757823909772,0.480649112202762,1.00953708194635
0.59964060674496,0.480105290983623,1.00950969434482
0.599523389580148,0.479561469764484,1.00948230674328
0.599406172415336,0.479017648545345,1.00945491914174
0.599288955250525,0.478473827326206,1.00942753154021
0.599171738085713,0.477930006107067,1.00940014393867
0.599054520920901,0.477386184887928,1.00937275633713
0.598937303756089,0.476842363668789,1.00934536873559
0.598811215732769,0.47631028687667,1.00930706473711
0.598684092065894,0.475779581207777,1.00926748628519
0.598556968399019,0.475248875538884,1.00922790783327
0.598429844732144,0.474718169869991,1.00918832938136
0.598302721065269,0.474187464201099,1.00914875092944
0.598175597398394,0.473656758532206,1.00910917247752
0.598048473731519,0.473126052863313,1.0090695940256
0.597921350064644,0.47259534719442,1.00903001557368
0.597794226397769,0.472064641525527,1.00899043712176
0.597667102730895,0.471533935856634,1.00895085866984
0.59753997906402,0.471003230187741,1.00891128021792
0.597412855397145,0.470472524518848,1.008871701766
0.59728573173027,0.469941818849955,1.00883212331408
0.597158608063395,0.469411113181062,1.00879254486217
0.59703148439652,0.46888040751217,1.00875296641025
0.596904360729645,0.468349701843277,1.00871338795833
0.59677723706277,0.467818996174384,1.00867380950641
0.596650113395895,0.467288290505491,1.00863423105449
0.596522989729021,0.466757584836598,1.00859465260257
0.596395866062146,0.466226879167705,1.00855507415065
0.596268742395271,0.465696173498812,1.00851549569873
0.596141618728396,0.465165467829919,1.00847591724681
0.596014495061521,0.464634762161026,1.00843633879489
0.595886897527489,0.464104705877323,1.0083961289544
0.595750194143323,0.463587128205265,1.00834378632587
0.595613490759156,0.463069550533207,1.00829144369734
0.595476787374989,0.462551972861149,1.00823910106881
0.595340083990822,0.462034395189091,1.00818675844028
0.595203380606656,0.461516817517033,1.00813441581176
0.595066677222489,0.460999239844974,1.00808207318323
0.594929973838322,0.460481662172916,1.0080297305547
0.594793270454155,0.459964084500858,1.00797738792617
0.594656567069989,0.4594465068288,1.00792504529764
0.594519863685822,0.458928929156742,1.00787270266911
0.594383160301655,0.458411351484684,1.00782036004058
0.594246456917488,0.457893773812626,1.00776801741206
0.594109753533322,0.457376196140567,1.00771567478353
0.593973050149155,0.456858618468509,1.007663332155
0.593836346764988,0.456341040796451,1.00761098952647
0.593699643380821,0.455823463124393,1.00755864689794
0.593562939996654,0.455305885452335,1.00750630426941
0.593426236612488,0.454788307780277,1.00745396164089
0.593289533228321,0.454270730108219,1.00740161901236
0.593152829844154,0.453753152436161,1.00734927638383
0.593016126459987,0.453235574764102,1.0072969337553
0.592879423075821,0.452717997092044,1.00724459112677
0.592742719691654,0.452200419419986,1.00719224849824
0.592606016307487,0.451682841747928,1.00713990586971
0.592468624815652,0.451166241672549,1.00708657674213
0.592322680829112,0.450661792152671,1.00702098641129
0.592176736842571,0.450157342632794,1.00695539608045
0.592030792856031,0.449652893112916,1.00688980574962
0.591884848869491,0.449148443593039,1.00682421541878
0.59173890488295,0.448643994073161,1.00675862508794
0.59159296089641,0.448139544553284,1.00669303475711
0.59144701690987,0.447635095033406,1.00662744442627
0.59130107292333,0.447130645513528,1.00656185409543
0.591155128936789,0.446626195993651,1.0064962637646
0.591009184950249,0.446121746473773,1.00643067343376
0.590863240963709,0.445617296953896,1.00636508310292
0.590717296977169,0.445112847434018,1.00629949277208
0.590571352990628,0.444608397914141,1.00623390244125
0.590425409004088,0.444103948394263,1.00616831211041
0.590279465017548,0.443599498874386,1.00610272177957
0.590133521031008,0.443095049354508,1.00603713144874
0.589987577044467,0.442590599834631,1.0059715411179
0.589841633057927,0.442086150314753,1.00590595078706
0.589695689071387,0.441581700794876,1.00584036045623
0.589549745084847,0.441077251274998,1.00577477012539
0.589403801098306,0.440572801755121,1.00570917979455
0.589257857111766,0.440068352235243,1.00564358946372
0.589111913125226,0.439563902715366,1.00557799913288
0.588965969138686,0.439059453195488,1.00551240880204
0.588819160567004,0.43855627943973,1.00544548907494
0.588664524283704,0.438064656094848,1.00536653336652
0.588509888000403,0.437573032749966,1.0052875776581
0.588355251717103,0.437081409405083,1.00520862194969
0.588200615433802,0.436589786060201,1.00512966624127
0.588045979150502,0.436098162715319,1.00505071053285
0.587891342867201,0.435606539370436,1.00497175482443
0.587736706583901,0.435114916025554,1.00489279911602
0.5875820703006,0.434623292680672,1.0048138434076
0.5874274340173,0.434131669335789,1.00473488769918
0.587272797733999,0.433640045990907,1.00465593199077
0.587118161450699,0.433148422646025,1.00457697628235
0.586963525167398,0.432656799301143,1.00449802057393
0.586808888884098,0.43216517595626,1.00441906486551
0.586654252600798,0.431673552611378,1.0043401091571
0.586499616317497,0.431181929266496,1.00426115344868
0.586344980034197,0.430690305921613,1.00418219774026
0.586190343750896,0.430198682576731,1.00410324203184
0.586035707467596,0.429707059231849,1.00402428632343
0.585881071184295,0.429215435886966,1.00394533061501
0.585726434900995,0.428723812542084,1.00386637490659
0.585571798617694,0.428232189197202,1.00378741919817
0.585417162334394,0.42774056585232,1.00370846348976
0.585262526051094,0.427248942507437,1.00362950778134
0.585107889767793,0.426757319162555,1.00355055207292
0.584952237314116,0.426267255402583,1.00346992596749
0.584789436768676,0.425788162299022,1.00337754971525
0.584626636223237,0.425309069195462,1.00328517346301
0.584463835677797,0.424829976091901,1.00319279721076
0.584301035132357,0.42435088298834,1.00310042095852
0.584138234586917,0.423871789884779,1.00300804470627
0.583975434041477,0.423392696781218,1.00291566845403
0.583812633496037,0.422913603677657,1.00282329220178
0.583649832950597,0.422434510574097,1.00273091594954
0.583487032405158,0.421955417470536,1.0026385396973
0.583324231859718,0.421476324366975,1.00254616344505
0.583161431314278,0.420997231263414,1.00245378719281
0.582998630768838,0.420518138159853,1.00236141094056
0.582835830223398,0.420039045056292,1.00226903468832
0.582673029677958,0.419559951952732,1.00217665843607
0.582510229132518,0.419080858849171,1.00208428218383
0.582347428587078,0.41860176574561,1.00199190593159
0.582184628041639,0.418122672642049,1.00189952967934
0.582021827496199,0.417643579538488,1.0018071534271
0.581859026950759,0.417164486434927,1.00171477717485
0.581696226405319,0.416685393331367,1.00162240092261
0.581533425859879,0.416206300227806,1.00153002467036
0.581370625314439,0.415727207124245,1.00143764841812
0.581207824769,0.415248114020684,1.00134527216588
0.58104502422356,0.414769020917123,1.00125289591363
0.580881079292927,0.414291757324019,1.00115851540572
0.580710622238975,0.413824904559176,1.001052729682
0.580540165185022,0.413358051794334,1.00094694395828
0.580369708131069,0.412891199029492,1.00084115823456
0.580199251077117,0.412424346264649,1.00073537251085
0.580028794023164,0.411957493499807,1.00062958678713
0.579858336969211,0.411490640734965,1.00052380106341
0.579687879915259,0.411023787970122,1.00041801533969
0.579517422861306,0.41055693520528,1.00031222961597
0.579346965807353,0.410090082440438,1.00020644389226
0.579176508753401,0.409623229675595,1.00010065816854
0.579006051699448,0.409156376910753,0.99999487244482
0.578835594645495,0.40868952414591,0.999889086721102
0.578665137591543,0.408222671381068,0.999783300997384
0.57849468053759,0.407755818616226,0.999677515273667
0.578324223483638,0.407288965851383,0.999571729549949
0.578153766429685,0.406822113086541,0.999465943826231
0.577983309375732,0.406355260321699,0.999360158102513
0.57781285232178,0.405888407556856,0.999254372378795
0.577642395267827,0.405421554792014,0.999148586655077
0.577471938213874,0.404954702027172,0.999042800931359
0.577301481159922,0.404487849262329,0.998937015207641
0.577131024105969,0.404020996497487,0.998831229483923
0.576960567052016,0.403554143732645,0.998725443760205
0.576790109998064,0.403087290967802,0.998619658036487
0.576618402134077,0.402622524202275,0.998511547651983
0.576440775703951,0.402167627940319,0.99839243746876
0.576263149273825,0.401712731678363,0.998273327285536
0.5760855228437,0.401257835416408,0.998154217102312
0.575907896413574,0.400802939154452,0.998035106919089
0.575730269983449,0.400348042892496,0.997915996735865
0.575552643553323,0.39989314663054,0.997796886552642
0.575375017123197,0.399438250368585,0.997677776369418
0.575197390693072,0.398983354106629,0.997558666186194
0.575019764262946,0.398528457844673,0.997439556002971
0.574842137832821,0.398073561582718,0.997320445819747
0.574664511402695,0.397618665320762,0.997201335636523
0.574486884972569,0.397163769058806,0.9970822254533
0.574309258542444,0.39670887279685,0.996963115270076
0.574131632112318,0.396253976534895,0.996844005086852
0.573954005682192,0.395799080272939,0.996724894903629
0.573776379252067,0.395344184010983,0.996605784720405
0.573598752821941,0.394889287749027,0.996486674537181
0.573421126391816,0.394434391487072,0.996367564353958
0.57324349996169,0.393979495225116,0.996248454170734
0.573065873531564,0.39352459896316,0.99612934398751
0.572888247101439,0.393069702701204,0.996010233804287
0.572710620671313,0.392614806439249,0.995891123621063
0.572532994241187,0.392159910177293,0.995772013437839
0.572355367811062,0.391705013915337,0.995652903254616
0.572176404798117,0.391252447101027,0.995531161472781
0.571992077551739,0.390809229277862,0.995398858048935
0.571807750305362,0.390366011454698,0.99526655462509
0.571623423058984,0.389922793631533,0.995134251201244
0.571439095812606,0.389479575808369,0.995001947777398
0.571254768566228,0.389036357985204,0.994869644353553
0.57107044131985,0.388593140162039,0.994737340929707
0.570886114073472,0.388149922338875,0.994605037505861
0.570701786827095,0.38770670451571,0.994472734082015
0.570517459580717,0.387263486692546,0.99434043065817
0.570333132334339,0.386820268869381,0.994208127234324
0.570148805087961,0.386377051046217,0.994075823810478
0.569964477841583,0.385933833223052,0.993943520386632
0.569780150595206,0.385490615399887,0.993811216962787
0.569595823348828,0.385047397576723,0.993678913538941
0.56941149610245,0.384604179753558,0.993546610115095
0.569227168856072,0.384160961930394,0.99341430669125
0.569042841609694,0.383717744107229,0.993282003267404
0.568858514363316,0.383274526284065,0.993149699843558
0.568674187116939,0.3828313084609,0.993017396419712
0.568489859870561,0.382388090637736,0.992885092995867
0.568305532624183,0.381944872814571,0.992752789572021
0.568121205377805,0.381501654991406,0.992620486148175
0.567936878131427,0.381058437168242,0.992488182724329
0.56775255088505,0.380615219345077,0.992355879300484
0.56756682071871,0.380174561782702,0.992220652458957
0.567376243429967,0.379742749983283,0.992075325138625
0.567185666141224,0.379310938183865,0.991929997818293
0.566995088852481,0.378879126384447,0.991784670497962
0.566804511563737,0.378447314585028,0.99163934317763
0.566613934274994,0.37801550278561,0.991494015857298
0.566423356986251,0.377583690986192,0.991348688536967
0.566232779697508,0.377151879186773,0.991203361216635
0.566042202408765,0.376720067387355,0.991058033896303
0.565851625120022,0.376288255587937,0.990912706575972
0.565661047831279,0.375856443788518,0.99076737925564
0.565470470542536,0.3754246319891,0.990622051935308
0.565279893253792,0.374992820189682,0.990476724614976
0.565089315965049,0.374561008390263,0.990331397294645
0.564898738676306,0.374129196590845,0.990186069974313
0.564708161387563,0.373697384791427,0.990040742653981
0.56451758409882,0.373265572992008,0.98989541533365
0.564327006810077,0.37283376119259,0.989750088013318
0.564136429521334,0.372401949393172,0.989604760692986
0.56394585223259,0.371970137593754,0.989459433372655
0.563755274943847,0.371538325794335,0.989314106052323
0.563564697655104,0.371106513994917,0.989168778731991
0.563374120366361,0.370674702195499,0.989023451411659
0.563183543077618,0.37024289039608,0.988878124091328
0.562992965788875,0.369811078596662,0.988732796770996
0.562800937342179,0.369382045656884,0.988584272880231
0.562604542988753,0.368961373104056,0.988426131891375
0.562408148635327,0.368540700551229,0.988267990902519
0.562211754281901,0.368120027998401,0.988109849913664
0.562015359928474,0.367699355445574,0.987951708924808
0.561818965575048,0.367278682892746,0.987793567935953
0.561622571221621,0.366858010339919,0.987635426947097
0.561426176868195,0.366437337787091,0.987477285958241
0.561229782514769,0.366016665234264,0.987319144969385
0.561033388161343,0.365595992681437,0.98716100398053
0.560836993807916,0.365175320128609,0.987002862991674
0.56064059945449,0.364754647575782,0.986844722002818
0.560444205101064,0.364333975022954,0.986686581013963
0.560247810747637,0.363913302470127,0.986528440025107
0.560051416394211,0.363492629917299,0.986370299036252
0.559855022040785,0.363071957364472,0.986212158047396
0.559658627687358,0.362651284811644,0.98605401705854
0.559462233333932,0.362230612258817,0.985895876069685
0.559265838980506,0.36180993970599,0.985737735080829
0.559069444627079,0.361389267153162,0.985579594091973
0.558873050273653,0.360968594600335,0.985421453103118
0.558676655920227,0.360547922047507,0.985263312114262
0.5584802615668,0.36012724949468,0.985105171125406
0.558283867213374,0.359706576941852,0.984947030136551
0.558087472859948,0.359285904389025,0.984788889147695
0.557889595791433,0.358868217512945,0.984627301696016
0.557687799250275,0.358458423102808,0.984456603716723
0.557486002709118,0.358048628692671,0.98428590573743
0.557284206167959,0.357638834282534,0.984115207758137
0.557082409626802,0.357229039872397,0.983944509778843
0.556880613085644,0.35681924546226,0.98377381179955
0.556678816544486,0.356409451052123,0.983603113820257
0.556477020003328,0.355999656641986,0.983432415840964
0.55627522346217,0.355589862231849,0.98326171786167
0.556073426921012,0.355180067821713,0.983091019882377
0.555871630379854,0.354770273411576,0.982920321903084
0.555669833838696,0.354360479001439,0.982749623923791
0.555468037297538,0.353950684591302,0.982578925944497
0.55526624075638,0.353540890181165,0.982408227965204
0.555064444215222,0.353131095771028,0.982237529985911
0.554862647674064,0.352721301360891,0.982066832006617
0.554660851132906,0.352311506950754,0.981896134027324
0.554459054591748,0.351901712540617,0.981725436048031
0.55425725805059,0.35149191813048,0.981554738068738
0.554055461509432,0.351082123720343,0.981384040089444
0.553853664968274,0.350672329310207,0.981213342110151
0.553651868427116,0.35026253490007,0.981042644130858
0.553450071885958,0.349852740489933,0.980871946151565
0.5532482753448,0.349442946079796,0.980701248172271
0.553046478803642,0.349033151669659,0.980530550192978
0.552843183860467,0.348626538311671,0.980356176699779
0.552636383734072,0.348227366328219,0.980173205147099
0.552429583607678,0.347828194344766,0.97999023359442
0.552222783481283,0.347429022361314,0.97980726204174
0.552015983354888,0.347029850377861,0.979624290489061
0.551809183228494,0.346630678394409,0.979441318936381
0.551602383102099,0.346231506410956,0.979258347383702
0.551395582975704,0.345832334427504,0.979075375831022
0.551188782849309,0.345433162444052,0.978892404278342
0.550981982722915,0.345033990460599,0.978709432725663
0.55077518259652,0.344634818477147,0.978526461172983
0.550568382470125,0.344235646493694,0.978343489620304
0.550361582343731,0.343836474510242,0.978160518067624
0.550154782217336,0.34343730252679,0.977977546514945
0.549947982090941,0.343038130543337,0.977794574962265
0.549741181964547,0.342638958559885,0.977611603409585
0.549534381838152,0.342239786576432,0.977428631856906
0.549327581711757,0.34184061459298,0.977245660304226
0.549120781585363,0.341441442609527,0.977062688751547
0.548913981458968,0.341042270626075,0.976879717198867
0.548707181332573,0.340643098642623,0.976696745646188
0.548500381206179,0.34024392665917,0.976513774093508
0.548293581079784,0.339844754675718,0.976330802540829
0.548086780953389,0.339445582692265,0.976147830988149
0.547879980826994,0.339046410708813,0.975964859435469
0.547671681488433,0.338650604076988,0.975778004325703
0.547460260804935,0.338261804074038,0.975583063688408
0.547248840121438,0.337873004071089,0.975388123051112
0.547037419437941,0.33748420406814,0.975193182413817
0.546825998754443,0.33709540406519,0.974998241776522
0.546614578070946,0.336706604062241,0.974803301139226
0.546403157387449,0.336317804059292,0.974608360501931
0.546191736703951,0.335929004056342,0.974413419864636
0.545980316020454,0.335540204053393,0.974218479227341
0.545768895336957,0.335151404050443,0.974023538590045
0.545557474653459,0.334762604047494,0.97382859795275
0.545346053969962,0.334373804044545,0.973633657315455
0.545134633286465,0.333985004041595,0.973438716678159
0.544923212602967,0.333596204038646,0.973243776040864
0.54471179191947,0.333207404035696,0.973048835403569
0.544500371235973,0.332818604032747,0.972853894766273
0.544288950552475,0.332429804029798,0.972658954128978
0.544077529868978,0.332041004026848,0.972464013491683
0.543866109185481,0.331652204023899,0.972269072854388
0.543654688501983,0.331263404020949,0.972074132217092
0.543443267818486,0.330874604018,0.971879191579797
0.543231847134989,0.330485804015051,0.971684250942502
0.543020426451491,0.330097004012101,0.971489310305206
0.542809005767994,0.329708204009152,0.971294369667911
0.542597585084497,0.329319404006202,0.971099429030616
0.542384678083817,0.328934142970177,0.970900420093962
0.542169004286782,0.328555469761372,0.970693837971737
0.541953330489747,0.328176796552567,0.970487255849512
0.541737656692713,0.327798123343762,0.970280673727287
0.541521982895678,0.327419450134957,0.970074091605061
0.541306309098643,0.327040776926152,0.969867509482836
0.541090635301608,0.326662103717347,0.969660927360611
0.540874961504573,0.326283430508542,0.969454345238386
0.540659287707538,0.325904757299737,0.96924776311616
0.540443613910503,0.325526084090932,0.969041180993935
0.540227940113468,0.325147410882128,0.96883459887171
0.540012266316433,0.324768737673323,0.968628016749485
0.539796592519398,0.324390064464518,0.968421434627259
0.539580918722363,0.324011391255713,0.968214852505034
0.539365244925328,0.323632718046908,0.968008270382809
0.539149571128293,0.323254044838103,0.967801688260584
0.538933897331258,0.322875371629298,0.967595106138359
0.538718223534223,0.322496698420493,0.967388524016133
0.538502549737188,0.322118025211688,0.967181941893908
0.538286875940154,0.321739352002883,0.966975359771683
0.538071202143119,0.321360678794078,0.966768777649457
0.537855528346084,0.320982005585273,0.966562195527232
0.537639854549049,0.320603332376468,0.966355613405007
0.537424180752014,0.320224659167663,0.966149031282782
0.537208506954979,0.319845985958858,0.965942449160556
0.536991372170106,0.319471015055588,0.965731640528613
0.53677179684632,0.31910222874913,0.965513771631576
0.536552221522535,0.318733442442673,0.96529590273454
0.536332646198749,0.318364656136216,0.965078033837503
0.536113070874964,0.317995869829759,0.964860164940467
0.535893495551178,0.317627083523301,0.96464229604343
0.535673920227393,0.317258297216844,0.964424427146394
0.535454344903607,0.316889510910387,0.964206558249357
0.535234769579822,0.316520724603929,0.96398868935232
0.535015194256036,0.316151938297472,0.963770820455284
0.53479561893225,0.315783151991015,0.963552951558247
0.534576043608465,0.315414365684557,0.963335082661211
0.534356468284679,0.3150455793781,0.963117213764174
0.534136892960894,0.314676793071643,0.962899344867137
0.533917317637108,0.314308006765186,0.962681475970101
0.533697742313323,0.313939220458728,0.962463607073064
0.533478166989537,0.313570434152271,0.962245738176028
0.533258591665751,0.313201647845814,0.962027869278991
0.533039016341966,0.312832861539356,0.961810000381955
0.53281944101818,0.312464075232899,0.961592131484918
0.532599865694395,0.312095288926442,0.961374262587882
0.532380290370609,0.311726502619984,0.961156393690845
0.532160715046823,0.311357716313527,0.960938524793808
0.531941139723038,0.31098893000707,0.960720655896772
0.531721564399252,0.310620143700612,0.960502786999735
0.531500565311541,0.310255213049014,0.960280556411336
0.531277425816852,0.309896078773071,0.960051768700331
0.531054286322163,0.309536944497129,0.959822980989327
0.530831146827475,0.309177810221186,0.959594193278323
0.530608007332786,0.308818675945244,0.959365405567318
0.530384867838097,0.308459541669301,0.959136617856314
0.530161728343409,0.308100407393358,0.958907830145309
0.52993858884872,0.307741273117416,0.958679042434305
0.529715449354031,0.307382138841473,0.9584502547233
0.529492309859342,0.307023004565531,0.958221467012296
0.529269170364654,0.306663870289588,0.957992679301291
0.529046030869965,0.306304736013645,0.957763891590287
0.528822891375276,0.305945601737703,0.957535103879282
0.528599751880588,0.30558646746176,0.957306316168278
0.528376612385899,0.305227333185818,0.957077528457273
0.52815347289121,0.304868198909875,0.956848740746269
0.527930333396522,0.304509064633932,0.956619953035265
0.527707193901833,0.30414993035799,0.95639116532426
0.527484054407144,0.303790796082047,0.956162377613256
0.527260914912455,0.303431661806104,0.955933589902251
0.527037775417767,0.303072527530162,0.955704802191247
0.526814635923078,0.302713393254219,0.955476014480242
0.526591496428389,0.302354258978277,0.955247226769238
0.526368356933701,0.301995124702334,0.955018439058233
0.526145217439012,0.301635990426391,0.954789651347229
0.525920702495775,0.301280855493829,0.95455638912443
0.525694322577566,0.300931143283418,0.954317059897146
0.525467942659356,0.300581431073007,0.954077730669863
0.525241562741147,0.300231718862596,0.95383840144258
0.525015182822938,0.299882006652185,0.953599072215296
0.524788802904729,0.299532294441773,0.953359742988013
0.524562422986519,0.299182582231362,0.95312041376073
0.52433604306831,0.298832870020951,0.952881084533446
0.524109663150101,0.29848315781054,0.952641755306163
0.523883283231891,0.298133445600129,0.952402426078879
0.523656903313682,0.297783733389717,0.952163096851596
0.523430523395473,0.297434021179306,0.951923767624313
0.523204143477264,0.297084308968895,0.95168443839703
0.522977763559054,0.296734596758484,0.951445109169746
0.522751383640845,0.296384884548073,0.951205779942463
0.522525003722636,0.296035172337661,0.950966450715179
0.522298623804426,0.29568546012725,0.950727121487896
0.522072243886217,0.295335747916839,0.950487792260613
0.521845863968008,0.294986035706428,0.950248463033329
0.521619484049799,0.294636323496017,0.950009133806046
0.521393104131589,0.294286611285605,0.949769804578763
0.52116672421338,0.293936899075194,0.949530475351479
0.520940344295171,0.293587186864783,0.949291146124196
0.520713964376961,0.293237474654372,0.949051816896913
0.520487584458752,0.29288776244396,0.948812487669629
0.520259887473647,0.292542183968639,0.948568594848615
0.520030577260698,0.292201668756672,0.948319112245864
0.519801267047749,0.291861153544706,0.948069629643114
0.5195719568348,0.291520638332739,0.947820147040363
0.51934264662185,0.291180123120773,0.947570664437612
0.519113336408901,0.290839607908806,0.947321181834862
0.518884026195952,0.29049909269684,0.947071699232111
0.518654715983003,0.290158577484873,0.946822216629361
0.518425405770054,0.289818062272907,0.94657273402661
0.518196095557104,0.28947754706094,0.946323251423859
0.517966785344155,0.289137031848974,0.946073768821109
0.517737475131206,0.288796516637007,0.945824286218358
0.517508164918257,0.288456001425041,0.945574803615607
0.517278854705307,0.288115486213074,0.945325321012857
0.517049544492358,0.287774971001108,0.945075838410106
0.516820234279409,0.287434455789141,0.944826355807355
0.51659092406646,0.287093940577175,0.944576873204605
0.516361613853511,0.286753425365208,0.944327390601854
0.516132303640561,0.286412910153242,0.944077907999104
0.515902993427612,0.286072394941275,0.943828425396353
0.515673683214663,0.285731879729309,0.943578942793602
0.515444373001714,0.285391364517342,0.943329460190852
0.515215062788764,0.285050849305376,0.943079977588101
0.514985752575815,0.284710334093409,0.94283049498535
0.514756442362866,0.284369818881443,0.9425810123826
0.514525882394241,0.284033562882879,0.942326903009114
0.514293938153691,0.283702024534047,0.942067668866883
0.514061993913142,0.283370486185215,0.941808434724653
0.513830049672592,0.283038947836383,0.941549200582422
0.513598105432043,0.282707409487551,0.941289966440192
0.513366161191493,0.282375871138719,0.941030732297962
0.513134216950944,0.282044332789888,0.940771498155731
0.512902272710395,0.281712794441056,0.940512264013501
0.512670328469845,0.281381256092224,0.940253029871271
0.512438384229296,0.281049717743392,0.93999379572904
0.512206439988746,0.28071817939456,0.93973456158681
0.511974495748197,0.280386641045728,0.93947532744458
0.511742551507647,0.280055102696897,0.939216093302349
0.511510607267098,0.279723564348065,0.938956859160119
0.511278663026549,0.279392025999233,0.938697625017889
0.511046718785999,0.279060487650401,0.938438390875658
0.51081477454545,0.278728949301569,0.938179156733428
0.5105828303049,0.278397410952737,0.937919922591197
0.510350886064351,0.278065872603905,0.937660688448967
0.510118941823802,0.277734334255074,0.937401454306737
0.509886997583252,0.277402795906242,0.937142220164507
0.509655053342703,0.27707125755741,0.936882986022276
0.509423109102153,0.276739719208578,0.936623751880046
0.509191164861604,0.276408180859746,0.936364517737815
0.508959220621054,0.276076642510914,0.936105283595585
0.508726102547989,0.275749480178901,0.935841381639422
0.50849180813088,0.275426703226619,0.935572801882085
0.508257513713771,0.275103926274338,0.935304222124748
0.508023219296662,0.274781149322056,0.935035642367411
0.507788924879553,0.274458372369774,0.934767062610074
0.507554630462444,0.274135595417493,0.934498482852737
0.507320336045334,0.273812818465211,0.9342299030954
0.507086041628225,0.273490041512929,0.933961323338063
0.506851747211116,0.273167264560648,0.933692743580726
0.506617452794007,0.272844487608366,0.933424163823389
0.506383158376898,0.272521710656084,0.933155584066051
0.506148863959788,0.272198933703803,0.932887004308715
0.505914569542679,0.271876156751521,0.932618424551377
0.50568027512557,0.271553379799239,0.93234984479404
0.505445980708461,0.271230602846958,0.932081265036703
0.505211686291352,0.270907825894676,0.931812685279366
0.504977391874242,0.270585048942394,0.931544105522029
0.504743097457133,0.270262271990113,0.931275525764692
0.504508803040024,0.269939495037831,0.931006946007355
0.504274508622915,0.269616718085549,0.930738366250018
0.504040214205806,0.269293941133268,0.930469786492681
0.503805919788696,0.268971164180986,0.930201206735344
0.503571625371587,0.268648387228704,0.929932626978007
0.503337330954478,0.268325610276423,0.92966404722067
0.503103036537369,0.268002833324141,0.929395467463333
0.502867652181524,0.267684540810745,0.929122199901214
0.502631279575519,0.267370314349224,0.928844681894858
0.502394906969514,0.267056087887704,0.928567163888502
0.50215853436351,0.266741861426183,0.928289645882146
0.501922161757505,0.266427634964662,0.92801212787579
0.501685789151501,0.266113408503142,0.927734609869434
0.501449416545496,0.265799182041621,0.927457091863078
0.501213043939492,0.265484955580101,0.927179573856722
0.500976671333487,0.26517072911858,0.926902055850366
0.500740298727483,0.264856502657059,0.92662453784401
0.500503926121478,0.264542276195539,0.926347019837654
0.500267553515474,0.264228049734018,0.926069501831297
0.500031180909469,0.263913823272497,0.925791983824941
0.499794808303465,0.263599596810977,0.925514465818585
0.49955843569746,0.263285370349456,0.925236947812229
0.499322063091456,0.262971143887936,0.924959429805873
0.499085690485451,0.262656917426415,0.924681911799517
0.498849317879447,0.262342690964894,0.924404393793161
0.498612945273442,0.262028464503374,0.924126875786805
0.498376572667438,0.261714238041853,0.923849357780449
0.498140200061433,0.261400011580332,0.923571839774093
0.497903827455429,0.261085785118812,0.923294321767737
0.497667454849424,0.260771558657291,0.923016803761381
0.49743108224342,0.26045733219577,0.922739285755025
0.497194709637415,0.26014310573425,0.922461767748668
0.496957581864437,0.259832277225563,0.922180762469954
0.496719834892367,0.25952423486799,0.921896897802588
0.496482087920298,0.259216192510417,0.921613033135223
0.496244340948228,0.258908150152845,0.921329168467857
0.496006593976159,0.258600107795272,0.921045303800492
0.495768847004089,0.258292065437699,0.920761439133126
0.49553110003202,0.257984023080126,0.920477574465761
0.495293353059951,0.257675980722554,0.920193709798396
0.495055606087881,0.257367938364981,0.91990984513103
0.494817859115812,0.257059896007408,0.919625980463665
0.494580112143742,0.256751853649836,0.919342115796299
0.494342365171673,0.256443811292263,0.919058251128934
0.494104083088946,0.256138367982938,0.918771761247834
0.493865527913796,0.255834251091571,0.918483931595283
0.493626972738645,0.255530134200204,0.918196101942733
0.493388417563495,0.255226017308837,0.917908272290182
0.493149862388344,0.25492190041747,0.917620442637632
0.492911307213194,0.254617783526103,0.917332612985081
0.492672752038044,0.254313666634737,0.91704478333253
0.492434196862893,0.25400954974337,0.91675695367998
0.492195641687743,0.253705432852003,0.916469124027429
0.491957086512592,0.253401315960636,0.916181294374878
0.491718531337442,0.253097199069269,0.915893464722328
0.491479976162291,0.252793082177902,0.915605635069777
0.491240838011827,0.252491971216499,0.915314806034788
0.491001530351062,0.252191734281967,0.915023104876734
0.490762222690297,0.251891497347435,0.91473140371868
0.490522915029532,0.251591260412903,0.914439702560626
0.490283607368767,0.251291023478372,0.914148001402572
0.490044299708002,0.25099078654384,0.913856300244518
0.489804992047237,0.250690549609308,0.913564599086464
0.489565684386472,0.250390312674776,0.913272897928409
0.489326376725707,0.250090075740245,0.912981196770355
0.489087069064941,0.249789838805713,0.912689495612302
0.488847761404176,0.249489601871181,0.912397794454247
0.488608453743411,0.249189364936649,0.912106093296193
0.488368526749387,0.248892530978755,0.911811039527277
0.488128521143279,0.248596128961308,0.911515560210849
0.48788851553717,0.248299726943861,0.911220080894422
0.487648509931062,0.248003324926413,0.910924601577995
0.487408504324954,0.247706922908966,0.910629122261567
0.487168498718845,0.247410520891519,0.91033364294514
0.486928493112737,0.247114118874072,0.910038163628713
0.486688487506629,0.246817716856625,0.909742684312286
0.48644848190052,0.246521314839178,0.909447204995858
0.486208476294412,0.246224912821731,0.909151725679431
0.485968470688304,0.245928510804284,0.908856246363004
0.485728465082195,0.245632108786837,0.908560767046576
