-1.98712278416485,-0.662374261388283,-1.32474852277657
-1.97797285776161,-0.661517538601776,-1.32396783808542
-1.96882293135838,-0.660660815815269,-1.32318715339427
-1.95967300495514,-0.659804093028762,-1.32240646870312
-1.95052307855191,-0.658947370242255,-1.32162578401197
-1.94137315214867,-0.658090647455748,-1.32084509932082
-1.9322562912602,-0.657235235097209,-1.32003605460169
-1.92336646981211,-0.656388820597462,-1.31903227996752
-1.91447664836403,-0.655542406097715,-1.31802850533334
-1.90558682691595,-0.654695991597968,-1.31702473069917
-1.89669700546787,-0.653849577098222,-1.31602095606499
-1.88780718401978,-0.653003162598475,-1.31501718143081
-1.87898159361217,-0.652159315403491,-1.31396115819755
-1.8703444041286,-0.651322998564329,-1.31275188064559
-1.86170721464502,-0.650486681725167,-1.31154260309364
-1.85307002516144,-0.649650364886005,-1.31033332554168
-1.84443283567786,-0.648814048046844,-1.30912404798972
-1.83579564619428,-0.647977731207682,-1.30791477043777
-1.82725203307668,-0.647145187057821,-1.30663346093528
-1.81886021178265,-0.646318762651792,-1.30523530717399
-1.81046839048862,-0.645492338245763,-1.30383715341269
-1.80207656919458,-0.644665913839734,-1.3024389996514
-1.79368474790055,-0.643839489433706,-1.3010408458901
-1.78529292660651,-0.643013065027677,-1.29964269212881
-1.77702228665587,-0.642191569263684,-1.29815645726314
-1.76886877911649,-0.641374837465081,-1.29658508427428
-1.76071527157711,-0.640558105666478,-1.29501371128541
-1.75256176403773,-0.639741373867875,-1.29344233829655
-1.74440825649835,-0.638924642069273,-1.29187096530768
-1.73625474895897,-0.63810791027067,-1.29029959231882
-1.72824836926034,-0.637297215746399,-1.28862743039676
-1.72032633357735,-0.63648998221196,-1.28689748917667
-1.71240429789436,-0.635682748677521,-1.28516754795659
-1.70448226221138,-0.634875515143081,-1.2834376067365
-1.69656022652839,-0.634068281608642,-1.28170766551641
-1.6886381908454,-0.633261048074203,-1.27997772429633
-1.68088763750311,-0.63246091484835,-1.27813737486901
-1.67319042520918,-0.631662990234196,-1.27626268202477
-1.66549321291525,-0.630865065620042,-1.27438798918052
-1.65779600062132,-0.630067141005887,-1.27251329633628
-1.6500987883274,-0.629269216391733,-1.27063860349204
-1.64240157603347,-0.628471291777579,-1.26876391064779
-1.63489867584708,-0.62768148665031,-1.26677201394582
-1.62741982459609,-0.626892686427048,-1.26476561157028
-1.6199409733451,-0.626103886203786,-1.26275920919474
-1.61246212209411,-0.625315085980524,-1.2607528068192
-1.60498327084313,-0.624526285757262,-1.25874640444366
-1.59750810868784,-0.623737641144959,-1.25673792666807
-1.59024639178757,-0.622957999937108,-1.2546093695209
-1.58298467488729,-0.622178358729256,-1.25248081237373
-1.57572295798702,-0.621398717521405,-1.25035225522655
-1.56846124108675,-0.620619076313554,-1.24822369807938
-1.56119952418648,-0.619839435105702,-1.24609514093221
-1.55393780728621,-0.619059793897851,-1.24396658378504
-1.54686133679394,-0.618288042701978,-1.24174124737646
-1.53981532127103,-0.617517588643661,-1.23950000021704
-1.53276930574813,-0.616747134585344,-1.23725875305763
-1.52572329022523,-0.615976680527027,-1.23501750589821
-1.51867727470232,-0.615206226468711,-1.23277625873879
-1.51163125917942,-0.614435772410394,-1.23053501157938
-1.50473182350759,-0.613671624149974,-1.22822307278478
-1.49789501971274,-0.612910170284147,-1.22588092827114
-1.4910582159179,-0.612148716418321,-1.2235387837575
-1.48422141212306,-0.611387262552494,-1.22119663924385
-1.47738460832822,-0.610625808686668,-1.21885449473021
-1.47054780453338,-0.609864354820841,-1.21651235021657
-1.46382107018789,-0.609107684358657,-1.21412148506321
-1.45718717850858,-0.608355048657709,-1.21168952445498
-1.45055328682928,-0.607602412956761,-1.20925756384675
-1.44391939514998,-0.606849777255814,-1.20682560323851
-1.43728550347067,-0.606097141554866,-1.20439364263028
-1.43065161179137,-0.605344505853918,-1.20196168202205
-1.42409484585118,-0.604595257005337,-1.19949862365294
-1.41766166209662,-0.603851435068996,-1.19698573588446
-1.41122847834207,-0.603107613132656,-1.19447284811598
-1.40479529458751,-0.602363791196316,-1.1919599603475
-1.39836211083295,-0.601619969259976,-1.18944707257902
-1.39192892707839,-0.600876147323636,-1.18693418481054
-1.38549574332384,-0.600132325387296,-1.18442129704207
-1.37925628098853,-0.599397101838993,-1.18183781899037
-1.3730214753289,-0.598662084978751,-1.17925264408938
-1.36678666966927,-0.597927068118509,-1.17666746918838
-1.36055186400964,-0.597192051258267,-1.17408229428739
-1.35431705835001,-0.596457034398025,-1.17149711938639
-1.34808225269038,-0.595722017537783,-1.1689119444854
-1.34195675253746,-0.594991905867575,-1.16629117205429
-1.33591412089867,-0.59426551300186,-1.16364341182982
-1.32987148925988,-0.593539120136146,-1.16099565160536
-1.32382885762108,-0.592812727270432,-1.1583478913809
-1.31778622598229,-0.592086334404717,-1.15570013115644
-1.31174359434349,-0.591359941539003,-1.15305237093197
-1.30573094200199,-0.590634909125,-1.15039599278995
-1.29987446893579,-0.589916964080673,-1.14769471899522
-1.29401799586958,-0.589199019036346,-1.1449934452005
-1.28816152280338,-0.588481073992019,-1.14229217140578
-1.28230504973718,-0.587763128947692,-1.13959089761105
-1.27644857667097,-0.587045183903365,-1.13688962381633
-1.27059210360477,-0.586327238859038,-1.13418835002161
-1.26487432925939,-0.58561566059985,-1.13145247686977
-1.25920197781978,-0.58490616742032,-1.12870527265929
-1.25352962638018,-0.584196674240791,-1.12595806844882
-1.24785727494057,-0.583487181061262,-1.12321086423835
-1.24218492350097,-0.582777687881732,-1.12046366002788
-1.23651257206136,-0.582068194702203,-1.11771645581741
-1.2308530138674,-0.581359295739129,-1.11496653845658
-1.22536261721035,-0.580658253935346,-1.11218074586149
-1.21987222055331,-0.579957212131564,-1.10939495326641
-1.21438182389626,-0.579256170327781,-1.10660916067133
-1.20889142723922,-0.578555128523999,-1.10382336807625
-1.20340103058218,-0.577854086720216,-1.10103757548116
-1.19791063392513,-0.577153044916434,-1.09825178288608
-1.19248841599614,-0.576455208484392,-1.09545407400056
-1.18717404593867,-0.575762442439103,-1.09263751544453
-1.18185967588119,-0.575069676393815,-1.08982095688849
-1.17654530582371,-0.574376910348526,-1.08700439833246
-1.17123093576624,-0.573684144303238,-1.08418783977643
-1.16591656570876,-0.572991378257949,-1.08137128122039
-1.16060219565128,-0.572298612212661,-1.07855472266436
-1.15540776328985,-0.571611554798931,-1.07572161443354
-1.15026367917287,-0.570926893792559,-1.07288155887008
-1.14511959505588,-0.570242232786186,-1.07004150330661
-1.1399755109389,-0.569557571779813,-1.06720144774315
-1.13483142682191,-0.568872910773441,-1.06436139217968
-1.12968734270492,-0.568188249767068,-1.06152133661622
-1.1245468516562,-0.567503761959208,-1.05868091674623
-1.11957112623376,-0.56682721643336,-1.05582379104498
-1.11459540081132,-0.566150670907511,-1.05296666534374
-1.10961967538888,-0.565474125381663,-1.05010953964249
-1.10464394996644,-0.564797579855814,-1.04725241394125
-1.099668224544,-0.564121034329966,-1.04439528824
-1.09469249912156,-0.563444488804117,-1.04153816253876
-1.08972299573827,-0.562768247128292,-1.03868062960978
-1.08491357187668,-0.562099822852069,-1.03581261959796
-1.08010414801509,-0.561431398575846,-1.03294460958614
-1.0752947241535,-0.560762974299623,-1.03007659957432
-1.07048530029191,-0.5600945500234,-1.0272085895625
-1.06567587643032,-0.559426125747177,-1.02434057955068
-1.06086645256873,-0.558757701470954,-1.02147256953886
-1.05606562115188,-0.55808970245968,-1.01860430533824
-1.05141684383006,-0.557429229045483,-1.01573154294788
-1.04676806650823,-0.556768755631285,-1.01285878055752
-1.04211928918641,-0.556108282217088,-1.00998601816716
-1.03747051186459,-0.55544780880289,-1.00711325577679
-1.03282173454277,-0.554787335388693,-1.00424049338643
-1.02817295722095,-0.554126861974495,-1.00136773099607
-1.02353497393765,-0.553466930103223,-0.998495031144893
-1.01904137457008,-0.552814242053426,-0.995623167834408
-1.0145477752025,-0.552161554003628,-0.992751304523924
-1.01005417583493,-0.551508865953831,-0.98987944121344
-1.00556057646735,-0.550856177904034,-0.987007577902955
-1.00106697709978,-0.550203489854237,-0.984135714592471
-0.996573377732207,-0.549550801804439,-0.981263851281987
-0.992092911162256,-0.548898781926078,-0.978392526060367
-0.987752675803118,-0.548253896741498,-0.975526946518776
-0.983412440443981,-0.547609011556917,-0.972661366977185
-0.979072205084843,-0.546964126372337,-0.969795787435594
-0.974731969725706,-0.546319241187757,-0.966930207894003
-0.970391734366568,-0.545674356003176,-0.964064628352412
-0.966051499007431,-0.545029470818596,-0.961199048810822
-0.961711263648294,-0.544384585634015,-0.958333469269231
-0.957487739160049,-0.543745724471358,-0.955476697930548
-0.9532989234909,-0.54310865480152,-0.952622546076399
-0.949110107821751,-0.542471585131683,-0.94976839422225
-0.944921292152603,-0.541834515461845,-0.946914242368102
-0.940732476483454,-0.541197445792007,-0.944060090513953
-0.936543660814305,-0.54056037612217,-0.941205938659804
-0.932354845145156,-0.539923306452332,-0.938351786805656
-0.928232609955589,-0.539289724628155,-0.935504952210579
-0.924189828706259,-0.53866030503114,-0.932666849680346
-0.920147047456928,-0.538030885434126,-0.929828747150113
-0.916104266207597,-0.537401465837112,-0.926990644619879
-0.912061484958266,-0.536772046240098,-0.924152542089646
-0.908018703708935,-0.536142626643084,-0.921314439559413
-0.903975922459604,-0.53551320704607,-0.91847633702918
-0.899953008601899,-0.534884843987999,-0.915641092540249
-0.896051061899053,-0.53426291390877,-0.912823249889027
-0.892149115196207,-0.533640983829541,-0.910005407237805
-0.888247168493361,-0.533019053750312,-0.907187564586582
-0.884345221790515,-0.532397123671083,-0.90436972193536
-0.880443275087669,-0.531775193591854,-0.901551879284138
-0.876541328384823,-0.531153263512625,-0.898734036632916
-0.872639381681977,-0.530531333433396,-0.895916193981694
-0.868852390029088,-0.529915612128653,-0.893118769249107
-0.865089577899555,-0.529301196770955,-0.890325639199882
-0.861326765770021,-0.528686781413256,-0.887532509150658
-0.857563953640487,-0.528072366055558,-0.884739379101433
-0.853801141510953,-0.527457950697859,-0.881946249052209
-0.850038329381419,-0.52684353534016,-0.879153119002984
-0.846275517251885,-0.526229119982462,-0.876359988953759
-0.842532665432852,-0.525615799994761,-0.87357106377109
-0.838907156728871,-0.52500891949244,-0.870806858250971
-0.835281648024891,-0.524402038990119,-0.868042652730852
-0.83165613932091,-0.523795158487799,-0.865278447210734
-0.828030630616929,-0.523188277985478,-0.862514241690615
-0.824405121912949,-0.522581397483157,-0.859750036170496
-0.820779613208968,-0.521974516980837,-0.856985830650377
-0.817154104504987,-0.521367636478516,-0.854221625130258
-0.813589999654347,-0.520764181452652,-0.851472380650057
-0.810096675112623,-0.520164674978363,-0.848740381781808
-0.8066033505709,-0.519565168504074,-0.84600838291356
-0.803110026029177,-0.518965662029785,-0.843276384045311
-0.799616701487453,-0.518366155555497,-0.840544385177062
-0.79612337694573,-0.517766649081208,-0.837812386308814
-0.792630052404007,-0.517167142606919,-0.835080387440565
-0.789136727862284,-0.51656763613263,-0.832348388572317
-0.785743127538146,-0.51597378641443,-0.829643931395584
-0.782377052327769,-0.515381498030665,-0.826947076065329
-0.779010977117391,-0.514789209646899,-0.824250220735073
-0.775644901907014,-0.514196921263134,-0.821553365404818
-0.772278826696637,-0.513604632879368,-0.818856510074563
-0.768912751486259,-0.513012344495603,-0.816159654744307
-0.765546676275882,-0.512420056111837,-0.813462799414052
-0.76219352571379,-0.511828513580445,-0.810769931559191
-0.758953115085296,-0.511243477016966,-0.808111845905069
-0.755712704456801,-0.510658440453486,-0.805453760250947
-0.752472293828307,-0.510073403890007,-0.802795674596826
-0.749231883199812,-0.509488367326528,-0.800137588942704
-0.745991472571318,-0.508903330763049,-0.797479503288583
-0.742751061942823,-0.50831829419957,-0.794821417634461
-0.739510651314329,-0.507733257636091,-0.79216333198034
-0.73627204410133,-0.507148326998521,-0.789505859668381
-0.733155580885451,-0.506570570644379,-0.786889928567321
-0.730039117669574,-0.505992814290237,-0.78427399746626
-0.726922654453696,-0.505415057936095,-0.781658066365199
-0.723806191237818,-0.504837301581953,-0.779042135264138
-0.72068972802194,-0.504259545227811,-0.776426204163077
-0.717573264806062,-0.503681788873669,-0.773810273062016
-0.714456801590184,-0.503104032519527,-0.771194341960955
-0.711340338374306,-0.502526276165385,-0.768578410859895
-0.708334182153206,-0.501955118044417,-0.76600347413469
-0.705336808897498,-0.501384485294064,-0.763431801501532
-0.702339435641791,-0.500813852543711,-0.760860128868375
-0.699342062386083,-0.500243219793358,-0.758288456235218
-0.696344689130376,-0.499672587043005,-0.75571678360206
-0.693347315874668,-0.499101954292652,-0.753145110968903
-0.690349942618961,-0.498531321542299,-0.750573438335746
-0.687352569363253,-0.497960688791946,-0.748001765702588
-0.68445107092956,-0.497395898136076,-0.745468705342366
-0.681568113760086,-0.496832237284831,-0.742943112222652
-0.678685156590612,-0.496268576433586,-0.740417519102937
-0.675802199421138,-0.495704915582341,-0.737891925983222
-0.672919242251664,-0.495141254731096,-0.735366332863507
-0.67003628508219,-0.494577593879851,-0.732840739743793
-0.667153327912716,-0.494013933028606,-0.730315146624078
-0.664270370743242,-0.493450272177361,-0.727789553504363
-0.66147208513251,-0.492891870270341,-0.725300678088949
-0.65870207634354,-0.492335224634619,-0.722824064878169
-0.655932067554571,-0.491778578998898,-0.72034745166739
-0.653162058765601,-0.491221933363176,-0.71787083845661
-0.650392049976632,-0.490665287727455,-0.71539422524583
-0.647622041187662,-0.490108642091733,-0.71291761203505
-0.644852032398692,-0.489551996456012,-0.710440998824271
-0.642082023609723,-0.48899535082029,-0.707964385613491
-0.639334748780593,-0.488440145188272,-0.70549831548333
-0.636676086398967,-0.487890552403879,-0.703073340181542
-0.634017424017342,-0.487340959619486,-0.700648364879754
-0.631358761635716,-0.486791366835093,-0.698223389577965
-0.62870009925409,-0.486241774050701,-0.695798414276177
-0.626041436872464,-0.485692181266308,-0.693373438974389
-0.623382774490838,-0.485142588481915,-0.690948463672601
-0.620724112109212,-0.484592995697522,-0.688523488370812
-0.618065449727586,-0.48404340291313,-0.686098513069024
-0.615477100738249,-0.483498355142435,-0.683708261240815
-0.612925184338252,-0.482955662351527,-0.681336001234821
-0.610373267938255,-0.48241296956062,-0.678963741228826
-0.607821351538258,-0.481870276769712,-0.676591481222831
-0.605269435138261,-0.481327583978805,-0.674219221216837
-0.602717518738264,-0.480784891187897,-0.671846961210842
-0.600165602338266,-0.48024219839699,-0.669474701204847
-0.597613685938269,-0.479699505606082,-0.667102441198853
-0.595073355497274,-0.479157577305182,-0.664736246426291
-0.592623767540507,-0.478621636572719,-0.662417555218085
-0.59017417958374,-0.478085695840256,-0.660098864009879
-0.587724591626973,-0.477549755107793,-0.657780172801674
-0.585275003670206,-0.477013814375329,-0.655461481593468
-0.582825415713439,-0.476477873642866,-0.653142790385263
-0.580375827756672,-0.475941932910403,-0.650824099177057
-0.577926239799905,-0.47540599217794,-0.648505407968851
-0.575476651843138,-0.474870051445477,-0.646186716760646
-0.573084395366236,-0.474337975014354,-0.643899728703709
-0.570735787871538,-0.47380884064614,-0.641636877652983
-0.568387180376841,-0.473279706277925,-0.639374026602258
-0.566038572882144,-0.472750571909711,-0.637111175551532
-0.563689965387446,-0.472221437541497,-0.634848324500807
-0.561341357892749,-0.471692303173283,-0.632585473450081
-0.558992750398051,-0.471163168805069,-0.630322622399356
-0.556644142903354,-0.470634034436855,-0.62805977134863
-0.554295535408657,-0.47010490006864,-0.625796920297905
-0.551997127017229,-0.469579224072536,-0.623563265240016
-0.549748015048689,-0.469056944260088,-0.621358281172559
-0.547498903080149,-0.46853466444764,-0.619153297105101
-0.545249791111609,-0.468012384635192,-0.616948313037644
-0.54300067914307,-0.467490104822743,-0.614743328970187
-0.54075156717453,-0.466967825010295,-0.61253834490273
-0.53850245520599,-0.466445545197847,-0.610333360835272
-0.53625334323745,-0.465923265385398,-0.608128376767815
-0.534004231268911,-0.46540098557295,-0.605923392700358
-0.531797109786842,-0.464881664778873,-0.603744031772211
-0.529643144366107,-0.464366089827611,-0.601597107361933
-0.527489178945372,-0.463850514876348,-0.599450182951655
-0.525335213524637,-0.463334939925086,-0.597303258541377
-0.523181248103902,-0.462819364973823,-0.595156334131099
-0.521027282683167,-0.462303790022561,-0.593009409720822
-0.518873317262432,-0.461788215071299,-0.590862485310544
-0.516719351841697,-0.461272640120036,-0.588715560900266
-0.514565386420962,-0.460757065168774,-0.586568636489988
-0.512445821665909,-0.46024397068245,-0.584443674426742
-0.510382836250207,-0.459734955857515,-0.582354834196054
-0.508319850834504,-0.459225941032579,-0.580265993965367
-0.506256865418802,-0.458716926207643,-0.57817715373468
-0.5041938800031,-0.458207911382708,-0.576088313503992
-0.502130894587397,-0.457698896557772,-0.573999473273305
-0.500067909171695,-0.457189881732837,-0.571910633042618
-0.498004923755993,-0.456680866907901,-0.569821792811931
-0.49594193834029,-0.456171852082965,-0.567732952581243
-0.493907217049414,-0.455664924208722,-0.565662949609222
-0.491933987388975,-0.455162536719207,-0.563633929110762
-0.489960757728536,-0.454660149229693,-0.561604908612301
-0.487987528068098,-0.454157761740178,-0.559575888113841
-0.486014298407659,-0.453655374250663,-0.557546867615381
-0.484041068747221,-0.453152986761148,-0.55551784711692
-0.482067839086782,-0.452650599271633,-0.55348882661846
-0.480094609426343,-0.452148211782119,-0.551459806119999
-0.478121379765905,-0.451645824292604,-0.549430785621539
-0.476148150105466,-0.451143436803089,-0.547401765123079
-0.474233143201025,-0.450645454597518,-0.545413127489824
-0.47234830419874,-0.450149754973264,-0.543445414086374
-0.470463465196454,-0.449654055349009,-0.541477700682923
-0.468578626194169,-0.449158355724754,-0.539509987279473
-0.466693787191884,-0.4486626561005,-0.537542273876022
-0.464808948189599,-0.448166956476245,-0.535574560472572
-0.462924109187314,-0.44767125685199,-0.533606847069122
-0.461039270185028,-0.447175557227736,-0.531639133665671
-0.459154431182743,-0.446679857603481,-0.529671420262221
-0.457269802536094,-0.446184174302744,-0.527703858465529
-0.455469249959844,-0.445695015273063,-0.525796891672229
-0.453668697383593,-0.445205856243381,-0.523889924878929
-0.451868144807342,-0.4447166972137,-0.521982958085629
-0.450067592231092,-0.444227538184019,-0.520075991292329
-0.448267039654841,-0.443738379154338,-0.518169024499029
-0.44646648707859,-0.443249220124656,-0.516262057705729
-0.44466593450234,-0.442760061094975,-0.514355090912429
-0.442865381926089,-0.442270902065294,-0.512448124119129
-0.441064829349838,-0.441781743035613,-0.510541157325829
-0.439292106479402,-0.44129479970924,-0.508654992599656
-0.43757191843704,-0.440812039021131,-0.506808096453158
-0.435851730394678,-0.440329278333022,-0.504961200306661
-0.434131542352316,-0.439846517644913,-0.503114304160164
-0.432411354309954,-0.439363756956804,-0.501267408013667
-0.430691166267592,-0.438880996268695,-0.49942051186717
-0.42897097822523,-0.438398235580587,-0.497573615720672
-0.427250790182868,-0.437915474892478,-0.495726719574175
-0.425530602140506,-0.437432714204369,-0.493879823427678
-0.423810414098144,-0.43694995351626,-0.492032927281181
-0.422144929685024,-0.436471665425146,-0.490228376003115
-0.420504011806856,-0.435995385906626,-0.488442841135932
-0.418863093928689,-0.435519106388105,-0.486657306268748
-0.417222176050521,-0.435042826869585,-0.484871771401565
-0.415581258172354,-0.434566547351065,-0.483086236534382
-0.413940340294186,-0.434090267832544,-0.481300701667198
-0.412299422416019,-0.433613988314024,-0.479515166800015
-0.410658504537851,-0.433137708795503,-0.477729631932831
-0.409017586659683,-0.432661429276983,-0.475944097065648
-0.407376668781516,-0.432185149758462,-0.474158562198465
-0.405762672188714,-0.43171113235404,-0.472394555498585
-0.404199783568481,-0.431241409397811,-0.47067141835486
-0.402636894948248,-0.430771686441581,-0.468948281211135
-0.401074006328016,-0.430301963485352,-0.46722514406741
-0.399511117707783,-0.429832240529122,-0.465502006923685
-0.39794822908755,-0.429362517572893,-0.46377886977996
-0.396385340467317,-0.428892794616663,-0.462055732636234
-0.394822451847085,-0.428423071660434,-0.460332595492509
-0.393259563226852,-0.427953348704204,-0.458609458348784
-0.391696674606619,-0.427483625747975,-0.456886321205059
-0.390133785986386,-0.427013902791745,-0.455163184061334
-0.388645054284573,-0.426550590196865,-0.453501247902555
-0.387156327069012,-0.426087277989791,-0.451839315446238
-0.385667599853452,-0.425623965782717,-0.45017738298992
-0.384178872637891,-0.425160653575643,-0.448515450533603
-0.382690145422331,-0.424697341368569,-0.446853518077285
-0.381201418206771,-0.424234029161495,-0.445191585620968
-0.37971269099121,-0.423770716954421,-0.44352965316465
-0.37822396377565,-0.423307404747347,-0.441867720708332
-0.37673523656009,-0.422844092540272,-0.440205788252015
-0.375246509344529,-0.422380780333198,-0.438543855795697
-0.373803934526597,-0.421921574149389,-0.436921179851435
-0.372385683647449,-0.421464531984431,-0.435319193471425
-0.3709674327683,-0.421007489819473,-0.433717207091414
-0.369549181889152,-0.420550447654515,-0.432115220711404
-0.368130931010003,-0.420093405489558,-0.430513234331393
-0.366712680130855,-0.4196363633246,-0.428911247951382
-0.365294429251706,-0.419179321159642,-0.427309261571372
-0.363876178372558,-0.418722278994684,-0.425707275191361
-0.362457927493409,-0.418265236829726,-0.424105288811351
-0.361039676614261,-0.417808194664768,-0.42250330243134
-0.35964296271286,-0.41735312663669,-0.420920176702436
-0.358294233502918,-0.416902457013538,-0.419379072771329
-0.356945504292975,-0.416451787390387,-0.417837968840221
-0.355596775083033,-0.416001117767236,-0.416296864909114
-0.354248045873091,-0.415550448144084,-0.414755760978006
-0.352899316663149,-0.415099778520933,-0.413214657046898
-0.351550587453206,-0.414649108897782,-0.411673553115791
-0.350201858243264,-0.414198439274631,-0.410132449184683
-0.348853129033322,-0.413747769651479,-0.408591345253576
-0.34750439982338,-0.413297100028328,-0.407050241322468
-0.346155670613437,-0.412846430405177,-0.405509137391361
-0.344817175436536,-0.412396728141568,-0.403977241713564
-0.343536858188446,-0.411952525076015,-0.402497692662311
-0.342256540940356,-0.411508322010463,-0.401018143611057
-0.340976223692266,-0.411064118944911,-0.399538594559803
-0.339695906444176,-0.410619915879358,-0.398059045508549
-0.338415589196086,-0.410175712813806,-0.396579496457296
-0.337135271947996,-0.409731509748253,-0.395099947406042
-0.335854954699906,-0.409287306682701,-0.393620398354788
-0.334574637451816,-0.408843103617148,-0.392140849303534
-0.333294320203726,-0.408398900551596,-0.390661300252281
-0.332014002955636,-0.407954697486043,-0.389181751201027
-0.330733685707546,-0.407510494420491,-0.387702202149773
-0.329517451411231,-0.407072545240776,-0.386281856541544
-0.328301903643828,-0.406634663059746,-0.384862145187423
-0.327086355876426,-0.406196780878716,-0.383442433833301
-0.325870808109023,-0.405758898697686,-0.382022722479179
-0.324655260341621,-0.405321016516655,-0.380603011125057
-0.323439712574218,-0.404883134335625,-0.379183299770935
-0.322224164806816,-0.404445252154595,-0.377763588416813
-0.321008617039413,-0.404007369973565,-0.376343877062692
-0.319793069272011,-0.403569487792534,-0.37492416570857
-0.318577521504608,-0.403131605611504,-0.373504454354448
-0.317361973737206,-0.402693723430474,-0.372084743000326
-0.316197265522881,-0.402260966121125,-0.37071321066182
-0.315043028833091,-0.401829264391856,-0.369351601851619
-0.313888792143301,-0.401397562662588,-0.367989993041419
-0.312734555453511,-0.400965860933319,-0.366628384231218
-0.311580318763721,-0.400534159204051,-0.365266775421018
-0.31042608207393,-0.400102457474783,-0.363905166610817
-0.30927184538414,-0.399670755745514,-0.362543557800617
-0.30811760869435,-0.399239054016246,-0.361181948990416
-0.30696337200456,-0.398807352286977,-0.359820340180216
-0.30580913531477,-0.398375650557709,-0.358458731370015
-0.304654898624979,-0.39794394882844,-0.357097122559815
-0.303541145749468,-0.397516467963593,-0.355774837935334
-0.302447421818448,-0.397091075327356,-0.35447200854122
-0.301353697887428,-0.396665682691118,-0.353169179147107
-0.300259973956408,-0.396240290054881,-0.351866349752993
-0.299166250025387,-0.395814897418644,-0.350563520358879
-0.298072526094367,-0.395389504782406,-0.349260690964766
-0.296978802163347,-0.394964112146169,-0.347957861570652
-0.295885078232327,-0.394538719509931,-0.346655032176538
-0.294791354301306,-0.394113326873694,-0.345352202782425
-0.293697630370286,-0.393687934237456,-0.344049373388311
-0.292603906439266,-0.393262541601219,-0.342746543994197
-0.291510182508246,-0.392837148964982,-0.341443714600084
-0.290447413784168,-0.392415097793792,-0.340171648084695
-0.289413236034034,-0.39199613288012,-0.33892799490428
-0.2883790582839,-0.391577167966447,-0.337684341723865
-0.287344880533766,-0.391158203052775,-0.33644068854345
-0.286310702783632,-0.390739238139103,-0.335197035363035
-0.285276525033498,-0.390320273225431,-0.33395338218262
-0.284242347283364,-0.389901308311758,-0.332709729002205
-0.283208169533229,-0.389482343398086,-0.33146607582179
-0.282173991783095,-0.389063378484414,-0.330222422641375
-0.281139814032961,-0.388644413570741,-0.32897876946096
-0.280105636282827,-0.388225448657069,-0.327735116280545
-0.279071458532693,-0.387806483743397,-0.326491463100131
-0.278058081579259,-0.387389846877974,-0.325268949923637
-0.277080017353609,-0.386977162252233,-0.324082325334227
-0.276101953127958,-0.386564477626492,-0.322895700744817
-0.275123888902307,-0.38615179300075,-0.321709076155407
-0.274145824676657,-0.385739108375009,-0.320522451565996
-0.273167760451006,-0.385326423749267,-0.319335826976586
-0.272189696225355,-0.384913739123526,-0.318149202387176
-0.271211631999704,-0.384501054497784,-0.316962577797766
-0.270233567774054,-0.384088369872043,-0.315775953208356
-0.269255503548403,-0.383675685246302,-0.314589328618946
-0.268277439322752,-0.38326300062056,-0.313402704029536
-0.267299375097101,-0.382850315994819,-0.312216079440126
-0.266333022668281,-0.382438991190205,-0.311041618900314
-0.265407826079601,-0.382032444865082,-0.309909903439499
-0.264482629490922,-0.381625898539959,-0.308778187978685
-0.263557432902242,-0.381219352214837,-0.307646472517871
-0.262632236313562,-0.380812805889714,-0.306514757057056
-0.261707039724883,-0.380406259564591,-0.305383041596242
-0.260781843136203,-0.379999713239468,-0.304251326135428
-0.259856646547523,-0.379593166914345,-0.303119610674613
-0.258931449958844,-0.379186620589222,-0.301987895213799
-0.258006253370164,-0.3787800742641,-0.300856179752985
-0.257081056781484,-0.378373527938977,-0.299724464292171
-0.256155860192805,-0.377966981613854,-0.298592748831356
-0.25523444539303,-0.377560891539277,-0.297465045218088
-0.254361505269156,-0.377160649648699,-0.296388765154478
-0.253488565145283,-0.376760407758121,-0.295312485090868
-0.252615625021409,-0.376360165867543,-0.294236205027258
-0.251742684897535,-0.375959923976965,-0.293159924963648
-0.250869744773662,-0.375559682086387,-0.292083644900038
-0.249996804649788,-0.375159440195809,-0.291007364836428
-0.249123864525915,-0.374759198305231,-0.289931084772819
-0.248250924402041,-0.374358956414653,-0.288854804709209
-0.247377984278167,-0.373958714524075,-0.287778524645599
-0.246505044154294,-0.373558472633497,-0.286702244581989
-0.24563210403042,-0.373158230742919,-0.285625964518379
-0.244759163906547,-0.37275798885234,-0.284549684454769
-0.243886223782673,-0.372357746961762,-0.283473404391159
-0.243048208572026,-0.371961888518864,-0.282434898945026
-0.242226723570609,-0.371568104792853,-0.281414272493364
-0.241405238569193,-0.371174321066842,-0.280393646041703
-0.240583753567777,-0.370780537340831,-0.279373019590042
-0.23976226856636,-0.370386753614821,-0.27835239313838
-0.238940783564944,-0.36999296988881,-0.277331766686719
-0.238119298563527,-0.369599186162799,-0.276311140235058
-0.237297813562111,-0.369205402436789,-0.275290513783396
-0.236476328560695,-0.368811618710778,-0.274269887331735
-0.235654843559278,-0.368417834984767,-0.273249260880074
-0.234833358557862,-0.368024051258757,-0.272228634428412
-0.234011873556446,-0.367630267532746,-0.271208007976751
-0.233190388555029,-0.367236483806735,-0.27018738152509
-0.232382648644535,-0.366844498047913,-0.269181908943901
-0.231609371656807,-0.366457020313423,-0.268214431503715
-0.230836094669079,-0.366069542578934,-0.26724695406353
-0.23006281768135,-0.365682064844445,-0.266279476623344
-0.229289540693622,-0.365294587109955,-0.265311999183158
-0.228516263705893,-0.364907109375466,-0.264344521742973
-0.227742986718165,-0.364519631640977,-0.263377044302787
-0.226969709730436,-0.364132153906487,-0.262409566862601
-0.226196432742708,-0.363744676171998,-0.261442089422416
-0.22542315575498,-0.363357198437509,-0.26047461198223
-0.224649878767251,-0.362969720703019,-0.259507134542044
-0.223876601779523,-0.36258224296853,-0.258539657101859
-0.223103324791794,-0.36219476523404,-0.257572179661673
-0.222330047804066,-0.361807287499551,-0.256604702221487
-0.221597024390553,-0.361425301020767,-0.255682440414855
-0.220868900250878,-0.36104398288426,-0.254765681815697
-0.220140776111203,-0.360662664747752,-0.25384892321654
-0.219412651971528,-0.360281346611245,-0.252932164617382
-0.218684527831853,-0.359900028474737,-0.252015406018224
-0.217956403692178,-0.35951871033823,-0.251098647419067
-0.217228279552502,-0.359137392201722,-0.250181888819909
-0.216500155412827,-0.358756074065215,-0.249265130220752
-0.215772031273152,-0.358374755928707,-0.248348371621594
-0.215043907133477,-0.3579934377922,-0.247431613022436
-0.214315782993802,-0.357612119655692,-0.246514854423279
-0.213587658854127,-0.357230801519185,-0.245598095824121
-0.212859534714451,-0.356849483382677,-0.244681337224963
-0.212153556498919,-0.356471321824767,-0.243789911575698
-0.211469913596687,-0.356096343840117,-0.242924035520525
-0.210786270694454,-0.355721365855467,-0.242058159465351
-0.210102627792221,-0.355346387870817,-0.241192283410178
-0.209418984889988,-0.354971409886167,-0.240326407355004
-0.208735341987755,-0.354596431901517,-0.239460531299831
-0.208051699085523,-0.354221453916867,-0.238594655244658
-0.20736805618329,-0.353846475932217,-0.237728779189484
-0.206684413281057,-0.353471497947567,-0.236862903134311
-0.206000770378824,-0.353096519962917,-0.235997027079137
-0.205317127476592,-0.352721541978267,-0.235131151023964
-0.204633484574359,-0.352346563993617,-0.234265274968791
-0.203949841672126,-0.351971586008967,-0.233399398913617
-0.203266198769893,-0.351596608024317,-0.232533522858444
-0.20258255586766,-0.351221630039667,-0.23166764680327
-0.201927367353841,-0.35085089519767,-0.23083485606005
-0.20128736085776,-0.350482424311098,-0.230019718192922
-0.20064735436168,-0.350113953424527,-0.229204580325795
-0.200007347865599,-0.349745482537955,-0.228389442458667
-0.199367341369518,-0.349377011651383,-0.227574304591539
-0.198727334873438,-0.349008540764812,-0.226759166724411
-0.198087328377357,-0.34864006987824,-0.225944028857284
-0.197447321881276,-0.348271598991668,-0.225128890990156
-0.196807315385195,-0.347903128105097,-0.224313753123028
-0.196167308889115,-0.347534657218525,-0.223498615255901
-0.195527302393034,-0.347166186331953,-0.222683477388773
-0.194887295896953,-0.346797715445382,-0.221868339521645
-0.194247289400873,-0.34642924455881,-0.221053201654518
-0.193607282904792,-0.346060773672238,-0.22023806378739
-0.192967276408711,-0.345692302785667,-0.219422925920262
-0.192360014309968,-0.345328951188976,-0.218646482541887
-0.191760619152952,-0.344966829517355,-0.217879335632923
-0.191161223995937,-0.344604707845734,-0.217112188723958
-0.190561828838921,-0.344242586174113,-0.216345041814994
-0.189962433681906,-0.343880464502491,-0.21557789490603
-0.189363038524891,-0.34351834283087,-0.214810747997065
-0.188763643367875,-0.343156221159249,-0.214043601088101
-0.18816424821086,-0.342794099487628,-0.213276454179136
-0.187564853053844,-0.342431977816007,-0.212509307270172
-0.186965457896829,-0.342069856144386,-0.211742160361208
-0.186366062739814,-0.341707734472765,-0.210975013452243
-0.185766667582798,-0.341345612801144,-0.210207866543279
-0.185167272425783,-0.340983491129523,-0.209440719634315
-0.184567877268767,-0.340621369457902,-0.20867357272535
-0.183968482111752,-0.340259247786281,-0.207906425816386
-0.183405375322904,-0.339903078732822,-0.207182849526573
-0.182843761067488,-0.339547154509376,-0.20646106528774
-0.182282146812073,-0.33919123028593,-0.205739281048908
-0.181720532556658,-0.338835306062484,-0.205017496810076
-0.181158918301243,-0.338479381839037,-0.204295712571244
-0.180597304045827,-0.338123457615591,-0.203573928332412
-0.180035689790412,-0.337767533392145,-0.20285214409358
-0.179474075534997,-0.337411609168699,-0.202130359854747
-0.178912461279582,-0.337055684945253,-0.201408575615915
-0.178350847024167,-0.336699760721806,-0.200686791377083
-0.177789232768751,-0.33634383649836,-0.199965007138251
-0.177227618513336,-0.335987912274914,-0.199243222899419
-0.176666004257921,-0.335631988051468,-0.198521438660587
-0.176104390002506,-0.335276063828021,-0.197799654421754
-0.175546908166031,-0.334920851690969,-0.197082907751174
-0.175021321034364,-0.334571135556535,-0.196405041880103
-0.174495733902698,-0.334221419422102,-0.195727176009032
-0.173970146771031,-0.333871703287668,-0.195049310137961
-0.173444559639364,-0.333521987153234,-0.19437144426689
-0.172918972507697,-0.333172271018801,-0.19369357839582
-0.172393385376031,-0.332822554884367,-0.193015712524749
-0.171867798244364,-0.332472838749933,-0.192337846653678
-0.171342211112697,-0.3321231226155,-0.191659980782607
-0.17081662398103,-0.331773406481066,-0.190982114911536
-0.170291036849363,-0.331423690346632,-0.190304249040465
-0.169765449717697,-0.331073974212199,-0.189626383169394
-0.16923986258603,-0.330724258077765,-0.188948517298324
-0.168714275454363,-0.330374541943331,-0.188270651427253
-0.168188688322696,-0.330024825808898,-0.187592785556182
-0.167663101191029,-0.329675109674464,-0.186914919685111
-0.167154343830897,-0.329328441147066,-0.186257839385137
-0.166663081640332,-0.328984940719828,-0.18562236645459
-0.166171819449767,-0.328641440292589,-0.184986893524043
-0.165680557259202,-0.32829793986535,-0.184351420593496
-0.165189295068637,-0.327954439438112,-0.183715947662949
-0.164698032878072,-0.327610939010873,-0.183080474732402
-0.164206770687507,-0.327267438583635,-0.182445001801855
-0.163715508496942,-0.326923938156396,-0.181809528871308
-0.163224246306377,-0.326580437729157,-0.181174055940761
-0.162732984115812,-0.326236937301919,-0.180538583010214
-0.162241721925247,-0.32589343687468,-0.179903110079666
-0.161750459734682,-0.325549936447442,-0.179267637149119
-0.161259197544117,-0.325206436020203,-0.178632164218572
-0.160767935353552,-0.324862935592964,-0.177996691288025
-0.160276673162987,-0.324519435165726,-0.177361218357478
-0.159785410972422,-0.324175934738487,-0.176725745426931
-0.15932172161667,-0.323837688777498,-0.176124763273534
-0.158862301972464,-0.323500256481675,-0.175529122089624
-0.158402882328258,-0.323162824185851,-0.174933480905713
-0.157943462684052,-0.322825391890028,-0.174337839721802
-0.157484043039846,-0.322487959594205,-0.173742198537892
-0.15702462339564,-0.322150527298381,-0.173146557353981
-0.156565203751433,-0.321813095002558,-0.172550916170071
-0.156105784107227,-0.321475662706735,-0.17195527498616
-0.155646364463021,-0.321138230410911,-0.17135963380225
-0.155186944818815,-0.320800798115088,-0.170763992618339
-0.154727525174609,-0.320463365819265,-0.170168351434428
-0.154268105530402,-0.320125933523441,-0.169572710250518
-0.153808685886196,-0.319788501227618,-0.168977069066607
-0.15334926624199,-0.319451068931795,-0.168381427882697
-0.152889846597784,-0.319113636635971,-0.167785786698786
-0.152437558052303,-0.318777635582192,-0.16719917901938
-0.152007664796644,-0.318446129358957,-0.166640941154959
-0.151577771540985,-0.318114623135722,-0.166082703290538
-0.151147878285326,-0.317783116912487,-0.165524465426118
-0.150717985029666,-0.317451610689252,-0.164966227561697
-0.150288091774007,-0.317120104466017,-0.164407989697276
-0.149858198518348,-0.316788598242783,-0.163849751832855
-0.149428305262689,-0.316457092019548,-0.163291513968434
-0.148998412007029,-0.316125585796313,-0.162733276104013
-0.14856851875137,-0.315794079573078,-0.162175038239592
-0.148138625495711,-0.315462573349843,-0.161616800375171
-0.147708732240051,-0.315131067126608,-0.16105856251075
-0.147278838984392,-0.314799560903373,-0.160500324646329
-0.146848945728733,-0.314468054680139,-0.159942086781908
-0.146419052473074,-0.314136548456904,-0.159383848917487
-0.145989159217414,-0.313805042233669,-0.158825611053066
-0.145576641925665,-0.313477213810012,-0.15828965039174
-0.145174905187462,-0.313151667200215,-0.157767511155347
-0.144773168449259,-0.312826120590418,-0.157245371918953
-0.144371431711056,-0.312500573980621,-0.15672323268256
-0.143969694972853,-0.312175027370824,-0.156201093446166
-0.14356795823465,-0.311849480761027,-0.155678954209773
-0.143166221496447,-0.31152393415123,-0.155156814973379
-0.142764484758244,-0.311198387541433,-0.154634675736986
-0.142362748020041,-0.310872840931636,-0.154112536500592
-0.141961011281838,-0.310547294321839,-0.153590397264199
-0.141559274543635,-0.310221747712042,-0.153068258027805
-0.141157537805432,-0.309896201102245,-0.152546118791412
-0.140755801067229,-0.309570654492448,-0.152023979555019
-0.140354064329026,-0.309245107882651,-0.151501840318625
-0.139952327590823,-0.308919561272854,-0.150979701082232
-0.13955059085262,-0.308594014663057,-0.150457561845838
-0.139150483343784,-0.308268831829865,-0.149937532504343
-0.138775568418027,-0.307949274031754,-0.149450128220781
-0.138400653492269,-0.307629716233644,-0.14896272393722
-0.138025738566511,-0.307310158435533,-0.148475319653658
-0.137650823640754,-0.306990600637422,-0.147987915370096
-0.137275908714996,-0.306671042839312,-0.147500511086535
-0.136900993789238,-0.306351485041201,-0.147013106802973
-0.136526078863481,-0.306031927243091,-0.146525702519412
-0.136151163937723,-0.30571236944498,-0.14603829823585
-0.135776249011965,-0.305392811646869,-0.145550893952288
-0.135401334086208,-0.305073253848759,-0.145063489668727
-0.13502641916045,-0.304753696050648,-0.144576085385165
-0.134651504234692,-0.304434138252538,-0.144088681101603
-0.134276589308935,-0.304114580454427,-0.143601276818042
-0.133901674383177,-0.303795022656316,-0.14311387253448
-0.133526759457419,-0.303475464858206,-0.142626468250919
-0.133151844531661,-0.303155907060095,-0.142139063967357
-0.132789432677389,-0.302839298875612,-0.141668011340535
-0.132439307484578,-0.302525589251225,-0.141213027347002
-0.132089182291767,-0.302211879626838,-0.140758043353469
-0.131739057098955,-0.301898170002451,-0.140303059359936
-0.131388931906144,-0.301584460378063,-0.139848075366403
-0.131038806713333,-0.301270750753676,-0.13939309137287
-0.130688681520522,-0.300957041129289,-0.138938107379337
-0.13033855632771,-0.300643331504902,-0.138483123385804
-0.129988431134899,-0.300329621880515,-0.138028139392271
-0.129638305942088,-0.300015912256128,-0.137573155398738
-0.129288180749277,-0.29970220263174,-0.137118171405205
-0.128938055556465,-0.299388493007353,-0.136663187411671
-0.128587930363654,-0.299074783382966,-0.136208203418138
-0.128237805170843,-0.298761073758579,-0.135753219424605
-0.127887679978032,-0.298447364134192,-0.135298235431072
-0.12753755478522,-0.298133654509805,-0.134843251437539
-0.127187429592409,-0.297819944885418,-0.134388267444006
-0.126859013167662,-0.297511650730839,-0.133961952964053
-0.126531787830292,-0.297203653704946,-0.133537211484264
-0.126204562492921,-0.296895656679053,-0.133112470004474
-0.12587733715555,-0.29658765965316,-0.132687728524684
-0.12555011181818,-0.296279662627267,-0.132262987044895
-0.125222886480809,-0.295971665601374,-0.131838245565105
-0.124895661143439,-0.295663668575481,-0.131413504085315
-0.124568435806068,-0.295355671549588,-0.130988762605526
-0.124241210468698,-0.295047674523695,-0.130564021125736
-0.123913985131327,-0.294739677497802,-0.130139279645946
-0.123586759793956,-0.294431680471909,-0.129714538166157
-0.123259534456586,-0.294123683446016,-0.129289796686367
-0.122932309119215,-0.293815686420123,-0.128865055206577
-0.122605083781845,-0.29350768939423,-0.128440313726788
-0.122277858444474,-0.293199692368337,-0.128015572246998
-0.121950633107103,-0.292891695342444,-0.127590830767208
-0.121631938972981,-0.292585951814299,-0.127177460115649
-0.121326498620131,-0.292283709242043,-0.126781754788178
-0.12102105826728,-0.291981466669787,-0.126386049460706
-0.120715617914429,-0.291679224097531,-0.125990344133235
-0.120410177561579,-0.291376981525275,-0.125594638805764
-0.120104737208728,-0.291074738953018,-0.125198933478292
-0.119799296855878,-0.290772496380762,-0.124803228150821
-0.119493856503027,-0.290470253808506,-0.12440752282335
-0.119188416150177,-0.29016801123625,-0.124011817495878
-0.118882975797326,-0.289865768663994,-0.123616112168407
-0.118577535444476,-0.289563526091738,-0.123220406840935
-0.118272095091625,-0.289261283519482,-0.122824701513464
-0.117966654738775,-0.288959040947226,-0.122428996185993
-0.117661214385924,-0.28865679837497,-0.122033290858521
-0.117355774033074,-0.288354555802714,-0.12163758553105
-0.117050333680223,-0.288052313230458,-0.121241880203579
-0.116744893327373,-0.287750070658201,-0.120846174876107
-0.116439452974522,-0.287447828085945,-0.120450469548636
-0.116150519910673,-0.287150203006365,-0.120076928219889
-0.115865783538783,-0.286853751844221,-0.119709021703449
-0.115581047166893,-0.286557300682077,-0.11934111518701
-0.115296310795002,-0.286260849519933,-0.11897320867057
-0.115011574423112,-0.285964398357789,-0.11860530215413
-0.114726838051222,-0.285667947195645,-0.11823739563769
-0.114442101679332,-0.285371496033501,-0.117869489121251
-0.114157365307442,-0.285075044871357,-0.117501582604811
-0.113872628935552,-0.284778593709213,-0.117133676088371
-0.113587892563661,-0.28448214254707,-0.116765769571932
-0.113303156191771,-0.284185691384926,-0.116397863055492
-0.113018419819881,-0.283889240222782,-0.116029956539052
-0.112733683447991,-0.283592789060638,-0.115662050022612
-0.112448947076101,-0.283296337898494,-0.115294143506173
-0.11216421070421,-0.28299988673635,-0.114926236989733
-0.11187947433232,-0.282703435574206,-0.114558330473293
-0.11159473796043,-0.282406984412062,-0.114190423956854
-0.11131387093394,-0.282111681326321,-0.113827749879439
-0.111048196207971,-0.28182088595957,-0.113485620048636
-0.110782521482001,-0.281530090592818,-0.113143490217833
-0.110516846756031,-0.281239295226067,-0.11280136038703
-0.110251172030062,-0.280948499859315,-0.112459230556227
-0.109985497304092,-0.280657704492564,-0.112117100725424
-0.109719822578122,-0.280366909125812,-0.111774970894621
-0.109454147852152,-0.280076113759061,-0.111432841063818
-0.109188473126183,-0.279785318392309,-0.111090711233015
-0.108922798400213,-0.279494523025558,-0.110748581402211
-0.108657123674243,-0.279203727658807,-0.110406451571408
-0.108391448948273,-0.278912932292055,-0.110064321740605
-0.108125774222304,-0.278622136925304,-0.109722191909802
-0.107860099496334,-0.278331341558552,-0.109380062078999
-0.107594424770364,-0.278040546191801,-0.109037932248196
-0.107328750044395,-0.277749750825049,-0.108695802417393
-0.107063075318425,-0.277458955458298,-0.10835367258659
-0.106797400592455,-0.277168160091546,-0.108011542755786
-0.10654240180329,-0.276880727609538,-0.10768395261551
-0.106294266508106,-0.276595457105407,-0.107365709952674
-0.106046131212923,-0.276310186601276,-0.107047467289838
-0.10579799591774,-0.276024916097145,-0.106729224627002
-0.105549860622557,-0.275739645593014,-0.106410981964166
-0.105301725327374,-0.275454375088883,-0.10609273930133
-0.105053590032191,-0.275169104584752,-0.105774496638495
-0.104805454737008,-0.274883834080621,-0.105456253975659
-0.104557319441825,-0.27459856357649,-0.105138011312823
-0.104309184146642,-0.274313293072359,-0.104819768649987
-0.104061048851459,-0.274028022568228,-0.104501525987151
-0.103812913556276,-0.273742752064096,-0.104183283324315
-0.103564778261093,-0.273457481559965,-0.103865040661479
-0.10331664296591,-0.273172211055834,-0.103546797998644
-0.103068507670727,-0.272886940551703,-0.103228555335808
-0.102820372375544,-0.272601670047572,-0.102910312672972
-0.102572237080361,-0.272316399543441,-0.102592070010136
-0.102324341078696,-0.272031209173636,-0.102274155383997
-0.102092854646378,-0.271751514020644,-0.101978735896748
-0.10186136821406,-0.271471818867653,-0.101683316409498
-0.101629881781742,-0.271192123714662,-0.101387896922248
-0.101398395349424,-0.27091242856167,-0.101092477434999
-0.101166908917106,-0.270632733408679,-0.100797057947749
-0.100935422484789,-0.270353038255688,-0.100501638460499
-0.100703936052471,-0.270073343102697,-0.10020621897325
-0.100472449620153,-0.269793647949705,-0.0999107994859999
-0.100240963187835,-0.269513952796714,-0.0996153799987503
-0.100009476755517,-0.269234257643723,-0.0993199605115006
-0.0997779903231988,-0.268954562490732,-0.0990245410242509
-0.0995465038908809,-0.26867486733774,-0.0987291215370013
-0.0993150174585629,-0.268395172184749,-0.0984337020497516
-0.099083531026245,-0.268115477031758,-0.0981382825625019
-0.098852044593927,-0.267835781878767,-0.0978428630752522
-0.0986205581616091,-0.267556086725775,-0.0975474435880026
-0.0983890717292912,-0.267276391572784,-0.0972520241007529
-0.0981575852969733,-0.266996696419793,-0.0969566046135032
-0.0979300554733705,-0.266718409585075,-0.0966666348001941
-0.0977143588295917,-0.266444334661259,-0.096392963533535
-0.0974986621858128,-0.266170259737443,-0.0961192922668758
-0.097282965542034,-0.265896184813626,-0.0958456210002167
-0.0970672688982551,-0.26562210988981,-0.0955719497335575
-0.0968515722544763,-0.265348034965994,-0.0952982784668984
-0.0966358756106974,-0.265073960042177,-0.0950246072002392
-0.0964201789669186,-0.264799885118361,-0.0947509359335801
-0.0962044823231397,-0.264525810194545,-0.0944772646669209
-0.0959887856793609,-0.264251735270729,-0.0942035934002618
-0.095773089035582,-0.263977660346912,-0.0939299221336026
-0.0955573923918032,-0.263703585423096,-0.0936562508669435
-0.0953416957480243,-0.26342951049928,-0.0933825796002843
-0.0951259991042455,-0.263155435575464,-0.0931089083336251
-0.0949103024604667,-0.262881360651647,-0.092835237066966
-0.0946946058166878,-0.262607285727831,-0.0925615658003068
-0.094478909172909,-0.262333210804015,-0.0922878945336477
-0.0942632125291301,-0.262059135880199,-0.0920142232669885
-0.0940475158853513,-0.261785060956382,-0.0917405520003294
-0.0938388679207651,-0.261513657366975,-0.0914766328674469
-0.0936376512697894,-0.261245070124177,-0.0912229952585898
-0.0934364346188138,-0.26097648288138,-0.0909693576497326
-0.0932352179678381,-0.260707895638582,-0.0907157200408755
-0.0930340013168625,-0.260439308395785,-0.0904620824320183
-0.0928327846658868,-0.260170721152987,-0.0902084448231612
-0.0926315680149111,-0.25990213391019,-0.089954807214304
-0.0924303513639354,-0.259633546667392,-0.0897011696054469
-0.0922291347129598,-0.259364959424595,-0.0894475319965897
-0.0920279180619841,-0.259096372181797,-0.0891938943877326
-0.0918267014110085,-0.258827784939,-0.0889402567788754
-0.0916254847600328,-0.258559197696203,-0.0886866191700183
-0.0914242681090571,-0.258290610453405,-0.0884329815611611
-0.0912230514580815,-0.258022023210608,-0.088179343952304
-0.0910218348071058,-0.25775343596781,-0.0879257063434469
-0.0908206181561301,-0.257484848725013,-0.0876720687345897
-0.0906194015051545,-0.257216261482215,-0.0874184311257326
-0.0904181848541788,-0.256947674239418,-0.0871647935168754
-0.0902169682032032,-0.25667908699662,-0.0869111559080183
-0.0900253459207224,-0.256414374657153,-0.0866708515408419
-0.0898373995855805,-0.256151146932393,-0.0864356556176763
-0.0896494532504386,-0.255887919207633,-0.0862004596945107
-0.0894615069152968,-0.255624691482873,-0.0859652637713451
-0.0892735605801548,-0.255361463758114,-0.0857300678481794
-0.089085614245013,-0.255098236033354,-0.0854948719250139
-0.0888976679098711,-0.254835008308594,-0.0852596760018482
-0.0887097215747292,-0.254571780583835,-0.0850244800786826
-0.0885217752395873,-0.254308552859075,-0.084789284155517
-0.0883338289044454,-0.254045325134315,-0.0845540882323514
-0.0881458825693036,-0.253782097409556,-0.0843188923091858
-0.0879579362341617,-0.253518869684796,-0.0840836963860202
-0.0877699898990198,-0.253255641960036,-0.0838485004628546
-0.0875820435638779,-0.252992414235277,-0.083613304539689
-0.087394097228736,-0.252729186510517,-0.0833781086165234
-0.0872061508935942,-0.252465958785757,-0.0831429126933578
-0.0870182045584522,-0.252202731060998,-0.0829077167701922
-0.0868302582233104,-0.251939503336238,-0.0826725208470266
-0.0866423118881685,-0.251676275611478,-0.082437324923861
-0.0864664232536507,-0.251418244782634,-0.0822189500156793
-0.0862910474726865,-0.251160434994817,-0.0820012905604332
-0.0861156716917222,-0.250902625207,-0.0817836311051872
-0.085940295910758,-0.250644815419183,-0.0815659716499411
-0.0857649201297937,-0.250387005631366,-0.0813483121946951
-0.0855895443488295,-0.250129195843549,-0.081130652739449
-0.0854141685678652,-0.249871386055732,-0.080912993284203
-0.085238792786901,-0.249613576267915,-0.0806953338289569
-0.0850634170059367,-0.249355766480098,-0.0804776743737109
-0.0848880412249725,-0.249097956692281,-0.0802600149184648
-0.0847126654440082,-0.248840146904464,-0.0800423554632188
-0.084537289663044,-0.248582337116647,-0.0798246960079727
-0.0843619138820798,-0.24832452732883,-0.0796070365527266
-0.0841865381011155,-0.248066717541013,-0.0793893770974806
-0.0840111623201513,-0.247808907753197,-0.0791717176422345
-0.083835786539187,-0.24755109796538,-0.0789540581869885
-0.0836604107582228,-0.247293288177563,-0.0787363987317424
-0.0834850349772585,-0.247035478389746,-0.0785187392764964
-0.0833096591962943,-0.246777668601929,-0.0783010798212503
-0.08313428341533,-0.246519858814112,-0.0780834203660043
-0.0829692529499375,-0.246266804375543,-0.0778802224921388
-0.0828057770512955,-0.246014464512356,-0.0776791977268089
-0.0826423011526535,-0.245762124649169,-0.0774781729614791
-0.0824788252540114,-0.245509784785982,-0.0772771481961492
-0.0823153493553694,-0.245257444922795,-0.0770761234308193
-0.0821518734567274,-0.245005105059608,-0.0768750986654895
-0.0819883975580853,-0.244752765196422,-0.0766740739001597
-0.0818249216594433,-0.244500425333235,-0.0764730491348298
-0.0816614457608013,-0.244248085470048,-0.0762720243695
-0.0814979698621592,-0.243995745606861,-0.0760709996041701
-0.0813344939635172,-0.243743405743674,-0.0758699748388402
-0.0811710180648751,-0.243491065880487,-0.0756689500735104
-0.0810075421662331,-0.2432387260173,-0.0754679253081805
-0.0808440662675911,-0.242986386154113,-0.0752669005428507
-0.080680590368949,-0.242734046290926,-0.0750658757775208
-0.080517114470307,-0.24248170642774,-0.074864851012191
-0.080353638571665,-0.242229366564553,-0.0746638262468611
-0.0801901626730229,-0.241977026701366,-0.0744628014815313
-0.0800266867743809,-0.241724686838179,-0.0742617767162014
-0.0798632108757389,-0.241472346974992,-0.0740607519508715
-0.0797082088237051,-0.241224168628625,-0.073871592708082
-0.079555603468968,-0.24097716730334,-0.0736857894460071
-0.0794029981142309,-0.240730165978055,-0.0734999861839322
-0.0792503927594938,-0.240483164652771,-0.0733141829218573
-0.0790977874047567,-0.240236163327486,-0.0731283796597825
-0.0789451820500197,-0.239989162002201,-0.0729425763977076
-0.0787925766952826,-0.239742160676917,-0.0727567731356328
-0.0786399713405455,-0.239495159351632,-0.0725709698735579
-0.0784873659858084,-0.239248158026347,-0.072385166611483
-0.0783347606310714,-0.239001156701063,-0.0721993633494082
-0.0781821552763343,-0.238754155375778,-0.0720135600873333
-0.0780295499215972,-0.238507154050493,-0.0718277568252584
-0.0778769445668601,-0.238260152725209,-0.0716419535631836
-0.077724339212123,-0.238013151399924,-0.0714561503011087
-0.077571733857386,-0.237766150074639,-0.0712703470390339
-0.0774191285026489,-0.237519148749355,-0.071084543776959
-0.0772665231479118,-0.23727214742407,-0.0708987405148841
-0.0771139177931747,-0.237025146098785,-0.0707129372528092
-0.0769613124384377,-0.236778144773501,-0.0705271339907344
-0.0768087070837006,-0.236531143448216,-0.0703413307286595
-0.0766629457160572,-0.236287736296809,-0.0701651259630611
-0.0765202637198427,-0.23604594630163,-0.0699932399279637
-0.0763775817236283,-0.235804156306451,-0.0698213538928663
-0.0762348997274138,-0.235562366311272,-0.0696494678577689
-0.0760922177311993,-0.235320576316093,-0.0694775818226715
-0.0759495357349848,-0.235078786320914,-0.0693056957875741
-0.0758068537387704,-0.234836996325735,-0.0691338097524767
-0.0756641717425559,-0.234595206330555,-0.0689619237173793
-0.0755214897463414,-0.234353416335376,-0.0687900376822819
-0.075378807750127,-0.234111626340197,-0.0686181516471845
-0.0752361257539125,-0.233869836345018,-0.0684462656120871
-0.075093443757698,-0.233628046349839,-0.0682743795769897
-0.0749507617614836,-0.23338625635466,-0.0681024935418923
-0.0748080797652691,-0.233144466359481,-0.0679306075067949
-0.0746653977690546,-0.232902676364302,-0.0677587214716975
-0.0745227157728402,-0.232660886369122,-0.0675868354366001
-0.0743800337766257,-0.232419096373943,-0.0674149494015027
-0.0742373517804112,-0.232177306378764,-0.0672430633664053
-0.0740946697841968,-0.231935516383585,-0.0670711773313079
-0.0739519877879823,-0.231693726388406,-0.0668992912962105
-0.0738135566538426,-0.231454299054746,-0.0667333718536769
-0.073677961253648,-0.231216447843612,-0.0665714327023812
-0.0735423658534534,-0.230978596632478,-0.0664094935510855
-0.0734067704532589,-0.230740745421344,-0.0662475543997898
-0.0732711750530643,-0.230502894210209,-0.0660856152484941
-0.0731355796528697,-0.230265042999075,-0.0659236760971984
-0.0729999842526751,-0.230027191787941,-0.0657617369459028
-0.0728643888524805,-0.229789340576807,-0.065599797794607
-0.072728793452286,-0.229551489365673,-0.0654378586433114
-0.0725931980520914,-0.229313638154539,-0.0652759194920157
-0.0724576026518968,-0.229075786943405,-0.06511398034072
-0.0723252885143427,-0.228839843361214,-0.0649566447073725
-0.0721943814087526,-0.228604717785745,-0.0648012830997613
-0.0720634743031625,-0.228369592210277,-0.06464592149215
-0.0719325671975724,-0.228134466634809,-0.0644905598845388
-0.0718016600919823,-0.22789934105934,-0.0643351982769276
-0.0716707529863922,-0.227664215483872,-0.0641798366693164
-0.0715398458808021,-0.227429089908403,-0.0640244750617052
-0.0714089387752121,-0.227193964332935,-0.063869113454094
-0.071278031669622,-0.226958838757466,-0.0637137518464828
-0.0711471245640319,-0.226723713181998,-0.0635583902388716
-0.0710162174584418,-0.226488587606529,-0.0634030286312603
-0.0708888847189003,-0.226255614702114,-0.0632526801621028
-0.070762446002609,-0.226023180225477,-0.0631035855830822
-0.0706360072863179,-0.225790745748839,-0.0629544910040616
-0.0705095685700266,-0.225558311272202,-0.0628053964250411
-0.0703831298537354,-0.225325876795565,-0.0626563018460205
-0.0702566911374442,-0.225093442318928,-0.062507207267
-0.070130252421153,-0.224861007842291,-0.0623581126879794
-0.0700038137048618,-0.224628573365654,-0.0622090181089589
-0.0698773749885706,-0.224396138889017,-0.0620599235299383
-0.0697509362722794,-0.224163704412379,-0.0619108289509178
-0.0696244975559882,-0.223931269935742,-0.0617617343718972
-0.0695018918790873,-0.223701226790499,-0.0616180131128401
-0.0693797122783489,-0.223471449462849,-0.0614748891457272
-0.0692575326776105,-0.223241672135199,-0.0613317651786144
-0.0691353530768721,-0.223011894807548,-0.0611886412115015
-0.0690131734761337,-0.222782117479898,-0.0610455172443886
-0.0688909938753953,-0.222552340152248,-0.0609023932772758
-0.0687688142746569,-0.222322562824598,-0.0607592693101629
-0.0686466346739185,-0.222092785496947,-0.0606161453430501
-0.0685244550731801,-0.221863008169297,-0.0604730213759372
-0.0684022754724417,-0.221633230841647,-0.0603298974088243
-0.0682800958717032,-0.221403453513996,-0.0601867734417115
