2.94645839931719,0.982152799772396,1.96430559954479
2.93288818579929,0.980882356191662,1.96315056503566
2.91931797228138,0.979611912610928,1.96199553052653
2.90574775876348,0.978341469030194,1.9608404960174
2.89217754524558,0.97707102544946,1.95968546150826
2.87860733172767,0.975800581868725,1.95853042699913
2.86511890663469,0.974533379258304,1.95730518922731
2.85192875181036,0.973277995986463,1.95582393055709
2.83873859698603,0.972022612714621,1.95434267188687
2.82554844216171,0.97076722944278,1.95286141321665
2.81235828733738,0.969511846170939,1.95138015454644
2.79916813251306,0.968256462899098,1.94989889587622
2.78613692428859,0.967007431071722,1.94828813525949
2.77331607011504,0.965766804910612,1.94650598840944
2.7604952159415,0.964526178749502,1.94472384155939
2.74767436176795,0.963285552588392,1.94294169470935
2.7348535075944,0.962044926427283,1.9411595478593
2.72203265342085,0.960804300266173,1.93937740100925
2.70944346543987,0.959573010473286,1.93741647708341
2.69698145075812,0.958346845885492,1.9353574133716
2.68451943607637,0.957120681297698,1.9332983496598
2.67205742139463,0.955894516709904,1.93123928594799
2.65959540671288,0.95466835212211,1.92918022223618
2.64713339203113,0.953442187534315,1.92712115852437
2.63496345848,0.95222789421301,1.92484882929882
2.62284075823374,0.951015520629376,1.92254201227528
2.61071805798749,0.949803147045742,1.92023519525174
2.59859535774124,0.948590773462109,1.91792837822819
2.58647265749499,0.947378399878475,1.91562156120465
2.57447585559308,0.946171186505772,1.91322782756199
2.56267393281702,0.944971960667781,1.91069955493994
2.55087201004097,0.94377273482979,1.9081712823179
2.53907008726491,0.942573508991799,1.90564300969585
2.52726816448886,0.941374283153809,1.9031147370738
2.5154662417128,0.940175057315818,1.90058646445175
2.50395283194361,0.938987756165675,1.89787011310307
2.49246309872698,0.937801433603991,1.89513832724796
2.48097336551036,0.936615111042307,1.89240654139286
2.46948363229373,0.935428788480623,1.88967475553775
2.45799389907711,0.93424246591894,1.88694296968265
2.44664266220554,0.933061916403548,1.88412616356463
2.43545675523603,0.931888258457587,1.8812078645752
2.42427084826652,0.930714600511626,1.87828956558577
2.41308494129701,0.929540942565666,1.87537126659634
2.4018990343275,0.928367284619705,1.87245296760691
2.39071312735799,0.927193626673745,1.86953466861748
2.37982514292539,0.926032495944389,1.86644477008925
2.36894092308047,0.924871523510562,1.86335270320706
2.35805670323555,0.923710551076736,1.86026063632488
2.34717248339063,0.922549578642909,1.85716856944269
2.33628826354571,0.921388606209082,1.85407650256051
2.32549179144563,0.920231356555794,1.85093718336185
2.31490691086113,0.919083083871404,1.84768392175618
2.30432203027664,0.917934811187015,1.84443066015051
2.29373714969215,0.916786538502625,1.84117739854483
2.28315226910765,0.915638265818236,1.83792413693916
2.27256738852316,0.914489993133847,1.83467087533349
2.26215674630635,0.913349180851318,1.83133031147084
2.25186286698973,0.912213368031132,1.82793124347473
2.24156898767311,0.911077555210945,1.82453217547862
2.2312751083565,0.909941742390759,1.82113310748252
2.22098122903988,0.908805929570572,1.81773403948641
2.21068734972326,0.907670116750386,1.8143349714903
2.20064930791078,0.906545360642205,1.81081717703622
2.19063831851401,0.905421773677581,1.80728682837313
2.18062732911725,0.904298186712958,1.80375647971005
2.17061633972048,0.903174599748334,1.80022613104696
2.16060535032372,0.902051012783711,1.79669578238388
2.15065317885615,0.900929992188948,1.79314030265907
2.14092229112644,0.899818626743955,1.78949027531329
2.13119140339674,0.898707261298961,1.78584024796752
2.12146051566703,0.897595895853968,1.78219022062175
2.11172962793732,0.896484530408975,1.77854019327597
2.10199874020762,0.895373164963981,1.7748901659302
2.09235112102197,0.89426546843487,1.7712075843115
2.08289739173083,0.893166314936281,1.76744920042416
2.0734436624397,0.892067161437691,1.76369081653682
2.06398993314856,0.890968007939102,1.75993243264948
2.05453620385743,0.889868854440512,1.75617404876215
2.04508247456629,0.888769700941923,1.75241566487481
2.03573395352279,0.887675229815204,1.74861996033392
2.02654937788693,0.88658805520166,1.74476609923309
2.01736480225106,0.885500880588115,1.74091223813225
2.0081802266152,0.884413705974571,1.73705837703142
1.99899565097934,0.883326531361027,1.73320451593059
1.98981107534347,0.882239356747482,1.72935065482975
1.98075230810167,0.881157838622657,1.72545666451283
1.97182910673092,0.880082415693833,1.72151943262864
1.96290590536016,0.879006992765009,1.71758220074445
1.95398270398941,0.877931569836184,1.71364496886025
1.94505950261866,0.87685614690736,1.70970773697606
1.9361363012479,0.875780723978536,1.70577050509187
1.92736105195158,0.874712023015087,1.70179134569556
1.91869660616685,0.8736483562316,1.69778078616112
1.91003216038211,0.872584689448112,1.69377022662667
1.90136771459738,0.871521022664625,1.68975966709223
1.89270326881264,0.870457355881137,1.68574910755778
1.88403882302791,0.86939368909765,1.68173854802334
1.87548387820464,0.86833505085326,1.67770079922746
1.86707541147469,0.867283139223956,1.67362667969001
1.85866694474474,0.866231227594652,1.66955256015256
1.85025847801478,0.865179315965348,1.6654784406151
1.84185001128483,0.864127404336044,1.66140432107765
1.83344154455488,0.86307549270674,1.65733020154019
1.82510353626692,0.862026852458355,1.65324105330659
1.81694336972224,0.860986469390644,1.64911397165513
1.80878320317755,0.859946086322933,1.64498689000368
1.80062303663287,0.858905703255222,1.64085980835222
1.79246287008819,0.857865320187511,1.63673272670077
1.7843027035435,0.856824937119801,1.63260564504931
1.77617619594112,0.85578613435597,1.62847254678048
1.76825687505088,0.854757059110082,1.62430241338551
1.76033755416063,0.853727983864195,1.62013227999054
1.75241823327039,0.852698908618307,1.61596214659557
1.74449891238015,0.85166983337242,1.6117920132006
1.7365795914899,0.850640758126532,1.60762187980563
1.72866027059966,0.849611682880644,1.60345174641066
1.72097829335014,0.848593879353817,1.59924734536707
1.71329733074864,0.847576124013775,1.59504279782871
1.70561636814713,0.846558368673733,1.59083825029035
1.69793540554562,0.845540613333691,1.586633702752
1.69025444294411,0.84452285799365,1.58242915521364
1.6825734803426,0.843505102653608,1.57822460767528
1.67503324210346,0.842494109346213,1.57400450631126
1.66758799225016,0.841487680384005,1.56977390617668
1.66014274239687,0.840481251421797,1.5655433060421
1.65269749254357,0.839474822459589,1.56131270590751
1.64525224269028,0.838468393497381,1.55708210577293
1.63780699283699,0.837461964535173,1.55285150563835
1.63040702371906,0.836457737775307,1.54861743022736
1.62319013056348,0.835462414808848,1.54436930381725
1.6159732374079,0.834467091842388,1.54012117740715
1.60875634425233,0.833471768875929,1.53587305099704
1.60153945109675,0.832476445909469,1.53162492458693
1.59432255794117,0.83148112294301,1.52737679817683
1.5871056647856,0.83048579997655,1.52312867176672
1.58006565405193,0.829499185416268,1.51887286497353
1.57306998486163,0.828514753911634,1.51461513283335
1.56607431567133,0.827530322407,1.51035740069316
1.55907864648103,0.826545890902366,1.50609966855298
1.55208297729073,0.825561459397732,1.50184193641279
1.54508730810043,0.824577027893098,1.49758420427261
1.53817937004108,0.823596970238524,1.49332557166316
1.5314025713383,0.822623450558287,1.48906559304394
1.52462577263553,0.821649930878049,1.48480561442472
1.51784897393276,0.820676411197811,1.4805456358055
1.51107217522998,0.819702891517574,1.47628565718628
1.50429537652721,0.818729371837336,1.47202567856706
1.49751857782444,0.817755852157098,1.46776569994783
1.49089844296478,0.816790244214294,1.46350922319013
1.48433800235996,0.815827650912654,1.45925408076082
1.47777756175513,0.814865057611014,1.45499893833151
1.47121712115031,0.813902464309374,1.45074379590219
1.46465668054548,0.812939871007734,1.44648865347288
1.45809623994065,0.811977277706095,1.44223351104357
1.45154571162331,0.811015191660521,1.43797891280112
1.4451945922745,0.810063310263389,1.433735262157
1.4388434729257,0.809111428866257,1.42949161151287
1.4324923535769,0.808159547469125,1.42524796086875
1.42614123422809,0.807207666071993,1.42100431022462
1.41979011487929,0.806255784674861,1.4167606595805
1.41343899553049,0.805303903277729,1.41251700893637
1.40716292797177,0.804355914539885,1.40827988840223
1.4010143153967,0.803414536421526,1.4040538574778
1.39486570282162,0.802473158303167,1.39982782655338
1.38871709024655,0.801531780184809,1.39560179562896
1.38256847767148,0.80059040206645,1.39137576470454
1.3764198650964,0.799649023948091,1.38714973378011
1.37027125252133,0.798707645829732,1.38292370285569
1.36426161442479,0.797773576006459,1.37871420243509
1.35831328990333,0.796842730499653,1.37451199503907
1.35236496538187,0.795911884992846,1.37030978764305
1.34641664086041,0.794981039486039,1.36610758024703
1.34046831633896,0.794050193979233,1.36190537285101
1.3345199918175,0.793119348472426,1.35770316545498
1.32857166729604,0.79218850296562,1.35350095805896
1.32276429779257,0.791265175583292,1.34931993916407
1.31701388261259,0.790344885976417,1.3451474817008
1.31126346743261,0.789424596369542,1.34097502423753
1.30551305225262,0.788504306762667,1.33680256677426
1.29976263707264,0.787584017155791,1.33263010931099
1.29401222189265,0.786663727548916,1.32845765184772
1.28826180671267,0.785743437942041,1.32428519438445
1.28265106704507,0.784830707503408,1.32013810672462
1.2770918396223,0.783920764881469,1.31600037543303
1.27153261219953,0.78301082225953,1.31186264414144
1.26597338477676,0.782100879637591,1.30772491284984
1.26041415735399,0.781190937015652,1.30358718155825
1.25485492993122,0.780280994393713,1.29944945026666
1.24929570250845,0.779371051771774,1.29531171897506
1.24387479032511,0.778468706080586,1.29120338203684
1.23850025056376,0.777568907383353,1.2871049000312
1.23312571080241,0.77666910868612,1.28300641802555
1.22775117104106,0.775769309988887,1.27890793601991
1.22237663127971,0.774869511291653,1.27480945401426
1.21700209151836,0.77396971259442,1.27071097200862
1.21162755175701,0.773069913897187,1.26661249000297
1.20639311782764,0.772177928291703,1.26254808643717
1.20120118313705,0.771288312683576,1.25849402011238
1.19600924844645,0.77039869707545,1.25443995378759
1.19081731375585,0.769509081467324,1.2503858874628
1.18562537906526,0.768619465859198,1.24633182113801
1.18043344437466,0.767729850251071,1.24227775481322
1.17524150968406,0.766840234642945,1.23822368848843
1.17013061833635,0.765955209454735,1.23419177614935
1.16511904459779,0.765075809769062,1.23018701324433
1.16010747085924,0.764196410083389,1.22618225033932
1.15509589712068,0.763317010397717,1.2221774874343
1.15008432338212,0.762437610712044,1.21817272452929
1.14507274964356,0.761558211026371,1.21416796162427
1.14006117590501,0.760678811340699,1.21016319871926
1.13507246236227,0.759800727433111,1.20616537233713
1.13023483885882,0.758931339906078,1.20221339156032
1.12539721535537,0.758061952379046,1.19826141078351
1.12055959185192,0.757192564852014,1.1943094300067
1.11572196834846,0.756323177324981,1.1903574492299
1.11088434484501,0.755453789797949,1.18640546845309
1.10604672134156,0.754584402270917,1.18245348767628
1.1012090978381,0.753715014743885,1.17850150689947
1.09650794668457,0.752853611084415,1.17459498326488
1.09183808343873,0.751994037821443,1.17069888122022
1.08716822019289,0.751134464558471,1.16680277917557
1.08249835694706,0.750274891295499,1.16290667713092
1.07782849370122,0.749415318032527,1.15901057508627
1.07315863045538,0.748555744769556,1.15511447304162
1.06848876720955,0.747696171506584,1.15121837099697
1.06390107802101,0.746841486761817,1.14735206344958
1.05939703049465,0.745991777842777,1.14351608252055
1.0548929829683,0.745142068923737,1.13968010159152
1.05038893544194,0.744292360004697,1.13584412066249
1.04588488791559,0.743442651085656,1.13200813973346
1.04138084038923,0.742592942166616,1.12817215880443
1.03687679286288,0.741743233247576,1.12433617787539
1.03237274533652,0.740893524328536,1.12050019694636
1.02800038865677,0.740051785469786,1.11671576611987
1.02366004864689,0.739211984291563,1.11294386815087
1.01931970863701,0.73837218311334,1.10917197018188
1.01497936862713,0.737532381935117,1.10540007221288
1.01063902861725,0.736692580756894,1.10162817424389
1.00629868860737,0.735852779578672,1.09785627627489
1.00195834859748,0.735012978400449,1.0940843783059
0.997635861923326,0.734174277023619,1.09031998362566
0.993453124630376,0.733344184489779,1.0866143219451
0.989270387337426,0.73251409195594,1.08290866026453
0.985087650044476,0.7316839994221,1.07920299858397
0.980904912751526,0.73085390688826,1.0754973369034
0.976722175458577,0.730023814354421,1.07179167522284
0.972539438165627,0.729193721820581,1.06808601354228
0.968356700872677,0.728363629286742,1.06438035186171
0.964238008886792,0.727537553541311,1.06070342697144
0.960206989672125,0.726716976449684,1.05706584038955
0.956175970457459,0.725896399358056,1.05342825380767
0.952144951242793,0.725075822266429,1.04979066722578
0.948113932028126,0.724255245174801,1.04615308064389
0.94408291281346,0.723434668083174,1.04251549406201
0.940051893598793,0.722614090991546,1.03887790748012
0.936020874384127,0.721793513899918,1.03524032089824
0.932099440533219,0.720979938074381,1.03165500175362
0.928218335629016,0.720168938812697,1.02808891775701
0.924337230724814,0.719357939551012,1.0245228337604
0.920456125820612,0.718546940289328,1.0209567497638
0.916575020916409,0.717735941027643,1.01739066576719
0.912693916012207,0.716924941765959,1.01382458177058
0.908812811108005,0.716113942504275,1.01025849777398
0.904931706203802,0.71530294324259,1.00669241377737
0.901142694884116,0.714497940485123,1.00317279660831
0.897409533912935,0.713696574320281,0.999681359344802
0.893676372941753,0.71289520815544,0.996189922081289
0.889943211970572,0.712093841990598,0.992698484817776
0.88621005099939,0.711292475825757,0.989207047554264
0.882476890028209,0.710491109660916,0.985715610290751
0.878743729057027,0.709689743496074,0.982224173027238
0.875010568085846,0.708888377331233,0.978732735763725
0.871350465733849,0.70809186227422,0.975280175355054
0.867759444129136,0.707299934193496,0.971864375046896
0.864168422524423,0.706508006112773,0.968448574738737
0.86057740091971,0.705716078032049,0.965032774430579
0.856986379314997,0.704924149951326,0.96161697412242
0.853395357710284,0.704132221870602,0.958201173814262
0.849804336105571,0.703340293789879,0.954785373506103
0.846213314500858,0.702548365709155,0.951369573197945
0.842677665241653,0.701760188062368,0.947984743422447
0.839223198258005,0.700977508986364,0.944645320036973
0.835768731274357,0.70019482991036,0.941305896651499
0.83231426429071,0.699412150834357,0.937966473266026
0.828859797307062,0.698629471758353,0.934627049880552
0.825405330323415,0.697846792682349,0.931287626495078
0.821950863339768,0.697064113606346,0.927948203109604
0.81849639635612,0.696281434530342,0.92460877972413
0.815081993208897,0.695501525128875,0.921292847436895
0.811762421734356,0.694728171586571,0.918032518914499
0.808442850259814,0.693954818044266,0.914772190392103
0.805123278785273,0.693181464501961,0.911511861869707
0.801803707310731,0.692408110959657,0.908251533347311
0.79848413583619,0.691634757417352,0.904991204824915
0.795164564361648,0.690861403875048,0.901730876302519
0.791844992887107,0.690088050332743,0.898470547780123
0.788525421412565,0.689314696790439,0.895210219257727
0.785301343336976,0.688548085044458,0.892008396640473
0.782114837593007,0.687784125890278,0.888829593449627
0.778928331849039,0.687020166736099,0.885650790258781
0.77574182610507,0.686256207581919,0.882471987067936
0.772555320361101,0.68549224842774,0.87929318387709
0.769368814617132,0.68472828927356,0.876114380686244
0.766182308873163,0.683964330119381,0.872935577495398
0.762995803129194,0.683200370965201,0.869756774304553
0.759826935981203,0.682437684389768,0.86658924177082
0.756767984952903,0.681682927976011,0.863491943109318
0.753709033924602,0.680928171562254,0.860394644447817
0.750650082896302,0.680173415148496,0.857297345786315
0.747591131868001,0.679418658734739,0.854200047124814
0.744532180839701,0.678663902320982,0.851102748463312
0.7414732298114,0.677909145907224,0.84800544980181
0.7384142787831,0.677154389493467,0.844908151140309
0.7353553277548,0.67639963307971,0.841810852478807
0.732364712786279,0.675649916533912,0.838758991330913
0.729428025278074,0.674904177204247,0.835742987235939
0.726491337769868,0.674158437874582,0.832726983140965
0.723554650261662,0.673412698544916,0.829710979045991
0.720617962753456,0.672666959215251,0.826694974951017
0.71768127524525,0.671921219885586,0.823678970856042
0.714744587737045,0.671175480555921,0.820662966761068
0.711807900228839,0.670429741226256,0.817646962666094
0.708871212720633,0.669684001896591,0.81463095857112
0.706052812456421,0.668947186651755,0.811696655578248
0.703236879678096,0.668210557564383,0.808764056880019
0.700420946899771,0.667473928477011,0.805831458181791
0.697605014121446,0.666737299389639,0.802898859483563
0.694789081343121,0.666000670302267,0.799966260785335
0.691973148564796,0.665264041214895,0.797033662087106
0.689157215786471,0.664527412127524,0.794101063388878
0.686341283008146,0.663790783040152,0.791168464690649
0.683525350229821,0.66305415395278,0.788235865992421
0.680812197930964,0.662325461965582,0.78537683118046
0.678115334792364,0.661598027889393,0.782529455138127
0.675418471653763,0.660870593813204,0.779682079095794
0.672721608515162,0.660143159737016,0.776834703053462
0.670024745376561,0.659415725660827,0.773987327011129
0.66732788223796,0.658688291584639,0.771139950968796
0.664631019099359,0.65796085750845,0.768292574926463
0.661934155960758,0.657233423432261,0.765445198884131
0.659237292822157,0.656505989356073,0.762597822841798
0.656625451473713,0.655785281066543,0.759813428333408
0.654042432421641,0.655066852811532,0.757050384497992
0.651459413369568,0.654348424556521,0.754287340662576
0.648876394317496,0.653629996301509,0.75152429682716
0.646293375265423,0.652911568046498,0.748761252991744
0.643710356213351,0.652193139791487,0.745998209156328
0.641127337161278,0.651474711536476,0.743235165320912
0.638544318109206,0.650756283281465,0.740472121485496
0.635961299057134,0.650037855026454,0.73770907765008
0.633446898190796,0.649324989107038,0.734998557641486
0.630972717975782,0.64861538355888,0.732318824551873
0.628498537760767,0.647905778010722,0.72963909146226
0.626024357545752,0.647196172462564,0.726959358372647
0.623550177330738,0.646486566914406,0.724279625283034
0.621075997115723,0.645776961366247,0.721599892193421
0.618601816900709,0.645067355818089,0.718920159103808
0.616127636685694,0.644357750269931,0.716240426014195
0.613653456470679,0.643648144721773,0.713560692924582
0.61123453489218,0.642943133055359,0.710924613763771
0.608867843551835,0.642242463507257,0.708329796118651
0.606501152211489,0.641541793959155,0.70573497847353
0.604134460871143,0.640841124411053,0.70314016082841
0.601767769530798,0.640140454862951,0.70054534318329
0.599401078190452,0.639439785314848,0.697950525538169
0.597034386850106,0.638739115766746,0.695355707893049
0.594667695509761,0.638038446218644,0.692760890247929
0.592301004169415,0.637337776670542,0.690166072602808
0.589934312829069,0.63663710712244,0.687571254957688
0.587649941178292,0.635943461016603,0.685043422547738
0.585389204498364,0.635251831425333,0.682534822402741
0.583128467818437,0.634560201834063,0.680026222257744
0.58086773113851,0.633868572242793,0.677517622112748
0.578606994458582,0.633176942651524,0.675009021967751
0.576346257778655,0.632485313060254,0.672500421822755
0.574085521098728,0.631793683468984,0.669991821677758
0.571824784418801,0.631102053877714,0.667483221532761
0.569564047738873,0.630410424286445,0.664974621387765
0.567307328942514,0.629719146823205,0.662469386062535
0.565147596652352,0.629036369274614,0.660045373129055
0.56298786436219,0.628353591726023,0.657621360195575
0.560828132072029,0.627670814177432,0.655197347262095
0.558668399781867,0.626988036628841,0.652773334328615
0.556508667491705,0.626305259080249,0.650349321395135
0.554348935201543,0.625622481531658,0.647925308461655
0.552189202911382,0.624939703983067,0.645501295528175
0.55002947062122,0.624256926434476,0.643077282594695
0.547869738331058,0.623574148885885,0.640653269661215
0.545739141492963,0.622893995198395,0.638254338762443
0.543675684827002,0.622219887975727,0.635913207280133
0.541612228161041,0.62154578075306,0.633572075797823
0.53954877149508,0.620871673530392,0.631230944315512
0.537485314829119,0.620197566307725,0.628889812833202
0.535421858163157,0.619523459085057,0.626548681350892
0.533358401497196,0.61884935186239,0.624207549868581
0.531294944831235,0.618175244639722,0.621866418386271
0.529231488165274,0.617501137417055,0.619525286903961
0.527168031499313,0.616827030194387,0.61718415542165
0.525158349932589,0.616157904175612,0.61489057004362
0.523189991062726,0.615492605890889,0.612633520781411
0.521221632192863,0.614827307606165,0.610376471519202
0.519253273323,0.614162009321441,0.608119422256993
0.517284914453137,0.613496711036718,0.605862372994784
0.515316555583273,0.612831412751994,0.603605323732575
0.51334819671341,0.61216611446727,0.601348274470366
0.511379837843547,0.611500816182546,0.599091225208157
0.509411478973684,0.610835517897823,0.596834175945948
0.507443120103821,0.610170219613099,0.594577126683739
0.505483951749111,0.609505797674722,0.592328409175073
0.503609317066001,0.60884943630455,0.590156326512893
0.50173468238289,0.608193074934379,0.587984243850713
0.499860047699779,0.607536713564208,0.585812161188532
0.497985413016668,0.606880352194037,0.583640078526352
0.496110778333557,0.606223990823866,0.581467995864172
0.494236143650447,0.605567629453695,0.579295913201991
0.492361508967336,0.604911268083523,0.577123830539811
0.490486874284225,0.604254906713352,0.574951747877631
0.488612239601114,0.603598545343181,0.57277966521545
0.486737604918003,0.60294218397301,0.57060758255327
0.484919120329078,0.60229133992551,0.56848766267375
0.48313352137503,0.601643727228936,0.566398293165509
0.481347922420982,0.600996114532362,0.564308923657269
0.479562323466934,0.600348501835788,0.562219554149029
0.477776724512886,0.599700889139214,0.560130184640789
0.475991125558838,0.599053276442641,0.558040815132548
0.47420552660479,0.598405663746067,0.555951445624308
0.472419927650742,0.597758051049493,0.553862076116068
0.470634328696694,0.597110438352919,0.551772706607828
0.468848729742646,0.596462825656345,0.549683337099588
0.467076935693635,0.595816611357064,0.54760709778957
0.465375907812193,0.595177565467622,0.545598165991274
0.46367487993075,0.594538519578181,0.543589234192978
0.461973852049308,0.59389947368874,0.541580302394682
0.460272824167865,0.593260427799298,0.539571370596386
0.458571796286423,0.592621381909857,0.537562438798091
0.456870768404981,0.591982336020416,0.535553506999795
0.455169740523538,0.591343290130974,0.533544575201499
0.453468712642096,0.590704244241533,0.531535643403203
0.451767684760654,0.590065198352092,0.529526711604907
0.450066656879211,0.58942615246265,0.527517779806612
0.448423790972338,0.588793187296979,0.525565448504979
0.446806350528177,0.588162880315054,0.523637860067186
0.445188910084016,0.58753257333313,0.521710271629392
0.443571469639855,0.586902266351205,0.519782683191599
0.441954029195694,0.58627195936928,0.517855094753805
0.440336588751533,0.585641652387356,0.515927506316012
0.438719148307371,0.585011345405431,0.513999917878219
0.43710170786321,0.584381038423506,0.512072329440425
0.435484267419049,0.583750731441581,0.510144741002632
0.433866826974888,0.583120424459657,0.508217152564838
0.432249386530727,0.582490117477732,0.506289564127045
0.43066068952285,0.581862914898481,0.50439055183953
0.429125639684488,0.581241506421747,0.502544874496483
0.427590589846126,0.580620097945013,0.500699197153436
0.426055540007764,0.579998689468279,0.498853519810389
0.424520490169402,0.579377280991544,0.497007842467342
0.42298544033104,0.57875587251481,0.495162165124296
0.421450390492678,0.578134464038076,0.493316487781249
0.419915340654316,0.577513055561342,0.491470810438202
0.418380290815954,0.576891647084607,0.489625133095155
0.416845240977592,0.576270238607873,0.487779455752108
0.41531019113923,0.575648830131139,0.485933778409061
0.413775290472272,0.575027438319145,0.484088252515114
0.41231818553052,0.574414737486405,0.482321710208058
0.410861080588768,0.573802036653665,0.480555167901002
0.409403975647016,0.573189335820924,0.478788625593946
0.407946870705264,0.572576634988184,0.47702208328689
0.406489765763512,0.571963934155444,0.475255540979833
0.40503266082176,0.571351233322704,0.473488998672777
0.403575555880008,0.570738532489963,0.471722456365721
0.402118450938256,0.570125831657223,0.469955914058665
0.400661345996504,0.569513130824483,0.468189371751608
0.399204241054752,0.568900429991743,0.466422829444552
0.397747136113,0.568287729159002,0.464656287137496
0.396338319414321,0.5676806108236,0.462939776759628
0.394954941514097,0.567076433411612,0.461249623773994
0.393571563613873,0.566472255999624,0.45955947078836
0.392188185713649,0.565868078587636,0.457869317802726
0.390804807813425,0.565263901175648,0.456179164817092
0.389421429913201,0.56465972376366,0.454489011831458
0.388038052012977,0.564055546351672,0.452798858845823
0.386654674112753,0.563451368939684,0.451108705860189
0.385271296212529,0.562847191527696,0.449418552874555
0.383887918312305,0.562243014115708,0.447728399888921
0.382504540412081,0.56163883670372,0.446038246903287
0.381143639950141,0.561037352207249,0.44437184960856
0.379833239406866,0.560441917867065,0.442758824074599
0.378522838863592,0.559846483526881,0.441145798540637
0.377212438320317,0.559251049186697,0.439532773006675
0.375902037777043,0.558655614846513,0.437919747472713
0.374591637233768,0.558060180506329,0.436306721938752
0.373281236690494,0.557464746166144,0.43469369640479
0.371970836147219,0.55686931182596,0.433080670870828
0.370660435603945,0.556273877485776,0.431467645336867
0.369350035060671,0.555678443145592,0.429854619802905
0.368039634517396,0.555083008805408,0.428241594268943
0.366729233974122,0.554487574465224,0.426628568734982
0.365418833430847,0.55389214012504,0.42501554320102
0.364170712224678,0.553304446613614,0.423469560169239
0.362932298150983,0.552717959621937,0.421934026677873
0.361693884077289,0.55213147263026,0.420398493186508
0.360455470003594,0.551544985638584,0.418862959695142
0.359217055929899,0.550958498646907,0.417327426203777
0.357978641856205,0.55037201165523,0.415791892712411
0.35674022778251,0.549785524663554,0.414256359221045
0.355501813708816,0.549199037671877,0.41272082572968
0.354263399635121,0.5486125506802,0.411185292238314
0.353024985561427,0.548026063688524,0.409649758746949
0.351786571487732,0.547439576696847,0.408114225255583
0.350548157414037,0.54685308970517,0.406578691764218
0.349338355888716,0.546270297986275,0.405074523116802
0.348167695719534,0.545692561321759,0.403613260907193
0.346997035550352,0.545114824657244,0.402151998697583
0.345826375381169,0.544537087992728,0.400690736487974
0.344655715211987,0.543959351328213,0.399229474278365
0.343485055042805,0.543381614663697,0.397768212068756
0.342314394873622,0.542803877999182,0.396306949859147
0.34114373470444,0.542226141334666,0.394845687649537
0.339973074535258,0.541648404670151,0.393384425439928
0.338802414366076,0.541070668005635,0.391923163230319
0.337631754196893,0.540492931341119,0.39046190102071
0.336461094027711,0.539915194676604,0.389000638811101
0.335290433858529,0.539337458012088,0.387539376601491
0.334182219700481,0.538768105774682,0.386147786367764
0.333075315808905,0.538198929462583,0.384757658018508
0.331968411917329,0.537629753150485,0.383367529669253
0.330861508025753,0.537060576838386,0.381977401319998
0.329754604134177,0.536491400526287,0.380587272970742
0.328647700242601,0.535922224214189,0.379197144621487
0.327540796351025,0.53535304790209,0.377807016272231
0.326433892459449,0.534783871589991,0.376416887922976
0.325326988567873,0.534214695277893,0.37502675957372
0.324220084676297,0.533645518965794,0.373636631224465
0.323113180784721,0.533076342653696,0.37224650287521
0.322006276893145,0.532507166341597,0.370856374525954
0.320933138013846,0.531942710968861,0.369504573330342
0.319889158515567,0.531382332587671,0.36818587136974
0.318845179017288,0.530821954206482,0.366867169409139
0.317801199519008,0.530261575825293,0.365548467448537
0.316757220020729,0.529701197444103,0.364229765487935
0.31571324052245,0.529140819062914,0.362911063527333
0.314669261024171,0.528580440681724,0.361592361566731
0.313625281525891,0.528020062300535,0.360273659606129
0.312581302027612,0.527459683919346,0.358954957645527
0.311537322529333,0.526899305538156,0.357636255684925
0.310493343031053,0.526338927156967,0.356317553724323
0.309449363532774,0.525778548775778,0.354998851763721
0.308405384034495,0.525218170394588,0.353680149803119
0.307361404536216,0.524657792013399,0.352361447842517
0.306368525303127,0.5241048625406,0.351101670078675
0.305386415043725,0.523553502865887,0.34985431011975
0.304404304784322,0.523002143191173,0.348606950160825
0.30342219452492,0.522450783516459,0.3473595902019
0.302440084265517,0.521899423841746,0.346112230242975
0.301457974006115,0.521348064167032,0.34486487028405
0.300475863746713,0.520796704492319,0.343617510325126
0.29949375348731,0.520245344817605,0.342370150366201
0.298511643227908,0.519693985142892,0.341122790407276
0.297529532968505,0.519142625468178,0.339875430448351
0.296547422709103,0.518591265793465,0.338628070489426
0.295565312449701,0.518039906118751,0.337380710530501
0.294583202190298,0.517488546444038,0.336133350571576
0.293607765959812,0.516938202921075,0.334893807161741
0.292683548268553,0.516395657657452,0.333714250340394
0.291759330577293,0.515853112393829,0.332534693519047
0.290835112886034,0.515310567130205,0.3313551366977
0.289910895194775,0.514768021866582,0.330175579876353
0.288986677503515,0.514225476602959,0.328996023055006
0.288062459812256,0.513682931339336,0.327816466233659
0.287138242120997,0.513140386075712,0.326636909412311
0.286214024429737,0.512597840812089,0.325457352590964
0.285289806738478,0.512055295548466,0.324277795769617
0.284365589047219,0.511512750284843,0.32309823894827
0.283441371355959,0.510970205021219,0.321918682126923
0.2825171536647,0.510427659757596,0.320739125305576
0.281592935973441,0.509885114493973,0.319559568484229
0.280690630993858,0.509346056129525,0.318406069392571
0.279820568743629,0.508812128446667,0.317290912078889
0.278950506493401,0.50827820076381,0.316175754765207
0.278080444243172,0.507744273080952,0.315060597451525
0.277210381992944,0.507210345398095,0.313945440137843
0.276340319742716,0.506676417715237,0.312830282824161
0.275470257492487,0.506142490032379,0.311715125510479
0.274600195242259,0.505608562349522,0.310599968196797
0.273730132992031,0.505074634666664,0.309484810883115
0.272860070741802,0.504540706983806,0.308369653569433
0.271990008491574,0.504006779300949,0.307254496255751
0.271119946241345,0.503472851618091,0.306139338942069
0.270249883991117,0.502938923935234,0.305024181628387
0.269379821740888,0.502404996252376,0.303909024314705
0.268545736600258,0.501877058047015,0.302837276859787
0.267727516847657,0.50135176111511,0.301784672528408
0.266909297095057,0.500826464183205,0.300732068197029
0.266091077342456,0.500301167251299,0.299679463865651
0.265272857589855,0.499775870319394,0.298626859534272
0.264454637837255,0.499250573387489,0.297574255202893
0.263636418084654,0.498725276455584,0.296521650871515
0.262818198332053,0.498199979523678,0.295469046540136
0.261999978579453,0.497674682591773,0.294416442208758
0.261181758826852,0.497149385659868,0.293363837877379
0.260363539074251,0.496624088727963,0.292311233546
0.259545319321651,0.496098791796057,0.291258629214622
0.25872709956905,0.495573494864152,0.290206024883243
0.257908879816449,0.495048197932247,0.289153420551864
0.257106269590568,0.494525620900319,0.288119893736958
0.256337636009604,0.494008964168054,0.287127892204321
0.255569002428641,0.493492307435789,0.286135890671685
0.254800368847678,0.492975650703523,0.285143889139049
0.254031735266715,0.492458993971258,0.284151887606412
0.253263101685752,0.491942337238992,0.283159886073776
0.252494468104788,0.491425680506727,0.28216788454114
0.251725834523825,0.490909023774461,0.281175883008503
0.250957200942862,0.490392367042196,0.280183881475867
0.250188567361899,0.489875710309931,0.279191879943231
0.249419933780936,0.489359053577665,0.278199878410595
0.248651300199972,0.4888423968454,0.277207876877958
0.247882666619009,0.488325740113135,0.276215875345322
0.247114033038046,0.487809083380869,0.275223873812686
0.246345399457083,0.487292426648604,0.274231872280049
0.245620056522725,0.48678367450196,0.273293445435882
0.244897692294647,0.486275466247374,0.272358704913669
0.244175328066569,0.485767257992788,0.271423964391456
0.243452963838491,0.485259049738202,0.270489223869244
0.242730599610413,0.484750841483615,0.269554483347031
0.242008235382335,0.484242633229029,0.268619742824818
0.241285871154258,0.483734424974443,0.267685002302605
0.24056350692618,0.483226216719856,0.266750261780393
0.239841142698102,0.48271800846527,0.26581552125818
0.239118778470024,0.482209800210684,0.264880780735967
0.238396414241946,0.481701591956098,0.263946040213754
0.237674050013868,0.481193383701511,0.263011299691541
0.23695168578579,0.480685175446925,0.262076559169329
0.236229321557712,0.480176967192339,0.261141818647116
0.235530973760954,0.47967335717893,0.260237167414013
0.234851769699708,0.479173412469151,0.259356500651576
0.234172565638462,0.478673467759373,0.258475833889138
0.233493361577217,0.478173523049595,0.257595167126701
0.232814157515971,0.477673578339817,0.256714500364264
0.232134953454725,0.477173633630038,0.255833833601827
0.231455749393479,0.47667368892026,0.25495316683939
0.230776545332234,0.476173744210482,0.254072500076953
0.230097341270988,0.475673799500703,0.253191833314516
0.229418137209742,0.475173854790925,0.252311166552079
0.228738933148496,0.474673910081147,0.251430499789642
0.228059729087251,0.474173965371369,0.250549833027205
0.227380525026005,0.47367402066159,0.249669166264768
0.226701320964759,0.473174075951812,0.248788499502331
0.22602944186966,0.47267560347638,0.247917118239534
0.225391557482699,0.472183963548142,0.247088830397772
0.224753673095738,0.471692323619904,0.24626054255601
0.224115788708777,0.471200683691666,0.245432254714248
0.223477904321816,0.470709043763428,0.244603966872486
0.222840019934855,0.47021740383519,0.243775679030724
0.222202135547894,0.469725763906952,0.242947391188962
0.221564251160934,0.469234123978715,0.2421191033472
0.220926366773973,0.468742484050477,0.241290815505438
0.220288482387012,0.468250844122239,0.240462527663676
0.219650598000051,0.467759204194001,0.239634239821914
0.21901271361309,0.467267564265763,0.238805951980152
0.218374829226129,0.466775924337525,0.23797766413839
0.217736944839168,0.466284284409287,0.237149376296628
0.217099060452207,0.465792644481049,0.236321088454865
0.216461437722971,0.465301059780574,0.235493135689019
0.21586307038279,0.464817760664981,0.234715452929287
0.215264703042609,0.464334461549388,0.233937770169556
0.214666335702428,0.463851162433795,0.233160087409824
0.214067968362247,0.463367863318202,0.232382404650092
0.213469601022066,0.462884564202609,0.23160472189036
0.212871233681885,0.462401265087016,0.230827039130628
0.212272866341704,0.461917965971424,0.230049356370896
0.211674499001523,0.461434666855831,0.229271673611165
0.211076131661342,0.460951367740238,0.228493990851433
0.210477764321162,0.460468068624645,0.227716308091701
0.209879396980981,0.459984769509052,0.226938625331969
0.2092810296408,0.459501470393459,0.226160942572237
0.208682662300619,0.459018171277866,0.225383259812506
0.208084294960438,0.458534872162273,0.224605577052774
0.207485927620257,0.458051573046681,0.223827894293042
0.206918286786001,0.457575093637088,0.223089951230946
0.206356675078441,0.457099952383926,0.222359805855724
0.205795063370882,0.456624811130765,0.221629660480501
0.205233451663322,0.456149669877603,0.220899515105278
0.204671839955762,0.455674528624442,0.220169369730056
0.204110228248202,0.45519938737128,0.219439224354833
0.203548616540643,0.454724246118118,0.21870907897961
0.202987004833083,0.454249104864957,0.217978933604388
0.202425393125523,0.453773963611795,0.217248788229165
0.201863781417964,0.453298822358634,0.216518642853942
0.201302169710404,0.452823681105472,0.21578849747872
0.200740558002844,0.452348539852311,0.215058352103497
0.200178946295285,0.451873398599149,0.214328206728274
0.199617334587725,0.451398257345987,0.213598061353052
0.199055722880165,0.450923116092826,0.212867915977829
0.198516847951307,0.450453284822331,0.212167465226972
0.197989410795285,0.449986124747096,0.211481952404323
0.197461973639262,0.449518964671862,0.210796439581675
0.19693453648324,0.449051804596627,0.210110926759026
0.196407099327218,0.448584644521392,0.209425413936378
0.195879662171196,0.448117484446158,0.208739901113729
0.195352225015173,0.447650324370923,0.208054388291081
0.194824787859151,0.447183164295688,0.207368875468432
0.194297350703129,0.446716004220454,0.206683362645784
0.193769913547106,0.446248844145219,0.205997849823135
0.193242476391084,0.445781684069984,0.205312337000487
0.192715039235062,0.44531452399475,0.204626824177838
0.192187602079039,0.444847363919515,0.20394131135519
0.191660164923017,0.44438020384428,0.203255798532541
0.191132727766995,0.443913043769046,0.202570285709893
0.190621441211119,0.443449857177842,0.201906061922262
0.190126654019826,0.442990729876143,0.201263586896115
0.189631866828533,0.442531602574445,0.200621111869967
0.18913707963724,0.442072475272746,0.19997863684382
0.188642292445947,0.441613347971048,0.199336161817673
0.188147505254655,0.441154220669349,0.198693686791525
0.187652718063362,0.440695093367651,0.198051211765378
0.187157930872069,0.440235966065952,0.197408736739231
0.186663143680776,0.439776838764254,0.196766261713084
0.186168356489483,0.439317711462556,0.196123786686936
0.185673569298191,0.438858584160857,0.195481311660789
0.185178782106898,0.438399456859159,0.194838836634642
0.184683994915605,0.43794032955746,0.194196361608494
0.184189207724312,0.437481202255762,0.193553886582347
0.183694420533019,0.437022074954063,0.1929114115562
0.183199633341727,0.436562947652365,0.192268936530052
0.182718847971724,0.436107450219968,0.191645061761075
0.182255222938363,0.435656401478772,0.191043983074695
0.181791597905001,0.435205352737576,0.190442904388316
0.18132797287164,0.434754303996379,0.189841825701936
0.180864347838279,0.434303255255183,0.189240747015556
0.180400722804917,0.433852206513987,0.188639668329177
0.179937097771556,0.433401157772791,0.188038589642797
0.179473472738195,0.432950109031595,0.187437510956417
0.179009847704833,0.432499060290399,0.186836432270038
0.178546222671472,0.432048011549202,0.186235353583658
0.178082597638111,0.431596962808006,0.185634274897279
0.177618972604749,0.43114591406681,0.185033196210899
0.177155347571388,0.430694865325614,0.184432117524519
0.176691722538027,0.430243816584418,0.18383103883814
0.176228097504665,0.429792767843222,0.18322996015176
0.175764472471304,0.429341719102026,0.18262888146538
0.1753125176199,0.428893862729828,0.182043422703878
0.174877780351039,0.428450716213651,0.181481008771229
0.174443043082178,0.428007569697474,0.18091859483858
0.174008305813317,0.427564423181297,0.180356180905931
0.173573568544456,0.42712127666512,0.179793766973282
0.173138831275595,0.426678130148943,0.179231353040633
0.172704094006734,0.426234983632765,0.178668939107983
0.172269356737873,0.425791837116588,0.178106525175334
0.171834619469013,0.425348690600411,0.177544111242685
0.171399882200152,0.424905544084234,0.176981697310036
0.170965144931291,0.424462397568057,0.176419283377387
0.17053040766243,0.424019251051879,0.175856869444738
0.170095670393569,0.423576104535702,0.175294455512088
0.169660933124708,0.423132958019525,0.174732041579439
0.169226195855847,0.422689811503348,0.17416962764679
0.168791458586986,0.422246664987171,0.173607213714141
0.16836632169109,0.421806291415215,0.173057744994101
0.167958352817074,0.421370876605512,0.172531425759411
0.167550383943058,0.420935461795809,0.172005106524721
0.167142415069042,0.420500046986106,0.171478787290031
0.166734446195027,0.420064632176403,0.170952468055341
0.166326477321011,0.4196292173667,0.170426148820651
0.165918508446995,0.419193802556997,0.169899829585961
0.165510539572979,0.418758387747294,0.169373510351271
0.165102570698963,0.418322972937591,0.168847191116581
0.164694601824947,0.417887558127888,0.168320871881891
0.164286632950931,0.417452143318185,0.167794552647201
0.163878664076916,0.417016728508482,0.167268233412511
0.1634706952029,0.416581313698779,0.166741914177821
0.163062726328884,0.416145898889075,0.166215594943131
0.162654757454868,0.415710484079372,0.165689275708441
0.162246788580852,0.415275069269669,0.165162956473751
0.161846816985761,0.414842096395262,0.164647495788806
0.161464373399347,0.414414475624171,0.164155834293057
0.161081929812934,0.41398685485308,0.163664172797307
0.16069948622652,0.413559234081988,0.163172511301557
0.160317042640107,0.413131613310897,0.162680849805808
0.159934599053693,0.412703992539806,0.162189188310058
0.15955215546728,0.412276371768715,0.161697526814309
0.159169711880866,0.411848750997624,0.161205865318559
0.158787268294453,0.411421130226533,0.160714203822809
0.158404824708039,0.410993509455441,0.16022254232706
0.158022381121626,0.41056588868435,0.15973088083131
0.157639937535212,0.410138267913259,0.15923921933556
0.157257493948799,0.409710647142168,0.158747557839811
0.156875050362385,0.409283026371077,0.158255896344061
0.156492606775972,0.408855405599985,0.157764234848311
0.156110163189558,0.408427784828894,0.157272573352562
0.155727719603145,0.408000164057803,0.156780911856812
0.155352363374801,0.407574831193634,0.156298926249619
0.154994236478972,0.407155060219909,0.155840462679784
0.154636109583142,0.406735289246185,0.15538199910995
0.154277982687313,0.40631551827246,0.154923535540115
0.153919855791483,0.405895747298735,0.154465071970281
0.153561728895653,0.405475976325011,0.154006608400446
0.153203601999824,0.405056205351286,0.153548144830612
0.152845475103994,0.404636434377561,0.153089681260777
0.152487348208165,0.404216663403837,0.152631217690943
0.152129221312335,0.403796892430112,0.152172754121109
0.151771094416505,0.403377121456387,0.151714290551274
0.151412967520676,0.402957350482663,0.15125582698144
0.151054840624846,0.402537579508938,0.150797363411605
0.150696713729017,0.402117808535213,0.150338899841771
0.150338586833187,0.401698037561489,0.149880436271936
0.149980459937357,0.401278266587764,0.149421972702102
0.149622333041528,0.40085849561404,0.148963509132267
0.149270262800009,0.400440794695662,0.148513357644775
0.148934600140412,0.400028701593241,0.148085723732995
0.148598937480815,0.39961660849082,0.147658089821214
0.148263274821219,0.399204515388399,0.147230455909433
0.147927612161622,0.398792422285978,0.146802821997652
0.147591949502026,0.398380329183557,0.146375188085872
0.147256286842429,0.397968236081137,0.145947554174091
0.146920624182833,0.397556142978716,0.14551992026231
0.146584961523236,0.397144049876295,0.145092286350529
0.14624929886364,0.396731956773874,0.144664652438749
0.145913636204043,0.396319863671453,0.144237018526968
0.145577973544446,0.395907770569032,0.143809384615187
0.14524231088485,0.395495677466612,0.143381750703406
0.144906648225253,0.395083584364191,0.142954116791626
0.144570985565657,0.39467149126177,0.142526482879845
0.14423532290606,0.394259398159349,0.142098848968064
0.143899660246464,0.393847305056928,0.141671215056283
0.143569137146359,0.393437073021671,0.141250670866572
0.143254218111493,0.393032491317628,0.140851651573277
0.142939299076627,0.392627909613586,0.140452632279982
0.142624380041761,0.392223327909543,0.140053612986687
0.142309461006895,0.3918187462055,0.139654593693392
0.141994541972028,0.391414164501458,0.139255574400097
0.141679622937162,0.391009582797415,0.138856555106801
0.141364703902296,0.390605001093372,0.138457535813506
0.14104978486743,0.39020041938933,0.138058516520211
0.140734865832564,0.389795837685287,0.137659497226916
0.140419946797698,0.389391255981244,0.137260477933621
0.140105027762831,0.388986674277202,0.136861458640326
0.139790108727965,0.388582092573159,0.136462439347031
0.139475189693099,0.388177510869116,0.136063420053736
0.139160270658233,0.387772929165074,0.135664400760441
0.138845351623367,0.387368347461031,0.135265381467145
0.138530432588501,0.386963765756988,0.13486636217385
0.138219974031434,0.386560897346402,0.134473524348613
0.137924798762345,0.386163899328733,0.134101866576434
0.137629623493257,0.385766901311065,0.133730208804256
0.137334448224168,0.385369903293396,0.133358551032077
0.13703927295508,0.384972905275727,0.132986893259899
0.136744097685991,0.384575907258059,0.13261523548772
0.136448922416903,0.38417890924039,0.132243577715541
0.136153747147814,0.383781911222721,0.131871919943363
0.135858571878726,0.383384913205053,0.131500262171184
0.135563396609637,0.382987915187384,0.131128604399005
0.135268221340549,0.382590917169715,0.130756946626827
0.13497304607146,0.382193919152047,0.130385288854648
0.134677870802372,0.381796921134378,0.130013631082469
0.134382695533283,0.38139992311671,0.129641973310291
0.134087520264195,0.381002925099041,0.129270315538112
0.133792344995107,0.380605927081372,0.128898657765934
0.133497169726018,0.380208929063704,0.128526999993755
0.13320199445693,0.379811931046035,0.128155342221576
0.132908846460483,0.379415758846439,0.127786502854648
0.132632447297406,0.379026409354852,0.127440948466224
0.132356048134329,0.378637059863266,0.1270953940778
0.132079648971252,0.378247710371679,0.126749839689376
0.131803249808175,0.377858360880093,0.126404285300952
0.131526850645098,0.377469011388506,0.126058730912528
0.13125045148202,0.377079661896919,0.125713176524104
0.130974052318943,0.376690312405333,0.12536762213568
0.130697653155866,0.376300962913746,0.125022067747256
0.130421253992789,0.37591161342216,0.124676513358832
0.130144854829712,0.375522263930573,0.124330958970408
0.129868455666635,0.375132914438987,0.123985404581984
0.129592056503558,0.3747435649474,0.12363985019356
0.129315657340481,0.374354215455813,0.123294295805136
0.129039258177403,0.373964865964227,0.122948741416712
0.128762859014326,0.37357551647264,0.122603187028288
0.128486459851249,0.373186166981054,0.122257632639864
0.128210060688172,0.372796817489467,0.12191207825144
0.127933661525095,0.37240746799788,0.121566523863016
0.127674375649181,0.372025522749066,0.121244829825765
0.127415262225043,0.371643652113317,0.12092337623092
0.127156148800906,0.371261781477568,0.120601922636074
0.126897035376768,0.370879910841819,0.120280469041229
0.126637921952631,0.37049804020607,0.119959015446384
0.126378808528493,0.370116169570321,0.119637561851538
0.126119695104355,0.369734298934572,0.119316108256693
0.125860581680218,0.369352428298823,0.118994654661848
0.12560146825608,0.368970557663074,0.118673201067003
0.125342354831943,0.368588687027325,0.118351747472157
0.125083241407805,0.368206816391576,0.118030293877312
0.124824127983667,0.367824945755828,0.117708840282467
0.12456501455953,0.367443075120079,0.117387386687621
0.124305901135392,0.36706120448433,0.117065933092776
0.124046787711255,0.366679333848581,0.116744479497931
0.123787674287117,0.366297463212832,0.116423025903085
0.12352856086298,0.365915592577083,0.11610157230824
0.123269447438842,0.365533721941334,0.115780118713395
0.12302420536386,0.365158229988963,0.115478058625706
0.122780998062943,0.364783673719154,0.115178843351811
0.122537790762027,0.364409117449345,0.114879628077917
0.122294583461111,0.364034561179535,0.114580412804022
0.122051376160194,0.363660004909726,0.114281197530127
0.121808168859278,0.363285448639917,0.113981982256232
0.121564961558362,0.362910892370108,0.113682766982337
0.121321754257446,0.362536336100299,0.113383551708442
0.121078546956529,0.36216177983049,0.113084336434548
0.120835339655613,0.361787223560681,0.112785121160653
0.120592132354697,0.361412667290872,0.112485905886758
0.120348925053781,0.361038111021062,0.112186690612863
0.120105717752864,0.360663554751253,0.111887475338968
0.119862510451948,0.360288998481444,0.111588260065074
0.119619303151032,0.359914442211635,0.111289044791179
0.119376095850115,0.359539885941826,0.110989829517284
0.119132888549199,0.359165329672017,0.110690614243389
0.118889681248283,0.358790773402207,0.110391398969494
0.118657872433481,0.358421794682104,0.110108154742137
0.118429779909411,0.35805463443123,0.109830117614355
0.11820168738534,0.357687474180356,0.109552080486573
0.117973594861269,0.357320313929483,0.109274043358791
0.117745502337199,0.356953153678609,0.108996006231009
0.117517409813128,0.356585993427735,0.108717969103227
0.117289317289057,0.356218833176862,0.108439931975446
0.117061224764987,0.355851672925988,0.108161894847664
0.116833132240916,0.355484512675114,0.107883857719882
0.116605039716845,0.355117352424241,0.1076058205921
0.116376947192775,0.354750192173367,0.107327783464318
0.116148854668704,0.354383031922493,0.107049746336536
0.115920762144634,0.35401587167162,0.106771709208754
0.115692669620563,0.353648711420746,0.106493672080972
0.115464577096492,0.353281551169872,0.106215634953191
0.115236484572422,0.352914390918999,0.105937597825409
0.115008392048351,0.352547230668125,0.105659560697627
0.11478029952428,0.352180070417251,0.105381523569845
0.11455220700021,0.351812910166378,0.105103486442063
0.114329826406679,0.351448722324579,0.10483345844031
0.114116087090233,0.351089031282988,0.104575547020988
0.113902347773787,0.350729340241397,0.104317635601666
0.113688608457342,0.350369649199806,0.104059724182345
0.113474869140896,0.350009958158215,0.103801812763023
0.113261129824451,0.349650267116623,0.103543901343701
0.113047390508005,0.349290576075032,0.10328598992438
0.11283365119156,0.348930885033441,0.103028078505058
0.112619911875114,0.34857119399185,0.102770167085736
0.112406172558669,0.348211502950259,0.102512255666415
0.112192433242223,0.347851811908667,0.102254344247093
0.111978693925777,0.347492120867076,0.101996432827771
0.111764954609332,0.347132429825485,0.10173852140845
0.111551215292886,0.346772738783894,0.101480609989128
0.111337475976441,0.346413047742303,0.101222698569806
0.111123736659995,0.346053356700711,0.100964787150485
0.11090999734355,0.34569366565912,0.100706875731163
0.110696258027104,0.345333974617529,0.100448964311841
0.110482518710659,0.344974283575938,0.10019105289252
0.110269329658941,0.344614897524109,0.0999339132970481
0.11006876045241,0.344262506148449,0.0996944748134321
0.109868191245879,0.34391011477279,0.0994550363298161
0.109667622039348,0.343557723397131,0.0992155978462001
0.109467052832818,0.343205332021472,0.0989761593625842
0.109266483626287,0.342852940645813,0.0987367208789682
0.109065914419756,0.342500549270154,0.0984972823953522
0.108865345213225,0.342148157894495,0.0982578439117362
0.108664776006694,0.341795766518836,0.0980184054281202
0.108464206800163,0.341443375143176,0.0977789669445042
0.108263637593633,0.341090983767517,0.0975395284608883
0.108063068387102,0.340738592391858,0.0973000899772723
0.107862499180571,0.340386201016199,0.0970606514936563
0.10766192997404,0.34003380964054,0.0968212130100403
0.107461360767509,0.339681418264881,0.0965817745264243
0.107260791560979,0.339329026889222,0.0963423360428083
0.107060222354448,0.338976635513563,0.0961028975591924
0.106859653147917,0.338624244137903,0.0958634590755764
0.106659083941386,0.338271852762244,0.0956240205919604
0.106458514734855,0.337919461386585,0.0953845821083444
0.106266226798718,0.337571961910553,0.095156760678353
0.106077736322738,0.33722670566449,0.0949342663656023
0.105889245846758,0.336881449418426,0.0947117720528516
0.105700755370778,0.336536193172363,0.0944892777401009
0.105512264894799,0.3361909369263,0.0942667834273502
0.105323774418819,0.335845680680236,0.0940442891145995
0.105135283942839,0.335500424434173,0.0938217948018488
0.104946793466859,0.33515516818811,0.0935993004890981
0.104758302990879,0.334809911942047,0.0933768061763474
0.104569812514899,0.334464655695983,0.0931543118635966
0.10438132203892,0.33411939944992,0.0929318175508459
0.10419283156294,0.333774143203857,0.0927093232380952
0.10400434108696,0.333428886957793,0.0924868289253445
0.10381585061098,0.33308363071173,0.0922643346125938
0.103627360135,0.332738374465667,0.0920418402998431
0.10343886965902,0.332393118219603,0.0918193459870923
0.103250379183041,0.33204786197354,0.0915968516743417
0.103061888707061,0.331702605727477,0.0913743573615909
0.102873398231081,0.331357349481414,0.0911518630488402
0.102686980907181,0.331013374368456,0.0909322765976004
0.102504783503376,0.3306720070137,0.0907186091251669
0.102322878130941,0.330330824628289,0.0905053509227642
0.102141862679009,0.329990205908395,0.0902933399075796
0.101961040151563,0.329649710204274,0.0900815992300957
0.101781195947735,0.329309838315393,0.0898712294400568
0.101601447333357,0.328970027786326,0.0896609935759692
0.101422763780162,0.328630900930554,0.0894522499197496
0.101244080226966,0.328291774074781,0.08924350626353
