0.0506915767891012,0.0647725703416294,0.0844859613151687
0.0507046375832989,0.064703508743735,0.0844867765203051
0.0507176983774965,0.0646344471458407,0.0844875917254416
0.0507307591716942,0.0645653855479463,0.084488406930578
0.0507438199658918,0.064496323950052,0.0844892221357144
0.0507568807600895,0.0644272623521576,0.0844900373408508
0.0507699415542871,0.0643582007542633,0.0844908525459872
0.0507830023484848,0.064289139156369,0.0844916677511236
0.0507960631426824,0.0642200775584746,0.0844924829562601
0.0508091239368801,0.0641510159605803,0.0844932981613965
0.0508221847310777,0.0640819543626859,0.0844941133665329
0.0508352455252754,0.0640128927647916,0.0844949285716693
0.050848306319473,0.0639438311668973,0.0844957437768057
0.0508613671136706,0.0638747695690029,0.0844965589819422
0.0508744279078683,0.0638057079711086,0.0844973741870786
0.0508874887020659,0.0637366463732142,0.084498189392215
0.0509005494962636,0.0636675847753199,0.0844990045973514
0.0509136102904612,0.0635985231774256,0.0844998198024878
0.0509266710846589,0.0635294615795312,0.0845006350076242
0.0509397318788565,0.0634603999816369,0.0845014502127607
0.0509527926730542,0.0633913383837425,0.0845022654178971
0.0509658534672518,0.0633222767858482,0.0845030806230335
0.0509789142614495,0.0632532151879538,0.0845038958281699
0.0509919750556471,0.0631841535900595,0.0845047110333063
0.0510050358498448,0.0631150919921652,0.0845055262384427
0.0510180464743994,0.063046072279229,0.0845063762297828
0.0510291004828785,0.0629786860796629,0.0845085828830625
0.0510401544913576,0.0629112998800968,0.0845107895363422
0.0510512084998366,0.0628439136805308,0.0845129961896219
0.0510622625083157,0.0627765274809647,0.0845152028429017
0.0510733165167948,0.0627091412813986,0.0845174094961814
0.0510843705252738,0.0626417550818325,0.0845196161494611
0.0510954245337529,0.0625743688822664,0.0845218228027409
0.0511064785422319,0.0625069826827003,0.0845240294560206
0.051117532550711,0.0624395964831342,0.0845262361093003
0.0511285865591901,0.0623722102835681,0.0845284427625801
0.0511396405676691,0.062304824084002,0.0845306494158598
0.0511506945761482,0.0622374378844359,0.0845328560691395
0.0511617485846272,0.0621700516848698,0.0845350627224192
0.0511728025931063,0.0621026654853037,0.084537269375699
0.0511838566015854,0.0620352792857377,0.0845394760289787
0.0511949106100644,0.0619678930861716,0.0845416826822584
0.0512059646185435,0.0619005068866055,0.0845438893355382
0.0512170186270225,0.0618331206870394,0.0845460959888179
0.0512280726355016,0.0617657344874733,0.0845483026420976
0.0512391266439807,0.0616983482879072,0.0845505092953774
0.0512501806524597,0.0616309620883411,0.0845527159486571
0.0512612346609388,0.061563575888775,0.0845549226019368
0.0512722886694179,0.0614961896892089,0.0845571292552166
0.0512833426778969,0.0614288034896428,0.0845593359084963
0.0512943008684923,0.061361499233918,0.0845615953765805
0.0513034385192971,0.0612957519111776,0.0845648583259488
0.0513125761701018,0.0612300045884371,0.0845681212753172
0.0513217138209066,0.0611642572656966,0.0845713842246855
0.0513308514717114,0.0610985099429562,0.0845746471740539
0.0513399891225162,0.0610327626202157,0.0845779101234222
0.051349126773321,0.0609670152974752,0.0845811730727906
0.0513582644241258,0.0609012679747348,0.0845844360221589
0.0513674020749306,0.0608355206519943,0.0845876989715273
0.0513765397257353,0.0607697733292538,0.0845909619208956
0.0513856773765401,0.0607040260065134,0.084594224870264
0.0513948150273449,0.0606382786837729,0.0845974878196323
0.0514039526781497,0.0605725313610324,0.0846007507690007
0.0514130903289545,0.060506784038292,0.0846040137183691
0.0514222279797593,0.0604410367155515,0.0846072766677374
0.0514313656305641,0.060375289392811,0.0846105396171058
0.0514405032813689,0.0603095420700706,0.0846138025664741
0.0514496409321736,0.0602437947473301,0.0846170655158425
0.0514587785829784,0.0601780474245896,0.0846203284652108
0.0514679162337832,0.0601123001018492,0.0846235914145792
0.051477053884588,0.0600465527791087,0.0846268543639475
0.0514861915353928,0.0599808054563682,0.0846301173133159
0.0514953291861976,0.0599150581336278,0.0846333802626842
0.0515044668370023,0.0598493108108873,0.0846366432120526
0.0515136044878071,0.0597835634881469,0.0846399061614209
0.0515226049662188,0.0597179363926859,0.0846432255257058
0.0515299136517825,0.0596537921003385,0.0846472406739609
0.0515372223373461,0.0595896478079912,0.084651255822216
0.0515445310229098,0.0595255035156438,0.084655270970471
0.0515518397084734,0.0594613592232965,0.0846592861187261
0.0515591483940371,0.0593972149309491,0.0846633012669812
0.0515664570796007,0.0593330706386018,0.0846673164152363
0.0515737657651644,0.0592689263462544,0.0846713315634914
0.051581074450728,0.0592047820539071,0.0846753467117465
0.0515883831362917,0.0591406377615597,0.0846793618600015
0.0515956918218553,0.0590764934692124,0.0846833770082566
0.051603000507419,0.059012349176865,0.0846873921565117
0.0516103091929826,0.0589482048845176,0.0846914073047668
0.0516176178785463,0.0588840605921703,0.0846954224530218
0.0516249265641099,0.0588199162998229,0.0846994376012769
0.0516322352496736,0.0587557720074756,0.084703452749532
0.0516395439352372,0.0586916277151282,0.0847074678977871
0.0516468526208009,0.0586274834227809,0.0847114830460422
0.0516541613063645,0.0585633391304335,0.0847154981942972
0.0516614699919282,0.0584991948380862,0.0847195133425523
0.0516687786774918,0.0584350505457388,0.0847235284908074
0.0516760873630555,0.0583709062533915,0.0847275436390625
0.0516833960486191,0.0583067619610441,0.0847315587873176
0.0516907047341828,0.0582426176686968,0.0847355739355726
0.0516980134197464,0.0581784733763494,0.0847395890838277
0.051705147644411,0.0581144858697351,0.084743652270891
0.051710711720984,0.0580519094347181,0.0847481478072284
0.051716275797557,0.0579893329997011,0.0847526433435658
0.0517218398741299,0.0579267565646841,0.0847571388799032
0.0517274039507029,0.0578641801296671,0.0847616344162406
0.0517329680272759,0.0578016036946501,0.084766129952578
0.0517385321038488,0.0577390272596331,0.0847706254889154
0.0517440961804218,0.0576764508246161,0.0847751210252528
0.0517496602569948,0.0576138743895991,0.0847796165615902
0.0517552243335678,0.0575512979545821,0.0847841120979276
0.0517607884101407,0.0574887215195651,0.084788607634265
0.0517663524867137,0.0574261450845481,0.0847931031706024
0.0517719165632867,0.0573635686495311,0.0847975987069398
0.0517774806398597,0.0573009922145141,0.0848020942432772
0.0517830447164326,0.0572384157794971,0.0848065897796146
0.0517886087930056,0.0571758393444801,0.0848110853159519
0.0517941728695786,0.0571132629094631,0.0848155808522893
0.0517997369461516,0.0570506864744461,0.0848200763886267
0.0518053010227245,0.0569881100394291,0.0848245719249641
0.0518108650992975,0.0569255336044121,0.0848290674613015
0.0518164291758705,0.0568629571693951,0.0848335629976389
0.0518219932524435,0.0568003807343781,0.0848380585339763
0.0518275573290164,0.0567378042993611,0.0848425540703137
0.0518331214055894,0.0566752278643441,0.0848470496066511
0.0518386854821624,0.0566126514293271,0.0848515451429885
0.0518440416417437,0.0565502666643477,0.0848560711254042
0.0518479423823834,0.0564892235896313,0.084860810230368
0.0518518431230232,0.0564281805149148,0.0848655493353319
0.0518557438636629,0.0563671374401984,0.0848702884402957
0.0518596446043026,0.056306094365482,0.0848750275452596
0.0518635453449424,0.0562450512907656,0.0848797666502234
0.0518674460855821,0.0561840082160491,0.0848845057551873
0.0518713468262219,0.0561229651413327,0.0848892448601511
0.0518752475668616,0.0560619220666163,0.084893983965115
0.0518791483075014,0.0560008789918999,0.0848987230700788
0.0518830490481411,0.0559398359171834,0.0849034621750426
0.0518869497887808,0.055878792842467,0.0849082012800065
0.0518908505294206,0.0558177497677506,0.0849129403849703
0.0518947512700603,0.0557567066930341,0.0849176794899342
0.0518986520107001,0.0556956636183177,0.084922418594898
0.0519025527513398,0.0556346205436013,0.0849271576998619
0.0519064534919795,0.0555735774688849,0.0849318968048257
0.0519103542326193,0.0555125343941685,0.0849366359097895
0.051914254973259,0.055451491319452,0.0849413750147534
0.0519181557138988,0.0553904482447356,0.0849461141197172
0.0519220564545385,0.0553294051700192,0.0849508532246811
0.0519259571951783,0.0552683620953027,0.0849555923296449
0.051929857935818,0.0552073190205863,0.0849603314346088
0.0519337586764577,0.0551462759458699,0.0849650705395726
0.0519376594170975,0.0550852328711535,0.0849698096445365
0.051941322429005,0.0550244147233435,0.0849745534867139
0.0519436383114303,0.0549648711613367,0.0849793241731015
0.0519459541938556,0.05490532759933,0.0849840948594891
0.0519482700762809,0.0548457840373232,0.0849888655458766
0.0519505859587061,0.0547862404753165,0.0849936362322642
0.0519529018411314,0.0547266969133097,0.0849984069186518
0.0519552177235567,0.054667153351303,0.0850031776050394
0.0519575336059819,0.0546076097892962,0.085007948291427
0.0519598494884072,0.0545480662272895,0.0850127189778146
0.0519621653708325,0.0544885226652827,0.0850174896642022
0.0519644812532578,0.054428979103276,0.0850222603505898
0.051966797135683,0.0543694355412692,0.0850270310369774
0.0519691130181083,0.0543098919792624,0.085031801723365
0.0519714289005336,0.0542503484172557,0.0850365724097526
0.0519737447829588,0.054190804855249,0.0850413430961402
0.0519760606653841,0.0541312612932422,0.0850461137825278
0.0519783765478094,0.0540717177312354,0.0850508844689154
0.0519806924302346,0.0540121741692287,0.085055655155303
0.0519830083126599,0.0539526306072219,0.0850604258416906
0.0519853241950852,0.0538930870452152,0.0850651965280782
0.0519876400775105,0.0538335434832084,0.0850699672144657
0.0519899559599357,0.0537739999212017,0.0850747379008533
0.051992271842361,0.0537144563591949,0.0850795085872409
0.0519945877247863,0.0536549127971882,0.0850842792736285
0.0519969036072115,0.0535953692351814,0.0850890499600161
0.0519989554032996,0.053536082276218,0.0850937928861543
0.0519997622209405,0.0534780050173161,0.0850984049425453
0.0520005690385814,0.0534199277584142,0.0851030169989364
0.0520013758562223,0.0533618504995123,0.0851076290553274
0.0520021826738633,0.0533037732406103,0.0851122411117184
0.0520029894915042,0.0532456959817084,0.0851168531681094
0.0520037963091451,0.0531876187228065,0.0851214652245004
0.0520046031267861,0.0531295414639046,0.0851260772808915
0.052005409944427,0.0530714642050027,0.0851306893372825
0.0520062167620679,0.0530133869461008,0.0851353013936735
0.0520070235797088,0.0529553096871989,0.0851399134500645
0.0520078303973498,0.052897232428297,0.0851445255064555
0.0520086372149907,0.052839155169395,0.0851491375628465
0.0520094440326316,0.0527810779104931,0.0851537496192376
0.0520102508502726,0.0527230006515912,0.0851583616756286
0.0520110576679135,0.0526649233926893,0.0851629737320196
0.0520118644855544,0.0526068461337874,0.0851675857884106
0.0520126713031954,0.0525487688748855,0.0851721978448017
0.0520134781208363,0.0524906916159836,0.0851768099011927
0.0520142849384772,0.0524326143570817,0.0851814219575837
0.0520150917561181,0.0523745370981797,0.0851860340139747
0.0520158985737591,0.0523164598392778,0.0851906460703657
0.0520167053914,0.0522583825803759,0.0851952581267568
0.0520175122090409,0.052200305321474,0.0851998701831478
0.0520183190266819,0.0521422280625721,0.0852044822395388
0.0520188386530601,0.0520844375496609,0.085209029065219
0.0520182095143875,0.0520277940207124,0.0852133149680563
0.0520175803757149,0.051971150491764,0.0852176008708935
0.0520169512370423,0.0519145069628156,0.0852218867737307
0.0520163220983696,0.0518578634338671,0.0852261726765679
0.052015692959697,0.0518012199049187,0.0852304585794051
0.0520150638210244,0.0517445763759703,0.0852347444822424
0.0520144346823518,0.0516879328470218,0.0852390303850796
0.0520138055436792,0.0516312893180734,0.0852433162879168
0.0520131764050066,0.0515746457891249,0.085247602190754
0.052012547266334,0.0515180022601765,0.0852518880935912
0.0520119181276614,0.0514613587312281,0.0852561739964285
0.0520112889889888,0.0514047152022796,0.0852604598992657
0.0520106598503162,0.0513480716733312,0.0852647458021029
0.0520100307116436,0.0512914281443828,0.0852690317049401
0.052009401572971,0.0512347846154343,0.0852733176077774
0.0520087724342983,0.0511781410864859,0.0852776035106146
0.0520081432956257,0.0511214975575375,0.0852818894134518
0.0520075141569531,0.051064854028589,0.085286175316289
0.0520068850182805,0.0510082104996406,0.0852904612191262
0.0520062558796079,0.0509515669706922,0.0852947471219635
0.0520056267409353,0.0508949234417437,0.0852990330248007
0.0520049976022627,0.0508382799127953,0.0853033189276379
0.0520043684635901,0.0507816363838468,0.0853076048304751
0.0520037393249175,0.0507249928548984,0.0853118907333123
0.0520028029318526,0.0506686647300701,0.0853160711101175
0.0520008082181035,0.0506134229972111,0.0853198880083678
0.0519988135043543,0.0505581812643522,0.0853237049066181
0.0519968187906051,0.0505029395314932,0.0853275218048685
0.051994824076856,0.0504476977986342,0.0853313387031188
0.0519928293631068,0.0503924560657752,0.0853351556013691
0.0519908346493576,0.0503372143329163,0.0853389724996194
0.0519888399356084,0.0502819726000573,0.0853427893978698
0.0519868452218593,0.0502267308671983,0.0853466062961201
0.0519848505081101,0.0501714891343393,0.0853504231943704
0.0519828557943609,0.0501162474014804,0.0853542400926207
0.0519808610806118,0.0500610056686214,0.085358056990871
0.0519788663668626,0.0500057639357624,0.0853618738891214
0.0519768716531134,0.0499505222029034,0.0853656907873717
0.0519748769393642,0.0498952804700445,0.085369507685622
0.0519728822256151,0.0498400387371855,0.0853733245838723
0.0519708875118659,0.0497847970043265,0.0853771414821226
0.0519688927981167,0.0497295552714676,0.085380958380373
0.0519668980843676,0.0496743135386086,0.0853847752786233
0.0519649033706184,0.0496190718057496,0.0853885921768736
0.0519629086568692,0.0495638300728906,0.0853924090751239
0.05196091394312,0.0495085883400316,0.0853962259733742
0.0519589192293709,0.0494533466071727,0.0854000428716246
0.0519569245156217,0.0493981048743137,0.0854038597698749
0.0519549298018725,0.0493428631414547,0.0854076766681252
0.0519526106723363,0.0492879640273101,0.0854113449184527
0.0519493182954389,0.0492340927693084,0.0854145672250115
0.0519460259185416,0.0491802215113067,0.0854177895315704
0.0519427335416442,0.0491263502533051,0.0854210118381293
0.0519394411647468,0.0490724789953034,0.0854242341446882
0.0519361487878494,0.0490186077373017,0.0854274564512471
0.0519328564109521,0.0489647364793001,0.085430678757806
0.0519295640340547,0.0489108652212984,0.0854339010643649
0.0519262716571573,0.0488569939632967,0.0854371233709238
0.0519229792802599,0.048803122705295,0.0854403456774826
0.0519196869033626,0.0487492514472934,0.0854435679840415
0.0519163945264652,0.0486953801892917,0.0854467902906004
0.0519131021495678,0.04864150893129,0.0854500125971593
0.0519098097726704,0.0485876376732884,0.0854532349037182
0.0519065173957731,0.0485337664152867,0.0854564572102771
0.0519032250188757,0.048479895157285,0.0854596795168359
0.0518999326419783,0.0484260238992833,0.0854629018233948
0.051896640265081,0.0483721526412817,0.0854661241299537
0.0518933478881836,0.04831828138328,0.0854693464365126
0.0518900555112862,0.0482644101252783,0.0854725687430715
0.0518867631343888,0.0482105388672767,0.0854757910496304
0.0518834707574915,0.048156667609275,0.0854790133561893
0.0518801783805941,0.0481027963512733,0.0854822356627481
0.0518768860036967,0.0480489250932716,0.085485457969307
0.0518735936267993,0.04799505383527,0.0854886802758659
0.0518699624165905,0.0479415510098643,0.0854917086706099
0.0518654379185606,0.0478890195067572,0.0854942258432966
0.0518609134205306,0.0478364880036502,0.0854967430159833
0.0518563889225007,0.0477839565005431,0.08549926018867
0.0518518644244707,0.047731424997436,0.0855017773613566
0.0518473399264408,0.0476788934943289,0.0855042945340433
0.0518428154284108,0.0476263619912219,0.08550681170673
0.0518382909303809,0.0475738304881148,0.0855093288794167
0.051833766432351,0.0475212989850077,0.0855118460521034
0.051829241934321,0.0474687674819007,0.0855143632247901
0.0518247174362911,0.0474162359787936,0.0855168803974767
0.0518201929382611,0.0473637044756865,0.0855193975701634
0.0518156684402312,0.0473111729725794,0.0855219147428501
0.0518111439422012,0.0472586414694724,0.0855244319155368
0.0518066194441713,0.0472061099663653,0.0855269490882234
0.0518020949461413,0.0471535784632582,0.0855294662609101
0.0517975704481114,0.0471010469601512,0.0855319834335968
0.0517930459500815,0.0470485154570441,0.0855345006062835
0.0517885214520515,0.046995983953937,0.0855370177789702
0.0517839969540216,0.0469434524508299,0.0855395349516568
0.0517794724559916,0.0468909209477229,0.0855420521243435
0.0517749479579617,0.0468383894446158,0.0855445692970302
0.0517704234599317,0.0467858579415087,0.0855470864697169
0.0517658989619018,0.0467333264384017,0.0855496036424036
0.0517613744638718,0.0466807949352946,0.0855521208150902
0.0517564992809094,0.0466286563226339,0.0855543980010518
0.0517508058331046,0.0465774344543482,0.0855561152179881
0.0517451123852998,0.0465262125860625,0.0855578324349244
0.051739418937495,0.0464749907177768,0.0855595496518607
0.0517337254896901,0.0464237688494911,0.0855612668687969
0.0517280320418853,0.0463725469812054,0.0855629840857332
0.0517223385940805,0.0463213251129196,0.0855647013026695
0.0517166451462757,0.0462701032446339,0.0855664185196058
0.0517109516984708,0.0462188813763482,0.0855681357365421
0.051705258250666,0.0461676595080625,0.0855698529534784
0.0516995648028612,0.0461164376397768,0.0855715701704146
0.0516938713550563,0.0460652157714911,0.0855732873873509
0.0516881779072515,0.0460139939032053,0.0855750046042872
0.0516824844594467,0.0459627720349196,0.0855767218212235
0.0516767910116419,0.0459115501666339,0.0855784390381598
0.051671097563837,0.0458603282983482,0.0855801562550961
0.0516654041160322,0.0458091064300625,0.0855818734720323
0.0516597106682274,0.0457578845617768,0.0855835906889686
0.0516540172204226,0.0457066626934911,0.0855853079059049
0.0516483237726177,0.0456554408252053,0.0855870251228412
0.0516426303248129,0.0456042189569196,0.0855887423397775
0.0516369368770081,0.0455529970886339,0.0855904595567138
0.0516312434292033,0.0455017752203482,0.0855921767736501
0.0516255499813984,0.0454505533520625,0.0855938939905863
0.0516198565335936,0.0453993314837768,0.0855956112075226
0.0516138029249971,0.0453485256537055,0.0855970432030536
0.0516070012901411,0.0452985839030027,0.0855978828156659
0.0516001996552851,0.0452486421523,0.0855987224282783
0.0515933980204291,0.0451987004015972,0.0855995620408906
0.0515865963855731,0.0451487586508944,0.0856004016535029
0.051579794750717,0.0450988169001917,0.0856012412661152
0.051572993115861,0.0450488751494889,0.0856020808787275
0.051566191481005,0.0449989333987861,0.0856029204913399
0.051559389846149,0.0449489916480834,0.0856037601039522
0.051552588211293,0.0448990498973806,0.0856045997165645
0.0515457865764369,0.0448491081466778,0.0856054393291768
0.0515389849415809,0.0447991663959751,0.0856062789417892
0.0515321833067249,0.0447492246452723,0.0856071185544015
0.0515253816718689,0.0446992828945695,0.0856079581670138
0.0515185800370129,0.0446493411438668,0.0856087977796261
0.0515117784021569,0.044599399393164,0.0856096373922385
0.0515049767673008,0.0445494576424612,0.0856104770048508
0.0514981751324448,0.0444995158917585,0.0856113166174631
0.0514913734975888,0.0444495741410557,0.0856121562300754
0.0514845718627328,0.0443996323903529,0.0856129958426877
0.0514777702278768,0.0443496906396501,0.0856138354553001
0.0514709685930207,0.0442997488889474,0.0856146750679124
0.0514641669581647,0.0442498071382446,0.0856155146805247
0.0514573653233087,0.0441998653875418,0.085616354293137
0.0514505636884527,0.0441499236368391,0.0856171939057494
0.0514433946928584,0.044100419797995,0.0856177033063681
0.0514355434558931,0.0440517292240314,0.0856175994561415
0.0514276922189278,0.0440030386500677,0.0856174956059149
0.0514198409819625,0.0439543480761041,0.0856173917556883
0.0514119897449972,0.0439056575021404,0.0856172879054617
0.0514041385080319,0.0438569669281768,0.0856171840552351
0.0513962872710666,0.0438082763542131,0.0856170802050085
0.0513884360341013,0.0437595857802495,0.085616976354782
0.051380584797136,0.0437108952062858,0.0856168725045554
0.0513727335601707,0.0436622046323222,0.0856167686543288
0.0513648823232054,0.0436135140583585,0.0856166648041022
0.0513570310862401,0.0435648234843949,0.0856165609538756
0.0513491798492748,0.0435161329104313,0.085616457103649
0.0513413286123095,0.0434674423364676,0.0856163532534224
0.0513334773753442,0.043418751762504,0.0856162494031958
0.0513256261383789,0.0433700611885403,0.0856161455529693
0.0513177749014136,0.0433213706145767,0.0856160417027427
0.0513099236644483,0.043272680040613,0.0856159378525161
0.051302072427483,0.0432239894666494,0.0856158340022895
0.0512942211905177,0.0431752988926857,0.0856157301520629
0.0512863699535524,0.0431266083187221,0.0856156263018363
0.0512785187165871,0.0430779177447584,0.0856155224516097
0.0512706674796218,0.0430292271707948,0.0856154186013832
0.0512628162426565,0.0429805365968311,0.0856153147511566
0.0512549650056912,0.0429318460228675,0.08561521090093
0.051246741353944,0.0428836139993219,0.0856147323752037
0.0512378970108938,0.0428361462264729,0.0856136293903114
0.0512290526678436,0.0427886784536239,0.085612526405419
0.0512202083247933,0.042741210680775,0.0856114234205267
0.0512113639817431,0.042693742907926,0.0856103204356343
0.0512025196386929,0.042646275135077,0.085609217450742
0.0511936752956426,0.0425988073622281,0.0856081144658496
0.0511848309525924,0.0425513395893791,0.0856070114809572
0.0511759866095421,0.0425038718165301,0.0856059084960649
0.0511671422664919,0.0424564040436812,0.0856048055111725
0.0511582979234417,0.0424089362708322,0.0856037025262802
0.0511494535803914,0.0423614684979833,0.0856025995413878
0.0511406092373412,0.0423140007251343,0.0856014965564955
0.051131764894291,0.0422665329522853,0.0856003935716031
0.0511229205512407,0.0422190651794364,0.0855992905867107
0.0511140762081905,0.0421715974065874,0.0855981876018184
0.0511052318651402,0.0421241296337384,0.085597084616926
0.05109638752209,0.0420766618608895,0.0855959816320337
0.0510875431790398,0.0420291940880405,0.0855948786471413
0.0510786988359895,0.0419817263151916,0.085593775662249
0.0510698544929393,0.0419342585423426,0.0855926726773566
0.051061010149889,0.0418867907694936,0.0855915696924642
0.0510521658068388,0.0418393229966447,0.0855904667075719
0.0510433214637886,0.0417918552237957,0.0855893637226795
0.0510344771207383,0.0417443874509467,0.0855882607377872
0.0510252572977773,0.0416973976738851,0.0855867401049723
0.0510154742549501,0.0416511248905045,0.0855845930002738
0.0510056912121229,0.0416048521071238,0.0855824458955752
0.0509959081692957,0.0415585793237432,0.0855802987908766
0.0509861251264685,0.0415123065403625,0.0855781516861781
0.0509763420836413,0.0414660337569819,0.0855760045814795
0.050966559040814,0.0414197609736012,0.0855738574767809
0.0509567759979868,0.0413734881902206,0.0855717103720823
0.0509469929551596,0.0413272154068399,0.0855695632673838
0.0509372099123324,0.0412809426234593,0.0855674161626852
0.0509274268695052,0.0412346698400786,0.0855652690579866
0.050917643826678,0.041188397056698,0.0855631219532881
0.0509078607838508,0.0411421242733174,0.0855609748485895
0.0508980777410236,0.0410958514899367,0.085558827743891
0.0508882946981964,0.0410495787065561,0.0855566806391924
0.0508785116553692,0.0410033059231754,0.0855545335344938
0.0508687286125419,0.0409570331397948,0.0855523864297952
0.0508589455697147,0.0409107603564141,0.0855502393250967
0.0508491625268875,0.0408644875730335,0.0855480922203981
0.0508393794840603,0.0408182147896528,0.0855459451156995
0.0508295964412331,0.0407719420062722,0.085543798011001
0.0508198133984059,0.0407256692228915,0.0855416509063024
0.0508100303555787,0.0406793964395109,0.0855395038016038
0.0508002473127515,0.0406331236561303,0.0855373566969053
0.0507904642699243,0.0405868508727496,0.0855352095922067
0.0507803044997599,0.0405410743809121,0.0855326046106317
0.0507696350396688,0.0404959693423388,0.0855293801485768
0.0507589655795777,0.0404508643037655,0.0855261556865219
0.0507482961194866,0.0404057592651922,0.0855229312244669
0.0507376266593955,0.0403606542266189,0.085519706762412
0.0507269571993044,0.0403155491880456,0.0855164823003571
0.0507162877392133,0.0402704441494723,0.0855132578383022
0.0507056182791222,0.040225339110899,0.0855100333762473
0.0506949488190311,0.0401802340723257,0.0855068089141924
0.05068427935894,0.0401351290337524,0.0855035844521375
0.0506736098988489,0.0400900239951791,0.0855003599900826
0.0506629404387578,0.0400449189566058,0.0854971355280277
0.0506522709786667,0.0399998139180325,0.0854939110659727
0.0506416015185756,0.0399547088794592,0.0854906866039178
0.0506309320584845,0.0399096038408859,0.0854874621418629
0.0506202625983934,0.0398644988023126,0.085484237679808
0.0506095931383023,0.0398193937637393,0.0854810132177531
0.0505989236782112,0.039774288725166,0.0854777887556982
0.0505882542181201,0.0397291836865927,0.0854745642936433
0.050577584758029,0.0396840786480194,0.0854713398315884
0.0505669152979379,0.0396389736094461,0.0854681153695334
0.0505562458378468,0.0395938685708728,0.0854648909074785
0.0505455763777557,0.0395487635322995,0.0854616664454236
0.0505349069176646,0.0395036584937262,0.0854584419833687
0.0505242374575735,0.0394585534551529,0.0854552175213138
0.0505131917740111,0.0394139618850886,0.0854514968257006
0.0505016862617616,0.0393699978876464,0.0854471696224052
0.0504901807495121,0.0393260338902042,0.0854428424191098
0.0504786752372625,0.039282069892762,0.0854385152158143
0.050467169725013,0.0392381058953198,0.0854341880125189
0.0504556642127635,0.0391941418978776,0.0854298608092234
0.050444158700514,0.0391501779004354,0.085425533605928
0.0504326531882645,0.0391062139029932,0.0854212064026325
0.0504211476760149,0.0390622499055511,0.0854168791993371
0.0504096421637654,0.0390182859081089,0.0854125519960416
0.0503981366515159,0.0389743219106667,0.0854082247927462
0.0503866311392664,0.0389303579132245,0.0854038975894507
0.0503751256270169,0.0388863939157823,0.0853995703861553
0.0503636201147673,0.0388424299183401,0.0853952431828598
0.0503521146025178,0.0387984659208979,0.0853909159795644
0.0503406090902683,0.0387545019234557,0.085386588776269
0.0503291035780188,0.0387105379260135,0.0853822615729735
0.0503175980657693,0.0386665739285714,0.0853779343696781
0.0503060925535197,0.0386226099311292,0.0853736071663826
0.0502945870412702,0.038578645933687,0.0853692799630872
0.0502830815290207,0.0385346819362448,0.0853649527597917
0.0502715760167712,0.0384907179388026,0.0853606255564963
0.0502600705045217,0.0384467539413604,0.0853562983532008
0.0502485649922721,0.0384027899439182,0.0853519711499054
0.0502370594800226,0.038358825946476,0.0853476439466099
0.0502251798933487,0.0383153915111101,0.0853427840673563
0.050212886855995,0.0382725423811969,0.085337335440991
0.0502005938186414,0.0382296932512837,0.0853318868146257
0.0501883007812878,0.0381868441213705,0.0853264381882604
0.0501760077439342,0.0381439949914573,0.0853209895618951
0.0501637147065806,0.0381011458615441,0.0853155409355298
0.0501514216692269,0.0380582967316309,0.0853100923091645
0.0501391286318733,0.0380154476017177,0.0853046436827992
0.0501268355945197,0.0379725984718045,0.0852991950564339
0.0501145425571661,0.0379297493418913,0.0852937464300686
0.0501022495198125,0.0378869002119781,0.0852882978037033
0.0500899564824589,0.0378440510820649,0.0852828491773379
0.0500776634451052,0.0378012019521517,0.0852774005509726
0.0500653704077516,0.0377583528222385,0.0852719519246073
0.050053077370398,0.0377155036923253,0.085266503298242
0.0500407843330444,0.0376726545624121,0.0852610546718767
0.0500284912956908,0.0376298054324989,0.0852556060455114
0.0500161982583371,0.0375869563025857,0.0852501574191461
0.0500039052209835,0.0375441071726725,0.0852447087927808
0.0499916121836299,0.0375012580427593,0.0852392601664155
0.0499793191462763,0.0374584089128461,0.0852338115400502
0.0499670261089227,0.0374155597829329,0.0852283629136849
0.0499547330715691,0.0373727106530197,0.0852229142873196
0.0499424400342154,0.0373298615231065,0.0852174656609543
0.0499301469968618,0.0372870123931933,0.085212017034589
0.0499174835410404,0.0372447078747229,0.0852060018918286
0.0499044496667511,0.0372029479676953,0.0851994202326732
0.0498914157924618,0.0371611880606676,0.0851928385735178
0.0498783819181725,0.03711942815364,0.0851862569143624
0.0498653480438832,0.0370776682466124,0.085179675255207
0.049852314169594,0.0370359083395848,0.0851730935960516
0.0498392802953047,0.0369941484325572,0.0851665119368962
0.0498262464210154,0.0369523885255296,0.0851599302777408
0.0498132125467261,0.0369106286185019,0.0851533486185854
0.0498001786724369,0.0368688687114743,0.08514676695943
0.0497871447981476,0.0368271088044467,0.0851401853002746
0.0497741109238583,0.0367853488974191,0.0851336036411192
0.049761077049569,0.0367435889903915,0.0851270219819638
0.0497480431752798,0.0367018290833639,0.0851204403228084
0.0497350093009905,0.0366600691763362,0.085113858663653
0.0497219754267012,0.0366183092693086,0.0851072770044976
0.0497089415524119,0.036576549362281,0.0851006953453422
0.0496959076781227,0.0365347894552534,0.0850941136861868
0.0496828738038334,0.0364930295482258,0.0850875320270314
0.0496698399295441,0.0364512696411982,0.085080950367876
0.0496568060552548,0.0364095097341705,0.0850743687087206
0.0496437721809655,0.0363677498271429,0.0850677870495652
0.0496307383066763,0.0363259899201153,0.0850612053904098
0.049617704432387,0.0362842300130877,0.0850546237312544
0.0496046705580977,0.0362424701060601,0.085048042072099
0.0495912712742528,0.0362012688569027,0.0850408635937984
0.0495775413817624,0.036160573060104,0.0850331451362713
0.049563811489272,0.0361198772633054,0.0850254266787442
0.0495500815967816,0.0360791814665067,0.0850177082212171
0.0495363517042912,0.0360384856697081,0.08500998976369
0.0495226218118008,0.0359977898729094,0.0850022713061628
0.0495088919193104,0.0359570940761108,0.0849945528486357
0.04949516202682,0.0359163982793121,0.0849868343911086
0.0494814321343296,0.0358757024825135,0.0849791159335815
0.0494677022418392,0.0358350066857148,0.0849713974760543
0.0494539723493488,0.0357943108889162,0.0849636790185272
0.0494402424568584,0.0357536150921175,0.0849559605610001
0.049426512564368,0.0357129192953189,0.084948242103473
0.0494127826718776,0.0356722234985202,0.0849405236459458
0.0493990527793872,0.0356315277017216,0.0849328051884187
0.0493853228868968,0.0355908319049229,0.0849250867308916
0.0493715929944063,0.0355501361081243,0.0849173682733645
0.0493578631019159,0.0355094403113256,0.0849096498158374
0.0493441332094255,0.035468744514527,0.0849019313583103
0.0493304033169351,0.0354280487177283,0.0848942129007831
0.0493166734244447,0.0353873529209297,0.084886494443256
0.0493029435319543,0.035346657124131,0.0848787759857289
0.0492892136394639,0.0353059613273324,0.0848710575282017
0.0492754837469735,0.0352652655305338,0.0848633390706746
0.0492617538544831,0.0352245697337351,0.0848556206131475
0.0492476648754631,0.035184445664234,0.0848472776193768
0.0492332820983736,0.0351447893716128,0.0848384236414069
0.049218899321284,0.0351051330789915,0.0848295696634369
0.0492045165441944,0.0350654767863702,0.084820715685467
0.0491901337671048,0.035025820493749,0.084811861707497
0.0491757509900152,0.0349861642011277,0.084803007729527
0.0491613682129256,0.0349465079085065,0.0847941537515571
0.0491469854358361,0.0349068516158852,0.0847852997735871
0.0491326026587465,0.0348671953232639,0.0847764457956171
0.0491182198816569,0.0348275390306427,0.0847675918176472
0.0491038371045673,0.0347878827380214,0.0847587378396772
0.0490894543274777,0.0347482264454002,0.0847498838617073
0.0490750715503881,0.0347085701527789,0.0847410298837373
0.0490606887732985,0.0346689138601577,0.0847321759057673
0.0490463059962089,0.0346292575675364,0.0847233219277974
0.0490319232191194,0.0345896012749151,0.0847144679498274
0.0490175404420298,0.0345499449822939,0.0847056139718575
0.0490031576649402,0.0345102886896726,0.0846967599938875
0.0489887748878506,0.0344706323970514,0.0846879060159176
0.048974392110761,0.0344309761044301,0.0846790520379476
0.0489600093336714,0.0343913198118088,0.0846701980599776
0.0489456265565818,0.0343516635191876,0.0846613440820077
0.0489312437794922,0.0343120072265663,0.0846524901040377
0.0489168610024027,0.0342723509339451,0.0846436361260678
0.0489024782253131,0.0342326946413238,0.0846347821480978
0.0488877439131483,0.0341936222003362,0.0846252784087227
0.0488727497707106,0.0341549813018605,0.0846152944109176
0.048857755628273,0.0341163404033847,0.0846053104131125
0.0488427614858353,0.034077699504909,0.0845953264153074
0.0488277673433976,0.0340390586064332,0.0845853424175024
0.0488127732009599,0.0340004177079575,0.0845753584196973
0.0487977790585222,0.0339617768094817,0.0845653744218922
0.0487827849160845,0.0339231359110059,0.0845553904240871
0.0487677907736468,0.0338844950125302,0.0845454064262821
0.0487527966312092,0.0338458541140544,0.084535422428477
0.0487378024887715,0.0338072132155787,0.0845254384306719
0.0487228083463338,0.0337685723171029,0.0845154544328668
0.0487078142038961,0.0337299314186272,0.0845054704350618
0.0486928200614584,0.0336912905201514,0.0844954864372567
0.0486778259190207,0.0336526496216757,0.0844855024394516
0.0486628317765831,0.0336140087231999,0.0844755184416466
0.0486478376341454,0.0335753678247242,0.0844655344438415
0.0486328434917077,0.0335367269262484,0.0844555504460364
0.04861784934927,0.0334980860277727,0.0844455664482313
0.0486028552068323,0.0334594451292969,0.0844355824504263
0.0485878610643946,0.0334208042308212,0.0844255984526212
0.0485728669219569,0.0333821633323454,0.0844156144548161
0.0485578727795192,0.0333435224338697,0.084405630457011
0.0485428786370816,0.0333048815353939,0.084395646459206
0.0485278844946439,0.0332662406369181,0.0843856624614009
0.048512547475424,0.0332281948059217,0.084375006449933
0.0484969818716826,0.033190545686578,0.0843639024293565
0.0484814162679412,0.0331528965672344,0.0843527984087801
0.0484658506641998,0.0331152474478908,0.0843416943882036
0.0484502850604584,0.0330775983285472,0.0843305903676271
0.048434719456717,0.0330399492092035,0.0843194863470507
0.0484191538529756,0.0330023000898599,0.0843083823264742
0.0484035882492342,0.0329646509705163,0.0842972783058977
0.0483880226454928,0.0329270018511727,0.0842861742853212
0.0483724570417515,0.032889352731829,0.0842750702647448
0.0483568914380101,0.0328517036124854,0.0842639662441683
0.0483413258342687,0.0328140544931418,0.0842528622235918
0.0483257602305273,0.0327764053737981,0.0842417582030154
0.0483101946267859,0.0327387562544545,0.0842306541824389
0.0482946290230445,0.0327011071351109,0.0842195501618624
0.0482790634193031,0.0326634580157673,0.0842084461412859
0.0482634978155617,0.0326258088964236,0.0841973421207095
0.0482479322118203,0.03258815977708,0.084186238100133
0.0482323666080789,0.0325505106577364,0.0841751340795565
0.0482168010043375,0.0325128615383928,0.0841640300589801
0.0482012354005962,0.0324752124190491,0.0841529260384036
0.0481856697968548,0.0324375632997055,0.0841418220178271
0.0481701041931134,0.0323999141803619,0.0841307179972507
0.048154538589372,0.0323622650610183,0.0841196139766742
0.0481389729856306,0.0323246159416746,0.0841085099560977
0.0481230741320022,0.0322875722361761,0.0840967153294102
0.0481069753284416,0.0322508917789846,0.0840845063390559
0.0480908765248809,0.0322142113217932,0.0840722973487017
0.0480747777213203,0.0321775308646017,0.0840600883583475
0.0480586789177597,0.0321408504074102,0.0840478793679932
0.0480425801141991,0.0321041699502188,0.084035670377639
0.0480264813106384,0.0320674894930273,0.0840234613872848
0.0480103825070778,0.0320308090358358,0.0840112523969306
0.0479942837035172,0.0319941285786444,0.0839990434065763
0.0479781848999566,0.0319574481214529,0.0839868344162221
0.0479620860963959,0.0319207676642614,0.0839746254258679
0.0479459872928353,0.0318840872070699,0.0839624164355136
0.0479298884892747,0.0318474067498785,0.0839502074451594
0.0479137896857141,0.031810726292687,0.0839379984548052
0.0478976908821535,0.0317740458354955,0.083925789464451
0.0478815920785928,0.0317373653783041,0.0839135804740967
0.0478654932750322,0.0317006849211126,0.0839013714837425
0.0478493944714716,0.0316640044639211,0.0838891624933883
0.047833295667911,0.0316273240067297,0.083876953503034
0.0478171968643503,0.0315906435495382,0.0838647445126798
0.0478010980607897,0.0315539630923467,0.0838525355223256
0.0477849992572291,0.0315172826351552,0.0838403265319713
0.0477689004536685,0.0314806021779638,0.0838281175416171
0.0477528016501078,0.0314439217207723,0.0838159085512629
0.0477367028465472,0.0314072412635808,0.0838036995609087
0.0477202813722541,0.0313711757184686,0.083790784111171
0.0477036861521819,0.0313354412798605,0.0837774882602269
0.0476870909321097,0.0312997068412524,0.0837641924092829
0.0476704957120375,0.0312639724026443,0.0837508965583388
0.0476539004919653,0.0312282379640362,0.0837376007073947
0.0476373052718931,0.0311925035254281,0.0837243048564507
0.0476207100518209,0.03115676908682,0.0837110090055066
0.0476041148317487,0.0311210346482119,0.0836977131545625
0.0475875196116765,0.0310853002096038,0.0836844173036184
0.0475709243916043,0.0310495657709957,0.0836711214526744
0.0475543291715321,0.0310138313323876,0.0836578256017303
0.0475377339514599,0.0309780968937795,0.0836445297507862
0.0475211387313877,0.0309423624551714,0.0836312338998421
0.0475045435113155,0.0309066280165633,0.0836179380488981
0.0474879482912433,0.0308708935779552,0.083604642197954
0.0474713530711711,0.0308351591393471,0.0835913463470099
0.0474547578510989,0.030799424700739,0.0835780504960658
0.0474381626310267,0.0307636902621309,0.0835647546451217
0.0474215674109545,0.0307279558235228,0.0835514587941777
0.0474049721908823,0.0306922213849147,0.0835381629432336
0.0473883769708101,0.0306564869463066,0.0835248670922895
0.0473717817507379,0.0306207525076985,0.0835115712413454
0.0473551865306657,0.0305850180690904,0.0834982753904014
0.0473385913105935,0.0305492836304823,0.0834849795394573
0.0473219960905212,0.0305135491918742,0.0834716836885132
0.04730508966283,0.0304784383440594,0.0834576681022814
0.0472880333944334,0.0304436277436635,0.0834433059768369
0.0472709771260367,0.0304088171432676,0.0834289438513925
0.0472539208576401,0.0303740065428717,0.083414581725948
0.0472368645892434,0.0303391959424758,0.0834002196005036
0.0472198083208468,0.0303043853420799,0.0833858574750591
0.0472027520524502,0.030269574741684,0.0833714953496147
0.0471856957840535,0.030234764141288,0.0833571332241702
0.0471686395156569,0.0301999535408921,0.0833427710987258
0.0471515832472602,0.0301651429404962,0.0833284089732813
0.0471345269788636,0.0301303323401003,0.0833140468478369
0.0471174707104669,0.0300955217397044,0.0832996847223924
0.0471004144420703,0.0300607111393085,0.083285322596948
0.0470833581736736,0.0300259005389126,0.0832709604715035
0.047066301905277,0.0299910899385167,0.0832565983460591
0.0470492456368803,0.0299562793381208,0.0832422362206146
0.0470321893684837,0.0299214687377249,0.0832278740951701
0.047015133100087,0.029886658137329,0.0832135119697257
0.0469980768316904,0.0298518475369331,0.0831991498442812
0.0469810205632937,0.0298170369365372,0.0831847877188368
0.0469639642948971,0.0297822263361413,0.0831704255933923
0.0469469080265004,0.0297474157357454,0.0831560634679479
0.0469298517581038,0.0297126051353495,0.0831417013425034
0.0469127954897071,0.0296777945349536,0.083127339217059
0.0468957392213105,0.0296429839345577,0.0831129770916145
0.0468783839856281,0.0296088048182604,0.0830978848598265
0.0468609006211091,0.0295748963380054,0.0830824797253198
0.04684341725659,0.0295409878577504,0.0830670745908131
0.0468259338920709,0.0295070793774954,0.0830516694563064
0.0468084505275519,0.0294731708972404,0.0830362643217997
0.0467909671630328,0.0294392624169854,0.083020859187293
0.0467734837985137,0.0294053539367304,0.0830054540527863
0.0467560004339946,0.0293714454564754,0.0829900489182796
0.0467385170694756,0.0293375369762204,0.0829746437837729
0.0467210337049565,0.0293036284959654,0.0829592386492662
0.0467035503404374,0.0292697200157104,0.0829438335147595
0.0466860669759184,0.0292358115354553,0.0829284283802528
0.0466685836113993,0.0292019030552003,0.0829130232457461
0.0466511002468802,0.0291679945749453,0.0828976181112393
0.0466336168823612,0.0291340860946903,0.0828822129767326
0.0466161335178421,0.0291001776144353,0.0828668078422259
0.046598650153323,0.0290662691341803,0.0828514027077192
0.046581166788804,0.0290323606539253,0.0828359975732125
0.0465636834242849,0.0289984521736703,0.0828205924387058
0.0465462000597658,0.0289645436934153,0.0828051873041991
0.0465287166952467,0.0289306352131603,0.0827897821696924
0.0465112333307277,0.0288967267329053,0.0827743770351857
0.0464937499662086,0.0288628182526503,0.082758971900679
0.0464762666016895,0.0288289097723953,0.0827435667661723
0.0464587832371705,0.0287950012921403,0.0827281616316656
0.0464410137989827,0.0287617314407094,0.082712019417965
0.0464231358500931,0.028728703827798,0.0826955976225011
0.0464052579012034,0.0286956762148866,0.0826791758270373
0.0463873799523137,0.0286626486019752,0.0826627540315734
0.0463695020034241,0.0286296209890637,0.0826463322361095
0.0463516240545344,0.0285965933761523,0.0826299104406457
0.0463337461056448,0.0285635657632409,0.0826134886451818
0.0463158681567551,0.0285305381503295,0.082597066849718
0.0462979902078654,0.0284975105374181,0.0825806450542541
0.0462801122589758,0.0284644829245067,0.0825642232587903
0.0462622343100861,0.0284314553115953,0.0825478014633264
0.0462443563611964,0.0283984276986839,0.0825313796678626
0.0462264784123068,0.0283654000857725,0.0825149578723987
0.0462086004634171,0.028332372472861,0.0824985360769349
0.0461907225145275,0.0282993448599496,0.082482114281471
0.0461728445656378,0.0282663172470382,0.0824656924860071
0.0461549666167482,0.0282332896341268,0.0824492706905433
0.0461370886678585,0.0282002620212154,0.0824328488950794
0.0461192107189688,0.028167234408304,0.0824164270996156
0.0461013327700792,0.0281342067953926,0.0824000053041517
0.0460834548211895,0.0281011791824812,0.0823835835086879
0.0460655768722998,0.0280681515695697,0.082367161713224
0.0460476989234102,0.0280351239566583,0.0823507399177602
0.0460298209745205,0.0280020963437469,0.0823343181222963
0.0460119430256309,0.0279690687308355,0.0823178963268325
0.045993792551768,0.027936686159973,0.0823007330478026
0.0459755512362475,0.0279045186031267,0.0822833226075841
0.045957309920727,0.0278723510462804,0.0822659121673655
0.0459390686052064,0.0278401834894342,0.082248501727147
0.0459208272896859,0.0278080159325879,0.0822310912869284
0.0459025859741653,0.0277758483757416,0.0822136808467099
0.0458843446586448,0.0277436808188953,0.0821962704064914
0.0458661033431243,0.0277115132620491,0.0821788599662728
0.0458478620276037,0.0276793457052028,0.0821614495260543
0.0458296207120832,0.0276471781483565,0.0821440390858357
0.0458113793965626,0.0276150105915103,0.0821266286456172
0.0457931380810421,0.027582843034664,0.0821092182053986
0.0457748967655215,0.0275506754778177,0.0820918077651801
0.045756655450001,0.0275185079209715,0.0820743973249616
0.0457384141344805,0.0274863403641252,0.082056986884743
0.0457201728189599,0.0274541728072789,0.0820395764445245
0.0457019315034394,0.0274220052504326,0.0820221660043059
0.0456836901879188,0.0273898376935864,0.0820047555640874
0.0456654488723983,0.0273576701367401,0.0819873451238689
0.0456472075568777,0.0273255025798938,0.0819699346836503
0.0456289662413572,0.0272933350230476,0.0819525242434318
0.0456107249258367,0.0272611674662013,0.0819351138032132
0.0455924836103161,0.027228999909355,0.0819177033629947
0.0455742422947956,0.0271968323525088,0.0819002929227762
0.045556000979275,0.0271646647956625,0.0818828824825576
0.0455375012889844,0.0271331479881022,0.081864728535262
0.0455189265866637,0.027101820107754,0.081846358731073
0.045500351884343,0.0270704922274058,0.081827988926884
0.0454817771820224,0.0270391643470577,0.0818096191226951
0.0454632024797017,0.0270078364667095,0.0817912493185061
0.045444627777381,0.0269765085863613,0.0817728795143171
0.0454260530750603,0.0269451807060131,0.0817545097101282
0.0454074783727397,0.0269138528256649,0.0817361399059392
0.045388903670419,0.0268825249453167,0.0817177701017502
0.0453703289680983,0.0268511970649685,0.0816994002975613
0.0453517542657776,0.0268198691846203,0.0816810304933723
0.045333179563457,0.0267885413042722,0.0816626606891833
0.0453146048611363,0.026757213423924,0.0816442908849944
0.0452960301588156,0.0267258855435758,0.0816259210808054
0.0452774554564949,0.0266945576632276,0.0816075512766164
0.0452588807541743,0.0266632297828794,0.0815891814724274
0.0452403060518536,0.0266319019025312,0.0815708116682385
0.0452217313495329,0.026600574022183,0.0815524418640495
0.0452031566472122,0.0265692461418348,0.0815340720598605
0.0451845819448915,0.0265379182614866,0.0815157022556716
0.0451660072425709,0.0265065903811385,0.0814973324514826
0.0451474325402502,0.0264752625007903,0.0814789626472936
0.0451288578379295,0.0264439346204421,0.0814605928431047
0.0451102831356088,0.0264126067400939,0.0814422230389157
0.0450917084332882,0.0263812788597457,0.0814238532347267
0.0450728900143743,0.0263506067616682,0.0814047404953367
0.0450540106663122,0.0263200986091584,0.0813854420221464
0.04503513131825,0.0262895904566485,0.0813661435489562
0.0450162519701879,0.0262590823041387,0.0813468450757659
0.0449973726221257,0.0262285741516288,0.0813275466025756
0.0449784932740636,0.026198065999119,0.0813082481293854
0.0449596139260014,0.0261675578466092,0.0812889496561951
0.0449407345779393,0.0261370496940993,0.0812696511830048
0.0449218552298771,0.0261065415415895,0.0812503527098146
0.044902975881815,0.0260760333890797,0.0812310542366243
0.0448840965337528,0.0260455252365698,0.081211755763434
0.0448652171856907,0.02601501708406,0.0811924572902438
0.0448463378376285,0.0259845089315501,0.0811731588170535
0.0448274584895664,0.0259540007790403,0.0811538603438632
0.0448085791415042,0.0259234926265305,0.081134561870673
0.0447896997934421,0.0258929844740206,0.0811152633974827
0.0447708204453799,0.0258624763215108,0.0810959649242924
0.0447519410973178,0.0258319681690009,0.0810766664511022
0.0447330617492556,0.0258014600164911,0.0810573679779119
0.0447141824011935,0.0257709518639813,0.0810380695047216
0.0446953030531313,0.0257404437114714,0.0810187710315314
0.0446764237050692,0.0257099355589616,0.0809994725583411
0.044657544357007,0.0256794274064518,0.0809801740851508
0.0446386650089449,0.0256489192539419,0.0809608756119606
0.0446197856608827,0.0256184111014321,0.0809415771387703
0.0446006776514384,0.0255885631246448,0.0809215392419813
0.0445815211380646,0.0255588551851319,0.0809013444977623
0.0445623646246907,0.0255291472456191,0.0808811497535433
0.0445432081113168,0.0254994393061063,0.0808609550093244
0.044524051597943,0.0254697313665935,0.0808407602651054
0.0445048950845691,0.0254400234270806,0.0808205655208864
0.0444857385711953,0.0254103154875678,0.0808003707766674
0.0444665820578214,0.025380607548055,0.0807801760324484
0.0444474255444476,0.0253508996085421,0.0807599812882294
0.0444282690310737,0.0253211916690293,0.0807397865440104
0.0444091125176999,0.0252914837295165,0.0807195917997914
0.044389956004326,0.0252617757900036,0.0806993970555724
0.0443707994909522,0.0252320678504908,0.0806792023113534
0.0443516429775783,0.025202359910978,0.0806590075671344
0.0443324864642044,0.0251726519714651,0.0806388128229154
0.0443133299508306,0.0251429440319523,0.0806186180786964
0.0442941734374567,0.0251132360924395,0.0805984233344774
0.0442750169240829,0.0250835281529267,0.0805782285902585
0.044255860410709,0.0250538202134138,0.0805580338460395
0.0442367038973352,0.025024112273901,0.0805378391018205
0.0442175473839613,0.0249944043343882,0.0805176443576015
0.0441983908705875,0.0249646963948753,0.0804974496133825
0.0441792343572136,0.0249349884553625,0.0804772548691635
0.0441600778438398,0.0249052805158497,0.0804570601249445
0.0441409213304659,0.0248755725763368,0.0804368653807255
0.0441215516241521,0.0248465285796147,0.0804159369518162
0.0441021442955547,0.0248176017492673,0.080394879049138
0.0440827369669573,0.0247886749189199,0.0803738211464599
0.04406332963836,0.0247597480885726,0.0803527632437817
0.0440439223097626,0.0247308212582252,0.0803317053411035
0.0440245149811652,0.0247018944278778,0.0803106474384253
0.0440051076525678,0.0246729675975305,0.0802895895357472
0.0439857003239705,0.0246440407671831,0.080268531633069
0.0439662929953731,0.0246151139368357,0.0802474737303908
0.0439468856667757,0.0245861871064884,0.0802264158277126
0.0439274783381784,0.024557260276141,0.0802053579250345
0.043908071009581,0.0245283334457937,0.0801843000223563
0.0438886636809836,0.0244994066154463,0.0801632421196781
0.0438692563523863,0.0244704797850989,0.0801421842169999
0.0438498490237889,0.0244415529547516,0.0801211263143218
0.0438304416951915,0.0244126261244042,0.0801000684116436
0.0438110343665942,0.0243836992940568,0.0800790105089654
0.0437916270379968,0.0243547724637095,0.0800579526062872
0.0437722197093994,0.0243258456333621,0.0800368947036091
0.0437528123808021,0.0242969188030147,0.0800158368009309
0.0437334050522047,0.0242679919726674,0.0799947788982527
0.0437139977236073,0.02423906514232,0.0799737209955745
0.0436945903950099,0.0242101383119727,0.0799526630928964
0.0436751830664126,0.0241812114816253,0.0799316051902182
0.0436557757378152,0.0241522846512779,0.07991054728754
0.0436361710567957,0.0241240249270262,0.0798887634783595
0.043616538182573,0.0240958605036453,0.07986687596825
0.0435969053083503,0.0240676960802644,0.0798449884581405
0.0435772724341276,0.0240395316568835,0.0798231009480311
0.043557639559905,0.0240113672335025,0.0798012134379216
0.0435380066856823,0.0239832028101216,0.0797793259278121
0.0435183738114596,0.0239550383867407,0.0797574384177027
0.0434987409372369,0.0239268739633598,0.0797355509075932
0.0434791080630142,0.0238987095399789,0.0797136633974837
0.0434594751887915,0.023870545116598,0.0796917758873743
0.0434398423145688,0.023842380693217,0.0796698883772648
0.0434202094403462,0.0238142162698361,0.0796480008671554
0.0434005765661235,0.0237860518464552,0.0796261133570459
0.0433809436919008,0.0237578874230743,0.0796042258469364
0.0433613108176781,0.0237297229996934,0.079582338336827
0.0433416779434554,0.0237015585763124,0.0795604508267175
0.0433220450692327,0.0236733941529315,0.079538563316608
0.04330241219501,0.0236452297295506,0.0795166758064986
0.0432827793207874,0.0236170653061697,0.0794947882963891
0.0432631464465647,0.0235889008827888,0.0794729007862797
0.043243513572342,0.0235607364594079,0.0794510132761702
0.0432238806981193,0.0235325720360269,0.0794291257660607
0.0432042478238966,0.023504407612646,0.0794072382559513
0.0431846149496739,0.0234762431892651,0.0793853507458418
0.0431649820754513,0.0234480787658842,0.0793634632357323
0.0431451679795952,0.0234205840376158,0.0793408597688844
0.043125333748002,0.0233931637199154,0.0793181767512877
0.0431054995164089,0.0233657434022151,0.079295493733691
0.0430856652848158,0.0233383230845147,0.0792728107160943
0.0430658310532226,0.0233109027668144,0.0792501276984977
0.0430459968216295,0.023283482449114,0.079227444680901
0.0430261625900364,0.0232560621314137,0.0792047616633043
0.0430063283584432,0.0232286418137133,0.0791820786457076
0.0429864941268501,0.023201221496013,0.079159395628111
0.042966659895257,0.0231738011783126,0.0791367126105143
0.0429468256636639,0.0231463808606123,0.0791140295929176
0.0429269914320707,0.0231189605429119,0.0790913465753209
0.0429071572004776,0.0230915402252116,0.0790686635577243
0.0428873229688845,0.0230641199075112,0.0790459805401276
0.0428674887372913,0.0230366995898109,0.0790232975225309
0.0428476545056982,0.0230092792721106,0.0790006145049342
0.0428278202741051,0.0229818589544102,0.0789779314873376
0.0428079860425119,0.0229544386367099,0.0789552484697409
0.0427881518109188,0.0229270183190095,0.0789325654521442
0.0427683175793257,0.0228995980013092,0.0789098824345475
0.0427484833477325,0.0228721776836088,0.0788871994169509
0.0427286491161394,0.0228447573659085,0.0788645163993542
0.0427088148845463,0.0228173370482081,0.0788418333817575
0.0426889806529531,0.0227899167305078,0.0788191503641608
0.04266914642136,0.0227624964128074,0.0787964673465642
0.0426491472900515,0.022735747837635,0.0787730807244209
0.0426291347884959,0.0227090537280729,0.0787496370532603
0.0426091222869402,0.0226823596185109,0.0787261933820997
0.0425891097853846,0.0226556655089488,0.0787027497109391
0.0425690972838289,0.0226289713993868,0.0786793060397785
0.0425490847822733,0.0226022772898247,0.0786558623686179
0.0425290722807177,0.0225755831802627,0.0786324186974574
0.042509059779162,0.0225488890707006,0.0786089750262968
0.0424890472776064,0.0225221949611386,0.0785855313551362
0.0424690347760507,0.0224955008515765,0.0785620876839756
0.0424490222744951,0.0224688067420144,0.078538644012815
0.0424290097729394,0.0224421126324524,0.0785152003416544
0.0424089972713838,0.0224154185228903,0.0784917566704938
0.0423889847698281,0.0223887244133283,0.0784683129993332
0.0423689722682725,0.0223620303037662,0.0784448693281726
0.0423489597667168,0.0223353361942042,0.0784214256570121
0.0423289472651612,0.0223086420846421,0.0783979819858515
0.0423089347636055,0.0222819479750801,0.0783745383146909
0.0422889222620499,0.022255253865518,0.0783510946435303
0.0422689097604942,0.022228559755956,0.0783276509723697
0.0422488972589386,0.0222018656463939,0.0783042073012091
0.0422288847573829,0.0221751715368318,0.0782807636300485
0.0422088722558273,0.0221484774272698,0.0782573199588879
0.0421888597542716,0.0221217833177077,0.0782338762877273
0.042168847252716,0.0220950892081457,0.0782104326165668
0.042148686391907,0.0220690683564901,0.0781862995066945
0.0421285177227163,0.0220430829394613,0.0781621301105742
0.0421083490535255,0.0220170975224324,0.0781379607144539
0.0420881803843348,0.0219911121054035,0.0781137913183336
0.042068011715144,0.0219651266883747,0.0780896219222133
0.0420478430459533,0.0219391412713458,0.078065452526093
0.0420276743767626,0.0219131558543169,0.0780412831299727
0.0420075057075718,0.021887170437288,0.0780171137338524
0.0419873370383811,0.0218611850202592,0.0779929443377321
0.0419671683691903,0.0218351996032303,0.0779687749416118
0.0419469996999996,0.0218092141862014,0.0779446055454915
0.0419268310308089,0.0217832287691725,0.0779204361493712
0.0419066623616181,0.0217572433521437,0.0778962667532509
0.0418864936924274,0.0217312579351148,0.0778720973571306
0.0418663250232366,0.0217052725180859,0.0778479279610103
0.0418461563540459,0.0216792871010571,0.07782375856489
0.0418259876848552,0.0216533016840282,0.0777995891687697
0.0418058190156644,0.0216273162669993,0.0777754197726494
0.0417856503464737,0.0216013308499704,0.0777512503765291
0.0417654816772829,0.0215753454329416,0.0777270809804088
0.0417453130080922,0.0215493600159127,0.0777029115842885
0.0417251443389015,0.0215233745988838,0.0776787421881682
0.0417049756697107,0.0214973891818549,0.0776545727920479
0.04168480700052,0.0214714037648261,0.0776304033959276
0.0416646383313293,0.0214454183477972,0.0776062339998073
0.0416443380311408,0.0214201071919536,0.0775813909703332
0.0416240343557986,0.0213948133248582,0.077556530668209
0.0416037306804563,0.0213695194577629,0.0775316703660849
0.0415834270051141,0.0213442255906676,0.0775068100639607
0.0415631233297719,0.0213189317235723,0.0774819497618364
0.0415428196544297,0.021293637856477,0.0774570894597123
0.0415225159790874,0.0212683439893817,0.0774322291575881
0.0415022123037452,0.0212430501222864,0.0774073688554639
0.041481908628403,0.021217756255191,0.0773825085533397
0.0414616049530608,0.0211924623880957,0.0773576482512155
0.0414413012777185,0.0211671685210004,0.0773327879490913
0.0414209976023763,0.0211418746539051,0.0773079276469671
0.0414006939270341,0.0211165807868098,0.0772830673448429
0.0413803902516918,0.0210912869197145,0.0772582070427187
0.0413600865763496,0.0210659930526192,0.0772333467405945
0.0413397829010074,0.0210406991855238,0.0772084864384703
0.0413194792256652,0.0210154053184285,0.0771836261363461
0.0412991755503229,0.0209901114513332,0.0771587658342219
0.0412788718749807,0.0209648175842379,0.0771339055320977
0.0412585681996385,0.0209395237171426,0.0771090452299735
0.0412382645242962,0.0209142298500473,0.0770841849278493
0.041217960848954,0.020888935982952,0.0770593246257251
0.0411976571736118,0.0208636421158566,0.0770344643236009
0.0411773534982696,0.0208383482487613,0.0770096040214767
0.0411570498229273,0.020813054381666,0.0769847437193525
