-0.676167896844102,-0.86399231263413,-1.12694649474017
-0.676345046785526,-0.86306868325712,-1.12695517909974
-0.67652219672695,-0.86214505388011,-1.12696386345931
-0.676699346668375,-0.861221424503099,-1.12697254781888
-0.676876496609799,-0.860297795126089,-1.12698123217844
-0.677053646551223,-0.859374165749079,-1.12698991653801
-0.677230796492647,-0.858450536372068,-1.12699860089758
-0.677407946434072,-0.857526906995058,-1.12700728525715
-0.677585096375496,-0.856603277618048,-1.12701596961672
-0.67776224631692,-0.855679648241038,-1.12702465397629
-0.677939396258344,-0.854756018864027,-1.12703333833586
-0.678116546199769,-0.853832389487017,-1.12704202269543
-0.678293696141193,-0.852908760110007,-1.127050707055
-0.678470846082617,-0.851985130732996,-1.12705939141456
-0.678647996024041,-0.851061501355986,-1.12706807577413
-0.678825145965466,-0.850137871978976,-1.1270767601337
-0.67900229590689,-0.849214242601966,-1.12708544449327
-0.679179445848314,-0.848290613224955,-1.12709412885284
-0.679356595789739,-0.847366983847945,-1.12710281321241
-0.679533745731163,-0.846443354470935,-1.12711149757198
-0.679702405777101,-0.845526777084667,-1.12712632794407
-0.67985834166318,-0.844620768810548,-1.12715036960104
-0.680014277549258,-0.84371476053643,-1.12717441125802
-0.680170213435337,-0.842808752262312,-1.12719845291499
-0.680326149321416,-0.841902743988194,-1.12722249457196
-0.680482085207495,-0.840996735714076,-1.12724653622893
-0.680638021093574,-0.840090727439957,-1.1272705778859
-0.680793956979653,-0.839184719165839,-1.12729461954288
-0.680949892865731,-0.838278710891721,-1.12731866119985
-0.68110582875181,-0.837372702617603,-1.12734270285682
-0.681261764637889,-0.836466694343485,-1.12736674451379
-0.681417700523968,-0.835560686069366,-1.12739078617077
-0.681573636410047,-0.834654677795248,-1.12741482782774
-0.681729572296126,-0.83374866952113,-1.12743886948471
-0.681885508182204,-0.832842661247012,-1.12746291114168
-0.682041444068283,-0.831936652972894,-1.12748695279865
-0.682197379954362,-0.831030644698775,-1.12751099445562
-0.682353315840441,-0.830124636424657,-1.1275350361126
-0.68250925172652,-0.829218628150539,-1.12755907776957
-0.682665187612598,-0.828312619876421,-1.12758311942654
-0.682804745128149,-0.827420473977599,-1.12761716753369
-0.682940218356036,-0.826531784950652,-1.1276537109575
-0.683075691583922,-0.825643095923705,-1.12769025438132
-0.683211164811809,-0.824754406896758,-1.12772679780513
-0.683346638039695,-0.823865717869811,-1.12776334122895
-0.683482111267582,-0.822977028842864,-1.12779988465277
-0.683617584495468,-0.822088339815917,-1.12783642807658
-0.683753057723354,-0.821199650788969,-1.1278729715004
-0.683888530951241,-0.820310961762022,-1.12790951492421
-0.684024004179127,-0.819422272735075,-1.12794605834803
-0.684159477407014,-0.818533583708128,-1.12798260177185
-0.6842949506349,-0.817644894681181,-1.12801914519566
-0.684430423862787,-0.816756205654234,-1.12805568861948
-0.684565897090673,-0.815867516627287,-1.12809223204329
-0.68470137031856,-0.81497882760034,-1.12812877546711
-0.684836843546446,-0.814090138573393,-1.12816531889093
-0.684972316774332,-0.813201449546445,-1.12820186231474
-0.685107790002219,-0.812312760519498,-1.12823840573856
-0.685243263230105,-0.811424071492551,-1.12827494916237
-0.685374778287113,-0.810538797108015,-1.12831347088693
-0.685490520280346,-0.809667129860248,-1.12835987601643
-0.685606262273578,-0.808795462612481,-1.12840628114592
-0.685722004266811,-0.807923795364714,-1.12845268627541
-0.685837746260044,-0.807052128116948,-1.1284990914049
-0.685953488253277,-0.806180460869181,-1.12854549653439
-0.68606923024651,-0.805308793621414,-1.12859190166388
-0.686184972239742,-0.804437126373648,-1.12863830679337
-0.686300714232975,-0.803565459125881,-1.12868471192286
-0.686416456226208,-0.802693791878114,-1.12873111705235
-0.686532198219441,-0.801822124630347,-1.12877752218184
-0.686647940212674,-0.800950457382581,-1.12882392731133
-0.686763682205906,-0.800078790134814,-1.12887033244082
-0.686879424199139,-0.799207122887047,-1.12891673757031
-0.686995166192372,-0.79833545563928,-1.1289631426998
-0.687110908185605,-0.797463788391514,-1.12900954782929
-0.687226650178837,-0.796592121143747,-1.12905595295878
-0.68734239217207,-0.79572045389598,-1.12910235808827
-0.687458134165303,-0.794848786648214,-1.12914876321776
-0.687573876158536,-0.793977119400447,-1.12919516834725
-0.687678190965351,-0.79311550284627,-1.12924604423667
-0.687774913190103,-0.792260564289029,-1.1292998906396
-0.687871635414854,-0.791405625731789,-1.12935373704253
-0.687968357639605,-0.790550687174549,-1.12940758344546
-0.688065079864357,-0.789695748617308,-1.12946142984839
-0.688161802089108,-0.788840810060067,-1.12951527625133
-0.688258524313859,-0.787985871502827,-1.12956912265426
-0.688355246538611,-0.787130932945587,-1.12962296905719
-0.688451968763362,-0.786275994388346,-1.12967681546012
-0.688548690988113,-0.785421055831106,-1.12973066186305
-0.688645413212865,-0.784566117273865,-1.12978450826598
-0.688742135437616,-0.783711178716625,-1.12983835466891
-0.688838857662367,-0.782856240159384,-1.12989220107184
-0.688935579887119,-0.782001301602144,-1.12994604747477
-0.68903230211187,-0.781146363044903,-1.1299998938777
-0.689129024336621,-0.780291424487663,-1.13005374028064
-0.689225746561373,-0.779436485930422,-1.13010758668357
-0.689322468786124,-0.778581547373182,-1.1301614330865
-0.689419191010875,-0.777726608815941,-1.13021527948943
-0.689515894775231,-0.77687168681702,-1.13026913118259
-0.689594288520556,-0.776033188254548,-1.13032823001472
-0.68967268226588,-0.775194689692076,-1.13038732884685
-0.689751076011205,-0.774356191129605,-1.13044642767898
-0.68982946975653,-0.773517692567133,-1.13050552651111
-0.689907863501855,-0.772679194004661,-1.13056462534324
-0.68998625724718,-0.771840695442189,-1.13062372417537
-0.690064650992505,-0.771002196879718,-1.1306828230075
-0.690143044737829,-0.770163698317246,-1.13074192183963
-0.690221438483154,-0.769325199754774,-1.13080102067176
-0.690299832228479,-0.768486701192303,-1.13086011950389
-0.690378225973804,-0.767648202629831,-1.13091921833602
-0.690456619719129,-0.766809704067359,-1.13097831716815
-0.690535013464453,-0.765971205504887,-1.13103741600028
-0.690613407209778,-0.765132706942416,-1.13109651483241
-0.690691800955103,-0.764294208379944,-1.13115561366454
-0.690770194700428,-0.763455709817472,-1.13121471249667
-0.690848588445753,-0.762617211255,-1.1312738113288
-0.690926982191078,-0.761778712692529,-1.13133291016093
-0.691005375936402,-0.760940214130057,-1.13139200899305
-0.69107668597882,-0.760108197316617,-1.13145240937419
-0.691137423815827,-0.759285854311223,-1.13151475227658
-0.691198161652834,-0.758463511305829,-1.13157709517897
-0.691258899489842,-0.757641168300435,-1.13163943808136
-0.691319637326849,-0.756818825295041,-1.13170178098375
-0.691380375163857,-0.755996482289647,-1.13176412388614
-0.691441113000864,-0.755174139284253,-1.13182646678852
-0.691501850837872,-0.754351796278859,-1.13188880969091
-0.691562588674879,-0.753529453273465,-1.1319511525933
-0.691623326511887,-0.752707110268071,-1.13201349549569
-0.691684064348894,-0.751884767262677,-1.13207583839808
-0.691744802185902,-0.751062424257283,-1.13213818130047
-0.691805540022909,-0.750240081251889,-1.13220052420286
-0.691866277859917,-0.749417738246495,-1.13226286710525
-0.691927015696924,-0.7485953952411,-1.13232521000764
-0.691987753533931,-0.747773052235706,-1.13238755291003
-0.692048491370939,-0.746950709230312,-1.13244989581242
-0.692109229207946,-0.746128366224918,-1.1325122387148
-0.692169967044954,-0.745306023219524,-1.13257458161719
-0.692230704881961,-0.74448368021413,-1.13263692451958
-0.692277817562174,-0.743674059849825,-1.13270038886361
-0.692321553919915,-0.742867592164027,-1.13276413110159
-0.692365290277657,-0.742061124478229,-1.13282787333957
-0.692409026635399,-0.741254656792431,-1.13289161557755
-0.692452762993141,-0.740448189106633,-1.13295535781552
-0.692496499350883,-0.739641721420836,-1.1330191000535
-0.692540235708625,-0.738835253735038,-1.13308284229148
-0.692583972066366,-0.73802878604924,-1.13314658452946
-0.692627708424108,-0.737222318363442,-1.13321032676743
-0.69267144478185,-0.736415850677644,-1.13327406900541
-0.692715181139592,-0.735609382991846,-1.13333781124339
-0.692758917497334,-0.734802915306048,-1.13340155348137
-0.692802653855076,-0.73399644762025,-1.13346529571934
-0.692846390212817,-0.733189979934452,-1.13352903795732
-0.692890126570559,-0.732383512248655,-1.1335927801953
-0.692933862928301,-0.731577044562857,-1.13365652243328
-0.692977599286043,-0.730770576877059,-1.13372026467125
-0.693021335643785,-0.729964109191261,-1.13378400690923
-0.693065072001527,-0.729157641505463,-1.13384774914721
-0.693105418835581,-0.728354405958818,-1.13391142746507
-0.693132343040133,-0.727563969793546,-1.13397485265706
-0.693159267244686,-0.726773533628274,-1.13403827784906
-0.693186191449238,-0.725983097463002,-1.13410170304106
-0.69321311565379,-0.725192661297731,-1.13416512823306
-0.693240039858343,-0.724402225132459,-1.13422855342506
-0.693266964062895,-0.723611788967187,-1.13429197861706
-0.693293888267447,-0.722821352801915,-1.13435540380906
-0.693320812472,-0.722030916636643,-1.13441882900106
-0.693347736676552,-0.721240480471371,-1.13448225419306
-0.693374660881105,-0.720450044306099,-1.13454567938506
-0.693401585085657,-0.719659608140828,-1.13460910457706
-0.693428509290209,-0.718869171975556,-1.13467252976906
-0.693455433494762,-0.718078735810284,-1.13473595496106
-0.693482357699314,-0.717288299645012,-1.13479938015306
-0.693509281903866,-0.71649786347974,-1.13486280534505
-0.693536206108419,-0.715707427314468,-1.13492623053705
-0.693563130312971,-0.714916991149196,-1.13498965572905
-0.693590054517523,-0.714126554983924,-1.13505308092105
-0.693616978722076,-0.713336118818652,-1.13511650611305
-0.693643902926628,-0.712545682653381,-1.13517993130505
-0.693662489525887,-0.711763371387206,-1.13524237026198
-0.693672819131716,-0.710989106464807,-1.13530383251923
-0.693683148737544,-0.710214841542409,-1.13536529477648
-0.693693478343373,-0.70944057662001,-1.13542675703372
-0.693703807949201,-0.708666311697612,-1.13548821929097
-0.69371413755503,-0.707892046775213,-1.13554968154822
-0.693724467160858,-0.707117781852815,-1.13561114380547
-0.693734796766687,-0.706343516930416,-1.13567260606271
-0.693745126372515,-0.705569252008018,-1.13573406831996
-0.693755455978344,-0.704794987085619,-1.13579553057721
-0.693765785584173,-0.704020722163221,-1.13585699283445
-0.693776115190001,-0.703246457240822,-1.1359184550917
-0.69378644479583,-0.702472192318424,-1.13597991734895
-0.693796774401658,-0.701697927396025,-1.13604137960619
-0.693807104007487,-0.700923662473627,-1.13610284186344
-0.693817433613315,-0.700149397551228,-1.13616430412069
-0.693827763219144,-0.69937513262883,-1.13622576637793
-0.693838092824972,-0.698600867706431,-1.13628722863518
-0.693848422430801,-0.697826602784033,-1.13634869089243
-0.69385875203663,-0.697052337861634,-1.13641015314968
-0.693869081642458,-0.696278072939236,-1.13647161540692
-0.69386661881667,-0.695516557925236,-1.13653028881378
-0.693861022506388,-0.694758165979741,-1.13658827909645
-0.693855426196105,-0.693999774034247,-1.13664626937912
-0.693849829885823,-0.693241382088752,-1.13670425966179
-0.69384423357554,-0.692482990143257,-1.13676224994446
-0.693838637265258,-0.691724598197762,-1.13682024022713
-0.693833040954975,-0.690966206252267,-1.1368782305098
-0.693827444644693,-0.690207814306771,-1.13693622079247
-0.69382184833441,-0.689449422361277,-1.13699421107514
-0.693816252024128,-0.688691030415782,-1.13705220135781
-0.693810655713845,-0.687932638470287,-1.13711019164048
-0.693805059403563,-0.687174246524792,-1.13716818192314
-0.69379946309328,-0.686415854579297,-1.13722617220581
-0.693793866782998,-0.685657462633802,-1.13728416248848
-0.693788270472716,-0.684899070688307,-1.13734215277115
-0.693782674162433,-0.684140678742812,-1.13740014305382
-0.69377707785215,-0.683382286797317,-1.13745813333649
-0.693771481541868,-0.682623894851822,-1.13751612361916
-0.693765885231586,-0.681865502906327,-1.13757411390183
-0.693760288921303,-0.681107110960832,-1.1376321041845
-0.693753102879769,-0.680350340266024,-1.13768959100451
-0.693732230026014,-0.679607527750434,-1.13774274325605
-0.69371135717226,-0.678864715234843,-1.13779589550759
-0.693690484318505,-0.678121902719252,-1.13784904775913
-0.693669611464751,-0.677379090203662,-1.13790220001068
-0.693648738610997,-0.676636277688071,-1.13795535226222
-0.693627865757242,-0.675893465172481,-1.13800850451376
-0.693606992903488,-0.67515065265689,-1.1380616567653
-0.693586120049733,-0.674407840141299,-1.13811480901684
-0.693565247195979,-0.673665027625709,-1.13816796126839
-0.693544374342225,-0.672922215110118,-1.13822111351993
-0.69352350148847,-0.672179402594527,-1.13827426577147
-0.693502628634716,-0.671436590078937,-1.13832741802301
-0.693481755780961,-0.670693777563346,-1.13838057027455
-0.693460882927207,-0.669950965047756,-1.1384337225261
-0.693440010073453,-0.669208152532165,-1.13848687477764
-0.693419137219698,-0.668465340016574,-1.13854002702918
-0.693398264365944,-0.667722527500984,-1.13859317928072
-0.693377391512189,-0.666979714985393,-1.13864633153226
-0.693356518658435,-0.666236902469802,-1.13869948378381
-0.693335645804681,-0.665494089954212,-1.13875263603535
-0.693308699234394,-0.66475762074312,-1.13880326656661
-0.693272825137723,-0.664030475315577,-1.13885019051654
-0.693236951041051,-0.663303329888033,-1.13889711446647
-0.69320107694438,-0.662576184460489,-1.13894403841639
-0.693165202847709,-0.661849039032946,-1.13899096236632
-0.693129328751037,-0.661121893605402,-1.13903788631625
-0.693093454654366,-0.660394748177858,-1.13908481026618
-0.693057580557695,-0.659667602750315,-1.1391317342161
-0.693021706461023,-0.658940457322771,-1.13917865816603
-0.692985832364352,-0.658213311895228,-1.13922558211596
-0.692949958267681,-0.657486166467684,-1.13927250606589
-0.692914084171009,-0.65675902104014,-1.13931943001582
-0.692878210074338,-0.656031875612597,-1.13936635396574
-0.692842335977667,-0.655304730185053,-1.13941327791567
-0.692806461880995,-0.654577584757509,-1.1394602018656
-0.692770587784324,-0.653850439329966,-1.13950712581553
-0.692734713687652,-0.653123293902422,-1.13955404976546
-0.692698839590981,-0.652396148474878,-1.13960097371538
-0.69266296549431,-0.651669003047335,-1.13964789766531
-0.692627091397638,-0.650941857619791,-1.13969482161524
-0.692591217300967,-0.650214712192248,-1.13974174556517
-0.692555343204296,-0.649487566764704,-1.13978866951509
-0.692509570046222,-0.648771017528315,-1.1398305260056
-0.692458991193655,-0.648059612421801,-1.13986992239803
-0.692408412341087,-0.647348207315286,-1.13990931879046
-0.69235783348852,-0.646636802208772,-1.13994871518289
-0.692307254635953,-0.645925397102257,-1.13998811157532
-0.692256675783386,-0.645213991995742,-1.14002750796775
-0.692206096930818,-0.644502586889228,-1.14006690436018
-0.692155518078251,-0.643791181782713,-1.14010630075262
-0.692104939225684,-0.643079776676198,-1.14014569714505
-0.692054360373117,-0.642368371569684,-1.14018509353748
-0.69200378152055,-0.641656966463169,-1.14022448992991
-0.691953202667982,-0.640945561356654,-1.14026388632234
-0.691902623815415,-0.64023415625014,-1.14030328271477
-0.691852044962848,-0.639522751143625,-1.1403426791072
-0.691801466110281,-0.63881134603711,-1.14038207549963
-0.691750887257713,-0.638099940930596,-1.14042147189207
-0.691700308405146,-0.637388535824081,-1.1404608682845
-0.691649729552579,-0.636677130717566,-1.14050026467693
-0.691599150700012,-0.635965725611052,-1.14053966106936
-0.691548571847445,-0.635254320504537,-1.14057905746179
-0.691497992994877,-0.634542915398022,-1.14061845385422
-0.69144741414231,-0.633831510291508,-1.14065785024665
-0.691383604339811,-0.63313463486157,-1.14068918716731
-0.691318972353005,-0.632438662320097,-1.14072002326443
-0.691254340366199,-0.631742689778623,-1.14075085936155
-0.691189708379393,-0.631046717237149,-1.14078169545867
-0.691125076392587,-0.630350744695676,-1.14081253155578
-0.691060444405782,-0.629654772154202,-1.1408433676529
-0.690995812418976,-0.628958799612728,-1.14087420375002
-0.69093118043217,-0.628262827071255,-1.14090503984714
-0.690866548445364,-0.627566854529781,-1.14093587594425
-0.690801916458559,-0.626870881988308,-1.14096671204137
-0.690737284471753,-0.626174909446834,-1.14099754813849
-0.690672652484947,-0.62547893690536,-1.14102838423561
-0.690608020498141,-0.624782964363886,-1.14105922033273
-0.690543388511335,-0.624086991822413,-1.14109005642984
-0.69047875652453,-0.623391019280939,-1.14112089252696
-0.690414124537724,-0.622695046739466,-1.14115172862408
-0.690349492550918,-0.621999074197992,-1.1411825647212
-0.690284860564112,-0.621303101656518,-1.14121340081832
-0.690220228577307,-0.620607129115045,-1.14124423691543
-0.690155596590501,-0.619911156573571,-1.14127507301255
-0.690090964603695,-0.619215184032097,-1.14130590910967
-0.69002351675061,-0.618522385785525,-1.14133475762744
-0.689945463186956,-0.617841543239137,-1.14135612010393
-0.689867409623301,-0.617160700692748,-1.14137748258041
-0.689789356059646,-0.61647985814636,-1.14139884505689
-0.689711302495992,-0.615799015599971,-1.14142020753338
-0.689633248932337,-0.615118173053583,-1.14144157000986
-0.689555195368682,-0.614437330507194,-1.14146293248634
-0.689477141805028,-0.613756487960806,-1.14148429496282
-0.689399088241373,-0.613075645414418,-1.14150565743931
-0.689321034677719,-0.612394802868029,-1.14152701991579
-0.689242981114064,-0.61171396032164,-1.14154838239227
-0.689164927550409,-0.611033117775252,-1.14156974486876
-0.689086873986755,-0.610352275228864,-1.14159110734524
-0.6890088204231,-0.609671432682475,-1.14161246982172
-0.688930766859445,-0.608990590136087,-1.1416338322982
-0.688852713295791,-0.608309747589698,-1.14165519477469
-0.688774659732136,-0.60762890504331,-1.14167655725117
-0.688696606168482,-0.606948062496921,-1.14169791972765
-0.688618552604827,-0.606267219950533,-1.14171928220413
-0.688540499041172,-0.605586377404144,-1.14174064468062
-0.688462445477518,-0.604905534857756,-1.1417620071571
-0.688384391913863,-0.604224692311367,-1.14178336963358
-0.688300055421363,-0.603551128165877,-1.14179968735865
-0.688208860632604,-0.602885508950349,-1.1418104983526
-0.688117665843847,-0.602219889734821,-1.14182130934656
-0.688026471055089,-0.601554270519294,-1.14183212034051
-0.687935276266331,-0.600888651303766,-1.14184293133446
-0.687844081477573,-0.600223032088238,-1.14185374232842
-0.687752886688815,-0.59955741287271,-1.14186455332237
-0.687661691900057,-0.598891793657182,-1.14187536431633
-0.687570497111299,-0.598226174441654,-1.14188617531028
-0.687479302322541,-0.597560555226126,-1.14189698630423
-0.687388107533783,-0.596894936010599,-1.14190779729819
-0.687296912745025,-0.596229316795071,-1.14191860829214
-0.687205717956267,-0.595563697579543,-1.14192941928609
-0.687114523167509,-0.594898078364015,-1.14194023028005
-0.687023328378751,-0.594232459148487,-1.141951041274
-0.686932133589993,-0.593566839932959,-1.14196185226795
-0.686840938801235,-0.592901220717432,-1.14197266326191
-0.686749744012477,-0.592235601501904,-1.14198347425586
-0.686658549223719,-0.591569982286376,-1.14199428524982
-0.686567354434961,-0.590904363070848,-1.14200509624377
-0.686476159646203,-0.59023874385532,-1.14201590723772
-0.686384964857445,-0.589573124639792,-1.14202671823168
-0.686293770068687,-0.588907505424265,-1.14203752922563
-0.686195054943203,-0.588250848511449,-1.14204158169442
-0.686091021174121,-0.587600530050711,-1.14204085429923
-0.685986987405039,-0.586950211589973,-1.14204012690404
-0.685882953635957,-0.586299893129235,-1.14203939950886
-0.685778919866875,-0.585649574668497,-1.14203867211367
-0.685674886097793,-0.584999256207759,-1.14203794471848
-0.685570852328711,-0.584348937747021,-1.1420372173233
-0.685466818559629,-0.583698619286284,-1.14203648992811
-0.685362784790547,-0.583048300825546,-1.14203576253292
-0.685258751021465,-0.582397982364808,-1.14203503513774
-0.685154717252383,-0.58174766390407,-1.14203430774255
-0.685050683483301,-0.581097345443332,-1.14203358034736
-0.684946649714219,-0.580447026982594,-1.14203285295218
-0.684842615945137,-0.579796708521856,-1.14203212555699
-0.684738582176055,-0.579146390061118,-1.1420313981618
-0.684634548406973,-0.57849607160038,-1.14203067076662
-0.684530514637891,-0.577845753139643,-1.14202994337143
-0.684426480868809,-0.577195434678905,-1.14202921597624
-0.684322447099727,-0.576545116218167,-1.14202848858106
-0.684218413330645,-0.575894797757429,-1.14202776118587
-0.684114379561563,-0.575244479296691,-1.14202703379068
-0.684010345792481,-0.574594160835953,-1.1420263063955
-0.683906312023399,-0.573943842375215,-1.14202557900031
-0.683793815372819,-0.573303912434274,-1.14201642511036
-0.683677576288809,-0.572668576477523,-1.14200354487783
-0.683561337204798,-0.572033240520771,-1.1419906646453
-0.683445098120787,-0.57139790456402,-1.14197778441276
-0.683328859036776,-0.570762568607268,-1.14196490418023
-0.683212619952765,-0.570127232650516,-1.1419520239477
-0.683096380868754,-0.569491896693765,-1.14193914371517
-0.682980141784744,-0.568856560737013,-1.14192626348263
-0.682863902700733,-0.568221224780261,-1.1419133832501
-0.682747663616722,-0.56758588882351,-1.14190050301757
-0.682631424532711,-0.566950552866758,-1.14188762278504
-0.6825151854487,-0.566315216910007,-1.1418747425525
-0.682398946364689,-0.565679880953255,-1.14186186231997
-0.682282707280679,-0.565044544996503,-1.14184898208744
-0.682166468196668,-0.564409209039752,-1.14183610185491
-0.682050229112657,-0.563773873083,-1.14182322162237
-0.681933990028646,-0.563138537126248,-1.14181034138984
-0.681817750944635,-0.562503201169497,-1.14179746115731
-0.681701511860624,-0.561867865212745,-1.14178458092478
-0.681585272776614,-0.561232529255994,-1.14177170069224
-0.681469033692603,-0.560597193299242,-1.14175882045971
-0.681352794608592,-0.55996185734249,-1.14174594022718
-0.681236555524581,-0.559326521385739,-1.14173305999465
-0.68111103067242,-0.558702936246199,-1.1417100308685
-0.68098319902775,-0.558082270272493,-1.14168448053018
-0.68085536738308,-0.557461604298786,-1.14165893019186
-0.68072753573841,-0.55684093832508,-1.14163337985354
-0.68059970409374,-0.556220272351374,-1.14160782951521
-0.68047187244907,-0.555599606377668,-1.14158227917689
-0.6803440408044,-0.554978940403962,-1.14155672883857
-0.68021620915973,-0.554358274430255,-1.14153117850025
-0.680088377515059,-0.553737608456549,-1.14150562816192
-0.679960545870389,-0.553116942482843,-1.1414800778236
-0.679832714225719,-0.552496276509137,-1.14145452748528
-0.679704882581049,-0.551875610535431,-1.14142897714696
-0.679577050936379,-0.551254944561724,-1.14140342680864
-0.679449219291709,-0.550634278588018,-1.14137787647031
-0.679321387647039,-0.550013612614312,-1.14135232613199
-0.679193556002369,-0.549392946640606,-1.14132677579367
-0.679065724357699,-0.5487722806669,-1.14130122545535
-0.678937892713029,-0.548151614693193,-1.14127567511702
-0.678810061068358,-0.547530948719487,-1.1412501247787
-0.678682229423688,-0.546910282745781,-1.14122457444038
-0.678554397779018,-0.546289616772075,-1.14119902410206
-0.678426566134348,-0.545668950798369,-1.14117347376373
-0.678298734489678,-0.545048284824662,-1.14114792342541
-0.678160633632715,-0.544441034937068,-1.14111013800068
-0.678021500313282,-0.543835133897368,-1.14107112246528
-0.67788236699385,-0.543229232857669,-1.14103210692989
-0.677743233674417,-0.54262333181797,-1.14099309139449
-0.677604100354985,-0.54201743077827,-1.1409540758591
-0.677464967035552,-0.541411529738571,-1.1409150603237
-0.67732583371612,-0.540805628698871,-1.14087604478831
-0.677186700396688,-0.540199727659172,-1.14083702925291
-0.677047567077255,-0.539593826619473,-1.14079801371752
-0.676908433757823,-0.538987925579773,-1.14075899818212
-0.67676930043839,-0.538382024540074,-1.14071998264673
-0.676630167118958,-0.537776123500375,-1.14068096711133
-0.676491033799526,-0.537170222460675,-1.14064195157594
-0.676351900480093,-0.536564321420976,-1.14060293604054
-0.676212767160661,-0.535958420381277,-1.14056392050515
-0.676073633841228,-0.535352519341577,-1.14052490496975
-0.675934500521796,-0.534746618301878,-1.14048588943436
-0.675795367202364,-0.534140717262178,-1.14044687389896
-0.675656233882931,-0.533534816222479,-1.14040785836357
-0.675517100563499,-0.53292891518278,-1.14036884282817
-0.675377967244066,-0.53232301414308,-1.14032982729278
-0.675238833924634,-0.531717113103381,-1.14029081175738
-0.675099700605201,-0.531111212063682,-1.14025179622199
-0.674960567285769,-0.530505311023982,-1.14021278068659
-0.674813556685038,-0.52991004985972,-1.14016360860312
-0.674663434652009,-0.52931899131954,-1.14011042480411
-0.67451331261898,-0.528727932779358,-1.14005724100511
-0.674363190585951,-0.528136874239178,-1.14000405720611
-0.674213068552922,-0.527545815698997,-1.1399508734071
-0.674062946519893,-0.526954757158816,-1.1398976896081
-0.673912824486864,-0.526363698618635,-1.13984450580909
-0.673762702453835,-0.525772640078454,-1.13979132201009
-0.673612580420806,-0.525181581538273,-1.13973813821109
-0.673462458387777,-0.524590522998092,-1.13968495441208
-0.673312336354748,-0.523999464457911,-1.13963177061308
-0.673162214321719,-0.52340840591773,-1.13957858681408
-0.67301209228869,-0.522817347377549,-1.13952540301507
-0.672861970255661,-0.522226288837368,-1.13947221921607
-0.672711848222632,-0.521635230297187,-1.13941903541706
-0.672561726189603,-0.521044171757006,-1.13936585161806
-0.672411604156574,-0.520453113216825,-1.13931266781906
-0.672261482123545,-0.519862054676644,-1.13925948402005
-0.672111360090516,-0.519270996136463,-1.13920630022105
-0.671961238057487,-0.518679937596282,-1.13915311642204
-0.671811116024458,-0.518088879056101,-1.13909993262304
-0.671660993991429,-0.51749782051592,-1.13904674882404
-0.6715108719584,-0.516906761975739,-1.13899356502503
-0.671360749925371,-0.516315703435558,-1.13894038122603
-0.671205180459878,-0.515732265056273,-1.13887962732745
-0.671044683527332,-0.515155719482357,-1.1388120259064
-0.670884186594787,-0.514579173908441,-1.13874442448534
-0.670723689662242,-0.514002628334526,-1.13867682306429
-0.670563192729697,-0.51342608276061,-1.13860922164323
-0.670402695797151,-0.512849537186694,-1.13854162022218
-0.670242198864606,-0.512272991612779,-1.13847401880112
-0.670081701932061,-0.511696446038863,-1.13840641738007
-0.669921204999515,-0.511119900464947,-1.13833881595901
-0.66976070806697,-0.510543354891032,-1.13827121453796
-0.669600211134425,-0.509966809317116,-1.1382036131169
-0.66943971420188,-0.5093902637432,-1.13813601169585
-0.669279217269334,-0.508813718169284,-1.1380684102748
-0.669118720336789,-0.508237172595369,-1.13800080885374
-0.668958223404244,-0.507660627021453,-1.13793320743269
-0.668797726471698,-0.507084081447537,-1.13786560601163
-0.668637229539153,-0.506507535873622,-1.13779800459058
-0.668476732606608,-0.505930990299706,-1.13773040316952
-0.668316235674063,-0.50535444472579,-1.13766280174847
-0.668155738741517,-0.504777899151875,-1.13759520032741
-0.667995241808972,-0.504201353577959,-1.13752759890636
-0.667834744876427,-0.503624808004043,-1.1374599974853
-0.667674247943881,-0.503048262430127,-1.13739239606425
-0.667513751011336,-0.502471716856212,-1.13732479464319
-0.667349993770485,-0.501899900251999,-1.13725233054445
-0.667179713926173,-0.501337544469049,-1.13717013812698
-0.667009434081861,-0.500775188686099,-1.13708794570952
-0.666839154237549,-0.500212832903149,-1.13700575329205
-0.666668874393237,-0.499650477120199,-1.13692356087459
-0.666498594548925,-0.499088121337249,-1.13684136845712
-0.666328314704613,-0.498525765554299,-1.13675917603966
-0.666158034860301,-0.497963409771349,-1.13667698362219
-0.665987755015989,-0.4974010539884,-1.13659479120473
-0.665817475171677,-0.49683869820545,-1.13651259878726
-0.665647195327365,-0.4962763424225,-1.1364304063698
-0.665476915483053,-0.49571398663955,-1.13634821395233
-0.665306635638741,-0.4951516308566,-1.13626602153486
-0.665136355794429,-0.49458927507365,-1.1361838291174
-0.664966075950117,-0.4940269192907,-1.13610163669993
-0.664795796105805,-0.49346456350775,-1.13601944428247
-0.664625516261493,-0.4929022077248,-1.135937251865
-0.664455236417181,-0.49233985194185,-1.13585505944754
-0.664284956572869,-0.491777496158901,-1.13577286703007
-0.664114676728557,-0.491215140375951,-1.13569067461261
-0.663944396884245,-0.490652784593001,-1.13560848219514
-0.663774117039933,-0.490090428810051,-1.13552628977768
-0.663603837195621,-0.489528073027101,-1.13544409736021
-0.663433557351309,-0.488965717244151,-1.13536190494274
-0.663261953920992,-0.48840535538846,-1.13527760134286
-0.66308231829068,-0.487857093707947,-1.13518048600324
-0.662902682660367,-0.487308832027433,-1.13508337066362
-0.662723047030055,-0.48676057034692,-1.134986255324
-0.662543411399742,-0.486212308666406,-1.13488913998438
-0.66236377576943,-0.485664046985893,-1.13479202464476
-0.662184140139118,-0.485115785305379,-1.13469490930514
-0.662004504508805,-0.484567523624866,-1.13459779396552
-0.661824868878493,-0.484019261944352,-1.1345006786259
-0.66164523324818,-0.483471000263839,-1.13440356328628
-0.661465597617868,-0.482922738583325,-1.13430644794666
-0.661285961987555,-0.482374476902812,-1.13420933260703
-0.661106326357243,-0.481826215222298,-1.13411221726741
-0.66092669072693,-0.481277953541785,-1.13401510192779
-0.660747055096618,-0.480729691861271,-1.13391798658817
-0.660567419466306,-0.480181430180758,-1.13382087124855
-0.660387783835993,-0.479633168500244,-1.13372375590893
-0.660208148205681,-0.479084906819731,-1.13362664056931
-0.660028512575368,-0.478536645139217,-1.13352952522969
-0.659848876945056,-0.477988383458704,-1.13343240989007
-0.659669241314743,-0.47744012177819,-1.13333529455045
-0.659489605684431,-0.476891860097677,-1.13323817921083
-0.659309970054118,-0.476343598417163,-1.13314106387121
-0.659130334423806,-0.47579533673665,-1.13304394853159
-0.658950698793493,-0.475247075056136,-1.13294683319197
-0.658769576988097,-0.47470114255168,-1.13284719345906
-0.658581013904333,-0.474166872231306,-1.13273491408942
-0.65839245082057,-0.473632601910932,-1.13262263471978
-0.658203887736806,-0.473098331590558,-1.13251035535015
-0.658015324653043,-0.472564061270184,-1.13239807598051
-0.657826761569279,-0.47202979094981,-1.13228579661087
-0.657638198485516,-0.471495520629436,-1.13217351724124
-0.657449635401752,-0.470961250309062,-1.1320612378716
-0.657261072317989,-0.470426979988688,-1.13194895850196
-0.657072509234225,-0.469892709668314,-1.13183667913233
-0.656883946150462,-0.469358439347939,-1.13172439976269
-0.656695383066698,-0.468824169027565,-1.13161212039305
-0.656506819982935,-0.468289898707191,-1.13149984102342
-0.656318256899171,-0.467755628386817,-1.13138756165378
-0.656129693815408,-0.467221358066443,-1.13127528228414
-0.655941130731645,-0.466687087746069,-1.13116300291451
-0.655752567647881,-0.466152817425695,-1.13105072354487
-0.655564004564117,-0.465618547105321,-1.13093844417523
-0.655375441480354,-0.465084276784947,-1.1308261648056
-0.65518687839659,-0.464550006464573,-1.13071388543596
-0.654998315312827,-0.464015736144199,-1.13060160606632
-0.654809752229063,-0.463481465823825,-1.13048932669669
-0.6546211891453,-0.462947195503451,-1.13037704732705
-0.654432626061537,-0.462412925183077,-1.13026476795742
-0.654244062977773,-0.461878654862702,-1.13015248858778
-0.654053898063458,-0.461347001450658,-1.13003731701706
-0.653856969125924,-0.460826398413878,-1.12990993259698
-0.653660040188391,-0.460305795377098,-1.1297825481769
-0.653463111250857,-0.459785192340318,-1.12965516375682
-0.653266182313323,-0.459264589303538,-1.12952777933673
-0.653069253375789,-0.458743986266758,-1.12940039491665
-0.652872324438256,-0.458223383229978,-1.12927301049657
-0.652675395500722,-0.457702780193198,-1.12914562607649
-0.652478466563188,-0.457182177156418,-1.1290182416564
-0.652281537625654,-0.456661574119638,-1.12889085723632
-0.652084608688121,-0.456140971082858,-1.12876347281624
-0.651887679750587,-0.455620368046078,-1.12863608839616
-0.651690750813053,-0.455099765009298,-1.12850870397607
-0.651493821875519,-0.454579161972518,-1.12838131955599
-0.651296892937986,-0.454058558935738,-1.12825393513591
-0.651099964000452,-0.453537955898958,-1.12812655071583
-0.650903035062918,-0.453017352862178,-1.12799916629574
-0.650706106125384,-0.452496749825398,-1.12787178187566
-0.650509177187851,-0.451976146788618,-1.12774439745558
-0.650312248250317,-0.451455543751838,-1.1276170130355
-0.650115319312783,-0.450934940715058,-1.12748962861541
-0.649918390375249,-0.450414337678278,-1.12736224419533
-0.649721461437716,-0.449893734641498,-1.12723485977525
-0.649524532500182,-0.449373131604718,-1.12710747535517
-0.649327603562648,-0.448852528567939,-1.12698009093508
-0.649128980650502,-0.448334815385377,-1.12684946075181
-0.648924226354218,-0.447827562103566,-1.12670708244625
-0.648719472057934,-0.447320308821755,-1.12656470414068
-0.64851471776165,-0.446813055539944,-1.12642232583512
-0.648309963465366,-0.446305802258133,-1.12627994752955
-0.648105209169082,-0.445798548976322,-1.12613756922398
-0.647900454872798,-0.445291295694511,-1.12599519091842
-0.647695700576514,-0.4447840424127,-1.12585281261285
-0.64749094628023,-0.444276789130889,-1.12571043430728
-0.647286191983946,-0.443769535849078,-1.12556805600172
-0.647081437687662,-0.443262282567266,-1.12542567769615
-0.646876683391378,-0.442755029285455,-1.12528329939059
-0.646671929095094,-0.442247776003644,-1.12514092108502
-0.64646717479881,-0.441740522721833,-1.12499854277945
-0.646262420502526,-0.441233269440022,-1.12485616447389
-0.646057666206242,-0.440726016158211,-1.12471378616832
-0.645852911909958,-0.4402187628764,-1.12457140786275
-0.645648157613674,-0.439711509594589,-1.12442902955719
-0.645443403317389,-0.439204256312778,-1.12428665125162
-0.645238649021106,-0.438697003030967,-1.12414427294606
-0.645033894724822,-0.438189749749156,-1.12400189464049
-0.644829140428537,-0.437682496467344,-1.12385951633492
-0.644624386132253,-0.437175243185533,-1.12371713802936
-0.644419631835969,-0.436667989903722,-1.12357475972379
-0.644214877539685,-0.436160736621911,-1.12343238141823
-0.644008359050521,-0.435656631841748,-1.12328642278882
-0.643796298774403,-0.435162417321067,-1.12312921743453
-0.643584238498284,-0.434668202800386,-1.12297201208024
-0.643372178222165,-0.434173988279705,-1.12281480672596
-0.643160117946046,-0.433679773759024,-1.12265760137167
-0.642948057669927,-0.433185559238343,-1.12250039601738
-0.642735997393808,-0.432691344717663,-1.1223431906631
-0.64252393711769,-0.432197130196982,-1.12218598530881
-0.642311876841571,-0.431702915676301,-1.12202877995452
-0.642099816565452,-0.43120870115562,-1.12187157460023
-0.641887756289333,-0.430714486634939,-1.12171436924595
-0.641675696013214,-0.430220272114258,-1.12155716389166
-0.641463635737096,-0.429726057593578,-1.12139995853737
-0.641251575460977,-0.429231843072897,-1.12124275318309
-0.641039515184858,-0.428737628552216,-1.1210855478288
-0.640827454908739,-0.428243414031535,-1.12092834247451
-0.64061539463262,-0.427749199510854,-1.12077113712023
-0.640403334356501,-0.427254984990173,-1.12061393176594
-0.640191274080382,-0.426760770469492,-1.12045672641165
-0.639979213804263,-0.426266555948811,-1.12029952105736
-0.639767153528145,-0.425772341428131,-1.12014231570308
-0.639555093252026,-0.42527812690745,-1.11998511034879
-0.639343032975907,-0.424783912386769,-1.1198279049945
-0.639130972699788,-0.424289697866088,-1.11967069964022
-0.638918912423669,-0.423795483345407,-1.11951349428593
-0.63870503798291,-0.423304662176151,-1.11935239911572
-0.638486169631086,-0.422823181997702,-1.11918059632046
-0.638267301279262,-0.422341701819254,-1.1190087935252
-0.638048432927438,-0.421860221640805,-1.11883699072994
-0.637829564575614,-0.421378741462356,-1.11866518793469
-0.63761069622379,-0.420897261283907,-1.11849338513943
-0.637391827871966,-0.420415781105458,-1.11832158234417
-0.637172959520142,-0.419934300927009,-1.11814977954891
-0.636954091168318,-0.41945282074856,-1.11797797675365
-0.636735222816494,-0.418971340570111,-1.11780617395839
-0.636516354464669,-0.418489860391662,-1.11763437116313
-0.636297486112845,-0.418008380213213,-1.11746256836787
-0.636078617761021,-0.417526900034764,-1.11729076557261
-0.635859749409197,-0.417045419856315,-1.11711896277735
-0.635640881057373,-0.416563939677867,-1.11694715998209
-0.635422012705549,-0.416082459499418,-1.11677535718683
-0.635203144353725,-0.415600979320969,-1.11660355439157
-0.634984276001901,-0.41511949914252,-1.11643175159631
-0.634765407650077,-0.414638018964071,-1.11625994880105
-0.634546539298253,-0.414156538785622,-1.11608814600579
-0.634327670946429,-0.413675058607173,-1.11591634321053
-0.634108802594605,-0.413193578428724,-1.11574454041528
-0.633889934242781,-0.412712098250275,-1.11557273762002
-0.633671065890957,-0.412230618071826,-1.11540093482476
-0.633452197539133,-0.411749137893377,-1.1152291320295
-0.633231484314705,-0.411271282516365,-1.11505315232589
-0.633006286470753,-0.410802238509453,-1.1148670191598
-0.632781088626801,-0.41033319450254,-1.11468088599372
-0.632555890782848,-0.409864150495628,-1.11449475282763
-0.632330692938896,-0.409395106488715,-1.11430861966155
-0.632105495094944,-0.408926062481803,-1.11412248649546
-0.631880297250992,-0.40845701847489,-1.11393635332938
-0.631655099407039,-0.407987974467978,-1.11375022016329
-0.631429901563087,-0.407518930461065,-1.11356408699721
-0.631204703719135,-0.407049886454153,-1.11337795383112
-0.630979505875182,-0.40658084244724,-1.11319182066504
-0.63075430803123,-0.406111798440328,-1.11300568749895
-0.630529110187278,-0.405642754433415,-1.11281955433287
-0.630303912343326,-0.405173710426503,-1.11263342116678
-0.630078714499373,-0.40470466641959,-1.1124472880007
-0.629853516655421,-0.404235622412678,-1.11226115483461
-0.629628318811469,-0.403766578405765,-1.11207502166853
-0.629403120967516,-0.403297534398853,-1.11188888850244
-0.629177923123564,-0.40282849039194,-1.11170275533636
-0.628952725279612,-0.402359446385028,-1.11151662217028
-0.62872752743566,-0.401890402378115,-1.11133048900419
-0.628502329591707,-0.401421358371203,-1.11114435583811
-0.628277131747755,-0.40095231436429,-1.11095822267202
-0.628051933903803,-0.400483270357378,-1.11077208950594
-0.627826736059851,-0.400014226350465,-1.11058595633985
-0.627599680711556,-0.39954902562099,-1.11039538206694
-0.627368613464695,-0.39909212572769,-1.11019521574639
-0.627137546217833,-0.398635225834391,-1.10999504942584
-0.626906478970972,-0.398178325941091,-1.10979488310529
-0.62667541172411,-0.397721426047792,-1.10959471678475
-0.626444344477249,-0.397264526154492,-1.1093945504642
-0.626213277230388,-0.396807626261192,-1.10919438414365
-0.625982209983526,-0.396350726367893,-1.10899421782311
-0.625751142736665,-0.395893826474593,-1.10879405150256
-0.625520075489804,-0.395436926581294,-1.10859388518201
-0.625289008242942,-0.394980026687994,-1.10839371886146
-0.625057940996081,-0.394523126794695,-1.10819355254092
-0.624826873749219,-0.394066226901395,-1.10799338622037
-0.624595806502358,-0.393609327008096,-1.10779321989982
-0.624364739255497,-0.393152427114796,-1.10759305357927
-0.624133672008635,-0.392695527221496,-1.10739288725873
-0.623902604761774,-0.392238627328197,-1.10719272093818
-0.623671537514912,-0.391781727434897,-1.10699255461763
-0.623440470268051,-0.391324827541598,-1.10679238829709
-0.62320940302119,-0.390867927648298,-1.10659222197654
-0.622978335774328,-0.390411027754999,-1.10639205565599
-0.622747268527467,-0.389954127861699,-1.10619188933544
-0.622516201280606,-0.389497227968399,-1.1059917230149
-0.622285134033744,-0.3890403280751,-1.10579155669435
-0.622054066786883,-0.3885834281818,-1.1055913903738
-0.621821146089148,-0.388130577522365,-1.10538654478312
-0.621584651022701,-0.387685535785753,-1.10517267524852
-0.621348155956254,-0.38724049404914,-1.10495880571391
-0.621111660889807,-0.386795452312528,-1.10474493617931
-0.62087516582336,-0.386350410575916,-1.1045310666447
-0.620638670756913,-0.385905368839303,-1.10431719711009
-0.620402175690466,-0.385460327102691,-1.10410332757549
-0.620165680624019,-0.385015285366079,-1.10388945804088
-0.619929185557572,-0.384570243629466,-1.10367558850628
-0.619692690491125,-0.384125201892854,-1.10346171897167
-0.619456195424679,-0.383680160156242,-1.10324784943707
-0.619219700358232,-0.383235118419629,-1.10303397990246
-0.618983205291785,-0.382790076683017,-1.10282011036786
-0.618746710225338,-0.382345034946404,-1.10260624083325
-0.618510215158891,-0.381899993209792,-1.10239237129864
-0.618273720092444,-0.38145495147318,-1.10217850176404
-0.618037225025997,-0.381009909736567,-1.10196463222943
-0.61780072995955,-0.380564867999955,-1.10175076269483
-0.617564234893103,-0.380119826263343,-1.10153689316022
-0.617327739826656,-0.37967478452673,-1.10132302362562
-0.617091244760209,-0.379229742790118,-1.10110915409101
-0.616854749693763,-0.378784701053505,-1.10089528455641
-0.616618254627316,-0.378339659316893,-1.1006814150218
-0.616381759560869,-0.377894617580281,-1.10046754548719
-0.616145264494422,-0.377449575843668,-1.10025367595259
-0.615906935210287,-0.377008777249846,-1.10003491934781
-0.61566543508093,-0.376575313853552,-1.0998077143766
-0.615423934951572,-0.376141850457259,-1.09958050940538
-0.615182434822214,-0.375708387060965,-1.09935330443417
-0.614940934692856,-0.375274923664671,-1.09912609946296
-0.614699434563498,-0.374841460268378,-1.09889889449175
-0.61445793443414,-0.374407996872084,-1.09867168952054
-0.614216434304783,-0.37397453347579,-1.09844448454933
-0.613974934175425,-0.373541070079496,-1.09821727957812
-0.613733434046067,-0.373107606683203,-1.09799007460691
-0.613491933916709,-0.372674143286909,-1.0977628696357
-0.613250433787351,-0.372240679890615,-1.09753566466449
-0.613008933657993,-0.371807216494322,-1.09730845969328
-0.612767433528635,-0.371373753098028,-1.09708125472207
-0.612525933399278,-0.370940289701734,-1.09685404975086
-0.61228443326992,-0.370506826305441,-1.09662684477965
-0.612042933140562,-0.370073362909147,-1.09639963980844
-0.611801433011204,-0.369639899512853,-1.09617243483723
-0.611559932881846,-0.369206436116559,-1.09594522986602
-0.611318432752488,-0.368772972720266,-1.09571802489481
-0.61107693262313,-0.368339509323972,-1.0954908199236
-0.610835432493773,-0.367906045927678,-1.09526361495239
-0.610593932364415,-0.367472582531384,-1.09503640998118
-0.610352432235057,-0.367039119135091,-1.09480920500997
-0.610110932105699,-0.366605655738797,-1.09458200003876
-0.609867631510676,-0.366176617683952,-1.09434972640165
-0.60962153216713,-0.36575445863718,-1.09410957373553
-0.609375432823584,-0.365332299590408,-1.09386942106941
-0.609129333480037,-0.364910140543636,-1.09362926840329
-0.608883234136491,-0.364487981496863,-1.09338911573717
-0.608637134792945,-0.364065822450091,-1.09314896307105
-0.608391035449398,-0.363643663403319,-1.09290881040493
-0.608144936105852,-0.363221504356547,-1.09266865773881
-0.607898836762306,-0.362799345309775,-1.09242850507269
-0.607652737418759,-0.362377186263003,-1.09218835240657
-0.607406638075213,-0.361955027216231,-1.09194819974045
-0.607160538731667,-0.361532868169459,-1.09170804707433
-0.60691443938812,-0.361110709122687,-1.09146789440821
-0.606668340044574,-0.360688550075915,-1.09122774174209
-0.606422240701028,-0.360266391029143,-1.09098758907597
-0.606176141357481,-0.359844231982371,-1.09074743640985
-0.605930042013935,-0.359422072935599,-1.09050728374373
-0.605683942670389,-0.358999913888826,-1.09026713107761
-0.605437843326842,-0.358577754842054,-1.09002697841149
-0.605191743983296,-0.358155595795282,-1.08978682574537
-0.60494564463975,-0.35773343674851,-1.08954667307925
-0.604699545296203,-0.357311277701738,-1.08930652041313
-0.604453445952657,-0.356889118654966,-1.08906636774701
-0.604207346609111,-0.356466959608194,-1.08882621508089
-0.603961247265564,-0.356044800561422,-1.08858606241477
-0.6037133947652,-0.355627237727284,-1.08834068507128
-0.603463085883182,-0.355216114734852,-1.08808798733208
-0.603212777001163,-0.35480499174242,-1.08783528959287
-0.602962468119144,-0.354393868749988,-1.08758259185367
-0.602712159237126,-0.353982745757556,-1.08732989411446
-0.602461850355107,-0.353571622765124,-1.08707719637526
-0.602211541473089,-0.353160499772692,-1.08682449863606
-0.60196123259107,-0.35274937678026,-1.08657180089685
-0.601710923709051,-0.352338253787829,-1.08631910315765
-0.601460614827033,-0.351927130795397,-1.08606640541844
-0.601210305945014,-0.351516007802965,-1.08581370767924
-0.600959997062996,-0.351104884810533,-1.08556100994003
-0.600709688180977,-0.350693761818101,-1.08530831220083
-0.600459379298958,-0.350282638825669,-1.08505561446163
-0.60020907041694,-0.349871515833237,-1.08480291672242
-0.599958761534921,-0.349460392840805,-1.08455021898322
-0.599708452652903,-0.349049269848373,-1.08429752124401
-0.599458143770884,-0.348638146855942,-1.08404482350481
-0.599207834888866,-0.34822702386351,-1.0837921257656
-0.598957526006847,-0.347815900871078,-1.0835394280264
-0.598707217124828,-0.347404777878646,-1.08328673028719
-0.59845690824281,-0.346993654886214,-1.08303403254799
-0.598206599360791,-0.346582531893782,-1.08278133480879
-0.597956290478773,-0.34617140890135,-1.08252863706958
-0.597705981596754,-0.345760285908918,-1.08227593933038
-0.597453979205537,-0.345353919095349,-1.08201788844347
-0.597199834276256,-0.344953569547147,-1.08175306503785
-0.596945689346976,-0.344553219998946,-1.08148824163224
-0.596691544417695,-0.344152870450744,-1.08122341822663
-0.596437399488415,-0.343752520902542,-1.08095859482101
-0.596183254559134,-0.34335217135434,-1.0806937714154
-0.595929109629854,-0.342951821806139,-1.08042894800979
-0.595674964700573,-0.342551472257937,-1.08016412460417
-0.595420819771292,-0.342151122709735,-1.07989930119856
-0.595166674842012,-0.341750773161533,-1.07963447779295
-0.594912529912731,-0.341350423613332,-1.07936965438733
-0.594658384983451,-0.34095007406513,-1.07910483098172
-0.59440424005417,-0.340549724516928,-1.07884000757611
-0.59415009512489,-0.340149374968726,-1.07857518417049
-0.593895950195609,-0.339749025420525,-1.07831036076488
-0.593641805266329,-0.339348675872323,-1.07804553735926
-0.593387660337048,-0.338948326324121,-1.07778071395365
-0.593133515407767,-0.33854797677592,-1.07751589054804
-0.592879370478487,-0.338147627227718,-1.07725106714242
-0.592625225549206,-0.337747277679516,-1.07698624373681
-0.592371080619926,-0.337346928131314,-1.0767214203312
-0.592116935690645,-0.336946578583113,-1.07645659692558
-0.591862790761365,-0.336546229034911,-1.07619177351997
-0.591608645832084,-0.336145879486709,-1.07592695011436
-0.591354500902804,-0.335745529938507,-1.07566212670874
-0.591098733103231,-0.335350086074863,-1.07539185219105
-0.590841109146887,-0.334960253084532,-1.0751153429677
-0.590583485190543,-0.334570420094201,-1.07483883374436
-0.5903258612342,-0.334180587103869,-1.07456232452101
-0.590068237277856,-0.333790754113538,-1.07428581529766
-0.589810613321512,-0.333400921123206,-1.07400930607431
-0.589552989365168,-0.333011088132875,-1.07373279685096
-0.589295365408824,-0.332621255142544,-1.07345628762761
-0.58903774145248,-0.332231422152212,-1.07317977840426
-0.588780117496136,-0.331841589161881,-1.07290326918091
-0.588522493539792,-0.331451756171549,-1.07262675995756
-0.588264869583448,-0.331061923181218,-1.07235025073421
-0.588007245627104,-0.330672090190887,-1.07207374151087
-0.587749621670761,-0.330282257200555,-1.07179723228752
-0.587491997714417,-0.329892424210224,-1.07152072306417
-0.587234373758073,-0.329502591219892,-1.07124421384082
-0.586976749801729,-0.329112758229561,-1.07096770461747
-0.586719125845385,-0.32872292523923,-1.07069119539412
-0.586461501889041,-0.328333092248898,-1.07041468617077
-0.586203877932697,-0.327943259258567,-1.07013817694742
-0.585946253976353,-0.327553426268235,-1.06986166772407
-0.585688630020009,-0.327163593277904,-1.06958515850072
-0.585431006063665,-0.326773760287573,-1.06930864927738
-0.585173382107322,-0.326383927297241,-1.06903214005403
-0.584915758150978,-0.32599409430691,-1.06875563083068
-0.584656592558028,-0.325609306327043,-1.06847359844597
-0.584395831830552,-0.325229738429746,-1.068185851235
-0.584135071103076,-0.324850170532448,-1.06789810402403
-0.5838743103756,-0.324470602635151,-1.06761035681306
-0.583613549648125,-0.324091034737854,-1.06732260960209
-0.583352788920649,-0.323711466840557,-1.06703486239111
-0.583092028193173,-0.32333189894326,-1.06674711518014
-0.582831267465697,-0.322952331045963,-1.06645936796917
-0.582570506738221,-0.322572763148665,-1.0661716207582
-0.582309746010745,-0.322193195251368,-1.06588387354723
-0.58204898528327,-0.321813627354071,-1.06559612633625
-0.581788224555794,-0.321434059456774,-1.06530837912528
-0.581527463828318,-0.321054491559477,-1.06502063191431
-0.581266703100842,-0.32067492366218,-1.06473288470334
-0.581005942373366,-0.320295355764882,-1.06444513749237
-0.58074518164589,-0.319915787867585,-1.06415739028139
-0.580484420918415,-0.319536219970288,-1.06386964307042
-0.580223660190939,-0.319156652072991,-1.06358189585945
-0.579962899463463,-0.318777084175694,-1.06329414864848
-0.579702138735987,-0.318397516278397,-1.06300640143751
-0.579441378008511,-0.318017948381099,-1.06271865422653
-0.579180617281035,-0.317638380483802,-1.06243090701556
-0.578919856553559,-0.317258812586505,-1.06214315980459
-0.578659095826084,-0.316879244689208,-1.06185541259362
-0.578398335098608,-0.316499676791911,-1.06156766538265
-0.578136123792885,-0.316125283393675,-1.06127434768369
-0.577872554438859,-0.315755734421921,-1.0609758148288
-0.577608985084832,-0.315386185450166,-1.06067728197391
-0.577345415730805,-0.315016636478412,-1.06037874911902
-0.577081846376779,-0.314647087506657,-1.06008021626413
-0.576818277022752,-0.314277538534903,-1.05978168340923
-0.576554707668726,-0.313907989563148,-1.05948315055434
-0.576291138314699,-0.313538440591394,-1.05918461769945
-0.576027568960673,-0.313168891619639,-1.05888608484456
-0.575763999606646,-0.312799342647885,-1.05858755198967
-0.57550043025262,-0.31242979367613,-1.05828901913478
-0.575236860898593,-0.312060244704375,-1.05799048627989
-0.574973291544567,-0.311690695732621,-1.057691953425
-0.57470972219054,-0.311321146760866,-1.0573934205701
-0.574446152836514,-0.310951597789112,-1.05709488771521
-0.574182583482487,-0.310582048817357,-1.05679635486032
-0.57391901412846,-0.310212499845603,-1.05649782200543
-0.573655444774434,-0.309842950873848,-1.05619928915054
-0.573391875420407,-0.309473401902094,-1.05590075629565
-0.573128306066381,-0.309103852930339,-1.05560222344076
-0.572864736712354,-0.308734303958585,-1.05530369058587
-0.572601167358328,-0.30836475498683,-1.05500515773098
-0.572337598004301,-0.307995206015076,-1.05470662487608
-0.572074028650275,-0.307625657043321,-1.05440809202119
-0.571810459296248,-0.307256108071567,-1.0541095591663
-0.571545635191676,-0.306891452734668,-1.05380585248659
-0.571279748544248,-0.30653094140614,-1.05349776452916
-0.571013861896819,-0.306170430077611,-1.05318967657173
-0.57074797524939,-0.305809918749083,-1.0528815886143
-0.570482088601961,-0.305449407420554,-1.05257350065687
-0.570216201954532,-0.305088896092026,-1.05226541269944
-0.569950315307103,-0.304728384763498,-1.05195732474201
-0.569684428659675,-0.304367873434969,-1.05164923678458
-0.569418542012246,-0.304007362106441,-1.05134114882715
-0.569152655364817,-0.303646850777912,-1.05103306086972
-0.568886768717388,-0.303286339449384,-1.05072497291229
-0.568620882069959,-0.302925828120855,-1.05041688495486
-0.56835499542253,-0.302565316792327,-1.05010879699743
-0.568089108775101,-0.302204805463798,-1.04980070904
-0.567823222127673,-0.30184429413527,-1.04949262108257
-0.567557335480244,-0.301483782806741,-1.04918453312514
-0.567291448832815,-0.301123271478213,-1.04887644516771
-0.567025562185386,-0.300762760149685,-1.04856835721028
-0.566759675537957,-0.300402248821156,-1.04826026925285
-0.566493788890528,-0.300041737492628,-1.04795218129542
-0.566227902243099,-0.299681226164099,-1.04764409333799
-0.565961245817654,-0.299324006597176,-1.04733259192262
-0.565693463652398,-0.298971600972715,-1.04701609859347
-0.565425681487142,-0.298619195348254,-1.04669960526432
-0.565157899321886,-0.298266789723793,-1.04638311193517
-0.564890117156631,-0.297914384099333,-1.04606661860602
-0.564622334991375,-0.297561978474872,-1.04575012527687
-0.564354552826119,-0.297209572850411,-1.04543363194772
-0.564086770660863,-0.29685716722595,-1.04511713861857
-0.563818988495607,-0.29650476160149,-1.04480064528942
-0.563551206330352,-0.296152355977029,-1.04448415196027
-0.563283424165096,-0.295799950352568,-1.04416765863112
-0.56301564199984,-0.295447544728108,-1.04385116530197
-0.562747859834584,-0.295095139103647,-1.04353467197282
-0.562480077669328,-0.294742733479186,-1.04321817864367
-0.562212295504073,-0.294390327854725,-1.04290168531452
-0.561944513338817,-0.294037922230265,-1.04258519198537
-0.561676731173561,-0.293685516605804,-1.04226869865622
-0.561408949008305,-0.293333110981343,-1.04195220532707
-0.56114116684305,-0.292980705356882,-1.04163571199792
-0.560873384677794,-0.292628299732422,-1.04131921866877
-0.560605602512538,-0.292275894107961,-1.04100272533962
-0.560337363352225,-0.291925638069296,-1.04068404677164
-0.56006789321539,-0.291581172223784,-1.04035948197437
-0.559798423078554,-0.291236706378271,-1.04003491717709
-0.559528952941718,-0.290892240532758,-1.03971035237982
-0.559259482804883,-0.290547774687246,-1.03938578758255
-0.558990012668047,-0.290203308841733,-1.03906122278527
-0.558720542531211,-0.289858842996221,-1.038736657988
-0.558451072394376,-0.289514377150708,-1.03841209319073
-0.55818160225754,-0.289169911305196,-1.03808752839345
-0.557912132120705,-0.288825445459683,-1.03776296359618
-0.557642661983869,-0.288480979614171,-1.03743839879891
-0.557373191847033,-0.288136513768658,-1.03711383400163
-0.557103721710198,-0.287792047923145,-1.03678926920436
-0.556834251573362,-0.287447582077633,-1.03646470440709
-0.556564781436526,-0.28710311623212,-1.03614013960981
-0.556295311299691,-0.286758650386608,-1.03581557481254
-0.556025841162855,-0.286414184541095,-1.03549101001527
-0.555756371026019,-0.286069718695583,-1.03516644521799
-0.555486900889184,-0.28572525285007,-1.03484188042072
-0.555217430752348,-0.285380787004558,-1.03451731562345
-0.554947960615512,-0.285036321159045,-1.03419275082617
-0.554678289051382,-0.284692908052399,-1.03386713849938
-0.55440733091793,-0.284356219066884,-1.03353483532498
-0.554136372784479,-0.284019530081368,-1.03320253215057
-0.553865414651028,-0.283682841095853,-1.03287022897616
-0.553594456517576,-0.283346152110338,-1.03253792580175
-0.553323498384125,-0.283009463124822,-1.03220562262734
-0.553052540250674,-0.282672774139307,-1.03187331945293
-0.552781582117222,-0.282336085153791,-1.03154101627852
-0.552510623983771,-0.281999396168276,-1.03120871310411
-0.552239665850319,-0.28166270718276,-1.0308764099297
-0.551968707716868,-0.281326018197245,-1.03054410675529
-0.551697749583417,-0.28098932921173,-1.03021180358088
-0.551426791449965,-0.280652640226214,-1.02987950040647
-0.551155833316514,-0.280315951240699,-1.02954719723206
-0.550884875183063,-0.279979262255183,-1.02921489405765
-0.550613917049611,-0.279642573269668,-1.02888259088324
-0.55034295891616,-0.279305884284152,-1.02855028770883
-0.550072000782708,-0.278969195298637,-1.02821798453442
-0.549801042649257,-0.278632506313122,-1.02788568136001
-0.549530084515806,-0.278295817327606,-1.0275533781856
-0.549259126382354,-0.277959128342091,-1.02722107501119
-0.548988168248903,-0.277622439356575,-1.02688877183678
