-0.0271582066872622,-0.0203686550154466
-0.0290038656530693,-0.0192165214181968
-0.0308495246188764,-0.018064387820947
-0.0326951835846836,-0.0169122542236972
-0.0342912139714456,-0.0157499142527026
-0.0357464593418554,-0.0145818181118812
-0.0372017047122651,-0.0134137219710599
-0.0385468538976401,-0.0122426706456338
-0.0396071926114175,-0.0110639744820086
-0.040667531325195,-0.00988527831838343
-0.0417278700389724,-0.00870658215475826
-0.0424231886249734,-0.00752307780485381
-0.0430859823027914,-0.00633914502428113
-0.0437487759806095,-0.00515521224370846
-0.0441894433025986,-0.00397134751330173
-0.0444538617937441,-0.00278753677811833
-0.0447182802848896,-0.00160372604293492
-0.0449044096743622,-0.000420995254560327
-0.0447713731405574,0.000757332849239263
-0.0446383366067526,0.00193566095303885
-0.0445053000729477,0.00311398905683845
-0.044042118760875,0.00428330355927107
-0.0435143474759698,0.00545085462848973
-0.0429865761910646,0.0066184056977084
-0.0422731490031187,0.00777835654050898
-0.0413551528050873,0.00892993290789939
-0.0404371566070559,0.0100815092752898
-0.0394668982551188,0.0112301286126566
-0.0380950862654823,0.0123560277581828
-0.0367232742758458,0.0134819269037089
-0.0353514622862093,0.0146078260492351
-0.0339796502965728,0.0157337251947612
-0.0323462856256029,0.0168400478276939
-0.0304642315893391,0.0179277567325367
-0.0285821775530753,0.0190154656373795
-0.0267001235168115,0.0201031745422223
-0.0248180694805476,0.0211908834470651
-0.0224895262305703,0.0222357020577335
-0.0201168509203231,0.0232762812892873
-0.0177441756100759,0.0243168605208412
-0.0153715002998286,0.025357439752395
-0.0128552349593967,0.0263809427575989
-0.0100155882496655,0.027365988124397
-0.00717594153993419,0.0283510334911951
-0.00433629483020291,0.0293360788579932
-0.00149664812047163,0.0303211242247913
0.00165283229250122,0.031261474564253
0.00493199955726755,0.0321831169409415
0.00821116682203389,0.03310475931763
0.0114903340868002,0.0340264016943186
0.0148115418059155,0.0349407586529057
0.0184991810164048,0.0357916147130956
0.0221868202268941,0.0366424707732854
0.0258744594373834,0.0374933268334753
0.0295620986478727,0.0383441828936652
0.0334372253211073,0.0391562273329168
0.0374991605473358,0.0399296006917631
0.0415610957735643,0.0407029740506095
0.0456230309997928,0.0414763474094558
0.0496849662260213,0.0422497207683021
0.0540501068786559,0.0429481185331687
0.0584493520815758,0.0436380830422544
0.0628485972844958,0.04432804755134
0.0672478424874157,0.0450180120604257
0.0717283162763739,0.0456840723073405
0.0764011706164907,0.0462935180622916
0.0810740249566074,0.0469029638172428
0.0857468792967241,0.0475124095721939
0.0905298345126492,0.0480832325301791
0.0954194707306709,0.0486166323645619
0.100309106948693,0.0491500321989447
0.105198743166714,0.0496834320333276
0.110223104286242,0.0501602881014272
0.115300145399354,0.0506150344837022
0.120377186512467,0.0510697808659773
0.125454227625579,0.0515245272482523
0.130677483858905,0.0519041632934325
0.135911761241264,0.0522781378022561
0.141146038623622,0.0526521123110798
0.146397539702538,0.0530149265138479
0.151754043160377,0.0533097031335445
0.157110546618216,0.0536044797532411
0.162467050076055,0.0538992563729377
0.167881372982359,0.0541443323821871
0.173327545037897,0.0543620314066798
0.178773717093436,0.0545797304311725
0.18422918985345,0.054785872574919
0.189737905042829,0.0549258566756432
0.195246620232207,0.0550658407763673
0.200755335421586,0.0552058248770915
0.206287127643321,0.0552949324503874
0.211831204263054,0.0553569573597568
0.217375280882788,0.0554189822691261
0.222920654271304,0.0554689947085431
0.22847301692325,0.055454262902048
0.234025379575196,0.0554395310955528
0.239577742227143,0.0554247992890576
0.245116597794064,0.0553531777958932
0.250651103284959,0.055263234476684
0.256185608775853,0.0551732911574749
0.261704666739736,0.0550568433446152
0.267195815790892,0.0548925100935422
0.272686964842048,0.0547281768424692
0.278178113893203,0.0545638435913963
0.283603840014843,0.0543294928560547
0.289026568410511,0.0540919338689173
0.294449296806178,0.0538543748817798
0.299820483273693,0.0535770534966467
0.305150524070516,0.0532679899824836
0.310480564867338,0.0529589264683205
0.315789936985226,0.052637520376762
0.321003632267295,0.0522589795861359
0.326217327549363,0.0518804387955097
0.331431022831431,0.0515018980048835
0.336533205374677,0.0510695088409844
0.34160737299691,0.0506235915551881
0.346681540619143,0.0501776742693917
0.351687603060913,0.0497044138254167
0.356599917187954,0.0491935149084042
0.361512231314996,0.0486826159913916
0.366416743353496,0.048169066770657
0.371144827676692,0.0475955865419519
0.375872911999889,0.0470221063132468
0.380600996323086,0.0464486260845418
0.385198692248697,0.0458372642101903
0.38972072407856,0.0452039197015219
0.394242755908423,0.0445705751928535
0.398714343929135,0.0439245966801548
0.403010407968668,0.0432346569614538
0.407306472008201,0.0425447172427527
0.411602536047734,0.0418547775240517
0.415699548208207,0.0411216412949896
0.419750979663508,0.0403786135370831
0.423802411118809,0.0396355857791766
0.427746546557505,0.0388723750014618
0.431532472189241,0.0380794040167161
0.435318397820976,0.0372864330319703
0.439104323452711,0.0364934620472245
0.442630659438662,0.0356583068268324
0.446130850167746,0.0348189029097199
0.449631040896831,0.0339794989926074
0.453006847842531,0.033122724253559
0.456205777569889,0.032241247719946
0.459404707297248,0.031359771186333
0.462603637024606,0.03047829465272
0.465513501751251,0.0295623808039851
0.468397290480651,0.0286433604313473
0.471281079210051,0.0277243400587094
0.474023565574031,0.0267911778100741
0.4765722247423,0.025838616875801
0.479120883910569,0.0248860559415278
0.481669543078839,0.0239334950072547
0.483947352507074,0.0229587077317977
0.48614182277434,0.0219770815181698
0.488336293041607,0.020995455304542
0.490491546972745,0.0200112806829463
0.492322139414223,0.0190060084778238
0.494152731855701,0.0180007362727014
0.495983324297179,0.0169954640675789
0.497646436313887,0.015982008246618
0.499105545550609,0.0149585842136486
0.500564654787331,0.0139351601806792
0.502023764024052,0.0129117361477098
0.503171186084456,0.0118780294733225
0.504237698533485,0.0108416535697072
0.505304210982514,0.00980527766609189
0.506370723431543,0.00876890176247657
0.507092064316006,0.0077266340300459
0.50774654381401,0.00668322502213424
0.508401023312013,0.00563981601422257
0.509055502810017,0.00459640700631091
0.509345412960985,0.00355259486126464
0.509586334920771,0.00250872854556694
0.509827256880557,0.00146486222986924
0.510068178840344,0.000420995914171545
0.509927470167023,-0.000617273660358358
0.509755979338741,-0.0016550918042667
0.509584488510459,-0.00269290994817504
0.509412997682176,-0.00373072809208338
0.508810097547445,-0.00475497553582495
0.508193477272618,-0.00577879138964785
0.50757685699779,-0.00680260724347075
0.506960236722963,-0.00782642309729365
0.506201454693297,-0.00884316309098806
0.505111542259889,-0.00984342163069493
0.504021629826481,-0.0108436801704018
0.502931717393073,-0.0118439387101087
0.501841804959666,-0.0128441972498155
0.500461164045795,-0.01382417981223
0.498910916642609,-0.0147923336837624
0.497360669239424,-0.0157604875552949
0.495810421836239,-0.0167286414268274
0.494260174433054,-0.0176967952983598
0.492283039126184,-0.0186262052273675
0.490289386630011,-0.0195541160718906
0.488295734133837,-0.0204820269164137
0.486302081637663,-0.0214099377609368
0.484183395089515,-0.0223236479326707
0.481764369725446,-0.0232032472907225
0.479345344361377,-0.0240828466487743
0.476926318997307,-0.0249624460068261
0.474507293633238,-0.0258420453648779
0.47186044716923,-0.0266899379962613
0.469038086001441,-0.0275134035805427
0.466215724833653,-0.0283368691648241
0.463393363665864,-0.0291603347491055
0.460571002498075,-0.0299838003333869
0.457435142711875,-0.0307545440685424
0.454237668598884,-0.0315149259677907
0.451040194485893,-0.0322753078670391
0.447842720372902,-0.0330356897662875
0.444608579420823,-0.0337886756628606
0.441067290163968,-0.0344797072230273
0.437526000907113,-0.035170738783194
0.433984711650258,-0.0358617703433607
0.430443422393403,-0.0365528019035274
0.42679305201407,-0.0372176602945351
0.422962843884607,-0.0378393680124632
0.419132635755145,-0.0384610757303912
0.415302427625683,-0.0390827834483192
0.411393478419786,-0.0396820616848981
0.407325081390048,-0.0402359210352628
0.40325668436031,-0.0407897803856274
0.399188287330572,-0.0413436397359921
0.395060325707609,-0.0418773500222533
0.390781909957339,-0.0423601658141255
0.38650349420707,-0.0428429816059977
0.382225078456801,-0.0433257973978698
0.37790388582181,-0.0437911663332709
0.373444709023656,-0.0442002574470022
0.368985532225502,-0.0446093485607334
0.364526355427348,-0.0450184396744647
0.360039869746773,-0.0454138600051602
0.35543672099391,-0.0457508789877156
0.350833572241047,-0.0460878979702709
0.346230423488184,-0.0464249169528263
0.341567138047246,-0.0467238715492299
0.336853771064607,-0.0469911263097531
0.332140404081968,-0.0472583810702763
0.32742703709933,-0.0475256358307995
0.322637447881308,-0.0477290777967195
0.317839534895529,-0.0479255511546002
0.313041621909749,-0.0481220245124809
0.308228602268646,-0.0483001125478368
0.303372018155259,-0.048425181112211
0.298515434041872,-0.0485502496765852
0.293658849928485,-0.0486753182409594
0.288782433087208,-0.0487572745427806
0.283893517203235,-0.0488120605020595
0.279004601319263,-0.0488668464613384
0.274114916219597,-0.0489141957690631
0.269218882926891,-0.0489001717844102
0.264322849634184,-0.0488861477997574
0.259426816341478,-0.0488721238151045
0.254541022007075,-0.0488168974460615
0.249661976139588,-0.0487345147082092
0.244782930272101,-0.0486521319703569
0.239907856322778,-0.0485631679768381
0.23506959000047,-0.0484132157167295
0.230231323678162,-0.0482632634566208
0.225393057355853,-0.0481133111965122
0.220592553102442,-0.0479242395165589
0.215818067376078,-0.0477082140781653
0.211043581649713,-0.0474921886397718
0.206280063582574,-0.0472679780396122
0.201591715280793,-0.0469876682594253
0.196903366979012,-0.0467073584792384
0.19221501867723,-0.0464270486990515
0.187598348535747,-0.0461052704341243
0.183018178516087,-0.0457623754896034
0.178438008496427,-0.0454194805450826
0.173883458216696,-0.0450645962273888
0.169432773478379,-0.0446611055327639
0.164982088740063,-0.0442576148381391
0.160531404001746,-0.0438541241435142
0.156191059947554,-0.0434077575814919
0.151890882793294,-0.0429457830803949
0.147590705639034,-0.0424838085792979
0.143333132760917,-0.0420078613434983
0.139203944003865,-0.0414898085392892
0.135074755246813,-0.0409717557350801
0.130945566489761,-0.0404537029308711
0.126961838368482,-0.0398949004746082
0.123022743121222,-0.0393235944700362
0.119083647873963,-0.0387522884654643
0.115203074323247,-0.0381668663526051
0.111472058686956,-0.0375453691455513
0.107741043050665,-0.0369238719384975
0.104010027414374,-0.0363023747314437
0.100460429154311,-0.0356430922781793
0.0969569567130624,-0.0349742028321515
0.0934534842718138,-0.0343053133861237
0.0900083727944363,-0.033625940779635
0.086751309240322,-0.0329127898318859
0.0834942456862077,-0.0321996388841369
0.0802371821320934,-0.0314864879363878
0.077157022319066,-0.0307460132754013
0.074161494232418,-0.0299924667991541
0.0711659661457701,-0.029238920322907
0.0682023468594295,-0.0284811576682479
0.0654819829214924,-0.0276912531612269
0.0627616189835554,-0.026901348654206
0.0600412550456183,-0.026111444147185
0.0574839690053763,-0.0253033304635348
0.0550571634557936,-0.0244806474094509
0.052630357906211,-0.0236579643553669
0.0502035523566284,-0.0228352813012829
0.0480394515303117,-0.0219882976761061
0.0459237673427339,-0.0211368354410395
0.043808083155156,-0.0202853732059728
0.0417351621320363,-0.0194307239556645
0.0399404280993841,-0.0185553422317456
0.038145694066732,-0.0176799605078267
0.0363509600340798,-0.0168045787839077
0.0346950426847173,-0.0159211878174302
0.033229181513221,-0.0150268312667575
0.0317633203417248,-0.0141324747160848
0.0302974591702285,-0.0132381181654122
0.0290787904858913,-0.0123335582674292
0.0279606189163009,-0.0114248501569451
0.0268424473467105,-0.0105161420464609
0.0257242757771201,-0.00960743393597674
0.0248688933325266,-0.00869216949377688
0.0241157799587423,-0.00777435353825816
0.023362666584958,-0.00685653758273945
0.0226095532111736,-0.00593872162722073
0.0221242988750778,-0.00501857145686313
0.0217387433143754,-0.00409755247743733
0.021353187753673,-0.00317653349801152
0.0209676321929705,-0.00225551451858572
0.0208532587495079,-0.00133645484759605
0.0208353322142809,-0.000418092011791772
0.0208174056790539,0.000500270824012503
0.0207994791438269,0.00141863365981678
0.0210757666239536,0.0023299407241629
0.0214519385074531,0.00323885238419226
0.0218281103909526,0.00414776404422161
0.0222042822744522,0.00505667570425096
0.0226315052950057,0.00596344187434503
0.0234246117779162,0.00685483131962402
0.0242177182608268,0.00774622076490301
0.0250108247437374,0.008637610210182
0.0258039312266479,0.00952899965546099
0.0267999287855076,0.0104079218034031
0.0280001704205999,0.0112742935145369
0.0292004120556922,0.0121406652256707
0.0304006536907845,0.0130070369368044
0.0316008953258767,0.0138734086479382
0.033145470727114,0.0147116399457113
0.0347395820176771,0.0155458229608619
0.0363336933082402,0.0163800059760125
0.0379278045988034,0.0172141889911631
0.0396184743192974,0.0180383503171346
0.0415986229410545,0.0188324669585103
0.0435787715628115,0.019626583599886
0.0455589201845685,0.0204207002412616
0.0475390688063255,0.0212148168826373
0.0496707273735724,0.02198944493128
0.0520245624299448,0.0227354946110415
0.0543783974863172,0.0234815442908029
0.0567322325426896,0.0242275939705643
0.059086067599062,0.0249736436503257
0.0616354807995434,0.0256890160072402
0.064338085293701,0.0263803596118887
0.0670406897878586,0.0270717032165372
0.0697432942820162,0.0277630468211857
0.0724458987761737,0.0284543904258342
0.0753782381472572,0.0291022570251963
0.0784016629429619,0.0297328858348906
0.0814250877386666,0.0303635146445849
0.0844485125343714,0.0309941434542792
0.0874719373300761,0.0316247722639735
0.090733152785167,0.0322016261553567
0.0940294593639928,0.0327705444015082
0.0973257659428186,0.0333394626476597
0.100622072521644,0.0339083808938112
0.104064997493564,0.0344377785358702
0.107589165340934,0.0349452773735002
0.111113333188305,0.0354527762111303
0.114637501035676,0.0359602750487603
0.118245247608644,0.0364409160934394
0.121970565734239,0.0368837758439574
0.125695883859835,0.0373266355944754
0.129421201985431,0.0377694953449935
0.133179020499503,0.0381997244624879
0.137077624905937,0.0385752399280941
0.14097622931237,0.0389507553937002
0.144874833718804,0.0393262708593064
0.148773438125237,0.0397017863249125
0.152803890457539,0.0400143110527097
0.156839893358578,0.0403241839798227
0.160875896259616,0.0406340569069357
0.16493276504896,0.040931326782987
0.169073510470506,0.0411779349540073
0.173214255892051,0.0414245431250275
0.177355001313597,0.0416711512960478
0.181531159108342,0.0418895506079185
0.185752603599527,0.0420718753524615
0.189974048090711,0.0422542000970044
0.194195492581896,0.0424365248415474
0.198455226966955,0.0425748060159215
0.202733110521737,0.0426922108140691
0.207010994076519,0.0428096156122168
0.211288877631301,0.0429270204103644
0.215595822688341,0.042985859142172
0.219905362350197,0.0430394691078809
0.224214902012053,0.0430930790735898
0.228527004665961,0.0431268569782247
0.232844599683625,0.043118135768063
0.237162194701289,0.0431094145579013
0.241479789718952,0.0431006933477396
0.24578706119155,0.0430474869184715
0.250090284159103,0.0429768350639311
0.254393507126656,0.0429061832093907
0.258692406516786,0.0428282819394809
0.262959125639797,0.0426964234715776
0.267225844762809,0.0425645650036742
0.27149256388582,0.0424327065357709
0.275729281935289,0.0422698446890551
0.279938148296448,0.0420782006575272
0.284147014657606,0.0418865566259994
0.288355881018764,0.0416949125944715
0.292488911456611,0.041447194706104
0.296619218020567,0.0411974627575398
0.300749524584523,0.0409477308089756
0.304839044623022,0.0406747165625537
0.308870373605804,0.0403684849366991
0.312901702588585,0.0400622533108446
0.316933031571367,0.03975602168499
0.320862426606302,0.0394028671793313
0.324775066195798,0.0390419997010164
0.328687705785293,0.0386811322227014
0.332558147153749,0.0383041780916693
0.336332694749142,0.0378906676843999
0.340107242344534,0.0374771572771305
0.343881789939927,0.037063646869861
0.347541226327305,0.0366131949270624
0.351158809591063,0.0361493114628691
0.354776392854821,0.0356854279986758
0.358365850814021,0.0352138550293115
0.361808891845007,0.034702251427594
0.365251932875994,0.0341906478258765
0.36869497390698,0.0336790442241591
0.372025507581643,0.033141030933144
0.37527750719492,0.0325845827572617
0.378529506808197,0.0320281345813795
0.381778018647169,0.0314709818234975
0.384821101447405,0.0308723293611342
0.38786418424764,0.0302736768987709
0.390907267047876,0.0296750244364077
0.393868077034726,0.0290620964950206
0.396684953586633,0.0284241940979558
0.399501830138539,0.027786291700891
0.402318706690445,0.0271483893038263
0.404965057227497,0.0264851725080367
0.407541999470121,0.0258116521275332
0.410118941712745,0.0251381317470297
0.41268132286778,0.0244627738523289
0.415006046935858,0.0237574251847025
0.417330771003935,0.0230520765170762
0.419655495072013,0.0223467278494499
0.421871326359918,0.0216298654023972
0.423927009722471,0.0208960697125238
0.425982693085024,0.0201622740226504
0.428038376447577,0.019428478332777
0.429925774120859,0.0186801205501578
0.431696418181151,0.0179216598470341
0.433467062241443,0.0171631991439103
0.435237706301735,0.0164047384407866
0.436780483971207,0.0156306773511341
0.438257502705583,0.0148521142162192
0.439734521439959,0.0140735510813044
0.441211540174335,0.0132949879463896
0.442399691796123,0.0125015487680149
0.443576337572232,0.0117075170629976
0.444752983348341,0.0109134853579804
0.4458828258711,0.0101178217667457
0.446741827357715,0.00931271477740575
0.44760082884433,0.00850760778806581
0.448459830330945,0.00770250079872588
0.449309561750847,0.00689722480417184
0.449835116283637,0.00608603864889124
0.450360670816428,0.00527485249361064
0.450886225349218,0.00446366633833005
0.451411779882009,0.00365248018304945
0.451633204535413,0.00284080923070825
0.451823908891032,0.00202908930879491
0.452014613246651,0.00121736938688157
0.45220531760227,0.000405649464968226
0.452132668309288,-0.00040216627451969
0.451989469417963,-0.00120893612569951
0.451846270526639,-0.00201570597687933
0.451703071635315,-0.00282247582805915
0.451319275016215,-0.00362147656927848
0.450816528725448,-0.00441663632210823
0.450313782434682,-0.00521179607493798
0.449811036143915,-0.00600695582776774
0.449308289853148,-0.00680211558059749
0.448491787723265,-0.00758115806313573
0.447607778211988,-0.00835673277049038
0.446723768700711,-0.00913230747784508
0.445839759189434,-0.00990788218519973
0.444955749678158,-0.0106834568925544
0.443710281964443,-0.0114329328792469
0.442456193968647,-0.0121817864472681
0.441202105972851,-0.0129306400152894
0.439948017977055,-0.0136794935833106
0.438647552208265,-0.0144239772482456
0.437038014055185,-0.0151393388514945
0.435428475902105,-0.0158547004547434
0.433818937749024,-0.0165700620579923
0.432209399595944,-0.0172854236612411
0.430502698443996,-0.017989282406507
0.428551332479688,-0.0186641759631433
0.426599966515381,-0.0193390695197795
0.424648600551074,-0.0200139630764158
0.422697234586766,-0.020688856633052
0.420644757608749,-0.0213489981135813
0.418369037644302,-0.0219765684883003
0.416093317679856,-0.0226041388630193
0.413817597715409,-0.0232317092377383
0.411541877750963,-0.0238592796124573
0.409164616363647,-0.0244688166091051
0.406589554401206,-0.0250432249611745
0.404014492438765,-0.025617633313244
0.401439430476324,-0.0261920416653135
0.398864368513883,-0.0267664500173829
0.396189699125153,-0.0273194557610052
0.393343005545435,-0.027835498734478
0.390496311965717,-0.0283515417079507
0.387649618385999,-0.0288675846814235
0.384802924806282,-0.0293836276548962
0.381867525926974,-0.0298767613168076
0.378795797885983,-0.0303346861777308
0.375724069844992,-0.0307926110386539
0.372652341804001,-0.031250535899577
0.369552096653577,-0.0316996032360959
0.366298067959403,-0.0321009048095764
0.363044039265229,-0.0325022063830569
0.359790010571054,-0.0329035079565374
0.35653598187688,-0.0333048095300179
0.353137066216958,-0.0336517917149499
0.34972532413816,-0.0339939651634506
0.346313582059362,-0.0343361386119512
0.342901839980564,-0.0346783120604518
0.339400038597818,-0.0349788369009784
0.335856034570667,-0.0352598448086035
0.332312030543515,-0.0355408527162286
0.328768026516364,-0.0358218606238537
0.325179022689661,-0.0360764726030494
0.321533475609792,-0.0362979175086439
0.317887928529922,-0.0365193624142384
0.314242381450053,-0.0367408073198328
0.310550444278761,-0.0369260379522489
0.306831347038562,-0.0370900661656826
0.303112249798364,-0.0372540943791164
0.299393152558165,-0.0374181225925501
0.295631925171455,-0.0375346697924553
0.291861342634652,-0.0376406736630595
0.288090760097848,-0.0377466775336638
0.284320005517612,-0.0378523397528161
0.280520074956649,-0.0379000630198664
0.276720144395686,-0.0379477862869166
0.272920213834723,-0.0379955095539669
0.269118871020376,-0.0380321788203955
0.265311639337479,-0.0380227546892776
0.261504407654581,-0.0380133305581597
0.257697175971683,-0.0380039064270418
0.253897082438377,-0.0379655636807589
0.250103603668036,-0.0379004227030643
0.246310124897695,-0.0378352817253698
0.242516646127354,-0.0377701407476752
0.238752019655221,-0.0376585106090042
0.234992700704161,-0.0375383285622753
0.231233381753101,-0.0374181465155464
0.22748328440276,-0.0372887606127799
0.223778138350158,-0.0371145099098924
0.220072992297555,-0.0369402592070048
0.216367846244953,-0.0367660085041173
0.212699096712288,-0.0365656839338738
0.209067356798922,-0.036338846281991
0.205435616885556,-0.0361120086301082
0.20180387697219,-0.0358851709782254
0.198250666892533,-0.0356149565940035
0.194710982644543,-0.0353372710825399
0.191171298396554,-0.0350595855710763
0.18765481460736,-0.0347715776967291
0.184225443757377,-0.034444811478061
0.180796072907395,-0.0341180452593929
0.177366702057413,-0.0337912790407248
0.174009860681561,-0.0334378004801556
0.170708281756981,-0.0330639689594912
0.167406702832402,-0.0326901374388269
0.164105123907823,-0.0323163059181625
0.160937882218388,-0.0319008342924317
0.157781563485211,-0.0314819769111003
0.154625244752035,-0.0310631195297689
0.151508826619565,-0.0306337540147804
0.148514717286338,-0.0301721775258439
0.145520607953111,-0.0297106010369073
0.142526498619884,-0.0292490245479708
0.139633045334821,-0.0287647777414378
0.136816409846736,-0.02826322960144
0.13399977435865,-0.0277616814614422
0.131183138870565,-0.0272601333214444
0.12853671200515,-0.0267256891441595
0.125911680017938,-0.0261871100017942
0.123286648030727,-0.025648530859429
0.120705125898689,-0.0251027521236986
0.118287762722131,-0.0245298099390909
0.115870399545573,-0.0239568677544831
0.113453036369015,-0.0233839255698753
0.111130505851707,-0.0227976453642512
0.108936259864482,-0.0221933221998844
0.106742013877256,-0.0215889990355176
0.10454776789003,-0.0209846758711508
0.102503637658004,-0.0203625893630545
0.10054374438306,-0.0197305350136652
0.098583851108117,-0.0190984806642759
0.0966239578331737,-0.0184664263148866
0.0948730306449701,-0.0178138627692046
0.0931572354132111,-0.0171578511607191
0.091441440181452,-0.0165018395522336
0.0897442134944102,-0.0158443573568754
0.088287777194264,-0.0151678051058175
0.0868313408941179,-0.0144912528547595
0.0853749045939717,-0.0138147006037015
0.0839408964829166,-0.0131367794842591
0.0827581443493604,-0.0124435233610582
0.0815753922158042,-0.0117502672378573
0.080392640082248,-0.0110570111146563
0.0792356862204061,-0.0103626302474355
0.0783324255565362,-0.00965718895297094
0.0774291648926664,-0.00895174765850638
0.0765259042287965,-0.00824630636404181
0.0756517382455803,-0.0075400809691391
0.0750318871497037,-0.00682700179855953
0.074412036053827,-0.00611392262797996
0.0737921849579504,-0.00540084345740039
0.0732062534724767,-0.00468741755201221
0.0728865370177589,-0.00397127032946723
0.0725668205630411,-0.00325512310692235
0.0722471041083232,-0.00253897588437737
0.0719273876536054,-0.0018228286618325
0.0718328807250365,-0.00110825006030288
0.0718281644757963,-0.00039429686547347
0.0718234482265561,0.000319656329356046
0.0718187319773159,0.00103360952418546
0.071913157243208,0.0017451220875579
0.0722213025930858,0.00245137336397807
0.0725294479429636,0.00315762464039833
0.0728375932928414,0.0038638759168185
0.0731457386427192,0.00457012719323876
0.0737371160085778,0.0052643625777613
0.0743535169674753,0.00595753635635
0.0749699179263727,0.00665071013493861
0.0755863188852702,0.00734388391352731
0.0763716651165556,0.00802662831197066
0.0773124881088507,0.00869977477244635
0.0782533111011457,0.00937292123292196
0.0791941340934408,0.0100460676933977
0.0801349570857357,0.0107192141538733
0.0812213783598105,0.0113802245461638
0.0824981169251674,0.0120253714021847
0.0837748554905246,0.0126705182582057
0.0850515940558815,0.0133156651142265
0.0863283326212387,0.0139608119702475
0.0877158448938615,0.0145940333563065
0.0893126308673966,0.0152047251430984
0.0909094168409315,0.0158154169298903
0.0925062028144665,0.0164261087166822
0.0941029887880014,0.0170368005034741
0.0957776661845332,0.0176370271602169
0.0976754283214801,0.0182072811867188
0.0995731904584272,0.0187775352132207
0.101470952595374,0.0193477892397226
0.103368714732321,0.0199180432662245
0.105314051332976,0.0204804656535873
0.107489255363843,0.0210050475983487
0.10966445939471,0.0215296295431099
0.111839663425578,0.0220542114878712
0.114014867456445,0.0225787934326325
0.116225904830453,0.0230961937543672
0.11865263906191,0.023570364687426
0.121079373293367,0.0240445356204848
0.123506107524824,0.0245187065535435
0.125932841756282,0.0249928774866023
0.128385103958077,0.0254608301137377
0.131036858560414,0.02588018879629
0.133688613162751,0.0262995474788423
0.136340367765089,0.0267189061613946
0.138992122367426,0.0271382648439469
0.141660472375691,0.0275526783963634
0.144508777333498,0.027913468635924
0.147357082291305,0.0282742588754846
0.150205387249112,0.0286350491150451
0.153053692206919,0.0289958393546057
0.155910479581034,0.0293535248273652
0.158911843327519,0.0296582918975367
0.161913207074004,0.0299630589677082
0.164914570820489,0.0302678260378797
0.167915934566973,0.0305725931080512
0.171024229859694,0.0308286590115414
0.174140670657791,0.0310810151060085
0.177257111455889,0.0313333712004757
0.180373552253987,0.0315857272949429
0.183564759936844,0.0317948902571453
0.186774308493046,0.0319934576225028
0.189983857049248,0.0321920249878604
0.193193405605451,0.0323905923532179
0.19645083633452,0.0325520879301015
0.199731131510769,0.0326958811785678
0.203011426687019,0.0328396744270342
0.206291721863268,0.0329834676755005
0.209597797586688,0.0330978847574726
0.212924914574919,0.033188325944197
0.216252031563152,0.0332787671309214
0.219579148551383,0.0333692083176457
0.222924212236881,0.0334222325791553
0.226276062760611,0.0334611070160562
0.229627913284342,0.0334999814529571
0.232979763808072,0.033538855889858
0.236336089112177,0.0335313654634037
0.239692908335975,0.0335187573513365
0.243049727559774,0.0335061492392694
0.246405442050695,0.0334896793656744
0.24974764565736,0.033425980144515
0.253089849264024,0.0333622809233556
0.256432052870689,0.0332985817021961
0.259765863641105,0.0332223876656034
0.263074573312369,0.0331088244260645
0.266383282983632,0.0329952611865256
0.269691992654896,0.0328816979469867
0.272974439309472,0.0327435354135668
0.276231491868342,0.0325815874624033
0.279488544427212,0.0324196395112399
0.282745596986082,0.0322576915600765
0.285949322313253,0.0320595836698437
0.289136779167615,0.0318504445115932
0.292324236021978,0.0316413053533428
0.295509599463926,0.0314310649678378
0.298610105521012,0.0311761858554822
0.301710611578098,0.0309213067431267
0.304811117635184,0.0306664276307711
0.307882365725512,0.0303991256762405
0.310879086455182,0.030100179634929
0.313875807184853,0.0298012335936176
0.316872527914523,0.0295022875523061
0.319804960480185,0.0291807795214011
0.322681577580949,0.0288396830023568
0.325558194681713,0.0284985864833124
0.328434811782476,0.0281574899642681
0.331204534110768,0.0277848594077672
0.333945607413656,0.0274037773674449
0.336686680716545,0.0270226953271225
0.339421452006972,0.0266400335043606
0.342012478618109,0.0262213379032541
0.344603505229245,0.0258026423021477
0.347194531840382,0.0253839467010412
0.349736718126123,0.0249548012019619
0.352162388506184,0.0245007259073349
0.354588058886244,0.024046650612708
0.357013729266304,0.023592575318081
0.359354158251009,0.0231229428731266
0.361599702440964,0.0226359932900663
0.363845246630919,0.0221490437070061
0.366090790820874,0.0216620941239457
0.368211220134152,0.0211557220490934
0.370264604737929,0.0206389421366233
0.372317989341705,0.0201221622241534
0.374371373945482,0.0196053823116833
0.376256547446679,0.01906651836861
0.378107015296262,0.0185230980041078
0.379957483145844,0.0179796776396057
0.38180646757225,0.0174360948886872
0.383439848671555,0.0168689106111206
0.38507322977086,0.016301726333554
0.386706610870165,0.0157345420559874
0.388335083797445,0.0151669203527167
0.389737949072781,0.0145791920628199
0.391140814348117,0.0139914637729231
0.392543679623454,0.0134037354830264
0.393938036918869,0.0128154108392158
0.395102922950906,0.0122110017561746
0.396267808982943,0.0116065926731334
0.397432695014979,0.0110021835900923
0.398585339457159,0.0103971342110283
0.399506416418635,0.00977997270121888
0.400427493380112,0.00916281119140936
0.401348570341588,0.00854564968159992
0.402252962845058,0.00792790560608025
0.402916040220859,0.00730173560994251
0.403579117596661,0.00667556561380468
0.404242194972462,0.00604939561766694
0.404905272348264,0.00542322562152911
0.405361908882621,0.00479343455178797
0.405754108440756,0.00416251322588207
0.40614630799889,0.00353159189997625
0.406538507557025,0.00290067057407035
0.406805728014316,0.00226972715783372
0.406925978072465,0.00163875776425588
0.407046228130614,0.00100778837067804
0.407166478188762,0.000376818977100284
0.407244186905275,-0.000253428640671782
0.407093501816058,-0.000879801224962811
0.406942816726841,-0.00150617380925393
0.406792131637625,-0.00213254639354496
0.406641446548408,-0.00275891897783608
0.406241694499124,-0.00337651189451971
0.405799520998473,-0.00399260944528926
0.405357347497822,-0.00460870699605874
0.40491517399717,-0.00522480454682829
0.404473000496519,-0.00584090209759776
0.403788463999404,-0.00644359000303511
0.403037773936061,-0.00704261771333733
0.402287083872718,-0.00764164542363963
0.401536393809375,-0.00824067313394185
0.400785703746032,-0.00883970084424415
0.399821174114868,-0.00942218029386488
0.398772110706453,-0.00999811798418172
0.397723047298039,-0.0105740556744985
0.396673983889624,-0.0111499933648153
0.395624920481209,-0.0117259310551321
0.394391109802183,-0.0122832322648196
0.393056851825751,-0.0128304007991709
0.39172259384932,-0.0133775693335223
0.390388335872889,-0.0139247378678736
0.389054077896458,-0.0144719064022249
0.387561614842163,-0.014998986410227
0.38595407261974,-0.0155114539232798
0.384346530397317,-0.0160239214363327
0.382738988174893,-0.0165363889493856
0.38113144595247,-0.0170488564624384
0.379433912127625,-0.0175471756785413
0.377568525084501,-0.0180191053525946
0.375703138041378,-0.0184910350266479
0.373837750998254,-0.0189629647007012
0.371972363955131,-0.0194348943747545
0.370078940191348,-0.0199014191906697
0.367978199919159,-0.0203279779801997
0.365877459646971,-0.0207545367697296
0.363776719374782,-0.0211810955592595
0.361675979102593,-0.0216076543487894
0.359575238830405,-0.0220342131383194
0.357287279951579,-0.0224166595598558
0.354976001362096,-0.0227936114011448
0.352664722772614,-0.0231705632424337
0.350353444183131,-0.0235475150837226
0.348042165593649,-0.0239244669250116
0.345618366831307,-0.0242691301474947
0.343136434867653,-0.0245971115543581
0.340654502903998,-0.0249250929612216
0.338172570940344,-0.025253074368085
0.335657847140801,-0.0255695395093522
0.333041348519828,-0.0258502620383864
0.330424849898856,-0.0261309845674206
0.327808351277883,-0.0264117070964548
0.325191852656911,-0.0266924296254891
0.322481596604572,-0.026932479506209
0.31975186712828,-0.0271640816755058
0.317022137651988,-0.0273956838448026
0.314292408175695,-0.0276272860140994
0.311525046822436,-0.0278380383284382
0.308704056612192,-0.028019077697801
0.305883066401949,-0.0282001170671638
0.303062076191706,-0.0283811564365265
0.300241085981463,-0.0285621958058893
0.297354265559157,-0.0286943571644228
0.294467226587167,-0.028826356252875
0.291580187615177,-0.0289583553413272
0.288692476782207,-0.0290896223421951
0.285762228673577,-0.0291745389635663
0.282831980564947,-0.0292594555849374
0.279901732456317,-0.0293443722063086
0.276970646127225,-0.0294276605143283
0.274016036110576,-0.0294652520919125
0.271061426093927,-0.0295028436694967
0.268106816077277,-0.0295404352470809
0.26515190947264,-0.0295755096586264
0.262191731294416,-0.0295658438023816
0.259231553116192,-0.0295561779461369
0.256271374937968,-0.0295465120898922
0.253312115063513,-0.0295335191658916
0.250364669363902,-0.0294777228019938
0.247417223664291,-0.029421926438096
0.244469777964679,-0.0293661300741982
0.241529007764801,-0.0293004347382337
0.238611741903415,-0.0291998852640776
0.23569447604203,-0.0290993357899215
0.232777210180645,-0.0289987863157653
0.229877457695024,-0.0288819882667182
0.227007492238573,-0.028737554382026
0.224137526782122,-0.0285931204973339
0.221267561325671,-0.0284486866126416
0.218430806838844,-0.0282820470024458
0.215624791491048,-0.0280948543975238
0.212818776143253,-0.0279076617926017
0.210012760795457,-0.0277204691876797
0.207260161689544,-0.0275056745080448
0.204534063637618,-0.0272771857899235
0.201807965585693,-0.0270486970718022
0.199081867533767,-0.0268202083536809
0.196435364990967,-0.0265586599384086
0.193804622935455,-0.0262905654636616
0.191173880879942,-0.0260224709889147
0.188543254026543,-0.0257543370246219
0.186022755473609,-0.0254484527410512
0.183502256920674,-0.0251425684574805
0.18098175836774,-0.0248366841739099
0.17848206551124,-0.0245248137171308
0.17608587620664,-0.0241831634261964
0.173689686902038,-0.023841513135262
0.171293497597437,-0.0234998628443276
0.16894359271698,-0.0231469353058448
0.166686105798637,-0.0227714900358372
0.164428618880294,-0.0223960447658295
0.162171131961951,-0.0220205994958219
0.159980778694386,-0.0216312612407323
0.157875879887517,-0.0212242385973535
0.155770981080648,-0.0208172159539747
0.153666082273779,-0.020410193310596
0.151650992621692,-0.0199873762468321
0.149710508089645,-0.0195514386428334
0.147770023557598,-0.0191155010388347
0.145829539025551,-0.018679563434836
0.144003302624069,-0.0182265940319848
0.14223790900614,-0.0177645543533578
0.140472515388211,-0.0173025146747308
0.138707121770283,-0.0168404749961039
0.137084565607658,-0.0163605673975259
0.135507418694075,-0.0158749794343324
0.133930271780492,-0.0153893914711388
0.13235312486691,-0.0149038035079453
0.130920026597341,-0.0144033684975704
0.129543622660637,-0.0138970900206312
0.128167218723933,-0.013390811543692
0.12679081478723,-0.0128845330667527
0.125555404651746,-0.0123665859408711
0.124387455167716,-0.0118430557705406
0.123219505683687,-0.01131952560021
0.122051556199658,-0.0107959954298794
0.121019967008978,-0.0102637400118501
0.120066698461523,-0.00972647311287379
0.119113429914068,-0.00918920621389737
0.118160161366614,-0.00865193931492103
0.117341976354174,-0.00810847658395614
0.116616130334718,-0.00756077857082719
0.115890284315263,-0.00701308055769816
0.115164438295807,-0.00646538254456921
0.114501464246139,-0.00591592577815556
0.114014667802233,-0.00536154069561229
0.113527871358326,-0.00480715561306894
0.113041074914419,-0.00425277053052567
0.112554278470513,-0.00369838544798233
0.112292173156316,-0.0031416863797971
0.112046451240928,-0.0025848185868844
0.11180072932554,-0.00202795079397177
0.111555007410152,-0.00147108300105906
0.111454271018585,-0.000915229719454672
0.111449760623091,-0.000360049762735271
0.111445250227597,0.000195130193984051
0.111440739832103,0.000750310150703452
0.11150582304082,0.00130374052754715
0.111758967331564,0.00185244305779882
0.112012111622309,0.00240114558805041
0.112265255913053,0.00294984811830207
0.112518400203797,0.00349855064855366
0.112846971329905,0.00404388007108179
0.113371488733776,0.00458044672503104
0.113896006137647,0.00511701337898036
0.114420523541518,0.00565358003292961
0.114945040945389,0.00619014668687893
0.11554501665491,0.00672174382881964
0.116333571767401,0.00724092156113356
0.117122126879892,0.00776009929344739
0.117910681992383,0.0082792770257613
0.118699237104874,0.00879845475807514
0.119562395967586,0.00931106070806812
0.120605027630187,0.00980785704835768
0.121647659292788,0.0103046533886473
0.122690290955389,0.0108014497289369
0.12373292261799,0.0112982460692265
0.124843716390929,0.0117874699539259
0.126112448684512,0.0122591476912478
0.127381180978096,0.0127308254285695
0.12864991327168,0.0132025031658914
0.129918645565263,0.0136741809032131
0.131381133556603,0.0141196111483736
0.132848365487269,0.0145643987465733
0.134315597417935,0.0150091863447731
0.1357828293486,0.0154539739429728
0.137371209758218,0.0158792164726793
0.13902461372963,0.0162939686521977
0.140678017701043,0.0167087208317162
0.142331421672455,0.0171234730112346
0.144040972632969,0.0175275174596605
0.145866941701909,0.0179093599375217
0.14769291077085,0.018291202415383
0.14951887983979,0.0186730448932442
0.15134484890873,0.0190548873711054
