-0.0538650407026499,-0.0403987805269874
-0.0576998544602945,-0.03909553556861
-0.061534668217939,-0.0377922906102325
-0.0653694819755835,-0.0364890456518551
-0.0688727671227979,-0.0351548204204965
-0.0722803986847916,-0.0338116566719526
-0.0756880302467852,-0.0324684929234087
-0.0788531707209623,-0.0311064841245816
-0.0818216380466096,-0.0297291909893
-0.084790105372257,-0.0283518978540184
-0.0876111269883569,-0.0269653334805865
-0.090130403505888,-0.025559795678371
-0.0926496800234191,-0.0241542578761555
-0.0951212464513639,-0.0227463963899264
-0.0971832225013218,-0.0213185861125351
-0.0992451985512797,-0.0198907758351438
-0.101307174601238,-0.0184629655577525
-0.102961028616155,-0.0170208850693389
-0.104559446820841,-0.0155768662373852
-0.106157865025526,-0.0141328474054314
-0.107449154791992,-0.0126821840680366
-0.108579742254832,-0.0112280440505368
-0.109710329717671,-0.00977390403303705
-0.110637566036103,-0.00831801536891179
-0.111298061395012,-0.00685983295974711
-0.111958556753921,-0.00540165055058243
-0.112506202510271,-0.0039440954089371
-0.1126258670254,-0.00248891917448704
-0.112745531540529,-0.00103374294003698
-0.112865196055658,0.00042143329441308
-0.112974550733047,0.00187639170757489
-0.112485986962262,0.00331871758762272
-0.111997423191476,0.00476104346767056
-0.11150885942069,0.0062033693477184
-0.111020295649905,0.00764569522776623
-0.110035941668582,0.00906912207714183
-0.108946595938872,0.0104885467452905
-0.107857250209163,0.0119079714134392
-0.106767904479453,0.0133273960815879
-0.105305353562896,0.0147261260949643
-0.10362692165677,0.0161128852603768
-0.101948489750643,0.0174996444257893
-0.100270057844517,0.0188864035912018
-0.0983317513532707,0.0202539812238925
-0.0960651327779078,0.0215973259021312
-0.093798514202545,0.0229406705803698
-0.0915318956271821,0.0242840152586085
-0.0892489639376392,0.0256258301021477
-0.0864005565900951,0.0269146149555976
-0.083552149242551,0.0282033998090474
-0.0807037418950069,0.0294921846624972
-0.0778553345474627,0.0307809695159471
-0.0746656679225448,0.0320303049939263
-0.0712616952050103,0.0332548668113085
-0.0678577224874759,0.0344794286286906
-0.0644537497699414,0.0357039904460728
-0.0609444854812631,0.0369138686163735
-0.057015294720241,0.0380651850988482
-0.0530861039592188,0.0392165015813228
-0.0491569131981966,0.0403678180637975
-0.0452277224371744,0.0415191345462721
-0.0409251466532648,0.0426086135296424
-0.0365213270138611,0.0436813251912411
-0.0321175073744574,0.0447540368528398
-0.0277136877350536,0.0458267485144386
-0.0230208031076753,0.046843069530284
-0.0181930307315393,0.0478330767150774
-0.0133652583554033,0.0488230838998707
-0.00853748597926726,0.0498130910846641
-0.00348545663832041,0.0507518387274372
0.00173099099475454,0.0516530044544766
0.0069474386278295,0.0525541701815159
0.0121638862609045,0.0534553359085552
0.0175461065088409,0.0543119843081305
0.0231136762587385,0.0551188581144716
0.0286812460086361,0.0559257319208126
0.0342488157585337,0.0567326057271536
0.0399236477785289,0.0575056225633584
0.0457832727644562,0.0582203101294176
0.0516428977503835,0.0589349976954768
0.0575025227363109,0.0596496852615361
0.0635570615069417,0.0602916929129736
0.0696548501313943,0.060917573456275
0.0757526387558468,0.0615434539995763
0.0819059802988303,0.0621446823015941
0.0882098727586637,0.0626791019169439
0.0945137652184971,0.0632135215322936
0.100817657678331,0.0637479411476434
0.107246438349577,0.0642148914723321
0.113723624384689,0.0646556914059849
0.120200810419802,0.0650964913396377
0.126701410137323,0.0655214102481026
0.133314872825413,0.0658697764961578
0.139928335513503,0.066218142744213
0.146541798201593,0.0665665089922682
0.153239708665338,0.0668392011921101
0.159954399745686,0.0670968562026347
0.166669090826035,0.0673545112131593
0.173418929657066,0.0675667828191675
0.180204390346363,0.0677330588444644
0.18698985103566,0.0678993348697612
0.193781715787933,0.0680510357726022
0.200607435739052,0.0681256850176547
0.20743315569017,0.0682003342627072
0.214258875641289,0.0682749835077598
0.221092686112047,0.0682753773503973
0.227928254645831,0.0682596355573417
0.234763823179615,0.0682438937642862
0.241588329875589,0.0681782041891425
0.248404235693647,0.0680736788632573
0.255220141511706,0.0679691535373722
0.262021313223134,0.0678379418677656
0.268788698586101,0.067645536524812
0.275556083949067,0.0674531311818583
0.282320026553993,0.0672568497040917
0.289010490001802,0.0669778394619028
0.295700953449612,0.0666988292197139
0.302391416897422,0.066419818977525
0.308999748155136,0.0660742167455179
0.315585697128185,0.0657104671723682
0.322171646101235,0.0653467175992186
0.32868596481613,0.0649380022135075
0.335140431900962,0.0644917150355356
0.341594898985793,0.0640454278575637
0.348001396820512,0.0635747695114364
0.354297934486389,0.063048245006073
0.360594472152266,0.0625217205007098
0.366879508438057,0.061990330737623
0.372992567821753,0.0613861921439623
0.379105627205449,0.0607820535503016
0.385218686589144,0.0601779149566409
0.391159938789806,0.0595121576428638
0.397063893374296,0.0588330235229992
0.402967847958786,0.0581538894031347
0.408742487020839,0.0574349763157205
0.41441228303806,0.0566838122811687
0.420082079055282,0.0559326482466168
0.425679121647229,0.0551621227527534
0.43109172979569,0.0543425147592034
0.436504337944151,0.0535229067656534
0.44191317959676,0.0527024264819549
0.447046885825183,0.0518182270467138
0.452180592053607,0.0509340276114726
0.457314298282031,0.0500498281762315
0.462222558916881,0.0491201199369168
0.467053299402643,0.0481747633577048
0.471884039888406,0.0472294067784929
0.476584806699372,0.0462612206764329
0.481089175761678,0.0452585378434207
0.485593544823984,0.0442558550104085
0.490079863675075,0.0432504222617166
0.494239421261832,0.0421952080498872
0.498398978848589,0.0411399938380579
0.502558536435346,0.0400847796262285
0.506462697078353,0.0389959805806192
0.510260736935841,0.0378932265953387
0.514058776793328,0.0367904726100581
0.517718126089665,0.035672149519132
0.521131520335225,0.0345262160404635
0.524544914580785,0.0333802825617949
0.527958308826345,0.0322343490831263
0.531016257124805,0.0310549403269171
0.534022802425532,0.0298706905262973
0.53702934772626,0.0286864407256774
0.539873760672459,0.0274896818077008
0.542461082558888,0.0262730873532122
0.545048404445317,0.0250564928987236
0.547635726331745,0.023839898444235
0.549836655277872,0.0225996664974436
0.551994572094993,0.0213568032943268
0.554152488912114,0.02011394009121
0.556123152408188,0.0188625397643767
0.557827585599154,0.017599001649871
0.559532018790119,0.0163354635353653
0.561236451981085,0.0150719254208596
0.562620657913632,0.0137987372170801
0.563849121782983,0.0125208557063631
0.565077585652333,0.0112429741956461
0.566306049521683,0.00996509268492911
0.567086812049398,0.00868058156186869
0.567835248320708,0.0073955917479299
0.568583684592017,0.00611060193399111
0.569239458451448,0.00482562998262689
0.569506594815835,0.00354073294908638
0.569773731180223,0.00225583591554586
0.57004086754461,0.00097093888200534
0.570075154847552,-0.000310274742731172
0.569827586063935,-0.00158702972295244
0.569580017280318,-0.00286378470317371
0.569332448496702,-0.00414053968339498
0.568994305413137,-0.00541435705065617
0.568202442167454,-0.00667345882829357
0.56741057892177,-0.00793256060593098
0.566618715676086,-0.00919166238356838
0.565826852430403,-0.0104507641612058
0.564564132384648,-0.0116862842263315
0.563237460142951,-0.0129186014019609
0.561910787901255,-0.0141509185775904
0.560584115659558,-0.0153832357532198
0.558947506829204,-0.0165943910643837
0.557099436935879,-0.0177911082274935
0.555251367042553,-0.0189878253906034
0.553403297149228,-0.0201845425537133
0.55139539165878,-0.0213672246496457
0.549029128553297,-0.0225184395799957
0.546662865447814,-0.0236696545103458
0.544296602342331,-0.0248208694406959
0.541930339236848,-0.025972084371046
0.53916708867193,-0.0270798748537352
0.536291213486848,-0.0281753458996074
0.533415338301766,-0.0292708169454796
0.530539463116683,-0.0303662879913519
0.527543204978591,-0.0314457038883778
0.524184931101971,-0.0324768387254911
0.520826657225351,-0.0335079735626045
0.517468383348731,-0.0345391083997178
0.514110109472112,-0.0355702432368312
0.510426736938765,-0.0365493375779876
0.506617001219072,-0.0375082042044116
0.502807265499379,-0.0384670708308356
0.498997529779686,-0.0394259374572596
0.495112110901275,-0.0403704504775689
0.490905408357752,-0.0412540307982105
0.48669870581423,-0.0421376111188522
0.482492003270707,-0.0430211914394938
0.478243080367051,-0.0438953432136784
0.473692100859648,-0.0447020404537927
0.469141121352245,-0.045508737693907
0.464590141844842,-0.0463154349340213
0.46002212500311,-0.0471176684246804
0.455159198531938,-0.0478426361487379
0.450296272060766,-0.0485676038727954
0.445433345589594,-0.0492925715968529
0.440570419118421,-0.0500175393209104
0.435433344297375,-0.0506576943726446
0.430292545256262,-0.0512966972706041
0.42515174621515,-0.0519357001685636
0.420010947174037,-0.052574703066523
0.414659813511251,-0.0531364544941255
0.409290036119263,-0.0536913584732086
0.403920258727274,-0.0542462624522917
0.398487872948783,-0.0547735592095574
0.392933828541322,-0.0552472104898584
0.387379784133862,-0.0557208617701594
0.381825739726401,-0.0561945130504604
0.376153923474849,-0.0566048380387965
0.3704451118491,-0.05699527049776
0.36473630022335,-0.0573857029567236
0.359004765898423,-0.0577607014367855
0.353171208762981,-0.0580664027839377
0.347337651627539,-0.05837210413109
0.341504094492098,-0.0586778054782422
0.335614809589223,-0.0589330581458038
0.32968888757693,-0.0591551443349773
0.323762965564637,-0.0593772305241509
0.317824367869742,-0.0595824221582174
0.311836886420943,-0.0597224599619082
0.305849404972143,-0.0598624977655991
0.299861923523344,-0.0600025355692899
0.293847292912122,-0.0600760739455743
0.287826230781216,-0.0601338588938285
0.28180516865031,-0.0601916438420826
0.275781764654078,-0.0602156950066126
0.269755005130112,-0.060191410920761
0.263728245606145,-0.0601671268349093
0.257701781097828,-0.0601417441670161
0.251696701930983,-0.0600367265643099
0.245691622764138,-0.0599317089616038
0.239686543597293,-0.0598266913588976
0.233714345588965,-0.0596678214902449
0.227757539596285,-0.0594837428103
0.221800733603604,-0.0592996641303551
0.215869898514777,-0.0590884487648343
0.209987574354935,-0.0588265449121375
0.204105250195093,-0.0585646410594408
0.198224550820365,-0.0583014998521388
0.192442349643171,-0.0579633473727042
0.186660148465976,-0.0576251948932695
0.180877947288782,-0.0572870424138348
0.175181264321404,-0.056898098295931
0.169524132183818,-0.0564856638424339
0.163867000046231,-0.0560732293889368
0.158263183228916,-0.0556351066790217
0.152755482043141,-0.0551506737720329
0.147247780857367,-0.0546662408650442
0.141745237702727,-0.0541797369627022
0.136410566842007,-0.0536258308420374
0.131075895981286,-0.0530719247213726
0.125741225120566,-0.0525180186007077
0.120544058308095,-0.0519172635769736
0.115405030575292,-0.0512967000301991
0.110266002842489,-0.0506761364834247
0.105209207705812,-0.0500315316621723
0.100288969837489,-0.0493470033686587
0.095368731969165,-0.0486624750751451
0.0904497391035905,-0.0479776324728433
0.0857708663137165,-0.047232170044527
0.0810919935238426,-0.0464867076162107
0.0764131207339686,-0.0457412451878944
0.0719000590945196,-0.0449594786583732
0.0674825266577992,-0.0441567961540518
0.0630649942210788,-0.0433541136497305
0.0587212987108961,-0.0425373788350796
0.0545836948133853,-0.0416814215956428
0.0504460909158745,-0.040825464356206
0.0463084870183638,-0.0399695071167693
0.0424402990108163,-0.0390690855625959
0.0386043666753051,-0.0381633405423359
0.0347684343397939,-0.0372575955220758
0.0310691096122327,-0.0363324200260585
0.0275558888339926,-0.0353807739086032
0.0240426680557525,-0.0344291277911478
0.0205294472775124,-0.0334774816736925
0.0173383883381931,-0.0324866777484041
0.0141630239319078,-0.0314939661995728
0.0109876595256224,-0.0305012546507415
0.00798220077411095,-0.0294910914491728
0.00515803953631887,-0.0284623064939268
0.00233387829852678,-0.0274335215386808
-0.00048506363089931,-0.026404293020738
-0.00293685880637269,-0.0253438625517224
-0.00538865398184599,-0.0242834320827068
-0.00784044915731928,-0.0232230016136912
-0.0101492238709807,-0.0221528462679188
-0.0122085517112077,-0.0210657294323652
-0.0142678795514347,-0.0199786125968116
-0.0163272073916617,-0.018891495761258
-0.0180997731067106,-0.0177895536711491
-0.0197579288437663,-0.0166816967237475
-0.021416084580822,-0.0155738397763458
-0.0230476610487457,-0.0144650216386876
-0.0242982080262485,-0.0133424242721174
-0.0255487550037513,-0.0122198269055472
-0.0267993019812541,-0.0110972295389771
-0.0278706970377549,-0.00997092975736546
-0.0286901809115393,-0.00883942389285625
-0.0295096647853237,-0.00770791802834704
-0.030329148659108,-0.00657641216383782
-0.0309555746353521,-0.00544395634552883
-0.0313225681613191,-0.00431022397316497
-0.0316895616872862,-0.00317649160080111
-0.0320565552132533,-0.00204275922843725
-0.0322257142087119,-0.000911216625690474
-0.032140729319069,0.000217512936498971
-0.0320557444294261,0.00134624249868842
-0.0319707595397833,0.00247497206087786
-0.031684495264527,0.00359826353235053
-0.0311509863645901,0.00471487504156999
-0.0306174774646532,0.00583148655078944
-0.0300839685647163,0.0069480980600089
-0.0293306658579187,0.00805501956317442
-0.0283191479062109,0.0091505571819524
-0.0273076299545031,0.0102460948007304
-0.0262961120027953,0.0113416324195084
-0.0252845940510876,0.0124371700382864
-0.0238629906292526,0.0135069448874247
-0.0223492876164048,0.0145709337706607
-0.0208355846035569,0.0156349226538967
-0.019321881590709,0.0166989115371327
-0.017723998475426,0.017755879182117
-0.0157248098376849,0.0187793750017722
-0.0137256211999437,0.0198028708214274
-0.0117264325622026,0.0208263666410825
-0.00972724392446146,0.0218498624607377
-0.00748168541366954,0.022847404545199
-0.00501781009119953,0.0238219481329346
-0.00255393476872952,0.0247964917206702
-9.00594462595094e-05,0.0257710353084059
0.0023738158762105,0.0267455788961415
0.00522881965915287,0.0276695086018842
0.00813366334614401,0.0285869887871317
0.0110385070331352,0.0295044689723793
0.0139433507201263,0.0304219491576268
0.0169405436494131,0.0313249588995173
0.0202587969550574,0.0321776608546325
0.0235770502607018,0.0330303628097476
0.0268953035663461,0.0338830647648628
0.0302135568719904,0.034735766719978
0.0337453893235981,0.0355483191332027
0.0374451753467919,0.03632929889954
0.0411449613699858,0.0371102786658772
0.0448447473931797,0.0378912584322144
0.0485445334163735,0.0386722381985516
0.0525550013201422,0.0393833826861337
0.0566014529004341,0.0400864387390893
0.0606479044807261,0.0407894947920449
0.064694356061018,0.0414925508450005
0.0688071880798505,0.042177872335843
0.073139013475423,0.0428046863547925
0.0774708388709956,0.043431500373742
0.0818026642665682,0.0440583143926915
0.0862132400299583,0.0446601323037163
0.0907750021022492,0.0452139622573673
0.0953367641745401,0.0457677922110183
0.099898526246831,0.0463216221646692
0.104551174049213,0.0468411230016356
0.109313848206369,0.0473190649759771
0.114076522363526,0.0477970069503187
0.118839196520682,0.0482749489246602
0.12369799117078,0.0487088727531838
0.12863162396525,0.0491085246356226
0.133565256759721,0.0495081765180613
0.138498889554191,0.0499078284005001
0.143523199031785,0.0502559473844233
0.148591742749423,0.0505789273962905
0.153660286467061,0.0509019074081576
0.158741079003802,0.0512159099113307
0.163911211702472,0.0514644324630338
0.169081344401141,0.051712955014737
0.17425147709981,0.0519614775664402
0.179464247040923,0.0521671570322939
0.184709310482114,0.0523403870920206
0.189954373923305,0.0525136171517474
0.195200278512964,0.0526855240386243
0.200493485381901,0.0527830218360328
0.205786692250838,0.0528805196334413
0.211079899119775,0.0529780174308498
0.216382983900037,0.0530407676587554
0.22169739157862,0.0530636872804258
0.227011799257203,0.0530866069020963
0.232326074718976,0.0531074819763176
0.237635756700905,0.0530573253298415
0.242945438682833,0.0530071686833653
0.248255120664761,0.0529570120368891
0.253547216619869,0.0528641128050058
0.258827093550708,0.052741515410271
0.264106970481547,0.0526189180155361
0.269378556837866,0.0524854517621015
0.274603923496307,0.0522913919558094
0.279829290154748,0.0520973321495173
0.285054656813189,0.0519032723432252
0.290224027686719,0.0516593306204582
0.295370985218515,0.0513954227441306
0.300517942750311,0.0511315148678029
0.305633742903091,0.0508467912245535
0.310679018314494,0.0505149510835425
0.315724293725897,0.0501831109425314
0.320769569137301,0.0498512708015204
0.325702894470292,0.0494600959539056
0.330623599597362,0.0490622322658158
0.335544304724432,0.0486643685777261
0.340393004788585,0.0482351717448297
0.345167048356414,0.0477734879906626
0.349941091924243,0.0473118042364954
0.354701100890459,0.0468449974812789
0.359306522856461,0.046321762379455
0.363911944822463,0.0457985272776311
0.368517366788465,0.0452752921758073
0.372999185963717,0.0447136979446122
0.377414574545047,0.044131487514293
0.381829963126378,0.0435492770839739
0.38619969168634,0.0429548994630235
0.39040526691794,0.042316779312413
0.39461084214954,0.0416786591618026
0.39881641738114,0.0410405390111922
0.402842736394885,0.0403611343423599
0.40681990664964,0.0396704102177209
0.410797076904396,0.0389796860930819
0.414686657272087,0.0382714972128982
0.418415001709369,0.0375311591177313
0.422143346146652,0.0367908210225643
0.425871690583934,0.0360504829273974
0.429374700432066,0.0352713287931904
0.432834419179535,0.0344847173526738
0.436294137927003,0.0336981059121573
0.439661296982722,0.032897773259476
0.442836804100361,0.032069029785038
0.446012311218,0.0312402863106
0.449187818335639,0.030411542836162
0.45212102114521,0.0295520721790764
0.454998308001276,0.0286855106876181
0.457875594857342,0.0278189491961598
0.460657799422835,0.0269422091776594
0.463217436519726,0.0260416433869338
0.465777073616617,0.0251410775962081
0.468336710713508,0.0242405118054824
0.470683780083569,0.0233211405180124
0.472907215153214,0.0223908315192132
0.475130650222858,0.021460522520414
0.477354085292502,0.0205302135216147
0.479243360073965,0.019576193169761
0.481120584356719,0.0186213177383557
0.482997808639473,0.0176664423069505
0.484769431825648,0.0167058110566476
0.486292437957337,0.0157316288605041
0.487815444089027,0.0147574466643605
0.489338450220717,0.013783264468217
0.490625206172162,0.0128000112299826
0.491773839392546,0.0118114546429599
0.49292247261293,0.0108228980559372
0.494071105833315,0.00983434146891444
0.494952742554082,0.00883982388316116
0.495708396045654,0.00784249357937457
0.496464049537225,0.00684516327558798
0.497219703028797,0.00584783297180139
0.497687704494968,0.00484869058326504
0.498048109499731,0.00384887038303388
0.498408514504493,0.00284905018280273
0.498768919509255,0.00184922998257157
0.498822779928873,0.000852312501475471
0.498788221882796,-0.000143767731191903
0.498753663836718,-0.00113984796385921
0.498719105790641,-0.00213592819652651
0.498334705098549,-0.00312287397375936
0.497875835392503,-0.00410787535142584
0.497416965686457,-0.00509287672909233
0.496958095980411,-0.00607787810675881
0.496400090133766,-0.00705850823465735
0.495491540251632,-0.00802368168324073
0.494582990369499,-0.00898885513182412
0.493674440487366,-0.00995402858040751
0.492765890605233,-0.0109192020289909
0.491586892735132,-0.0118671977045702
0.490239605828726,-0.0128045043345904
0.488892318922319,-0.0137418109646106
0.487545032015913,-0.0146791175946308
0.486192491136934,-0.0156159837941322
0.484421106265872,-0.0165177390991267
0.48264972139481,-0.0174194944041212
0.480878336523748,-0.0183212497091158
0.479106951652686,-0.0192230050141103
0.477166946298426,-0.020106906983701
0.474982633460046,-0.0209649419686114
0.472798320621667,-0.0218229769535219
0.470614007783287,-0.0226810119384323
0.468429694944907,-0.0235390469233427
0.46599065059614,-0.0243638084472777
0.463409028749433,-0.0251699462571444
0.460827406902727,-0.025976084067011
0.45824578505602,-0.0267822218768777
0.455664163209314,-0.0275883596867443
0.452758410619306,-0.0283430778660835
0.449805900444753,-0.0290903784900956
0.4468533902702,-0.0298376791141078
0.443900880095647,-0.0305849797381199
0.440911940899526,-0.0313253304397665
0.437618078074314,-0.0320075078647674
0.434324215249102,-0.0326896852897683
0.43103035242389,-0.0333718627147692
0.427736489598678,-0.0340540401397701
0.424344188231844,-0.034713845060013
0.420760381051396,-0.0353301257197813
0.417176573870947,-0.0359464063795496
0.413592766690499,-0.0365626870393179
0.409960308386806,-0.0371658318658843
0.40613464917981,-0.0377168123297202
0.402308989972814,-0.038267792793556
0.398483330765818,-0.0388187732573919
0.394644225089117,-0.0393654416981228
0.390604494474325,-0.0398477735964398
0.386564763859533,-0.0403301054947569
0.382525033244741,-0.0408124373930739
0.378485302629949,-0.041294769291391
0.374274440606273,-0.0417110256357652
0.370049596061286,-0.0421218831883737
0.365824751516299,-0.0425327407409823
0.361599906971312,-0.0429435982935909
0.357258873063301,-0.0432995993848501
0.352886227020835,-0.0436406754452222
0.348513580978369,-0.0439817515055943
0.344130643215912,-0.0443167280645333
0.339644278299621,-0.0445904073793223
0.335157913383331,-0.0448640866941113
0.330671548467041,-0.0451377660089003
0.326150218574853,-0.0453843965594831
0.321575309002006,-0.0455895780854022
0.317000399429159,-0.0457947596113213
0.312425489856312,-0.0459999411372404
0.307806434013371,-0.0461567293606486
0.303168392413396,-0.0462927053278555
0.298530350813421,-0.0464286812950624
0.293892173747187,-0.0465644085588347
0.289217046580755,-0.0466322988803274
0.284541919414323,-0.0467001892018202
0.279866792247891,-0.046768079523313
0.275186018564447,-0.0468052151007153
0.270498661323094,-0.0468064921766245
0.265811304081742,-0.0468077692525338
0.26112394684039,-0.046809046328443
0.256447039416109,-0.0467493951497341
0.251771044012928,-0.0466844263799715
0.247095048609747,-0.0466194576102089
0.242432150284709,-0.0465297287575856
0.237790824537113,-0.0463992168540252
0.233149498789518,-0.0462687049504648
0.228508173041923,-0.0461381930469044
0.223914656072114,-0.0459541057473999
0.219330531126185,-0.0457594935731478
0.214746406180256,-0.0455648813988957
0.210189172478563,-0.0453490596754276
0.205684124735273,-0.0450920780620184
0.201179076991983,-0.0448350964486091
0.196674029248694,-0.0445781148351998
0.192253972117786,-0.0442698258641278
0.187849585955511,-0.0439520766012655
0.183445199793236,-0.0436343273384032
0.179083180289321,-0.0432960544203381
0.174800335753607,-0.0429194268193477
0.170517491217893,-0.0425427992183572
0.166234646682178,-0.0421661716173667
0.162072967496746,-0.0417410684458396
0.157932196667455,-0.0413076003045374
0.153791425838164,-0.0408741321632351
0.149705885343981,-0.0404220857087942
0.145727181724702,-0.0399341015959485
0.141748478105423,-0.0394461174831027
0.137769774486144,-0.038958133370257
0.133940903925274,-0.0384272166114257
0.130142996791608,-0.0378874276993277
0.126345089657941,-0.0373476387872298
0.122610026533807,-0.0367923767115967
0.11901055895347,-0.0362037289236349
0.115411091373133,-0.0356150811356732
0.111811623792796,-0.0350264333477114
0.108387090835226,-0.0344006502414555
0.105005029730239,-0.0337658511626078
0.101622968625253,-0.0331310520837601
0.0982922662628202,-0.0324868604138446
0.0951459911885624,-0.0318089403071837
0.0919997161143046,-0.0311310202005228
0.0888534410400468,-0.0304531000938618
0.0858653176266786,-0.0297503267887084
0.0829696809098651,-0.029033019395108
0.0800740441930516,-0.0283157120015076
0.0771900701334718,-0.027596837256657
0.0745584640539863,-0.0268440466330178
0.0719268579745008,-0.0260912560093785
0.0692952518950153,-0.0253384653857392
0.0667925710767424,-0.0245710323270058
0.0644428626460438,-0.0237862257277019
0.0620931542153451,-0.0230014191283979
0.0597434457846465,-0.022216612529094
0.0576092475759136,-0.0214115190734264
0.0555584930151968,-0.0205985707267643
0.05350773845448,-0.0197856223801022
0.0514569838937633,-0.0189726740334401
0.0497100585407201,-0.0181366553570688
0.0479679434535665,-0.0173002714280579
0.0462258283664129,-0.0164638874990471
0.0445621800219628,-0.0156228807763896
0.0431365294042435,-0.0147678526436268
0.0417108787865244,-0.0139128245108641
0.040285228168805,-0.0130577963781013
0.0390307346229307,-0.0121955220271976
0.0379397140696729,-0.0113263267763748
0.0368486935164152,-0.0104571315255522
0.0357576729631573,-0.00958793627472945
0.0348409673497645,-0.00871423115359288
0.0341013369649034,-0.00783594474804588
0.0333617065800424,-0.006957658342499
0.0326220761951813,-0.006079371936952
0.0320525691467667,-0.00519946587908458
0.031666873354064,-0.00431780985361662
0.0312811775613614,-0.00343615382814878
0.0308954817686588,-0.00255449780268082
0.0306745370269284,-0.00167391612067583
0.0306429510772271,-0.000794569249490731
0.0306113651275259,8.47776216942406e-05
0.0305797791778246,0.000964124492879337
0.0307188305844001,0.00183948458325884
0.0310665694481219,0.00270996888813259
0.0314143083118436,0.00358045319300623
0.0317620471755654,0.00445093749787998
0.0321097860392871,0.00532142180275362
0.0327807911313426,0.00617849586732404
0.0335295723749653,0.00703234349872265
0.0342783536185882,0.00788619113012137
0.0350271348622109,0.00874003876151998
0.0358394784352194,0.0095900111337661
0.0369799305655683,0.0104199794296642
0.0381203826959174,0.0112499477255625
0.0392608348262663,0.0120799160214606
0.0404012869566154,0.0129098843173588
0.0417382184944248,0.0137238782223105
0.0432576050071076,0.0145230379665917
0.0447769915197902,0.0153221977108727
0.046296378032473,0.0161213574551538
0.0478157645451556,0.0169205171994349
0.0496607276186843,0.0176859915964046
0.0515523185494113,0.0184466417039352
0.0534439094801385,0.0192072918114658
0.0553355004108655,0.0199679419189964
0.0572270913415927,0.020728592026527
0.0594753319357623,0.0214434266202199
0.0617278871946999,0.0221577069484708
0.0639804424536372,0.0228719872767217
0.0662329977125748,0.0235862676049726
0.0685196841951242,0.0242951918808094
0.071108943756978,0.0249566347862085
0.0736982033188314,0.0256180776916075
0.0762874628806851,0.0262795205970067
0.0788767224425385,0.0269409635024057
0.0815324210866882,0.0275898073179823
0.0844311454939351,0.0281925652558998
0.0873298699011824,0.0287953231938174
0.0902285943084292,0.0293980811317349
0.0931273187156765,0.0300008390696525
0.0961123384316838,0.0305840101906622
0.0992741487136325,0.0311270543975227
0.102435958995581,0.0316700986043831
0.105597769277529,0.0322131428112436
0.108772228734629,0.032752758532875
0.112153535694619,0.0332363094439714
0.115534842654609,0.0337198603550676
0.118916149614599,0.0342034112661639
0.122297456574588,0.0346869621772601
0.125830986151217,0.0351212154473634
0.129405654469579,0.0355421458422871
0.132980322787943,0.0359630762372109
0.136554991106305,0.0363840066321347
0.140215508957984,0.0367712175022215
0.143956275383022,0.037126908762847
0.14769704180806,0.0374826000234726
0.151437808233098,0.0378382912840981
0.155210888568544,0.038178321716941
0.159082758381067,0.0384704741626342
0.162954628193591,0.0387626266083275
0.166826498006114,0.0390547790540208
0.170743410725088,0.0393191861717932
0.174714596906266,0.0395501621652241
0.178685783087444,0.0397811381586551
0.182656969268621,0.040012114152086
0.186678273122243,0.0402020423446627
0.190725328208299,0.0403708795445969
0.194772383294355,0.0405397167445312
0.198819438380411,0.0407085539444655
0.202911802858651,0.040822968312925
0.20701107963435,0.0409290800584262
0.21111035641005,0.0410351918039275
0.215211734480941,0.0411367028419907
0.219339145378656,0.0411812159768306
0.223466556276371,0.0412257291116705
0.227593967174086,0.0412702422465103
0.231723695945805,0.0412880247487085
0.235856321859424,0.0412723962736016
0.239988947773042,0.0412567677984947
0.24412157368666,0.0412411393233878
0.248240683071457,0.0411768899837583
0.252356708696889,0.0411015479258558
0.256472734322322,0.0410262058679534
0.26058174737706,0.040940013131401
0.264659662786839,0.0408057024411203
0.26873757819662,0.0406713917508396
0.272815493606399,0.0405370810605589
0.276860828087229,0.0403708975073232
0.280879909865007,0.0401790317886777
0.284898991642787,0.0399871660700323
0.288918073420565,0.0397953003513868
0.29286062635805,0.0395492593170589
0.296800784113144,0.0393015227159147
0.300740941868239,0.0390537861147705
0.3046430396485,0.0387851230249943
0.308484474541486,0.0384831057034688
0.312325909434472,0.0381810883819434
0.316167344327458,0.0378790710604179
0.319914365556174,0.0375350433292779
0.323637988770402,0.0371806043914511
0.32736161198463,0.0368261654536242
0.331055551914185,0.036460766079581
0.334642553360759,0.0360558800909452
0.338229554807334,0.0356509941023094
0.341816556253908,0.0352461081136736
0.34530873815684,0.0348117181580889
0.348740833562164,0.0343586317400305
0.352172928967488,0.033905545321972
0.35560382923147,0.0334521420151024
0.358864059352292,0.0329534859361611
0.362124289473114,0.0324548298572199
0.365384519593937,0.0319561737782786
0.368569313475804,0.0314403516659687
0.371641796846701,0.030898972526881
0.374714280217597,0.0303575933877934
0.377786763588493,0.0298162142487058
0.380695893561584,0.0292428801315369
0.383563324410932,0.0286613888863061
0.386430755260279,0.0280798976410754
0.38927451525035,0.0274944368043791
0.391920174437261,0.0268757545603671
0.394565833624172,0.026257072316355
0.397211492811083,0.025638390072343
0.399759244895202,0.025005700549634
0.402170018438557,0.0243534139135266
0.404580791981912,0.023701127277419
0.406991565525267,0.0230488406413115
0.4092231085983,0.0223748428341083
0.411387321456754,0.0216926889482763
0.413551534315209,0.0210105350624442
0.415706017708383,0.0203273993878722
0.417607384817717,0.0196187220509121
0.419508751927051,0.0189100447139522
0.421410119036385,0.0182013673769921
0.42326190411613,0.0174886313296948
0.424884975368601,0.0167571731126364
0.426508046621072,0.0160257148955781
0.428131117873544,0.0152942566785198
0.429662781333648,0.0145569597467997
0.430999586116241,0.013807216127681
0.432336390898834,0.0130574725085625
0.433673195681427,0.0123077288894439
0.43487535966453,0.011551664623415
0.435919757749274,0.0107881941139458
0.436964155834019,0.0100247236044766
0.438008553918763,0.00926125309500743
0.438866903879509,0.00849214936345064
0.43960204872441,0.00771931518965704
0.440337193569313,0.00694648101586332
0.441072338414215,0.00617364684206972
0.441671071988588,0.00539896694768546
0.442081632524953,0.00462174096712025
0.442492193061319,0.00384451498655492
0.442902753597685,0.00306728900598971
0.443235587506195,0.00229031913337498
0.443320829402441,0.00151416507233732
0.443406071298688,0.000738011011299563
0.443491313194934,-3.8143049738088e-05
0.443557914557464,-0.00081392498115226
0.443319450012215,-0.00158361674030205
0.443080985466965,-0.00235330849945195
0.442842520921715,-0.00312300025860174
0.442604056376465,-0.00389269201775164
0.442058920149191,-0.0046507751019078
0.441470471565214,-0.00540721865068585
0.440882022981238,-0.00616366219946379
0.440293574397261,-0.00692010574824184
0.439705125813284,-0.00767654929701979
0.438783142078195,-0.00841378143880232
0.4378226949582,-0.0091487981147204
0.436862247838204,-0.00988381479063858
0.435901800718209,-0.0106188314665567
0.434941353598214,-0.0113538481424748
0.433651174648874,-0.0120626863171969
0.432331135943729,-0.0127691538270833
0.431011097238583,-0.0134756213369696
0.429691058533437,-0.014182088846856
0.428371019828292,-0.0148885563567423
0.426728857417178,-0.0155619659639851
0.425065154350662,-0.0162331649643214
0.423401451284146,-0.0169043639646578
0.421737748217631,-0.0175755629649941
0.420074045151115,-0.0182467619653305
0.418098412135648,-0.0188779599715967
0.416108994655332,-0.0195073902979769
0.414119577175016,-0.020136820624357
0.4121301596947,-0.0207662509507371
0.410140742214385,-0.0213956812771172
0.407865821754291,-0.0219801222004585
0.405571988586359,-0.0225615828696666
0.403278155418427,-0.0231430435388748
0.400984322250496,-0.023724504208083
0.398690489082563,-0.0243059648772912
0.396140584530609,-0.0248383511373851
0.39356782622091,-0.0253663576239969
0.390995067911212,-0.0258943641106086
0.388422309601514,-0.0264223705972204
0.385849551291816,-0.0269503770838321
0.383051418927225,-0.0274260208982688
0.380227759287564,-0.0278957337889499
0.377404099647903,-0.028365446679631
0.374580440008242,-0.0288351595703121
0.37175678036858,-0.0293048724609933
0.368753500307788,-0.0297242190384508
0.365725366520825,-0.0301365965277103
0.362697232733862,-0.0305489740169697
0.359669098946898,-0.0309613515062291
0.356533578712101,-0.0313372874073801
0.353342938049276,-0.0316945181928013
0.350152297386451,-0.0320517489782225
0.346961656723626,-0.0324089797636437
0.343709535262781,-0.0327408068960189
0.340380165909963,-0.0330407154666732
0.337050796557144,-0.0333406240373274
0.333721427204326,-0.0336405326079816
0.330366296266556,-0.0339271229440385
0.326922702131523,-0.0341679795406317
0.32347910799649,-0.0344088361372248
0.320035513861457,-0.0346496927338181
0.316591243565833,-0.034890095415491
0.313062008646934,-0.0350734603007446
0.309532773728036,-0.0352568251859982
0.306003538809138,-0.0354401900712518
0.302463235999793,-0.0356132478037228
0.298874463588978,-0.035741167432409
0.295285691178164,-0.0358690870610952
0.291696918767349,-0.0359970066897813
0.288094242053374,-0.036104599649715
0.284467260546802,-0.0361766614893556
0.28084027904023,-0.0362487233289962
0.277213297533658,-0.0363207851686368
0.27357716923554,-0.0363625372134107
0.269933308704766,-0.0363786668982131
0.266289448173992,-0.0363947965830155
0.262645587643219,-0.0364109262678178
0.259004699295698,-0.0363876164286815
0.255364967339777,-0.036348961797412
0.251725235383857,-0.0363103071661424
0.248086025512148,-0.0362705029165481
0.244470523975617,-0.0361784934174629
0.240855022439084,-0.0360864839183776
0.237239520902553,-0.0359944744192924
0.233638197505849,-0.0358854848643321
0.230066565617759,-0.0357409360976995
0.226494933729669,-0.0355963873310668
0.222923301841579,-0.0354518385644341
0.219391074339192,-0.0352751495653818
0.21588250670557,-0.0350791623672194
0.212373939071947,-0.0348831751690571
0.208865371438325,-0.0346871879708947
0.205432325988692,-0.0344449576569293
0.202005274376982,-0.034199057245961
0.19857822276527,-0.0339531568349926
0.19517609249996,-0.0336951886665377
0.191848448699605,-0.0334011516364452
0.18852080489925,-0.0331071146063527
0.185193161098895,-0.0328130775762602
0.181932676719761,-0.0324924401891366
0.17872184700571,-0.0321521356906011
0.17551101729166,-0.0318118311920657
0.172300187577609,-0.0314715266935302
0.169209305368399,-0.0310915138893596
0.166131876153191,-0.0307070475069482
0.163054446937984,-0.0303225811245368
0.160010561035269,-0.0299287147733705
0.1570832937181,-0.0295021679568911
0.154156026400932,-0.0290756211404116
0.151228759083763,-0.0286490743239322
0.148384995106218,-0.0282025891258222
0.145624131832356,-0.0277363094395531
0.142863268558493,-0.0272700297532838
0.14010240528463,-0.0268037500670147
0.137482546834034,-0.0263086672018739
0.134902403243777,-0.0258054717473926
0.13232225965352,-0.0253022762929112
0.129753490242624,-0.0247970908210953
0.127367212650219,-0.0242599767265002
0.124980935057815,-0.0237228626319052
0.122594657465411,-0.0231857485373102
0.120278930593129,-0.0226381134665345
0.118101940157525,-0.0220697891279076
0.115924949721921,-0.0215014647892808
0.113747959286317,-0.0209331404506539
0.111682099856189,-0.0203508380103696
0.10972917646048,-0.019754330431176
0.107776253064772,-0.0191578228519825
0.105823329669064,-0.0185613152727889
0.104023791944646,-0.0179487693102423
0.102305100878404,-0.0173277698221105
0.100586409812162,-0.0167067703339787
0.0988677187459193,-0.0160857708458469
0.0973466588323997,-0.015447933768429
0.0958708425633802,-0.0148062420664066
0.0943950262943609,-0.0141645503643842
0.0929192100253413,-0.0135228586623618
0.0916939841881407,-0.012864421521898
0.0904758210849959,-0.0122055124217608
0.0892576579818514,-0.0115466033216236
0.0880394948787066,-0.0108876942214863
0.0870658879192508,-0.0102167968998962
0.0861191447221145,-0.00954458270796736
0.0851724015249784,-0.00887236851603861
0.0842256583278422,-0.00820015432410977
0.0835078095795977,-0.00752067185057795
0.082837021713474,-0.00683969501252388
0.0821662338473503,-0.0061587181744699
0.0814954459812266,-0.00547774133641583
0.0810357790026198,-0.00479357131081666
0.0806435519143594,-0.00410838126194807
0.0802513248260991,-0.00342319121307959
0.0798590977378387,-0.00273800116421101
0.0796697370669553,-0.00205317906525563
0.0795730889740867,-0.00136852512417204
0.0794764408812181,-0.000683871183088547
0.0793797927883494,7.82757995041199e-07
0.0793264087099699,0.000684593870420949
0.0795402149597104,0.00136319983329651
0.0797540212094508,0.00204180579617198
0.0799678274591913,0.00272041175904754
0.0801816337089317,0.003399017721923
0.0805769889673632,0.00407074272020708
0.0810972699019254,0.00473773285840991
0.0816175508364877,0.00540472299661283
0.0821378317710499,0.00607171313481566
0.0826717295168902,0.00673793104573161
0.0834919410577445,0.00738791172455011
0.0843121525985988,0.00803789240336871
0.085132364139453,0.00868787308218721
0.0859525756803073,0.0093378537610058
0.0868994997187896,0.00997837142720462
0.0879739389725225,0.0106093661330507
0.0890483782262552,0.0112403608388967
0.0901488137006607,0.0118689651938014
0.0914332115366344,0.0124806542205244
0.0927176093726083,0.0130923432472475
0.0940020072085821,0.0137040322739705
0.0954384822641722,0.0142992469301316
0.0969258633644882,0.014888946986231
0.0984132444648045,0.0154786470423304
0.0999737222463462,0.0160591519247932
0.101656233202471,0.0166243056830885
0.103338744158596,0.0171894594413838
0.105021255114722,0.0177546131996791
