0.785539162550588,0.785539162550588
0.863082918724738,0.763820423868782
0.938384011047831,0.74075144044353
1.01131009431241,0.716389050182989
1.08173485684133,0.690792129636676
1.14944083459055,0.663981061895907
1.21442909336824,0.636074260447835
1.27659003952247,0.607132541458737
1.33582533479158,0.577220402440269
1.39199837112433,0.546391782149055
1.44513062671925,0.514743666200375
1.49511677255768,0.482332814805517
1.5418865817835,0.449225767138737
1.5853688008469,0.415488639116892
1.62506157230194,0.381126602450296
1.66121808213432,0.34628045879917
1.69402570666273,0.311049000529371
1.72345362920406,0.27549410965389
1.74947601099062,0.239677692542753
1.77198041156526,0.203658695254318
1.79018574274142,0.167499900407565
1.80493510750867,0.13131149692573
1.8162295467011,0.0951544107701056
1.82407353214429,0.0590891937048769
1.82848382492708,0.0231754941518762
1.82906047053454,-0.0124904103531596
1.82572968181688,-0.0478086252702771
1.81904956434668,-0.082756633157977
1.80904490154397,-0.11727702103527
1.79579931745327,-0.151321781532194
1.77934297255703,-0.184836668113796
1.75885823026779,-0.217580531289467
1.73525941158339,-0.249641979504928
1.70863640146972,-0.280977624653023
1.67913359984867,-0.311562813848106
1.64679546137512,-0.34135066762142
1.6109275102844,-0.370034828616023
1.57228962484464,-0.397754599937835
1.53116986166616,-0.424545836386493
1.48743783307959,-0.450286861467495
1.44124844655109,-0.474959189512282
1.39270274949762,-0.498525743446292
1.3415375768171,-0.520743171396789
1.28827136499002,-0.541769994828462
1.23298545250525,-0.561556757322283
1.17581037512366,-0.580080103951718
1.11687010511371,-0.597314528259464
1.05629942128974,-0.613244978501733
0.994196419908562,-0.627823401776229
0.930708970823813,-0.641043405278504
0.865971661058158,-0.652889694244763
0.800120617902416,-0.66335036429955
0.733273536725674,-0.67238226297344
0.665551521472836,-0.679920986054074
0.597154114127153,-0.686049004407581
0.528220929136927,-0.690765620917895
0.458892072628175,-0.69407580396906
0.3893057036585,-0.695979518709441
0.319601319123615,-0.696485055924619
0.249917042290919,-0.695602529930581
0.180390016003369,-0.693343690539981
0.111155521789366,-0.689726299790962
0.0423477251642835,-0.684767270581206
-0.0259013591864221,-0.678486900316935
-0.0934608234049893,-0.670906208146542
-0.160209440875632,-0.662058902499372
-0.226019787543801,-0.651966991737651
-0.290770143807688,-0.640659850435822
-0.354251843418994,-0.628090324889387
-0.416387488376333,-0.614348115848544
-0.477101240528099,-0.599503466281883
-0.536286152630754,-0.583593203832421
-0.593839941678341,-0.566656529900767
-0.649649014531083,-0.548726533761469
-0.703658518202395,-0.529866413991684
-0.755768360824531,-0.510112212268257
-0.80589424448864,-0.489508036301032
-0.853954259452439,-0.468098509865609
-0.899599913542565,-0.445844203958123
-0.942940440820911,-0.422873130947456
-0.984013988857339,-0.399266537997159
-1.0227640956189,-0.375071644237311
-1.05910758012607,-0.350330418538337
-1.093158454981,-0.325120750760235
-1.12438766402652,-0.299408837697337
-1.15282260414684,-0.273282889937318
-1.17877756328036,-0.24684757205626
-1.20220555246327,-0.22014521776357
-1.2232108602081,-0.193228455136481
-1.24106464948024,-0.166106675136556
-1.25608896372657,-0.138876306938953
-1.26860927293755,-0.111597532770844
-1.2786242546567,-0.0843089839767706
-1.28594689674463,-0.0570565057588601
-1.28995234628937,-0.0299334911919873
-1.29147180885111,-0.00296645891817353
-1.29051951888966,0.0238074516303213
-1.28710998441608,0.0503511981176511
-1.28061585656653,0.0765362098876419
-1.27143163419486,0.102336335007385
-1.25991061148768,0.127756373737875
-1.24608262368358,0.152763769158928
-1.22970649112162,0.17726407798135
-1.21044362160058,0.201103925799916
-1.18907509946729,0.224404059625407
-1.16563726015099,0.247137967768213
-1.14002877352597,0.269233363197186
-1.11170145935464,0.290431256871925
-1.08155726347062,0.310965509416282
-1.04949438482816,0.330755051387331
-1.01560270085408,0.349783159851629
-0.979678318553006,0.367890183701175
-0.941823460683368,0.385028458577559
-0.902441913533639,0.401333063889167
-0.861508228940746,0.416727188372242
-0.819126981956638,0.431201044520874
-0.775383294036546,0.444735471766396
-0.73020665277259,0.457178685059245
-0.683799317759341,0.468571244259543
-0.636330321442751,0.478956909378555
-0.587898157161325,0.488326252822295
-0.538599619478493,0.49666972863251
-0.488533799632279,0.503982332068569
-0.437790730654382,0.510243543975888
-0.386476078762422,0.515455863409702
-0.334649250121843,0.519487541583237
-0.28247565975875,0.522438350473834
-0.230069463542596,0.524343877559535
-0.17753028525403,0.525204076238577
-0.124958872012131,0.525026187265845
-0.0724549081657797,0.523818526014086
-0.0201172753199124,0.521590703625271
0.0319573006186978,0.518357513988923
0.0836693034391606,0.514125426569808
0.134841474790947,0.508778217895707
0.185433373169361,0.502476669874702
0.23535068738409,0.495235722638217
0.284511716622153,0.487085985010324
0.332829585367325,0.478047946518964
0.380220732728814,0.468145130089824
0.426601687087282,0.457400830320443
0.471908901857442,0.44585113570012
0.515820071336817,0.433376694974535
0.558473768648091,0.420162762847971
0.599802745703266,0.406238967549149
0.639728544648019,0.391629881770044
0.67823805601824,0.37638817496988
0.715261662465692,0.360537761195695
0.750505268236383,0.34403146083366
0.783959208226219,0.32694074777383
0.815710967717776,0.309351150313225
0.845816598277733,0.291322991887451
0.874225083607094,0.272881567961676
0.900647846186568,0.254010417233004
0.924914585155107,0.234742275097732
0.947308575031651,0.215179821415934
0.968014751178587,0.195382222451702
0.986775476166261,0.175346612590285
1.00301016276231,0.155077461579522
1.01746352766065,0.134688808959077
1.03012845264408,0.114202898533388
1.04060258216767,0.0936387052925705
1.04868293741148,0.0730549860241992
1.05496957966215,0.0524943618279319
1.05946449416298,0.0319781157617777
1.06155531672507,0.011572410557288
1.06149353427855,-0.00867615005641674
1.05968109107908,-0.0287657401739402
1.05612650005345,-0.048676466079276
1.05001522892853,-0.0682591764707521
1.04208267379384,-0.087556402319658
1.0324794562789,-0.106566733733926
1.02112126433993,-0.125250163663355
1.00736088912686,-0.143411540752978
0.99207401044435,-0.16119606672632
0.975280993354496,-0.178589615389736
0.956525150031199,-0.195424550309136
0.935977686430898,-0.211683694636693
0.914036519532563,-0.227458311555507
0.890734376000378,-0.242735436122601
0.865538158313694,-0.257247002571198
0.838984447468399,-0.27114551529986
0.81126637077118,-0.28448693452375
0.782293417822387,-0.297189924254018
0.751865710109233,-0.309076775084483
0.720271306630881,-0.320234149565352
0.687679537107862,-0.330715266100316
0.654150222704423,-0.340513815380711
0.619696994476341,-0.34958220113319
0.584220675568472,-0.357739785421822
0.547983832863863,-0.365124286261645
0.511085689512657,-0.371759521039972
0.47359389306639,-0.377643275958062
0.435563726428643,-0.382753402618516
0.39705077800988,-0.387052807597282
0.358098136029713,-0.390423566470856
0.31886719995881,-0.393020121230193
0.27942780244139,-0.394845758106692
0.239848456997541,-0.39589683593171
0.200199964464101,-0.396178502710064
0.16055426086644,-0.395679240504131
0.121022026965619,-0.394260594348088
0.0816709565587224,-0.392095161049188
0.0425679262246573,-0.389194573949183
0.00377920869043614,-0.385569031455976
-0.0346299471429338,-0.381229976632244
-0.0725953090791204,-0.376189771987424
-0.109910568153034,-0.37030484123134
-0.146614443617757,-0.363752309070219
-0.182656104604838,-0.35655721471526
-0.217979229763984,-0.348736402565015
-0.25252677441597,-0.340306091211137
-0.286196562182902,-0.331254031882628
-0.318773861994326,-0.321521614523913
-0.350399305036506,-0.311260631836817
-0.381028902101297,-0.30049137461502
-0.410614283062091,-0.289232293039862
-0.439093029137705,-0.277496268084417
-0.466105566307781,-0.265202168630827
-0.491958263345533,-0.252516205487233
-0.516621592542761,-0.239459299149566
-0.54006155339118,-0.226051287509966
-0.561926256179545,-0.212241601588574
-0.582333818154918,-0.198113587350436
-0.601483576391691,-0.183739375876698
-0.619360132274044,-0.169136221371565
-0.635410497634302,-0.154256594794758
-0.64992123447833,-0.139192493325567
-0.66323827572439,-0.124005153211231
-0.674987148467518,-0.108678690077542
-0.684857657994015,-0.0932430885037548
-0.693487332037256,-0.0777618146878786
-0.700766282839936,-0.0622421095221346
-0.705912940937223,-0.046723611659146
-0.709804989765821,-0.0312388562778223
-0.712444038997109,-0.0157957907935001
-0.713039457066887,-0.000471163486645485
-0.712232045335715,0.0147319902528673
-0.710196243915636,0.0298159973080001
-0.706432298282596,0.0447000890894324
-0.701055641699584,0.0593492819540375
-0.694513926829651,0.0738088796999616
-0.686531400069664,0.088014089501907
-0.676801259043307,0.101854753206748
-0.665968583708244,0.115437564019093
-0.653976545939763,0.128739262290009
-0.640176083311775,0.141536624514369
-0.625405336621116,0.154029956496552
-0.609642875992899,0.166207796093694
-0.592151944433131,0.177762375133608
-0.57381469188585,0.188974193461061
-0.554516254303486,0.199786911321368
-0.533914322391476,0.210004519981482
-0.512319616440541,0.21971403774076
-0.489923357877209,0.228987101747991
-0.46666794078819,0.237766482923052
-0.442346951668323,0.245857367397999
-0.41732628782621,0.253444345924685
-0.391644149036889,0.260522187049197
-0.365321901145627,0.267070533140175
-0.338201599630049,0.272862786285532
-0.310600328030589,0.278128836808734
-0.282535597267814,0.282840348386992
-0.254054596565672,0.286997532375296
-0.225133199995684,0.290463640136864
-0.195885508792977,0.293286075366228
-0.166409082665076,0.295550249404627
-0.136745072336982,0.297246363763894
-0.106940615071157,0.29837743673485
-0.0770415901362579,0.298763408467221
-0.047141856297584,0.298574493222768
-0.0172885933550627,0.297832692590214
0.0124732731886519,0.296542137119743
0.0420914533418456,0.294688721517372
0.0714370927918814,0.292132183052305
0.100511931221521,0.289053374482985
0.129272875655577,0.285459114230515
0.15768366823558,0.281364841777546
0.185640164197557,0.276712498112036
0.213024303879711,0.271470813295845
0.239895936369265,0.265769077770953
0.26621616912081,0.259616548201024
0.291968899774726,0.253037639326036
0.316876916322314,0.245900465950562
0.341058961426049,0.238343335634171
0.364533391666655,0.230409576933499
0.387269758770965,0.222110857865218
0.409053684702894,0.21338610795434
0.429864264484034,0.204279205120133
0.449855393719386,0.194879386345546
0.46900862547597,0.185198688196097
0.486995485189725,0.175168864369159
0.503889714630329,0.164856769009112
0.519928105749919,0.154344327894115
0.535007813071921,0.143621226662842
0.548633854170222,0.132631627623074
0.561340085865097,0.121501800863099
0.573113559393281,0.110239048145638
0.583405365665942,0.0988042088912434
0.592667899736797,0.0872834592509897
0.601100947201176,0.0756965429349784
0.60784739008032,0.0640231720893917
0.613656382819198,0.052330990817272
0.618611303477352,0.040621672142918
0.621791448382722,0.0289309923547255
0.624120880112157,0.0172747520181371
0.625513991256666,0.00565683100420783
0.625232428681908,-0.00584182624248903
0.624117349651405,-0.0172583230347323
0.62201416887735,-0.0285743536402063
0.618352219362526,-0.0396833893748697
0.613901414438535,-0.0506671461081283
0.60840601201807,-0.0614784425648726
0.60152836980659,-0.0720151344981283
0.593903060000138,-0.0823858736823287
0.585193278730542,-0.0925030954806929
0.575281372694201,-0.102294158976635
0.564715525384445,-0.111894766723886
0.552981899844272,-0.121130732521533
0.540336440873195,-0.13004111571247
0.527087641392065,-0.138730887925218
0.512615526883575,-0.14692354921323
0.497529842219752,-0.154833772305088
0.481799672799288,-0.162443798804069
0.465054352352224,-0.169525440333871
0.447717099109151,-0.176259018302873
0.429854125837765,-0.182673422448427
0.411214191651212,-0.188569612078779
0.392030548461136,-0.194052565603906
0.372386323125721,-0.199161867614108
0.352261376656853,-0.203851556362425
0.331577680430523,-0.207975468592484
0.310564999016993,-0.211714786496549
0.289244612259817,-0.215069108026157
0.267563985962629,-0.21790309728259
0.245605938102906,-0.220234707526699
0.223464384557887,-0.222162611669295
0.201164945480353,-0.223686654183206
0.178712956090198,-0.224670133055976
0.156190097768881,-0.225178482815505
0.133642832385595,-0.225283490714841
0.111098107561798,-0.224987684497003
0.088616491019721,-0.224160990526369
0.0662508767370395,-0.22287959821492
0.0440192938095828,-0.221212072555799
0.0219460091236218,-0.219164785764977
0.000146513644348661,-0.216610580079014
-0.0213635901424667,-0.213637627438266
-0.0425922561258546,-0.210308925559184
-0.0635160423658335,-0.206629741217326
-0.0839580303445131,-0.20247676578014
-0.103965538980885,-0.197961145357065
-0.123564781009221,-0.193133309025265
-0.142737060488067,-0.187999599674106
-0.161183639352355,-0.182414436935957
-0.17911293493436,-0.176548924468878
-0.19654277595926,-0.170427639024851
-0.213316258627938,-0.163996057296411
-0.229302484977375,-0.157239836434045
-0.24470762972218,-0.150267362185956
-0.259520242087798,-0.143084576972066
-0.27333722908602,-0.135591886606666
-0.286494920281938,-0.127923249836878
-0.299046206445644,-0.120098785261602
-0.310582720544588,-0.112045222208748
-0.321326298936942,-0.103842684206976
-0.331412058299905,-0.0955257903135206
-0.340478745586875,-0.0870544239788636
-0.348701936539177,-0.0784849934269855
-0.356349704225218,-0.0698511190518457
-0.362700146977831,-0.0611109950604651
-0.368389048686924,-0.0523384725880574
-0.373356666517188,-0.0435306257736573
-0.3770525888743,-0.0347015187591446
-0.380195172151962,-0.0258766374204554
-0.382335105298882,-0.0170672239108284
-0.383505803128753,-0.0083038188041651
-0.384125490308933,0.00043005763889423
-0.383450293757579,0.00906106054707856
-0.382131957339104,0.0176201113442019
-0.380075323590892,0.0260965641650826
-0.376866740059586,0.0344055807497573
-0.373145506424072,0.0426293944652129
-0.368412978041511,0.0506712423547412
-0.362889662155228,0.0585423125196901
-0.356875015724803,0.066307150600764
-0.349619983560856,0.0737564790178089
-0.341940555885405,0.0810801188103088
-0.333484711407064,0.0881738156430379
-0.324226561909148,0.0949932623952467
-0.314572421898884,0.101674383247807
-0.303904797517391,0.107958160678527
-0.292841872799856,0.114065089155515
-0.281200256126096,0.119913123172618
-0.268814020261825,0.125381652118231
-0.256059773399857,0.130645931399103
-0.242736598260272,0.135580055510206
-0.228874493303125,0.14015654075869
-0.214705014565714,0.144517637353074
-0.200013951365247,0.148480933783343
-0.184932179048699,0.15209870083932
-0.169576391062691,0.155455964333527
-0.153864997320088,0.158444325957232
-0.13783814482409,0.16104084287272
-0.121621169073794,0.163371201479453
-0.105183495815111,0.165363621002275
-0.0885229136095188,0.166915146090768
-0.0717521677809584,0.168183006125586
-0.0548818873170245,0.169167221277452
-0.0379081162398818,0.16968311730744
-0.0209101124758007,0.169896717073212
-0.00390366438277135,0.169826094862688
0.0130794060006501,0.169378253858615
0.0299851014839747,0.168553861082973
0.0468083155911581,0.167455760547026
0.0635320605265985,0.166074935506389
0.0800335285937281,0.164252257618218
0.0963667668866728,0.162172758562752
0.112521634992009,0.159838678089283
0.128372477952017,0.157137406036353
0.143925354537576,0.154139289579943
0.159219368304565,0.150906048574213
0.174182815340604,0.1473957631664
0.188686228520374,0.143557069846568
0.202869594641769,0.139514425000236
0.216708728467208,0.1352605180182
0.229926279066755,0.130676449168002
0.242756822474876,0.125912898577424
0.255230174872795,0.120986563506703
0.266973840648447,0.115769499381011
0.2782821526755,0.110402874134548
0.289181906291006,0.104898029002764
0.299286495212594,0.0991587800024963
0.308887763705913,0.0932937462382543
0.31809407690223,0.0873300092304646
0.326357707109545,0.0811703477537337
0.334202266522446,0.0749396323875273
0.341468405080086,0.068611554453122
0.34788940156726,0.062172355324439
0.353864093237019,0.0556846525207069
0.359050701508461,0.0491216155168879
0.363612775375498,0.0425211042316279
0.367667825585099,0.0358901697269231
0.37076623515817,0.0292355555682893
0.373536959873205,0.0225777848739267
0.37531082527718,0.0159295347852257
0.376615947000652,0.00930164543945806
0.377257220566685,0.00270259155802334
0.377103250457761,-0.00383477962477882
0.376616736593297,-0.0103460064826024
0.375040672895749,-0.016735253149588
0.373134370715976,-0.0230759462982807
0.37048252785959,-0.0293070258651884
0.367194751404137,-0.0354213861880978
0.363491220180155,-0.0414594388865279
0.358885652960607,-0.0472969157551229
0.354002375779295,-0.0530660865503417
0.348298092184348,-0.0586187353966088
0.342183208075199,-0.0640448406227129
0.335546416508462,-0.0693100983661931
0.328275973130374,-0.0743491445487004
0.32075772018775,-0.079299723551893
0.312418644091291,-0.0839121693281469
0.303868561659971,-0.0884248258122526
0.294760022960983,-0.0926726028855579
0.285269516432646,-0.0967116647595229
0.275460417555276,-0.100576641120187
0.265151302276949,-0.104126677816107
0.254609940052792,-0.107518202996276
0.243669320106956,-0.110618557109619
0.232428971469598,-0.113464234504667
0.221001522444445,-0.116146905402706
0.209201824952861,-0.118455480742349
0.197244613601229,-0.120573007240615
0.185116755384124,-0.122483555851835
0.172738472691539,-0.124015635757964
0.16026140789011,-0.125357222731387
0.147672680662891,-0.126478195843076
0.134954294591369,-0.12723298432094
0.122192830689254,-0.127798862491191
0.109383819231031,-0.128131869317709
0.0965557934988397,-0.128113883348647
0.0837410772830967,-0.127903236679878
0.0709477241028079,-0.127470031400997
0.0582398768568145,-0.126692398123287
0.0456025048154654,-0.125729115076004
0.033050372626001,-0.124555230991665
0.0206865256186106,-0.123049917597527
0.00844745320025464,-0.121369802414756
-0.00364622205016537,-0.119492895283885
-0.0154536763614644,-0.117304464997879
-0.0270843331874266,-0.114953261073991
-0.0385132918448755,-0.112420716908219
-0.0495672357375817,-0.109604976481442
-0.0604069770157777,-0.106647819125416
-0.0709712996957072,-0.103513827207213
-0.0811001270570887,-0.100140043928675
-0.0909728750360199,-0.0966401656362903
-0.10049128440129,-0.0929725088672524
-0.109543345797486,-0.0891152393075096
-0.118331655296804,-0.0851585953069942
-0.126621846501209,-0.0810286114178103
-0.134485186131958,-0.0767721302229961
-0.142059331770383,-0.072432359150738
-0.148970818424931,-0.0679275296466211
-0.155567229495664,-0.0633581307884833
-0.161718045490494,-0.0586974148379265
-0.167275202087285,-0.0539395723782532
-0.172561697025445,-0.0491405226870847
-0.177124951916669,-0.0442509492637151
-0.181309598327566,-0.0393281784815241
-0.185016784215423,-0.0343635427408603
-0.188153756483839,-0.0293701626718122
-0.190955580127291,-0.0243598878429669
-0.193013023243409,-0.0193396457782219
-0.194899665015806,-0.0143172785328551
-0.195880935426283,-0.00931547744531904
-0.1966889207325,-0.00432381869333108
-0.196769919346828,0.00062528970212379
-0.196504490894602,0.00554154626058768
-0.19570034939336,0.0104067164144955
-0.194384249987372,0.015204486008095
-0.19271279662406,0.0199554723493815
-0.190375178228325,0.0245935414626083
-0.187859603300162,0.0292014463411802
-0.184532783317964,0.0336395230612234
-0.181066751148614,0.038042898144614
-0.176937799031204,0.0422790248918775
-0.172553701701094,0.046438926364519
-0.16767124360764,0.0504499413044884
-0.162423756659028,0.0543333638742179
-0.156830953389268,0.0580960844027931
-0.150784698799283,0.061674659001457
-0.144533899502119,0.0651701682882954
-0.137744206301568,0.0684118918896374
-0.130836235792268,0.0715938297710181
-0.12343239001132,0.0745049817216264
-0.115878227275516,0.0773205666464441
-0.107979295229226,0.079916957551407
-0.0998656791022205,0.0823536556948872
-0.091544509337662,0.084635965057298
-0.0829230548247389,0.0866542225345363
-0.0741908671371565,0.0885649750282544
-0.0652157811903708,0.0902196865061892
-0.0561080735749148,0.0917021872178488
-0.0468850178126866,0.0930349070306307
-0.0374940554422022,0.0940878699513834
-0.0280412062536599,0.0950135803517593
-0.0184898096654124,0.0957130296801099
-0.00887926601736989,0.0961981023717242
0.000761880299249103,0.0965568552515387
0.0104365689443107,0.0966306781282674
0.0201051452111378,0.0965545228502685
0.0297673398313137,0.0963217824343457
0.039374384358521,0.095816308349082
0.0489404557637732,0.0951869367370611
0.0584343499449642,0.0943607910834274
0.0678132859228075,0.0933204438619675
0.0771201279530052,0.0921614384693662
0.0862622136669159,0.0907720365705036
0.0952637243876804,0.0892274714411533
0.104163022929902,0.0875700870154049
0.112781083119436,0.0856595080957294
0.121266940955986,0.0836492048248518
0.129557338694355,0.0814922079929877
0.137552278173141,0.0791480787184091
0.145403841459482,0.0767200656728801
0.152920225079394,0.0741118083537746
0.160193892691964,0.0713923332330841
0.167268191936349,0.0685815031504451
0.173906629430062,0.0656002696793845
0.180357503971699,0.0625545844961825
0.186444484100626,0.059388191208481
0.192205132240821,0.0561310115037988
0.197739517267968,0.0528108848063677
0.202760658970186,0.049372898894199
0.207605449539862,0.045899377074351
0.211965097584611,0.0423358337465719
0.216013468973248,0.038727551574428
0.21973416652622,0.0350721738413152
0.223012055436329,0.031371111817869
0.2260548840814,0.0276457987741074
0.228533694989729,0.0238844698159677
0.230888112927457,0.0201151976207868
0.232558648708413,0.0163279858260522
0.234111715755004,0.0125416843265294
0.235063458149888,0.00876197573850474
0.235839214758113,0.00499082132744184
0.236072570871475,0.00124603148766222
0.236065844116237,-0.00247793935026557
0.23558996165955,-0.00616122692964097
0.234813794667409,-0.00980689739312005
0.233642876804594,-0.0134031167943597
0.232115708549762,-0.016940490239572
0.230266962477854,-0.0204247449949329
0.228019015450874,-0.023826143546926
0.225514455048453,-0.0271742806781933
0.222575735324375,-0.0304127212855632
0.219443635976699,-0.0336023017822707
0.215850293113635,-0.0366529045979733
0.212123024352214,-0.039663154085858
0.20790952822245,-0.0425004879711947
0.203615635275461,-0.0453092305739371
0.198849775093408,-0.0479205349625791
0.194023207425253,-0.0505064435678956
0.188751556478191,-0.0528735626225709
0.183438001662502,-0.0552200829960073
0.177711487558511,-0.0573276711396049
0.171959487939719,-0.0594205137355112
0.165848546208307,-0.0612683777097675
0.159668728467505,-0.0630617787190245
0.153240584485264,-0.0646536099583062
0.146706114693048,-0.0661416026075261
0.14001690508725,-0.0674784751846561
0.133192912986966,-0.0686527422057043
0.12628840199008,-0.0697298688673393
0.119244088631955,-0.0705903166634257
0.112156527395551,-0.0713734830253255
0.104968616188457,-0.0719425200901353
0.0977466699975966,-0.0723976305743171
0.0904836338151856,-0.0727151989851032
0.0831958471557696,-0.0728435591825203
0.0759006822002834,-0.0728962094614162
0.0686140667504638,-0.0727187430135052
0.0613468616005663,-0.0724481045235078
0.0541100696430001,-0.0720314786326333
0.046937501970164,-0.0714471193035863
0.0397960737434471,-0.070786368191193
0.032776649997034,-0.0699091252277774
0.0258192569180552,-0.068949625442749
0.0189655425882197,-0.0678526406889776
0.0122520883237235,-0.0666094507211899
0.00560334182781723,-0.0652992514031608
-0.00081013273078959,-0.0637898548235803
-0.00713518547839326,-0.0622183359484602
-0.0132783128505007,-0.0605190022071375
-0.0192246637026216,-0.0587036436397808
-0.0250625434293113,-0.0568243275257678
-0.0305883565077893,-0.0547898782325875
-0.0360153594118929,-0.0527118361629155
-0.0411467452820797,-0.0505096563620325
-0.0460936131055326,-0.0482420752926921
-0.0508325530117376,-0.0459007954725972
-0.0552544003201998,-0.0434655162841457
-0.059567912846112,-0.0409981221828787
-0.0634532888318322,-0.0384264021547298
-0.0672488650368734,-0.035835732209355
-0.0706295573187152,-0.0331639666663967
-0.073853648291569,-0.0304684837017186
-0.0767435816041637,-0.0277223922319119
-0.0793656176992418,-0.0249470382399221
-0.0817306226940391,-0.0221436086361612
-0.0837942865948161,-0.019319763398388
-0.0856026552464352,-0.0164786220981958
-0.0870893891272261,-0.013628787514858
-0.0883358241870651,-0.0107724580314679
-0.0892427539659119,-0.00792032755836695
-0.0899265186603632,-0.00507095719692925
-0.0902514361075289,-0.00224012033991725
-0.0903695462223114,0.000580035469269489
-0.0901386745614249,0.0033681331753561
-0.0896926074660256,0.00613646263591388
-0.088914078405321,0.00886054970692152
-0.0879164291506411,0.0115554773492063
-0.0866049582226654,0.0141953061946032
-0.0850726139830873,0.0167963555203884
-0.0832453073276979,0.019332326058999
-0.0811964745968644,0.0218194203762849
-0.0788842440284617,0.0242354328999012
-0.0763414050265023,0.0265892123344229
-0.0735682466592291,0.0288683853623125
-0.070560381428871,0.0310715307594253
-0.0673545786580146,0.0331986251989575
-0.06391394748999,0.0352354945885723
-0.0603078777083767,0.0371973841513197
-0.056472850309809,0.0390555059049261
-0.0524909460917178,0.0408350038394379
-0.048301977254128,0.0425036591560514
-0.0439837831259949,0.0440902943147732
-0.0394799967050719,0.0455591328015405
-0.0348649751200525,0.0469434081418058
-0.0300871959746269,0.0482039520025794
-0.0252197411996155,0.0493817297855956
-0.0202185996107277,0.0504361213901849
-0.0151191640354596,0.0513776495104229
-0.00994217804121485,0.0522301324019432
-0.00466612527704922,0.0529359308321969
0.000649128444025581,0.0535836858716131
0.00605221657617031,0.0540513321335043
0.0114699191681476,0.0544866349190227
0.0169476085942401,0.0547258609294644
0.0224316029015109,0.0549151089537145
0.0279342179688942,0.0549567525956906
0.0334320389290237,0.0549058588059499
0.0389245484866512,0.0547524425817924
0.0443861668920784,0.0544658840785663
0.0498342838703554,0.0541211338067084
0.0552111473942101,0.0536057500132674
0.060565360695181,0.0530485071424796
0.065825719853742,0.0523381205344386
0.0710327096448752,0.0515625485839711
0.0761516984434817,0.050679492226098
0.0811666902754002,0.0496963302920799
0.0861145220632866,0.0486485213292521
0.090893762101574,0.0474690614481696
0.0956314476005967,0.0462583713563681
0.100147461720154,0.0449049708723625
0.10460208551514,0.0435186266966129
0.108861698731245,0.0420276346232895
0.112998010653928,0.040481140783818
0.116977579683769,0.0388640920690274
0.120759834802756,0.0371726994739101
0.124431655544732,0.0354396974450068
0.127845595892152,0.0336261199770947
0.131182987684511,0.0317886247024791
0.13420255166086,0.0298699023652424
0.137175799781107,0.0279399209021289
0.139792327608426,0.0259368254798197
0.142345264017115,0.0239237005597663
0.14456673067324,0.0218582969642705
0.146723919889272,0.0197856667421977
0.148525184614666,0.0176730204059227
0.150264402558644,0.0155560930852246
0.151637669755115,0.0134139165990769
0.152951752330385,0.0112700999407306
0.153892926448013,0.009115948940923
0.154776532087514,0.00696256299531622
0.155271348621429,0.00481434384842072
0.155766165155344,0.00266612470152491
0.155807140375538,0.000542955652474116
0.155845103553358,-0.00158004714473104
0.155497464546178,-0.00366524729068071
0.155085924138319,-0.00574418283944079
0.15435793354541,-0.00777830433092283
0.153508262236166,-0.00979519402148014
0.15240993233042,-0.0117655344605424
0.151136439722109,-0.0137030841865191
0.149683401353554,-0.0155981819741919
0.148004090655257,-0.0174397797573594
0.146210413346879,-0.0192482270495037
0.144147517870576,-0.0209786383270047
0.142029491926109,-0.0226898153952884
0.139608315693305,-0.0242952277881717
0.137183946168028,-0.0258993095971368
0.134430065495328,-0.0273660904112036
0.131676184822628,-0.0288328712252702
0.128670309274405,-0.0301741462301883
0.12561276571866,-0.0314896880328815
0.122380001112824,-0.0327005088841425
0.119052929645518,-0.033854967190751
0.115615973755564,-0.0349298834635994
0.11205528275814,-0.0359152316078764
0.10844003185933,-0.0368521292756416
0.104691597595947,-0.0376707569811616
0.100896258384017,-0.0384369911097517
0.0970025634613444,-0.039093360338003
0.0930687398231057,-0.0396911950859912
0.089062068252266,-0.040182768873144
0.0850241995782608,-0.0406100293655733
0.080937016781634,-0.04093562805673
0.0768299554954221,-0.0411930765141255
0.07269541820867,-0.0413563278821633
0.0685523878507463,-0.0414351421888568
0.0644019975877482,-0.0414407852311405
0.0602605544012346,-0.0413452207213027
0.056123892980964,-0.0411955658214907
0.0520199298957429,-0.0409292928790808
0.0479258633649394,-0.0406277240476663
0.0438940539792287,-0.0401962050647716
0.0398715300252425,-0.0397459966270103
0.0359453801592765,-0.0391560764316179
0.0320363456604927,-0.0385474275820981
0.0282336317839869,-0.0378224363754364
0.0244703107923709,-0.0370633686355583
0.0208155915814689,-0.036210355702321
0.0172289196564927,-0.035309616582418
0.0137470419361947,-0.0343353781641082
0.0103611101849119,-0.0333058698755365
0.0070761569720157,-0.0322181926948974
0.00391765281928741,-0.0310702031200713
0.000850434973722782,-0.0298786727254533
-0.00205732150437649,-0.028623961889471
-0.00488804486799464,-0.0273387296409984
-0.00751984439771945,-0.0259884641503308
-0.0100914833431572,-0.0246185306401401
-0.012445061488625,-0.0231907271568067
-0.0147360524979976,-0.0217463140128397
-0.0167956580281715,-0.0202532301082755
-0.0187923350125276,-0.0187469095036429
-0.0205461870028928,-0.0172015234348071
-0.022237569992153,-0.0156460874098838
-0.0236656065489947,-0.0140606332555551
-0.0250296787048023,-0.012467887976566
-0.0261702580535088,-0.0108598977512984
-0.0271868977778845,-0.00924345332591917
-0.028034384316916,-0.00762302600349226
-0.0287000574064219,-0.00599831768422839
-0.029253163727644,-0.00437581160647112
-0.0295677870680716,-0.00275797117850416
-0.0298257669603038,-0.00114369443806926
-0.0297849279471763,0.000451782295635445
-0.0297440889340489,0.00204725902934015
-0.0293815897067694,0.00360801057858778
-0.0289844308932015,0.00516502041383399
-0.0283637412513842,0.00668742176544816
-0.0276206165277169,0.00819086692851646
-0.0267480828435197,0.00966794177801595
-0.025672700701749,0.0111036811789408
-0.0245551818466512,0.012528604301957
-0.0231626521911637,0.0138829335648937
-0.0217701225356765,0.0152372628278302
-0.0201234155359045,0.0165112304226582
-0.0184321192039397,0.0177711004859967
-0.0165839482927677,0.0189707949192676
-0.0146167795893928,0.0201248429058118
-0.012577795563542,0.0212457241310337
-0.0103600000772273,0.0222840241350551
-0.00814122895389392,0.0233217820206664
-0.00570353025505523,0.02423789151968
-0.00326583155621619,0.0251540010186938
-0.000677968683723448,0.0259688355200316
0.00194818054639082,0.0267578486108111
0.00466842928592978,0.0274687642631752
0.00745427616750468,0.0281252370508627
0.010289765293544,0.0287296096733955
0.0132056900633742,0.0292495640676439
0.0161384236276203,0.0297462579922051
0.0191509317177868,0.0301325577447627
0.0221724940875552,0.0305009620293318
0.0252504958777969,0.0307578157668964
0.0283324975880481,0.031001402677407
0.0314495385987176,0.031128772179175
0.0345674371447528,0.0312475794094016
0.0376973402623555,0.0312465240595505
0.0408268540767217,0.0312416187190329
0.0439441518137347,0.0311159032248401
0.0470596197079776,0.0309842402675698
0.0501399851289727,0.0307384851778849
0.0532162283449151,0.0304848017341421
0.0562361577835033,0.0301228084029586
0.0592488828081445,0.0297511212582423
0.0621858787237345,0.0292775377111815
0.0651118172206607,0.0287927206714946
0.067944034958425,0.0282126905003337
0.0707620925019591,0.0276213574831889
0.0734684261292077,0.0269408450241514
0.0761574039753505,0.0262491629494093
0.0787184282407619,0.0254751341156177
0.0812588348127083,0.0246902419164175
0.0836567372805813,0.0238302649771402
0.0860303069654847,0.0229597524081336
0.0882457346338382,0.0220207673699836
0.0904461316321977,0.0210764644405621
0.0924605560119585,0.0200663639009455
0.0944715000485351,0.0190552676159034
0.0962711908574307,0.0179837306145259
0.098070881666326,0.0169121936131486
0.0996538756200853,0.0157913856026944
0.101227283605646,0.0146683980021129
0.102581290773525,0.0135073136468767
0.1039106670183,0.0123419523785264
0.105058068990961,0.0111542374885042
0.106127018362948,0.00995688552322832
0.107063275790663,0.00874961594774515
0.107866011173979,0.00753236671903111
0.108588488452464,0.00631275851156877
0.109122016979299,0.00508759664581183
0.109628027912456,0.00386287038788241
0.109880233907748,0.00264216190196217
0.11013243990304,0.00142145341604176
0.110179949553769,0.000213546333554947
0.110141642944416,-0.000988993928294434
0.110014708304969,-0.00218171544150026
0.109691783678527,-0.00335272399982188
0.109368859052086,-0.00452373255814332
0.108792957948948,-0.00565420815900785
0.108194514381472,-0.00678107191121371
0.107457614362199,-0.00787849301948122
0.106595429498077,-0.00894927241456041
0.105701722885182,-0.0100115238554287
0.104590381576686,-0.0110148959894334
0.10347904026819,-0.0120182681234382
0.102198975587667,-0.01296512609605
0.100855889571734,-0.0138908749722885
0.0994429057815409,-0.0147880716384966
0.0978877514386842,-0.0156271937304761
0.0963325970958277,-0.0164663158224555
0.0945998688859942,-0.0172172864867001
0.092854009374123,-0.0179617384945545
0.0910206842416659,-0.0186530074058243
0.089107564676403,-0.0192957576534359
0.0871781522498098,-0.0199262102553869
0.0851230103266962,-0.0204617638235831
0.0830678684035822,-0.0209973173917794
0.0809309140704959,-0.0214542724316245
0.0787599740127721,-0.0218785768266309
0.0765635997586532,-0.02227055263752
0.07430739512874,-0.0225864799935433
0.0720441135383366,-0.0228895657769455
0.0697304995626536,-0.0231013204046041
0.0674168855869709,-0.0233130750322626
0.0650704269005818,-0.0234258506511297
0.0627221756117268,-0.023533224182067
0.0603645698503099,-0.0235605146334949
0.0580042205043234,-0.0235643174216905
0.0556496964334034,-0.0235082846648387
0.0532990851643762,-0.023412060735687
0.0509636537718129,-0.023267952461121
0.0486433905835343,-0.0230759966605899
0.0463433089428128,-0.0228468525567451
0.0440732250196977,-0.0225624320070342
0.0418241556790024,-0.022251108578229
0.0396231564804563,-0.0218782457290154
0.0374401555908866,-0.0214880851069466
0.0353264495592686,-0.0210313267442566
0.0332230829752347,-0.0205668089161875
0.0312141611811855,-0.0200314129225176
0.029205239387136,-0.0194960169288477
0.0273160568337033,-0.018888666755228
0.0254279416003,-0.0182806752034179
0.023659424993772,-0.0176143285953593
0.0219066549307669,-0.0169402988687146
0.0202712231155709,-0.0162197344873695
0.0186696333475428,-0.0154857488388012
0.0171669265307257,-0.0147202111155492
0.0157315587511118,-0.0139331865100291
0.0143693852572913,-0.0131276841104031
0.0131109768240466,-0.0122959863677396
0.0118957172448158,-0.0114559049192941
0.0108230077557742,-0.0105881263733778
0.00976051715197473,-0.00971891151193785
0.00888780026558402,-0.00882302300363054
0.00801508337919344,-0.00792713449532336
0.00729223587260259,-0.0070178972559597
0.00663245748392752,-0.00610304250690778
0.00604977791773042,-0.0051851266465844
0.00560624467416341,-0.00426168615744226
0.00516471942216494,-0.00333826053575442
0.00493818732406388,-0.00241642675387726
0.00471165522596279,-0.00149459297199996
0.00463312881220236,-0.000580892633226548
0.00463017958171259,0.000328654468306066
0.00465762796902041,0.00123501283552323
0.00488206205797241,0.00212070724576063
0.00510649614692438,0.0030064016559979
0.00546413504510678,0.00387112311452743
0.00590859815437394,0.00472217419586343
0.00636925208431066,0.00556978256732978
0.00702368936978491,0.00637618611759974
0.00767812665525927,0.00718258966786981
0.00844133422318935,0.00795929508022695
0.00929396060886408,0.0087115859896389
0.0101467671401364,0.00946381521168559
0.0111833486913593,0.0101531142433528
0.0122199302425821,0.01084241327502
0.0133321414662454,0.0114997039290398
0.0145356251393007,0.0121183657891656
0.0157391088123562,0.0127370276492916
0.0170766817440713,0.0132858952850493
0.0184282818247062,0.0138274617097427
0.0198248849558558,0.0143400714801356
0.0213023835297432,0.0148006300819295
0.0227798821036304,0.0152611886837234
0.0243497359620586,0.0156468226426419
0.0259304677878756,0.016023631683464
0.0275466781472032,0.0163630123999825
0.0292095743334237,0.0166531415805311
0.0308724705196445,0.0169432707610797
0.0325941625165355,0.0171477093705515
0.0343177372597986,0.0173494040156158
0.0360604740211067,0.0175078265270489
0.0378219075870703,0.0176240274610049
0.0395874684650371,0.0177204369409373
0.041365928609561,0.0177549913343652
0.0431443887540846,0.0177895457277931
0.0449214632617665,0.0177452741332718
0.0466985075611057,0.0176992840492
0.0484617120034729,0.0175970853828269
0.050219397804803,0.0174724735521031
0.0519607188777259,0.0173139588041321
0.0536821340583684,0.0171142048860446
0.0553912147536229,0.0168976839606892
0.0570603599738469,0.0166268763440773
0.0587280999314866,0.0163546736984241
0.0603295835713001,0.0160166972333043
0.0619310672111138,0.0156787207681846
0.0634665132135728,0.0152902307957469
0.0649860196932781,0.0148895483641067
0.0664487768270283,0.0144545214465468
0.0678721556264261,0.0139956629124818
0.0692585832236514,0.0135189365326416
0.070572355149949,0.0130070773222972
0.0718759808171394,0.0124912843731731
0.0730688140379544,0.01193253681997
0.0742616472587692,0.0113737892667669
0.075345903259351,0.010781444645909
0.0764080255769484,0.0101822511957749
0.0774192009746434,0.0095699398696357
0.0783435585505652,0.00893711146985686
0.0792093219382331,0.00829252304265717
