-0.0398107153288638,-0.0398107153288638
-0.0435801536200365,-0.0376342608021538
-0.0473486994183153,-0.0354575939057412
-0.0506718719285949,-0.0331749499272261
-0.0539931819698689,-0.0308919604979938
-0.056850717055478,-0.0285229500984318
-0.0597053675887134,-0.0261535420090904
-0.062082123116078,-0.0237182471079041
-0.0644549438789456,-0.0212825842596739
-0.0663398325345322,-0.0188012939852938
-0.0682197299480613,-0.0163197490911527
-0.0696054727729146,-0.0138129957375156
-0.0709851884923763,-0.0113061807891317
-0.0718686507738017,-0.00879429431754819
-0.0727450958371205,-0.00628261478984549
-0.073127306537569,-0.00378551066446631
-0.0735014394104263,-0.00128896790625522
-0.0733787640127377,0.00117304925101002
-0.0732560886150491,0.00363506640827526
-0.0726555020718102,0.00604406863326664
-0.0720285988292124,0.00845015153309228
-0.0709701067672618,0.0107898119660369
-0.0698525478789535,0.0131203818847198
-0.0683510969792593,0.0153747006566229
-0.0667604297441805,0.0176112986953958
-0.0648317563042013,0.0197645402879066
-0.0627863112846462,0.0218889845868862
-0.0604610806105858,0.0239295495617675
-0.0579832503607955,0.0259243654102593
-0.0552830943417404,0.0278393341823466
-0.0524017076357991,0.0296892149506885
-0.0493512490625304,0.0314669835703343
-0.0460980775577475,0.0331582915310245
-0.0427258104633256,0.034789472923845
-0.0391405249711032,0.0363131099047213
-0.0354585761564425,0.0377787594502938
-0.0315817969101983,0.0391275320174875
-0.0276273042771255,0.0404205272279852
-0.0234954166162343,0.0415862004139706
-0.0193031654710446,0.0426992297799376
-0.0149538645837122,0.0436752939184097
-0.0105612520194056,0.0446044599200096
-0.00603916003580206,0.0453934248499232
-0.00146791257286926,0.0461137507948228
0.00318509716987536,0.0467199067636529
0.00788632512630083,0.0472338409952387
0.0126357177900696,0.0476556558253374
0.0174237871631719,0.0479621279067377
0.0222350539727173,0.0481994199537399
0.0270668421651779,0.0483011835264427
0.0319054746151716,0.048357745867581
0.0367387148512084,0.0482508025805407
0.0415674127788607,0.0481125683986866
0.0463626415945915,0.0478208052825733
0.0511379961959944,0.0474802918814083
0.0558647008819401,0.0470204430837777
0.060545096133051,0.0464841670846862
0.0651732864171538,0.0458617341384191
0.0697183420885742,0.0451376806373972
0.0742188453610737,0.0443591679965785
0.0785899483435797,0.0434569252181256
0.0829325596311399,0.0425278751729977
0.0870958100547526,0.0414601975938493
0.0912185340850842,0.0403667473340205
0.0951729838946764,0.0391662834120633
0.0990485535261922,0.0379242039210622
0.102767940085684,0.0365997254348279
0.106364631516774,0.0352213040111515
0.109826821831001,0.0337837491448735
0.113117637321856,0.032283371677292
0.116302758519631,0.0307442487843118
0.119258365379511,0.0291356155984373
0.122141496412313,0.0275050325160371
0.124759667926531,0.0258094002953411
0.127317013341601,0.0240988349053948
0.12957965848675,0.0223312135891826
0.131796931978897,0.0205548080201127
0.133690943932894,0.0187310322512101
0.135556796636099,0.0169031300732554
0.137056370675378,0.0150380425493029
0.138545842024671,0.0131719293799618
0.139695695752453,0.0112863722319143
0.140785965375708,0.0093974037412676
0.141583232622729,0.00750440609974455
0.142271206252839,0.00560990553364449
0.142715845699509,0.00372232597623253
0.143002217376397,0.00183924793436689
0.143093550186126,-3.0009413501021e-05
0.142976525900833,-0.00188450232136523
0.142740900299861,-0.0037253734683295
0.142222471399136,-0.00553376370301334
0.141662190300515,-0.00733543451941967
0.140754218078994,-0.00908128312806794
0.139846245857473,-0.0108271317367162
0.138594274179516,-0.012501310450158
0.137312150586342,-0.0141692072216853
0.135768399918932,-0.015769073048372
0.13412856219559,-0.0173439533370708
0.132314917697735,-0.0188635592741788
0.130337347930469,-0.0203310333942082
0.128266695267618,-0.0217627971559859
0.125976633098574,-0.0231103865695028
0.123663473783426,-0.024447363357823
0.12108866876806,-0.0256641197631371
0.118513863752694,-0.0268808761684513
0.115722682130953,-0.0279786978314356
0.112897545275046,-0.0290578554757257
0.109915151097975,-0.0300328413681661
0.106874655648562,-0.0309693393143552
0.103724386387529,-0.031817172700381
0.100499726431882,-0.0326049205512418
0.0972048496101491,-0.033321855179679
0.0938281775487997,-0.0339562998762932
0.0904136954892334,-0.0345414182050575
0.0869216676849563,-0.0350253714952291
0.0834009582781454,-0.0354576507944082
0.07982776795769,-0.0357953782547999
0.0762348104455543,-0.0360775573063911
0.0726094640848946,-0.0362687194331969
0.0689746593237701,-0.0364009159871065
0.0653259367915886,-0.0364463463539773
0.061679290617428,-0.0364307263581245
0.0580353942058975,-0.0363342561407407
0.0544076818970943,-0.0361680973177956
0.0507956333449739,-0.0359344904948304
0.0472175446550205,-0.0356227368406174
0.0436634376892029,-0.0352557975752299
0.040164473691882,-0.0348034585286583
0.0366934082309912,-0.0343079130865759
0.0333020387803673,-0.03372091005879
0.0299383836768632,-0.033102102587238
0.0266810750693509,-0.032388298180799
0.0234484394434703,-0.0316524539543576
0.0203506645871981,-0.0308198426315906
0.0172710377519324,-0.0299742094989825
0.0143562973184782,-0.0290316941811232
0.0114540943355469,-0.0280822295532804
0.00874294966463347,-0.0270401432760147
0.00603909133687866,-0.0259951461369606
0.00354400045188567,-0.0248667473300776
0.00105974349841166,-0.0237347998343432
-0.00120306747504741,-0.0225303170009894
-0.00345121076268236,-0.0213219348308297
-0.00546774913938726,-0.0200519815604684
-0.00746498980782448,-0.0187779726255044
-0.00921526393054562,-0.0174520604560416
-0.0109655380532668,-0.0161261482865789
-0.0124413675782819,-0.0147567927258242
-0.0139066702218806,-0.0133857708053297
-0.0151216761931993,-0.0119872502240459
-0.016293769163443,-0.0105840150372932
-0.0172436523608031,-0.00916639151957884
-0.0181171678135345,-0.00774382310511113
-0.0187896364209999,-0.00631719823253136
-0.0193464489957811,-0.00488823980504618
-0.0198007665812399,-0.00346187660785983
-0.020025545081939,-0.00204132546833085
-0.0202503235826382,-0.000620774328801867
-0.0201524443573831,0.000776637474022548
-0.0200488394885662,0.00217363866342113
-0.0197344079666339,0.00354568349733957
-0.0193096364858109,0.00490466696924779
-0.0187823994138982,0.00624656550812652
-0.0180474232942364,0.00755382600236357
-0.0173092452054165,0.00886038609042086
-0.0162780643028067,0.0101028540616163
-0.0152468834001968,0.0113453220328116
-0.014022301383447,0.0125346190638713
-0.0127113576632645,0.0137001730416208
-0.0113035002583691,0.0148330633280171
-0.0097318941447528,0.015910763913423
-0.00814760382313292,0.016983275178696
-0.00633343084607774,0.0179617376321139
-0.00451925786902256,0.0189402000855317
-0.00255879882050083,0.0198459250846197
-0.000523527958147854,0.0207144515942183
0.00156425915340453,0.0215510704929915
0.00379333253636346,0.0223018472489665
0.00602240591932239,0.0230526240049416
0.00839671994698774,0.0236942831247812
0.0107907792535127,0.0243211078423202
0.0132479540096219,0.0248882350807825
0.0157709085538733,0.0253931447868951
0.0183268375033201,0.0258573489618243
0.0209455118776499,0.0262440965205068
0.023578160215487,0.0266069850579499
0.0262669453080673,0.0268740261986943
0.028958137808062,0.0271345664140879
0.0316913918299794,0.0272815243531601
0.0344246458518967,0.0274284822922324
0.0371749815759213,0.0274695038417897
0.0399270281579826,0.0274999150831805
0.042674467838251,0.0274332730509218
0.0454211922067285,0.0273515615958483
0.0481448344106955,0.0271797050970453
0.0508634863724921,0.0269883597154526
0.053543149695869,0.0267142457357899
0.0562117440051304,0.0264166334546349
0.0588280486156933,0.0260440983109935
0.0614255500609127,0.0256446212073406
0.0639590475042001,0.0251773798077802
0.0664652114195904,0.0246811990104213
0.0688977648373605,0.0241243757489537
0.0712933975797529,0.0235371361636759
0.0736080166883606,0.0228963878669357
0.0758753007128175,0.0222243752108335
0.0780550734174947,0.0215053700315299
0.080175631815721,0.0207545674838773
0.0822120973676593,0.0199669436599004
0.084168298278165,0.0191441747947967
0.0860482693419678,0.0182942308611743
0.0878258889814129,0.0174077998153484
0.0895382122996223,0.0165025582621062
0.0911249523749548,0.0155611387975083
0.0926583525229502,0.0146075917901282
0.0940377853487943,0.0136190382617487
0.0954056012019416,0.0126284923141265
0.0965624070156454,0.0116017561753118
0.0977192128293493,0.0105750200364971
0.0986812307760236,0.00952492059619194
0.0996080800290077,0.00847060294247209
0.10038419874527,0.00740538859698941
0.101076245545849,0.00633409648006741
0.101658511169717,0.00526003200170074
0.102099243894242,0.00418239331903926
0.102539976618768,0.00310475463637777
0.102722814024787,0.00203301703340366
0.10289810724262,0.000961452054174385
0.102940524936789,-0.000100536707637065
0.102853388626847,-0.0011531886309058
0.102755728010616,-0.00220456145346056
0.102412390603046,-0.0032260752667311
0.102069053195477,-0.00424758908000164
0.10158384156282,-0.00524456274809644
0.10099412125082,-0.00622345943172403
0.100375533448584,-0.00719575470966547
0.0995518966645526,-0.00812115947155426
0.0987282598805215,-0.00904656423344305
0.0977572985969712,-0.00992933637686517
0.0967140991209113,-0.0107912043033374
0.0956265536075755,-0.0116372262897637
0.0943804640896589,-0.0124265965673666
0.0931343745717424,-0.0132159668449694
0.091745139390488,-0.0139426916884923
0.0903122129498015,-0.0146502957437999
0.0888396914917526,-0.0153365787645823
0.0872389146267237,-0.0159537991067141
0.0856381377616948,-0.0165710194488459
0.0839356516512884,-0.0171201780006394
0.0821907364523229,-0.0176409438559868
0.0804249116426554,-0.0181439863355651
0.0785607704916193,-0.0185636940516628
0.0766966293405831,-0.0189834017677604
0.0747749686901642,-0.0193394888549382
0.0728216665666813,-0.0196605782380696
0.0708444635043935,-0.0199450537597169
0.0688293029976285,-0.0201713822510021
0.0668089989737998,-0.0203855368033326
0.0647535424874159,-0.0205164907114435
0.0626980860010321,-0.0206474446195544
0.0606262282979793,-0.0206958779684208
0.0585518960874947,-0.0207318611593963
0.056478782806196,-0.0207120009008517
0.0544064482928272,-0.0206564625339476
0.0523438676409911,-0.0205612913102574
0.050293029724467,-0.0204184058407434
0.0482541188668219,-0.0202503857621849
0.0462433971969004,-0.0200229609116787
0.0442408317786141,-0.0197841251219545
0.0422880030551598,-0.019475705603452
0.0403351743317054,-0.0191672860849495
0.0384560515251659,-0.0187832631794653
0.0365780923637605,-0.0183980466722044
0.034775403736394,-0.0179534073263756
0.0329885684008857,-0.0174962524907222
0.0312725946763601,-0.0169947199279724
0.0295919044649902,-0.0164710907448364
0.0279722014000469,-0.0159166522118313
0.0264112913955864,-0.015332512732374
0.0248975141563909,-0.0147291137805579
0.0234709905038959,-0.0140900611166838
0.0220623504936968,-0.0134451516229973
0.0207840617927202,-0.0127575525350265
0.0195057730917435,-0.0120699534470557
0.0183684475743014,-0.0113459415619269
0.0172484445284333,-0.0106174550357756
0.0162383839923176,-0.00986716744678433
0.0152848394393855,-0.00910567301429264
0.0144085264041398,-0.00833312875923591
0.0136344239059448,-0.0075459608332671
0.0128666619567263,-0.00675822025061803
0.0122837187564989,-0.00595378747118309
0.0117007755562716,-0.00514935469174816
0.0112413496391621,-0.00433999880621614
0.0108526343985903,-0.00352782456074287
0.010510444226008,-0.00271603338100632
0.0103166305414973,-0.00190546386415327
0.0101228168569866,-0.00109489434730022
0.0100983087802103,-0.000293950751202247
0.01010569455127,0.000505179510677491
0.0101636919435704,0.0012988380264597
0.0103759376605536,0.00207582037878491
0.0105881833775368,0.00285280273111012
0.0109295605962669,0.00360883467960398
0.0113396701696492,0.00435371543286842
0.0117607397203032,0.00509619280702418
0.0123591606962481,0.00579977934227838
0.012957581672193,0.00650336587753257
0.0136381244865035,0.00718378720987785
0.0144136181820097,0.0078374244799925
0.0151891118775158,0.00849106175010715
0.016103603860604,0.00909537496062964
0.0170426405257771,0.00969097839937802
0.0180164828657234,0.0102712512400946
0.019102961545824,0.0108019119854868
0.0201894402259245,0.011332572730879
0.0213566492747806,0.0118192380407594
0.0225728761786302,0.012279190207723
0.0237900124622125,0.012738524494865
0.0251151170502927,0.0131244995082895
0.0264402216383728,0.013510474521714
0.0278082930713175,0.0138591567913302
0.0292211138245499,0.0141689992312512
0.0306339345777822,0.0144788416711721
0.03211295997724,0.0147123951664427
0.0335939397164522,0.0149436966367295
0.0350967867863917,0.0151388445335792
0.0366260586106443,0.0152903040028144
0.0381553304348968,0.0154417634720496
0.0397103739353809,0.015521355878129
0.0412672296656426,0.0155958946885202
0.04282948231514,0.0156252600529086
0.0443950817105569,0.0156266123899618
0.0459582367631814,0.015606391898287
0.0475156930746404,0.0155358765103681
0.0490731493860994,0.0154653611224492
0.0506065367411804,0.0153262354449921
0.0521395106007494,0.0151859310688678
0.0536459864036016,0.0150014090181123
0.0551391761978032,0.0147947164205151
0.0566110527228784,0.0145634897088045
0.0580500133945228,0.0142943729249789
0.0594808074648518,0.0140182313972757
0.060851712080415,0.0136905741821461
0.0622226166959783,0.0133629169670165
0.0635250912783601,0.0129894075485292
0.0648152023231065,0.0126076138224721
0.0660516419059858,0.0121972735067917
0.0672482404071157,0.0117657426557449
0.0684180930959322,0.0113228813851494
0.0695091229889931,0.01084662814517
0.0706001528820541,0.0103703749051906
0.0715836037536849,0.00985792857008451
0.0725592984204098,0.00934287279441793
0.0734593581678202,0.00880785334798767
0.0743114969497504,0.00826018526801362
0.075124458102594,0.00770468824612554
0.0758422208540758,0.00713016754230606
0.0765599836055575,0.00655564683848658
0.0771580538761992,0.00596429492682406
0.0777315813614517,0.00536949179818422
0.0782504903637254,0.00477000618156167
0.0786756511854139,0.00416248345542875
0.0791008120071025,0.00355496072929584
0.0793895441552819,0.00294270824338085
0.0796641914846824,0.00232996745975187
0.0798677967754216,0.00171839235754707
0.079982695447013,0.0011082727830846
0.0800975941186044,0.000498153208622117
0.0800974521311962,-0.000103929304068076
0.0800454949278957,-0.000702391861044422
0.0799935377245952,-0.00130085441802077
0.0797897783456614,-0.00188022034013398
0.079575328781758,-0.00245824144252946
0.0793330169748987,-0.00303114343078826
0.0789628785565452,-0.00358055990802834
0.0785927401381917,-0.00412997638526842
0.0781604920650109,-0.00466408645101479
0.0776437686896155,-0.00517737827617766
0.0771270453142202,-0.00569067010134054
0.0765191500484663,-0.00617495967817911
0.0758669083464794,-0.0066451424250411
0.0752146666444924,-0.00711532517190309
0.074449225823475,-0.00754009775563676
0.073674184210787,-0.00796101895324963
0.0728805927822097,-0.00837264040647882
0.0719969907630798,-0.00873913604881295
0.07111338874395,-0.00910563169114708
0.0701908884035305,-0.00944761138872311
0.0692146546220041,-0.00975572520134138
0.0682384208404777,-0.0100638390139597
0.067209652932722,-0.0103292801061946
0.0661577262979695,-0.0105759096952695
0.0651057996632169,-0.0108225392843444
0.0639971955854571,-0.0110073780361656
0.0628867277066478,-0.0111901848362753
0.0617663145368397,-0.0113572214359265
0.0606147982110707,-0.0114749379096547
0.0594632818853017,-0.0115926543833829
0.0583000269155295,-0.0116782238922199
0.0571257789438696,-0.0117336884208192
0.0559511999332494,-0.011786114498907
0.0547705601439237,-0.0117829115472868
0.053589920354598,-0.0117797085956665
0.0524139779360136,-0.0117427454745674
0.0512413380132993,-0.0116820471989707
0.0500713786607204,-0.0116145298653031
0.0489206082295611,-0.0114981981515327
0.0477698377984018,-0.0113818664377624
0.0466418814268653,-0.0112309835219562
0.045525784858409,-0.0110621392937356
0.0444215051045496,-0.010880895737669
0.0433520261221554,-0.0106631358961731
0.0422825471397612,-0.0104453760546771
0.0412623453403438,-0.0101889970935795
0.0402509073330188,-0.00992574984345769
0.0392698956278434,-0.00964400462315268
0.0383269036915904,-0.00933914490972126
0.0373870680597225,-0.00903277436532324
0.036522880655709,-0.00869019321786979
0.0356586932516955,-0.00834761207041633
0.0348459834467959,-0.00798567000298256
0.0340703262116743,-0.00760979232373153
0.033306484787119,-0.00723045730415317
0.0326269795305968,-0.0068264452780203
0.0319474742740745,-0.00642243325188744
0.0313359583343819,-0.00600329480361769
0.0307587997598072,-0.00557651244844436
0.0302044606305839,-0.00514608890932711
0.0297382261262529,-0.00470160695903455
0.0292719916219219,-0.00425712500874199
0.0288744870680247,-0.00380574068263106
0.0285268024322406,-0.00334935306762081
0.0281791177964565,-0.00289296545261055
0.0279467340005186,-0.00243142558492956
0.0277199364079438,-0.0019696360960729
0.0275329403205016,-0.00150816570750807
0.0274275538605627,-0.00104734960716336
0.0273221674006238,-0.000586533506818659
0.0273056524998435,-0.000131193402870761
0.0273268892308896,0.000321820559825513
0.0273481259619356,0.000774834522521786
0.0274724193146734,0.00121558387542328
0.0276234172478389,0.00165315515734493
0.0277744151810043,0.00209072643926658
0.0280356091041824,0.00250839518315878
0.0283109051774412,0.00292351693257097
0.0285862012507001,0.00333863868198316
0.0289758447142289,0.00372556504497064
0.0293679541766165,0.00411188335043635
0.0297677436801213,0.00449573517441038
0.0302676688200511,0.00484742796562201
0.0307675939599809,0.00519912075683365
0.0312819123612623,0.00554489441114488
0.0318789696375082,0.00585664223100903
0.0324760269137541,0.00616839005087318
0.0330921730987849,0.00647015649659509
0.0337740204168091,0.00673756856421354
0.0344558677348333,0.007004980631832
0.0351592729935093,0.00725796315208807
0.0359124851488935,0.00747760802722144
0.0366656973042778,0.0076972529023548
0.037440104232552,0.00789828923150168
0.0382492348565698,0.00806883891696423
0.0390583654805877,0.00823938860242678
0.0398916224800585,0.00838049626413262
0.0407413709037343,0.00850147902542909
0.0415911193274102,0.00862246178672556
0.0424624110766642,0.00870270707388131
0.043338791028227,0.00877333079591585
0.0442154741934258,0.00884275245452743
0.0451045430216793,0.00886307225635581
0.0459936118499329,0.00888339205818418
0.0468824958452165,0.00889233956683798
0.0477707908325698,0.00886504694545437
0.0486590858199231,0.00883775432407075
0.0495388326239681,0.00878081404619013
0.0504143197147238,0.00870909980853075
0.0512874970148737,0.00863329831164016
0.0521389184653929,0.00851899904053034
0.0529903399159122,0.00840469976942052
0.0538235888803912,0.0082693039145478
0.0546403658794163,0.00811478562380314
0.0554571428784414,0.00796026733305849
0.0562316346562039,0.00777025091861615
0.0570040459560015,0.00757848795864466
0.0577550599932902,0.00737316150394676
0.0584740519154819,0.00714753657466285
0.0591930438376735,0.00692191164537894
0.0598597385012539,0.00667062509557524
0.0605170590360328,0.00641473877625407
0.061154042592939,0.0061510642739286
0.0617425280613423,0.00586881710112162
0.0623310135297456,0.00558656992831464
0.0628626187349756,0.00528753621015376
0.0633745381401838,0.00498269280412472
0.0638792750773186,0.00467627582339619
0.0643075592198555,0.00435310914297447
0.0647358433623924,0.00402994246255275
0.0651264240197731,0.00370102654003761
0.065466793712166,0.00336445416368898
0.0658071634045589,0.00302788178734037
0.0660774800676483,0.00268478826156411
0.0663270901855469,0.00233976718923259
0.0665655460968996,0.00199434525992747
0.0667180279179916,0.00164583361612876
0.0668705097390836,0.00129732197233005
0.067004696000435,0.000949212276305633
0.0670549451581721,0.000602946652419881
0.0671051943159092,0.000256681028534129
0.0671309485743656,-8.76087253500793e-05
0.0670804289012257,-0.000425745876947021
0.0670299092280859,-0.000763883028543963
0.0669494306230049,-0.00109782735617965
0.0668013884525861,-0.00142231600174317
0.0666533462821673,-0.0017468046473067
0.0664701416819038,-0.00206412739625
0.0662274038294563,-0.00236931761816092
0.0659846659770089,-0.00267450784007185
0.065714683186289,-0.00297214928754628
0.0653819366273111,-0.00325240073308255
0.0650491900683332,-0.00353265217861882
0.0646973321337046,-0.00380597674790789
0.0642829354306611,-0.00405663427755625
0.0638685387276176,-0.00430729180720462
0.0634422342454448,-0.00455241096291818
0.0629558594443403,-0.00476959108104832
0.0624694846432357,-0.00498677119917845
0.061977093625484,-0.0052003397480124
0.0614285730208542,-0.00538021338450055
0.0608800524162243,-0.00556008702098871
0.0603315318115945,-0.00573996065747687
0.0597362873714294,-0.0058824129771715
0.0591370425295007,-0.00602166135823436
0.058537797687572,-0.00616090973929721
0.0579106161897497,-0.00626853223359538
0.0572738956472009,-0.00636535598557054
0.0566371751046521,-0.00646217973754571
0.0559868078634598,-0.00653436738579431
0.0553261367842815,-0.00658795372774615
0.0546654657051031,-0.00664154006969799
0.0540007934338369,-0.00667917158765242
0.0533299699560424,-0.00669227506112008
0.0526591464782479,-0.00670537853458774
0.0519892973829034,-0.00669553924774498
0.0513200525098073,-0.00667147297413785
0.0506508076367112,-0.00664740670053072
0.0499914845037306,-0.0065930890120879
0.0493340459876145,-0.00653302512127423
0.0486779724719256,-0.00647078419167571
0.0480420291582115,-0.00637643760879505
0.0474060858444974,-0.00628209102591439
0.0467787661327342,-0.00617868276940515
0.0461729087453718,-0.0060527219205872
0.0455670513580095,-0.00592676107176925
0.0449837314913781,-0.00578376794836864
0.0444157504983462,-0.0056291827820786
0.0438477695053143,-0.00547459761578857
0.0433206819876649,-0.00529670753534346
0.0427979659878159,-0.00511632615656496
0.042286206571652,-0.00493114288947032
0.0418152165872133,-0.00472809180303681
0.0413442266027746,-0.00452504071660331
0.0409035522283743,-0.00431181495422909
0.0404908373635735,-0.0040892052820713
0.0400781224987727,-0.00386659560991351
0.0397130789421547,-0.00363208494557591
0.0393646043126617,-0.00339343790068448
0.0390161296831687,-0.00315479085579306
0.0387333957419793,-0.00290454942940167
0.0384531209495992,-0.00265387429429509
0.0381860234297611,-0.00240172008298002
0.0379766684028099,-0.00214308459512041
0.0377673133758587,-0.00188444910726081
0.0375889374900066,-0.00162421600991323
0.0374555734346735,-0.00136166163040751
0.0373222093793403,-0.0010991072509018
0.0372178866976755,-0.000836818759049757
0.0371645545303313,-0.000574997109722697
0.0371112223629872,-0.000313175460395637
0.0370830607040069,-5.31160644572304e-05
0.0371088620783241,0.000203165237812355
0.0371346634526414,0.000459446540081941
0.0371814284450908,0.000712979820667767
0.0372839409016752,0.000959205429491447
0.0373864533582595,0.00120543103831513
0.037506156219097,0.00144826905944735
0.0376839054722335,0.00167966830106105
0.0378616547253701,0.00191106754267475
0.0380394039785066,0.00214246678428845
0.0382880038661624,0.00235448637556545
0.0385378025421345,0.00256617806436763
0.0387876012181067,0.00277786975316981
0.0390854071410295,0.00297210404007677
0.0394002352128149,0.00316014837624313
0.0397150632846003,0.00334819271240949
0.040057914968067,0.00352297664416958
0.0404295726075422,0.00368412997647916
0.0408012302470174,0.00384528330878875
0.0411848720201563,0.00399900240070597
0.041604853883643,0.00413017827213634
0.0420248357471296,0.00426135414356672
0.0424448176106163,0.00439253001499709
0.0428994311472756,0.00449438392421097
0.0433579133764765,0.00459296228690518
0.0438163956056774,0.00469154064959939
0.0442899220333908,0.00477140570669425
0.0447757058978523,0.00483602387911498
0.0452614897623138,0.0049006420515357
0.0457504985871697,0.00495828335316909
0.0462522036503364,0.00498845764642286
0.046753908713503,0.00501863193967664
0.0472556137766696,0.00504880623293041
0.0477612727953002,0.00505158480708852
0.0482676073560562,0.00504968276142863
0.0487739419168121,0.00504778071576875
0.0492757635558492,0.00501900204486341
0.0497771849842511,0.00498783992661985
0.050278606412653,0.0049566778083763
0.0507668637606651,0.00489793166657987
0.0512548935390693,0.00483870867526305
0.051741911370064,0.00477823273391467
0.0522086237697999,0.00469261547544294
0.0526753361695358,0.00460699821697121
0.0531388914308954,0.00451869677764856
0.053577398592399,0.00440909958819664
0.0540159057539025,0.00429950239874472
0.054445373769068,0.00418430288917511
0.0548495101545599,0.00405340323567315
0.0552536465400518,0.00392250358217119
0.0556411663666753,0.00378385355481826
0.0560051704145551,0.00363423518690192
0.056369174462435,0.00348461681898557
0.056707745793186,0.00332601011445489
0.0570267440654051,0.0031604859721307
0.0573457423376241,0.00299496182980651
0.0576288816682546,0.00282004109506991
0.057897808374955,0.00264139603863656
0.0581667350816555,0.0024627509822032
0.058394588996737,0.00227659940706935
0.0586089465418674,0.00208798121719046
0.0588233040869978,0.0018993630273116
0.0589926302085409,0.00170565347082902
0.0591499277575682,0.00151058393352601
0.0593072253065956,0.00131551439622297
0.0594163023337842,0.00111801770032407
0.0595152013456987,0.000920008698537133
0.0596141003576132,0.000721999696750221
0.0596594001636586,0.000524597948820304
0.059696136055194,0.000327293226024148
0.0597328719467293,0.000129988503227965
0.0597342733555251,-6.4630639681239e-05
0.0597062094853959,-0.000257010288636999
0.0596781456152667,-0.000449389937592732
0.0596358007153596,-0.000639713175342963
0.0595451939229857,-0.00082308689348484
0.0594545871306117,-0.00100646061162674
0.0593639803382378,-0.00118983432976862
0.0592196921690626,-0.00136163225628761
0.059070184956951,-0.00153230475426688
0.0589206777448395,-0.00170297725224618
0.0587384724331042,-0.00186393139963913
0.0585339590793082,-0.00201825527260841
0.0583294457255124,-0.00217257914557767
0.0581172148170466,-0.00232382737308369
0.0578629366229473,-0.00245831866800754
0.0576086584288479,-0.00259280996293141
0.0573543802347486,-0.00272730125785527
0.0570696936136437,-0.0028457072479328
0.0567729287215708,-0.00295772413177671
0.056476163829498,-0.00306974101562062
0.0561698811562341,-0.00317500823997021
0.0558386755185386,-0.00326260101686985
0.0555074698808431,-0.00335019379376948
0.0551762642431476,-0.00343778657066913
0.0548236238947285,-0.00350405330436529
0.0544668089256787,-0.00356616658149878
0.0541099939566291,-0.00362827985863226
0.0537454445191108,-0.00367822872951264
0.0533720968079148,-0.00371434009161284
0.0529987490967188,-0.00375045145371304
0.0526246429112703,-0.00378398289199003
0.0522436079357186,-0.00379394629141066
0.051862572960167,-0.00380390969083128
0.0514815379846153,-0.00381387309025191
0.0511012077750425,-0.00380512669178796
0.0507211388869456,-0.00378944285289372
0.0503410699988487,-0.00377375901399949
0.04996412595605,-0.00374963167299585
0.0495927288981344,-0.00371051607686577
0.0492213318402188,-0.00367140048073569
0.048854768938146,-0.00362559942820555
0.0484985339429407,-0.00356551526745301
0.0481422989477355,-0.00350543110670048
0.047791986567081,-0.00343997488278635
0.0474571081580126,-0.00336051939056164
0.0471222297489442,-0.00328106389833693
0.0467936935952864,-0.00319749254274313
0.0464857110043107,-0.00310058276883088
0.0461777284133352,-0.00300367299491865
0.0458759244455649,-0.00290379773086511
0.0455997418776291,-0.00279162522742829
0.0453235593096933,-0.00267945272399145
0.0450529383557239,-0.00256530781063906
0.0448129269192609,-0.00244030732259086
0.044572915482798,-0.00231530683454267
0.044337402591184,-0.00218914812708525
0.0441371237408707,-0.00205391787496865
0.0439368448905573,-0.00191868762285202
0.0437396462239373,-0.00178291010491535
0.043581745862576,-0.00164015033481605
0.0434238455012147,-0.00149739056471678
0.0432674174269623,-0.00135447440436017
0.0431553186524109,-0.00120684946774337
0.0430432198778595,-0.00105922453112655
0.0429311211033081,-0.000911599594509755
0.042856521015409,-0.000762557447169459
0.0427929845628469,-0.000613097165114612
0.0427294481102849,-0.000463636883059743
0.0426908516483001,-0.000314876734034378
0.0426760063128243,-0.000166783343406706
0.0426611609773486,-1.86899527790563e-05
0.0426583485050708,0.000128292198914081
0.0426912072154019,0.000271980104981405
0.0427240659257331,0.00041566801104875
0.0427569246360642,0.000559355917116074
0.0428376793065638,0.000695316775392883
0.0429188070214717,0.000831217450473399
0.0429999347363797,0.000967118125553934
0.0430979844316145,0.00109892714115007
0.0432265533742217,0.00122335673864297
0.0433551223168288,0.00134778633613586
0.043483691259436,0.00147221593362877
0.0436430987440032,0.00158624465722408
0.043814432735005,0.0016962509439083
0.0439857667260067,0.0018062572305925
0.0441602717140697,0.0019148247889952
0.0443686771011329,0.00200801123481564
0.0445770824881961,0.00210119768063609
0.0447854878752593,0.00219438412645653
0.0450077684451931,0.00227906907535631
0.0452470103422694,0.00235336160839974
0.0454862522393457,0.00242765414144318
0.045725494136422,0.00250194667448661
0.0459823887017671,0.00256092674728694
0.0462453650875236,0.00261463126446921
0.0465083414732802,0.0026683357816515
0.0467719149027055,0.00272123368537301
0.0470507902286532,0.0027534585355857
0.0473296655546008,0.00278568338579839
0.0476085408805484,0.00281790823601108
0.0478900535026437,0.00284294929300316
0.0481768881023494,0.00285349368957583
0.048463722702055,0.0028640380861485
0.0487505573017607,0.00287458248272117
0.049037574484576,0.00287253575356735
0.0493247011493739,0.00286293903028564
0.0496118278141717,0.00285334230700393
0.0498969129138921,0.00283776195080196
0.0501778015212605,0.00280988207494921
0.0504586901286289,0.00278200219909646
0.0507392214179106,0.00275361596774612
0.0510079589457915,0.00270851679589294
0.0512766964736723,0.00266341762403975
0.0515454340015532,0.00261831845218657
0.051801346253176,0.00256166291573569
0.0520525518176665,0.0025007663640073
0.052303757382157,0.00243986981227891
0.0525454301686747,0.00237296099448746
0.0527746539559965,0.00229820066734602
0.0530038777433184,0.00222344034020458
0.0532268177707642,0.00214581734778845
0.0534302210017602,0.0020592940616183
0.0536336242327562,0.00197277077544815
0.0538354727506278,0.00188573152397756
0.0540095738747151,0.00178948369753182
0.0541836749988024,0.00169323587108607
0.0543577761228897,0.00159698804464033
0.0545042644600976,0.00149422073426121
0.0546463601637235,0.00139041630639782
0.0547884558673494,0.0012866118785344
0.0549070484630066,0.00117917735532794
0.0550141926478326,0.00106997460542993
0.0551213368326584,0.000960771855531932
0.0552170221175626,0.000850660000974397
0.0552867973060345,0.000738492539896535
0.0553565724945065,0.000626325078818657
0.0554263476829785,0.000514157617740796
0.0554603901509365,0.000401647914202772
0.0554921855427931,0.000289116688518058
0.0555239809346497,0.000176585462833329
0.0555341345384455,6.52815439287124e-05
0.0555282938725477,-4.51153392179361e-05
0.0555224532066499,-0.000155512222364569
0.0555084461964428,-0.000264873342099779
0.0554635734034028,-0.000370319656468807
0.0554187006103628,-0.000475765970837849
0.0553738278173228,-0.000581212285206877
0.0553151976821175,-0.000683797083444348
0.055231103355171,-0.00078108535023195
0.0551470090282246,-0.000878373617019565
0.0550629147012781,-0.000975661883807181
0.0549612911719562,-0.0010676335385307
0.054841590005949,-0.00115412224090804
0.0547218888399418,-0.00124061094328536
0.0546021876739345,-0.0013270996456627
0.054462838345455,-0.00140537848538098
0.0543121384455094,-0.00147891455930782
0.0541614385455638,-0.00155245063323465
0.0540107386456182,-0.00162598670716149
0.053840096080139,-0.00168811043184872
0.0536636762004042,-0.00174692804242394
0.0534872563206694,-0.00180574565299914
0.0533108364409346,-0.00186456326357435
0.0531169356179158,-0.00190909864359919
0.0529207584328903,-0.00195177419681337
0.0527245812478649,-0.00199444975002754
0.0525284040628394,-0.00203712530324172
0.0523190155742992,-0.00206294208040371
0.0521095498949554,-0.00208866035536506
0.0519000842156117,-0.0021143786303264
0.0516899244268313,-0.00213831898433803
0.0514737587542997,-0.00214687561644725
0.0512575930817681,-0.00215543224855647
0.0510414274092364,-0.00216398888066569
0.0508251979180562,-0.00216912722575061
0.0506087326357584,-0.00216163600666983
0.0503922673534606,-0.00215414478758905
0.0501758020711628,-0.00214665356850827
0.0499630202558107,-0.00212890317763704
0.0497518128918146,-0.00210676763354592
0.0495406055278186,-0.0020846320894548
0.0493313345964282,-0.0020599172876742
0.0491304215810173,-0.00202407004627494
0.0489295085656064,-0.00198822280487568
0.0487285955501955,-0.00195237556347642
0.0485377007464718,-0.00190811409650307
0.0483516151026833,-0.00185981344990563
0.0481655294588949,-0.00181151280330819
0.0479824551270323,-0.00176146065053152
0.0478148203750607,-0.00170242818610022
0.0476471856230891,-0.0016433957216689
0.0474795508711175,-0.00158436325723759
0.0473288957840047,-0.00151831203026149
0.0471827560654712,-0.00145039431769083
0.0470366163469376,-0.00138247660512016
0.0469005789962979,-0.00131159182196937
0.0467786852431805,-0.00123655305704454
0.046656791490063,-0.00116151429211972
0.0465360381351675,-0.00108624738857018
0.0464404273224243,-0.00100595067624188
0.046344816509681,-0.000925653963913572
0.0462492056969378,-0.000845357251585276
0.0461727005442217,-0.000762788233485794
0.0461056006727561,-0.000679100611012818
0.0460385008012905,-0.00059541298853983
0.045974295499913,-0.000511601770565071
0.0459374378732815,-0.000426622831830379
0.04590058024665,-0.000341643893095699
0.0458637226200185,-0.000256664954361007
0.0458426919899721,-0.000172155357304856
0.0458361944791065,-8.80767326390612e-05
0.0458296969682408,-3.99810797327848e-06
0.0458231994573752,8.00805166925162e-05
0.0458447554547848,0.000161350663357326
0.0458678844769621,0.000242463332197559
0.0458910134991394,0.000323576001037781
0.0459253305417485,0.000402709156368027
0.0459784944459326,0.000478507707749655
0.0460316583501167,0.000554306259131293
0.0460848222543007,0.000630104810512921
0.0461467646255341,0.000703534578616991
0.0462292715437835,0.000771415205303907
0.046311778462033,0.000839295831990832
0.0463942853802824,0.000907176458677747
0.0464826063376021,0.00097281762845261
0.0465908580611392,0.00103078184738
0.0466991097846763,0.00108874606630741
0.0468073615082134,0.0011467102852348
0.0469188735218524,0.00120292990009991
0.0470485042279583,0.00124945407575768
0.0471781349340643,0.00129597825141545
0.0473077656401703,0.00134250242707322
0.0474387092087398,0.0013880250221442
0.047584923565125,0.00142189755862454
0.0477311379215102,0.00145577009510488
0.0478773522778954,0.00148964263158522
0.0480235666342806,0.00152351516806557
0.0481802478685315,0.00154475452732129
0.048337687269697,0.00156507880405476
0.0484951266708625,0.00158540308078822
0.0486525660720281,0.00160572735752169
0.0488143345597378,0.00161518463184617
0.0489772834636638,0.00162167879011031
0.0491402323675899,0.00162817294837445
0.0493031812715159,0.00163466710663859
0.0494660589194608,0.00163249518954111
0.0496288963187526,0.0016254282747656
0.0497917337180443,0.00161836135999009
0.049954571117336,0.00161129444521458
0.0501149314735774,0.0015982635260633
0.0502727376278115,0.00157908282604839
0.0504305437820455,0.00155990212603349
0.0505883499362795,0.00154072142601858
0.0507386198994529,0.00151272529263766
0.0508874361940465,0.00148302873547509
0.05103625248864,0.00145333217831252
0.0511827306270495,0.00142189637825254
0.0513188579044468,0.00138276106623513
0.0514549851818441,0.00134362575421772
0.0515911124592414,0.00130449044220031
0.0517188395201061,0.00126104092589046
0.0518391243028976,0.00121376918572679
0.0519594090856891,0.00116649744556312
0.0520796938684806,0.00111922570539944
0.0521839268184782,0.00106616027001875
0.0522858917791278,0.00101227623409524
0.0523878567397773,0.000958392198171731
0.0524840854180705,0.000903103505029224
0.0525657103003855,0.0008442387453385
0.0526473351827005,0.000785373985647784
0.0527289600650154,0.000726509225957059
0.0527955335507574,0.000665350561450892
0.0528552762232535,0.000603150848340202
0.0529150188957495,0.000540951135229521
0.0529726322427941,0.000478594889754753
0.0530096392123873,0.00041472381479478
0.0530466461819806,0.000350852739834798
0.0530836531515739,0.000286981664874826
0.0531086329459131,0.000223127112305382
0.0531215602342775,0.000159289116924687
0.0531344875226419,9.54511215439824e-05
0.0531474148110062,3.16131261632872e-05
0.0531464554827521,-3.1126092082861e-05
0.0531345310117705,-9.29976945204058e-05
0.0531226065407889,-0.000154869296957959
0.0531106820698073,-0.000216740899395504
0.0530840737724228,-0.000276253480021094
0.0530483922166228,-0.000334308401456189
0.0530127106608229,-0.000392363322891291
0.0529770291050229,-0.000450418244326386
0.0529265146303685,-0.000504787960705143
0.0528689357822745,-0.000557402549521021
0.0528113569341806,-0.000610017138336905
0.0527537780860866,-0.000662631727152782
0.0526812963694557,-0.000709952164885717
0.0526034880229788,-0.000755380350593605
0.0525256796765018,-0.0008008085363015
0.0524478713300249,-0.000846236722009389
0.0523623643416267,-0.000887778852186915
0.052266902600513,-0.000924296106257736
0.0521714408593993,-0.000960813360328563
0.0520759791182856,-0.000997330614399384
0.0519786747095149,-0.00103249638639381
0.0518696149121945,-0.00105904031230193
0.051760555114874,-0.00108558423821005
0.0516514953175535,-0.00111212816411817
0.051542435520233,-0.00113867209002629
0.0514256969176924,-0.00115640168347623
0.0513074400594689,-0.0011723885044556
0.0511891832012454,-0.00118837532543496
0.0510709263430219,-0.00120436214641433
0.0509502140454009,-0.00121469350325698
0.0508273618199066,-0.00122009609445612
0.0507045095944124,-0.00122549868565527
0.0505816573689181,-0.00123090127685442
0.0504587843388861,-0.00123264663005589
0.0503358734177432,-0.00122773108976648
0.0502129624966004,-0.00122281554947707
0.0500900515754576,-0.00121790000918766
0.0499678748705404,-0.00121126811748865
0.0498491698990373,-0.00119652047687079
0.0497304649275342,-0.00118177283625293
0.0496117599560311,-0.00116702519563507
0.049493054984528,-0.00115227755501721
0.0493823802820619,-0.00112859294807663
0.0492717484926124,-0.00110486058281278
0.0491611167031629,-0.00108112821754893
0.0490504849137134,-0.00105739585228508
0.0489487204790245,-0.00102754182191408
0.0488489715114307,-0.00099629639411698
0.0487492225438368,-0.000965050966319877
0.0486499954683552,-0.000933563885127539
0.0485632391365328,-0.000896302435103571
0.0484764828047104,-0.000859040985079608
0.0483897264728881,-0.00082177953505564
0.0483069744358587,-0.000783245759283378
0.048235298279091,-0.000741192730216761
0.0481636221223233,-0.00069913970115015
0.0480919459655556,-0.000657086672083534
0.0480284147356062,-0.000613327042018066
0.0479733304336488,-0.000567797532852383
0.0479182461316914,-0.000522268023686706
0.0478631618297339,-0.000476738514521023
0.0478166878962084,-0.000430034057382965
0.0477755755653412,-0.000382694286744844
0.0477393048473805,-0.000334932891817754
0.047708923403791,-0.000286836597517306
0.0476824779208199,-0.000238603244210466
0.0476599742507066,-0.000190261186774493
