0.40495096928862,0.40495096928862
0.444834851851015,0.39416282298572
0.483652095697809,0.382714436067025
0.521346523416711,0.370629603082765
0.55786382547745,0.357932743349007
0.593151554154884,0.344648894692307
0.62695145625391,0.330724408201076
0.659211883419114,0.316212154759264
0.690064353217071,0.301215051090279
0.719468155528781,0.285761316822281
0.747371168726939,0.269876356487772
0.773671245717006,0.253573880258805
0.798013400045982,0.236831215035163
0.820814442209297,0.219787553195982
0.84205344977629,0.202467523906431
0.861710250206492,0.184895811838264
0.87897185841795,0.167017151113635
0.894714723451578,0.148990061722895
0.908933528073212,0.130829690584501
0.921128061464271,0.112532009747525
0.931247546252263,0.0941535731284999
0.939819399459798,0.07574470358815
0.946822257368448,0.0573206348674203
0.951321665347682,0.0389397285891973
0.954208052206774,0.0206312094357845
0.955542353561688,0.00240934732565672
0.95496525657667,-0.0156740165645032
0.952247110447748,-0.0335425363352921
0.948033186413949,-0.0512286179694422
0.942331276440271,-0.0687185304948359
0.934355401268944,-0.0858487248565503
0.924807995241461,-0.102682917387003
0.913846374671715,-0.119231091155293
0.901186926567921,-0.135405762171845
0.886614480138172,-0.151095169765007
0.870771341378952,-0.166429153419984
0.853670837208108,-0.181398950952569
0.83448835941571,-0.19568577038749
0.814182446320275,-0.209557841658843
0.792669037454179,-0.222966772991412
0.769743661364249,-0.23579133951503
0.745371337878834,-0.247946567812051
0.719971599403322,-0.259584097318175
0.693580295271348,-0.270697744059509
0.665940265324658,-0.281089722778394
0.637217441637259,-0.290781116304814
0.607636549983462,-0.299865160810349
0.577245159657843,-0.308332775809522
0.546086743305868,-0.316171167870322
0.513996694273505,-0.323139278659567
0.481290889108207,-0.329445431254717
0.448025806127891,-0.335084461801985
0.414258071158761,-0.340051924652152
0.380044616345101,-0.344344345081304
0.345366130310225,-0.347772939706413
0.3103935288799,-0.3504911921326
0.275199727184751,-0.352523915409943
0.23984444344829,-0.353872610626309
0.204387200885757,-0.354539859792023
0.168892865027258,-0.354454398045722
0.133456344071218,-0.353580177315997
0.0981419825912509,-0.352041459922919
0.0630076830024941,-0.349845672796783
0.0281110844224296,-0.34700040354417
-0.00649390076261421,-0.343519357786242
-0.0406421152691373,-0.339260440618123
-0.0743280481129729,-0.33436575308288
-0.107516511480244,-0.328876273588134
-0.140154228719527,-0.322803157148814
-0.172204244654883,-0.316171351348184
-0.203488184913704,-0.308897989001893
-0.233949065942776,-0.301025076899783
-0.263640648706561,-0.292649351561455
-0.292515630642064,-0.283784380185131
-0.320566925768151,-0.274463914847746
-0.347508853444715,-0.264593245375103
-0.37338964419561,-0.25425817793848
-0.398295302949033,-0.243534160915984
-0.422188170294584,-0.232436586308322
-0.444989084198061,-0.220968342368105
-0.466348681482732,-0.209072976467882
-0.486632669407096,-0.196896927425127
-0.505823191848565,-0.184456117229528
-0.52376637838814,-0.171741248990869
-0.540072798002621,-0.158724052917302
-0.555302526535926,-0.145539618309594
-0.569444831965071,-0.132195823753164
-0.581818091889926,-0.11864278746441
-0.592921888121711,-0.104979062702854
-0.602891279130457,-0.091230412954843
-0.61132529374907,-0.0773944421462715
-0.618208064385327,-0.0635167779134228
-0.624010603662158,-0.0496275356764915
-0.628354406753298,-0.0357423754274225
-0.631033189130292,-0.0219105658835124
-0.632638441293553,-0.00813348945787785
-0.632912877543323,0.00556211234625549
-0.631439341467447,0.0190990657439325
-0.628919371382301,0.0325174345019011
-0.62521427410871,0.0457927851077109
-0.619713810740116,0.0587966745372002
-0.613207087088789,0.0716209604040103
-0.605665728637249,0.0842560219734865
-0.596334356567759,0.0965038836207781
-0.58608983621724,0.108524381800084
-0.574896140831744,0.12030604892014
-0.562015859436577,0.131600136359116
-0.548301567136324,0.142621022281176
-0.533736093534809,0.153361175988185
-0.517629845995991,0.163526011400369
-0.500756187818971,0.173367159408724
-0.483127704719249,0.182886624143156
-0.464193081910083,0.1917846342157
-0.44456670957146,0.20031206011115
-0.42420024935999,0.208429055587015
-0.402950214229964,0.216012832469398
-0.38088861190195,0.223044202138264
-0.358245391995808,0.229643334805546
-0.335045236253309,0.235806700159855
-0.311104056294728,0.241315534759303
-0.286656162565951,0.246306853545082
-0.261783848107236,0.250820665219705
-0.236520561426757,0.254853851672652
-0.210812475243021,0.258247379231296
-0.184792881653372,0.261085131346995
-0.158539548331545,0.263424896697385
-0.132090866786303,0.265267871727154
-0.105471841838545,0.266540858639063
-0.0787457257698108,0.267185314428013
-0.0519896612628893,0.267339681517671
-0.0252407056216836,0.267003095876597
0.00146345782509134,0.26617947915561
0.0280226249264623,0.264694926697583
0.0544099551684293,0.26272395825986
0.0805925202783385,0.260286377995614
0.10653748812477,0.257392624078181
0.132136620705742,0.253954586265479
0.157322089274358,0.249990182416981
0.182121605848625,0.245601255062828
0.206502276904229,0.240795143335641
0.230400297466649,0.235555166697356
0.253615408745711,0.22978783727891
0.276289036792271,0.22365310989616
0.298396003403917,0.21716085995082
0.319890868131224,0.210310548284592
0.340455261990929,0.202983357213138
0.360360976848153,0.195359024605753
0.379590470634693,0.187446883577524
0.398013517893479,0.179217655829217
0.415402660763781,0.170633133469708
0.432013117866344,0.161811196239932
0.447906797173232,0.152781988735816
0.462651553604935,0.143458376933002
0.47645635460941,0.133930765893031
0.489472178057697,0.124245687529294
0.501478536067112,0.114378182602234
0.512230163439848,0.104327773454432
0.522265798204811,0.0941898484693891
0.531233793582842,0.0839327227147221
0.538961051510912,0.0735783893982164
0.545945045654861,0.0631785978725416
0.551728679582285,0.0527231550817267
0.556352782944058,0.0422502439629715
0.560255266597627,0.0317746282532248
0.562789957354673,0.02132097347863
0.564342150783504,0.010913506215254
0.565173779247471,0.000542408285318879
0.564479597293676,-0.00970982162512572
0.563000149981817,-0.0198762900470947
0.560719336033269,-0.0299552385054345
0.556983845473303,-0.0398283966461466
0.552579446624766,-0.0495881543453598
0.547218363368502,-0.0591807558652828
0.540662797427499,-0.0685233889022841
0.533469808668975,-0.0777195856661334
0.525193764890349,-0.086649413658057
0.516006966388206,-0.095319107715039
0.506257802590976,-0.103824725242291
0.495262264126738,-0.111920641109981
0.483681046467967,-0.119796479564586
0.471431283136454,-0.127421102330534
0.458179838885366,-0.13461783197657
0.44440409963589,-0.141568856243127
0.42996792218103,-0.148199904437252
0.414708434129183,-0.154379129707376
0.399004674598039,-0.160291692857754
0.382726164160072,-0.165845895012075
0.365798011597137,-0.170938341366714
0.348463634346376,-0.17571257925506
0.330737851816002,-0.180167585565
0.312419917707542,-0.18406371372175
0.293804255038768,-0.187629821530528
0.27490465200191,-0.190866125136125
0.255645200861171,-0.19362328189142
0.236120182054521,-0.195942063405902
0.216414147002644,-0.197909877416239
0.196545956005929,-0.199526250073497
0.176495668182242,-0.2005870498392
0.156376731624586,-0.201289229928762
0.136210732406317,-0.201636971505523
0.116022725581199,-0.201583165646218
0.095875643234524,-0.201031034471628
0.0757975561870004,-0.200135477062205
0.0558083628626144,-0.198898932623839
0.0359765666703426,-0.197228452024864
0.0163597864779949,-0.195136393838597
-0.00305864985994808,-0.192722803929644
-0.0222604020336677,-0.189991458606214
-0.0410905160755474,-0.186808490140755
-0.0595860873111188,-0.183288569304553
-0.0777709303301703,-0.179482890554067
-0.0955884121471627,-0.175364897771608
-0.112843660246759,-0.170837952984511
-0.129697712003981,-0.166054779663783
-0.146136154219748,-0.161019743696587
-0.161958900770457,-0.155648605905867
-0.177202942132246,-0.150002719991868
-0.191976359485808,-0.144149130072389
-0.206157284739956,-0.138050877342028
-0.219557254698382,-0.13167239855189
-0.232415655658566,-0.125120546397418
-0.244741000923398,-0.118403532784688
-0.256091092334223,-0.111428392827549
-0.266904969230437,-0.104331635299127
-0.277141656881484,-0.0971062153658266
-0.286322544142807,-0.0896860454110508
-0.294915335857629,-0.0821775773408712
-0.302888476782289,-0.074577638459976
-0.309798575494004,-0.0668589135289215
-0.316220673590023,-0.0590966700608878
-0.32170343137639,-0.0512622641377049
-0.326372429559593,-0.0433925877614114
-0.330545380080504,-0.0355028246986622
-0.33347463755722,-0.0275999990307023
-0.33589985112527,-0.0197084069061862
-0.337529023521134,-0.0118345560199571
-0.338199665568612,-0.00401345876315739
-0.338414102107297,0.00377850662384367
-0.337474599065621,0.0114691606332979
-0.335968592044837,0.0190911955808495
-0.33377148513248,0.0266295195078443
-0.330591789729664,0.0340148813462278
-0.326989417684047,0.0413282252131813
-0.322363606261824,0.0484455644664186
-0.317168754713349,0.05543257742324
-0.311386826046308,0.0622851331018424
-0.304663514666459,0.0688842081716644
-0.297598063767448,0.0753840065512808
-0.289615239370119,0.0815963174799496
-0.281162516758295,0.0876385323603829
-0.272160095754527,0.0934817647350174
-0.262420873293307,0.0990185405086816
-0.252392856117642,0.104430965812336
-0.241576727884232,0.109468390459731
-0.230377360108552,0.114297371990692
-0.218796756745026,0.118919000351477
-0.20657451918492,0.123141569754972
-0.194083799931439,0.127177251462093
-0.181178536232604,0.130916354856543
-0.1678628656728,0.134315277819322
-0.154294232728454,0.137487056693423
-0.140389687673828,0.140332389403678
-0.126182065941545,0.142826936053937
-0.111794896971318,0.145089942090245
-0.0971761743005268,0.147024973488516
-0.0823578877120651,0.148599775425269
-0.0674253296179422,0.149927458398012
-0.0523720869426147,0.15095755503652
-0.0372152150473637,0.151589862165823
-0.0220224642852107,0.151977728623675
-0.00680019552175673,0.152112242914999
0.00841005394971665,0.151815583947605
0.0235795366190547,0.151277903683969
0.0387011582420474,0.150500114185506
0.0536981101744614,0.149337570520418
0.0685662978309804,0.147905314267426
0.0833117569366078,0.146244112397711
0.0978527251437983,0.14426205121567
0.112154535417023,0.141983486334392
0.126266068551419,0.139494354586736
0.140116413182263,0.136740358279879
0.153604807500773,0.133679052047303
0.166837305891111,0.130424888537955
0.17977634500937,0.126959147608939
0.192224267136873,0.123190203401445
0.204373222063087,0.119258084147341
0.216184271547052,0.11514625945183
0.227399768298049,0.110760510865926
0.238263856208128,0.106232822227848
0.248754613057195,0.101556816873597
0.258566359324334,0.0966490300289721
0.268023796641191,0.0916349788122775
0.276995491335358,0.0864795112030053
0.285290117278532,0.0811574951828025
0.293195908695021,0.0757505887139731
0.300490342640329,0.070219076729845
0.307181209646578,0.0645887591293217
0.313538973244834,0.0589045494405563
0.318971330959066,0.0531041914291426
0.324039957367104,0.0472712778266493
0.328513570657716,0.0413851078686869
0.332244682093445,0.0354586455757129
0.335716319544007,0.0295181027620393
0.338152454177012,0.0235577672573053
0.340323918602014,0.0176014799202962
0.341714530677851,0.0116576349823942
0.342583688663962,0.00574012800325055
0.342939678323273,-0.000151459520098825
0.342521065988919,-0.00597705420234198
0.341839806751004,-0.0117797118331237
0.340171938068151,-0.0174632761655832
0.338236783820908,-0.0231048496407751
0.335590459836765,-0.0286346975651186
0.3324406333778,-0.0340664551802954
0.328845366840222,-0.0394114339667448
0.324523766896964,-0.0445858279609889
0.319992962744116,-0.0497104877953526
0.31458764225025,-0.0545917105809313
0.308977642247425,-0.059406240544321
0.302730306615481,-0.0640131009075458
0.296110606160623,-0.0684791664568438
0.2890720430798,-0.0727868559140552
0.281528731971361,-0.0768743358808754
0.27376718995932,-0.0808666069247471
0.265356730131515,-0.0845326269284415
0.256770251144687,-0.0880970021487315
0.247759035124113,-0.0914152315793886
0.238435881020927,-0.09452401935729
0.228888698881446,-0.0974823900979634
0.218939108130181,-0.100125797778257
0.208822627672664,-0.102623132625113
0.198430854344828,-0.104866423807487
0.1878108280807,-0.106857583569141
0.177062496125658,-0.108699802363673
0.166072176530088,-0.110213019389065
0.154974475702272,-0.111538863050741
0.143775247656326,-0.112687548227904
0.132430629869568,-0.113485959564304
0.121041428249963,-0.114119307730941
0.109599056901432,-0.114549145541914
0.0981220803690079,-0.114660484779088
0.0866464466611483,-0.114609843193992
0.0751809052104276,-0.114331854928341
0.063772263097252,-0.1137697806557
0.0524118268605901,-0.113046993556015
0.041136203118657,-0.112088078444845
0.0299932482944525,-0.11087546964097
0.0189439318203778,-0.109509585471859
0.00806200868743151,-0.10790269231107
-0.00262778095301025,-0.106076841403978
-0.0131842046230524,-0.104110245359729
-0.0234766861778437,-0.101897662340275
-0.0335399288977238,-0.0995064894308252
-0.0434311733319038,-0.0969859483191241
-0.0529514824321033,-0.0942207603608547
-0.0622341073082209,-0.0913219595299717
-0.071298521916547,-0.0883004930033488
-0.0798936610319613,-0.085053196152325
-0.0882640908379312,-0.0817113654346637
-0.0963027706575758,-0.0782325564503809
-0.103879598089417,-0.074590770372691
-0.111241717987815,-0.0708786507497954
-0.118084560121292,-0.0670113341888902
-0.124588477137511,-0.0630592802699124
-0.130782866796151,-0.0590298389600423
-0.136382926578101,-0.0548780771366859
-0.141729157813787,-0.0506813803059002
-0.146531233397338,-0.0463953897813009
-0.150963259549363,-0.0420635413283609
-0.155002066370354,-0.0376829636453005
-0.158476270881032,-0.0332542613598527
-0.161737559897881,-0.0288074109490865
-0.164237799143391,-0.0243237145265714
-0.1665433484467,-0.0198367236527141
-0.168208183264524,-0.015341941265245
-0.169570543402124,-0.010854514293699
-0.170407318498675,-0.0063798682153404
-0.170815424293589,-0.00193138053683386
-0.170830563179218,0.0024931273850108
-0.170296609384724,0.00686393422559889
-0.169502081937293,0.0112092570497063
-0.16804532605653,0.0154649076252465
-0.166457346457005,0.0197027892175563
-0.164108063912062,0.0238076140269843
-0.161645612285665,0.0278884324237267
-0.158540888532857,0.0318304877292995
-0.155230202627579,0.0357190232133571
-0.151412772847755,0.0394758799331644
-0.147293898149725,0.0431399597033694
-0.142792054728585,0.0466861716052599
-0.137935054078818,0.0501039096682748
-0.132782796359137,0.0534148420515242
-0.127237048900598,0.0565593295107446
-0.121480957759381,0.0596148422526449
-0.115305482691761,0.0624634182210614
-0.108995572401745,0.065245659765543
-0.102269305455803,0.0677885809974801
-0.0954290764102085,0.0702613534604435
-0.0882227322153064,0.0724881083911945
-0.0808822950501215,0.0746089271076847
-0.0733116244791793,0.0765478566815087
-0.0655464207233622,0.0783033493177119
-0.0576623177729683,0.0799467248148632
-0.0495554276781007,0.0813341693780819
-0.0413720844901152,0.0826206242445883
-0.0330334424492336,0.0836823411374203
-0.0246085972893797,0.0845786622701391
-0.0161185110992332,0.0853498070760096
-0.00753351022273776,0.085854120834048
0.00107473484621511,0.086258304091297
0.00972364578413313,0.0864517668232712
0.0183780351015964,0.086463382502941
0.0270343714084005,0.086367820724209
0.0356549173683075,0.0860030272239595
0.0442421876608753,0.0855268742824613
0.0527815683608009,0.0848904553356609
0.0612223648952816,0.0840443662179803
0.069608406963878,0.0830988026049508
0.077856187167232,0.0819406969373825
0.0859888991652823,0.0806457033335927
0.0940286663283748,0.0792401402931263
0.101837593517457,0.0776132677787944
0.109539779749653,0.0758992067621533
0.117045129033572,0.0740294049096043
0.124332785021296,0.072015457087439
0.13150488810761,0.0699256844934128
0.1383225886023,0.0676375806164165
0.144994633146482,0.0652801503471792
0.151419215893749,0.0628049381848034
0.157532568563007,0.0602038011225221
0.16352038891827,0.0575522461491171
0.169046754442774,0.0547429057558837
0.174423645226082,0.0518907498435214
0.179456752562853,0.0489401206599319
0.184183867262523,0.0459169482051015
0.188701262167669,0.042844056384201
0.192730044072955,0.039677721704391
0.196658798601153,0.0364938113133528
0.200034909654644,0.0332282714306529
0.203267895465413,0.0299475141166245
0.206041818547137,0.0266179481129353
0.208562074478269,0.0232713065681273
0.210724296149504,0.0199005640362087
0.212508325392826,0.0165188766883958
0.21403139206248,0.0131296371340519
0.215131582925788,0.00974450704445323
0.215992151837465,0.00636170557698819
0.216401503500113,0.00300085269927654
0.216603268407971,-0.000349902522530013
0.21632950915351,-0.00365907446538153
0.215881208615028,-0.00695298325342892
0.214937727417341,-0.0101840136279027
0.213853029960247,-0.0133971122552511
0.212258014048639,-0.0165243208020556
0.210555153042566,-0.0196333782830542
0.208332268241329,-0.022632404049676
0.206033718283546,-0.0256154198433491
0.203211382288338,-0.028463518179302
0.200343758208706,-0.0312999511542505
0.196948978092168,-0.033973986070962
0.193536690955382,-0.0366426276963237
0.189624989042254,-0.0391288424002428
0.185697394390271,-0.0416092517824936
0.181307935233297,-0.0438907252668508
0.17690441745104,-0.046166143370867
0.172079600218377,-0.0482280632502721
0.167242540577084,-0.0502837791517108
0.162040399302465,-0.0521218922827021
0.156789447024708,-0.0539266932908887
0.151258383918667,-0.0555340048899048
0.145652774581561,-0.0570786126977572
0.139845348042261,-0.0584534640535584
0.133940571833354,-0.0597286600484227
0.127900294826108,-0.0608651459580859
0.121755902336447,-0.0618682041499706
0.115531810895217,-0.0627691252824028
0.109195104082027,-0.063480442038515
0.102826543294845,-0.0641329431552913
0.0963685488573115,-0.0645709518153549
0.0898920021851151,-0.0649327804723556
0.0833776758755619,-0.065139476718524
0.0768538431434265,-0.065213643686445
0.0703232288245577,-0.0651932683817728
0.0638123096758798,-0.0649794892458613
0.0573140106421166,-0.0647023568729487
0.0508661843241588,-0.0642432016256921
0.0444620258552004,-0.0636886342020585
0.0381110235962563,-0.0630179229838113
0.0318581624049276,-0.0621954290814812
0.0256437912893882,-0.0613148913041231
0.0195929530138731,-0.0602416593864577
0.0136039537254142,-0.059110386879478
0.00775390606198204,-0.0578486977116402
0.00204130148199757,-0.0564813450955807
-0.00357654184848123,-0.0550411419574766
-0.00896229195554487,-0.0534525136219419
-0.0142792058107305,-0.0518235852545904
-0.0193351031741778,-0.0500547661680077
-0.0242724172200726,-0.0482324551815065
-0.0290044741471352,-0.046317554499551
-0.0335236611522606,-0.0443217408658303
-0.037907521774771,-0.0422744889783191
-0.0419668632679907,-0.0401240403260893
-0.0459632142968925,-0.0379540433330531
-0.0495598237627673,-0.0356792821333457
-0.0530772011884139,-0.0333877661960243
-0.0562472391631556,-0.031022800410054
-0.0592626026896895,-0.0286322222105971
-0.0619911565238369,-0.0261941514322527
-0.0644763611705934,-0.0237264116687639
-0.066732356199243,-0.0212307268078311
-0.0687250680845791,-0.0187141629798113
-0.0704796448013863,-0.0161787144777355
-0.0719626818725552,-0.0136330195443051
-0.0732098909168421,-0.0110784257420439
-0.0741794918160108,-0.00852446849784479
-0.0749176169713444,-0.00597104202968204
-0.0753692494161216,-0.00342970297782643
-0.0755915668761231,-0.00089803895637933
-0.0755578325673918,0.00161235587485247
-0.0752618623578498,0.00410096782489887
-0.0747463917942388,0.0065621470178689
-0.0739430737320052,0.00898735155130708
-0.0729570056519475,0.0113818400863744
-0.0716614334563419,0.0137243082275608
-0.0702185688130488,0.016035305641167
-0.0684476450256172,0.0182762094408949
-0.0665723857019743,0.0204896320117226
-0.0643470507826172,0.0226108471915927
-0.0620578266771181,0.0247117504837509
-0.0594047160121613,0.0266969656073495
-0.0567241056109829,0.0286717661431507
-0.053673013736917,0.0305062594485262
-0.0506219218628511,0.0323407527539018
-0.0472112019255013,0.0340139485643654
-0.043796424751392,0.0356853246555347
-0.0400782889493034,0.037195319857562
-0.0363365008647319,0.0386927325053934
-0.0323433965128861,0.0400308834402784
-0.02831157182431,0.0413444968980617
-0.024077283939978,0.0425036422511988
-0.0197940538692821,0.0436254474510469
-0.0153594496969414,0.0446061998899365
-0.0108728015883842,0.0455384569731824
-0.00625018067798886,0.0463118466154089
-0.00160497498778236,0.0470588487292026
0.00315990963990741,0.0476235176353785
0.00793578094569534,0.0481667959803903
0.0127920448540223,0.0485371118844218
0.0176585381164303,0.0488707850722979
0.022566521405865,0.0490558362385336
0.0274810251472455,0.0491724113585361
0.0324061912460947,0.0491770132458487
0.0373226560756698,0.0490817948535938
0.0422323164489125,0.048908516271264
0.0471067369166884,0.0486058561266955
0.0519689587887679,0.0482584094440417
0.0567587225039776,0.0477547318206862
0.0615301423898119,0.047219644825794
0.0662055486718961,0.0465404340016057
0.0708390881794516,0.0458136847014862
0.0753770925678114,0.0449784581179937
0.0798335212461238,0.0440698330073183
0.0842066537727036,0.0430862613855597
0.0884478035915724,0.042006119498741
0.0926282217908827,0.0408815409679101
0.0966234178504825,0.0396452147762375
0.100583892517907,0.0383879574525761
0.104301189658393,0.037008621096335
0.107976497748482,0.0356116649303706
0.111429039702495,0.0341212297051432
0.114789704724592,0.0325987104523713
0.117951962667464,0.0310069061455387
0.120989262932651,0.0293792441197792
0.123836745749975,0.0276971122861708
0.126526246843184,0.0259784031867985
0.129042837575514,0.0242196604173386
0.131367406185727,0.0224259858007043
0.133539815265526,0.0206046309699159
0.135476600284435,0.0187514159443403
0.137279910546122,0.0168801529666659
0.138861276253944,0.0149889079522404
0.140272434509332,0.0130823388782216
0.141487254878448,0.0111666762969377
0.142500609359639,0.00924168270190866
0.143345579194216,0.00731594035551393
0.143959106519471,0.00538916886009392
0.144430056299074,0.00346772482676903
0.14463473870459,0.00155622997117845
0.144770277512628,-0.000349705503104448
0.144560837147322,-0.00222790347402087
0.144351396782017,-0.0041061014449373
0.143742934641312,-0.00593452590927352
0.143128476385089,-0.0077622024252179
0.142198927341061,-0.00953619382199347
0.141192285544419,-0.0112970501676303
0.139951133595038,-0.0130065891907791
0.138567258579226,-0.0146848964504372
0.137031459546125,-0.0163218705324321
0.135288821729532,-0.0179025710617773
0.133470539363333,-0.0194582390079458
0.13139211345843,-0.0209278192610234
0.12930529017216,-0.0223940632126456
0.126916801709171,-0.0237404548050379
0.124528313246182,-0.0250868463974303
0.121907172099912,-0.0263227801565258
0.11923800419013,-0.0275359119768561
0.116406916204326,-0.0286568177396323
0.113488512441783,-0.029727990386858
0.110467850770459,-0.0307287626924364
0.107332080978281,-0.0316502878167353
0.104142676289147,-0.0325264751370008
0.100822730897753,-0.0332923158524722
0.0974866323116178,-0.0340410135083009
0.0940224504983078,-0.0346537790195611
0.0905451031547127,-0.035248270747176
0.0869737413974392,-0.035712270271447
0.0833920389355785,-0.0361562066061941
0.0797433232654516,-0.0364701229131285
0.076087732687058,-0.0367623374660908
0.0723914480608407,-0.0369260947102795
0.0686923827915959,-0.037067093647393
0.064978201228362,-0.0370843725467122
0.0612664666304818,-0.0370682527191456
0.0575626748410033,-0.0369437211855809
0.0538706959727796,-0.0367753937466277
0.0502043266777337,-0.036512119899438
0.0465631298509866,-0.0361955311513744
0.0429603578138865,-0.0357975592895525
0.0393998798778903,-0.0353378686260048
0.0358859689225057,-0.0348102238466746
0.0324352725688295,-0.0342135438778124
0.0290346919123531,-0.0335621337269795
0.0257214399552978,-0.0328358150430236
0.0224573905755751,-0.0320672915292891
0.0193074861343476,-0.0312196057483819
0.0162016511319851,-0.0303413567489949
0.0132409791978104,-0.0293805258023415
0.0103158546931871,-0.0283994722468019
0.0075605427680016,-0.0273388000989517
0.00483784380804852,-0.0262628369850758
0.00230771210193148,-0.0251123968205521
-0.000194781001655573,-0.0239512671874946
-0.00248261902159833,-0.0227219109084522
-0.00474924965153629,-0.021485814005961
-0.00677345320858885,-0.0201874158128569
-0.00878373283827545,-0.0188854393121197
-0.0105524501384044,-0.0175347996408625
-0.0122870344308373,-0.0161772838131408
-0.0137909160060343,-0.0147850347914008
-0.0152395176872115,-0.0133844631659768
-0.0164717311671835,-0.0119614154777549
-0.0176268100138653,-0.0105303558792155
-0.0185719636463906,-0.00908703518748038
-0.0194126512584422,-0.00763761295326003
-0.020127357274503,-0.00618658767713463
-0.020635120146892,-0.00473292917090347
-0.0211132824970525,-0.00328025095621095
-0.0212888195215488,-0.00183759489733629
-0.021464356546045,-0.000394938838461823
-0.0213775969265608,0.00102714990003418
-0.0212251756406465,0.00244408994692047
-0.0209085800253122,0.00384056599725968
-0.020434548144406,0.00521741793701782
-0.0198972185809117,0.00658328490539323
-0.0191111748771547,0.00790598887629998
-0.0183251311733977,0.00922869284720691
-0.0172722809022577,0.0104912504708638
-0.0161882170431687,0.0117467715986876
-0.0149389428331052,0.0129557919262295
-0.013573745233762,0.0141321839690359
-0.0121345115542147,0.0152830627073946
-0.0105049480070812,0.0163683525620119
-0.00887538445994802,0.017453642416629
-0.00702085774516792,0.01844464579469
-0.00514694030755712,0.0194275221404338
-0.00315007436483086,0.0203478747326686
-0.00105709045068408,0.0212193478664075
0.00107463729088316,0.0220668306598343
0.0033595822130622,0.0228194407329004
0.00564452713524156,0.0235720508059666
0.00806225955773677,0.0242236485940416
0.0105048297553841,0.0248563521306531
0.0130305664567187,0.025409632054649
0.0155979894949203,0.0259231017266342
0.0182136608903993,0.026376800259984
0.0208795887046967,0.0267682400233785
0.0235680438965372,0.0271209408915933
0.0263058297537933,0.0273888109590204
0.0290496760556743,0.0276401757307827
0.0318316376623332,0.027787735515684
0.0346152104511193,0.027925079758545
0.0374154751030416,0.0279565908825569
0.0402155296257632,0.0279836543180956
0.0430103878817379,0.0279007312516021
0.0458052461377122,0.0278178081851086
0.0485718780352081,0.0276241621002899
0.0513382163331044,0.027429364317712
0.0540569437781626,0.0271331982451107
0.0567726615364038,0.0268306242468385
0.0594225383433388,0.0264337394643362
0.0620664134517868,0.0260282578301825
0.0646279552219454,0.0255353641775954
0.0671795673614654,0.0250319283913549
0.0696344124608277,0.0244483545092578
0.0720745794809866,0.0238526249043418
0.0744044552801356,0.0231837119418185
0.076713977935951,0.0225012937215482
0.0789064988926463,0.0217558959467972
0.081066898614896,0.0209932079869471
0.083107714828143,0.0201779421226381
0.0851031691333247,0.0193427317518651
0.0869795421986391,0.0184647198801093
0.0887960286389355,0.0175651828928746
0.0904937809994071,0.0166311674775861
0.0921142613116306,0.0156747135277168
0.0936398440471957,0.014696561299195
0.0950482515354716,0.0136916170148972
0.0963925972465823,0.0126755835662375
0.097579479914616,0.0116322930909566
0.0987364366361501,0.0105853262192964
0.0996946932526996,0.00951394908056153
0.100652949869249,0.00844257194182652
0.101372891037158,0.00735342429122189
0.102086119391143,0.0062637760849872
0.102642883937729,0.00516997188699852
0.103096570721996,0.00407342973741979
0.103489705273406,0.00297816677498367
0.103683611240458,0.00188711258622074
0.103877517207511,0.00079605839745797
0.10384954728067,-0.000279920916474511
0.10378645392176,-0.00135351384524001
0.10359745722589,-0.00241251936745995
0.103279279605691,-0.00345655773545949
0.102947828362688,-0.00449838123684451
0.102379493554925,-0.00550067781277004
0.101811158747162,-0.00650297438869571
0.101096649464661,-0.0074729159082041
0.100289680677883,-0.00842239193616509
0.099444090628152,-0.00936104242408464
0.0984126219371228,-0.0102475911286784
0.0973811532460937,-0.011134139833272
0.0961961064013794,-0.0119673860452097
0.0949546932683237,-0.0127810691643617
0.0936666000899822,-0.0135748354923704
0.0922325757392464,-0.0143063379415822
0.0907985513885103,-0.0150378403907942
0.0892355974162784,-0.0157018609074011
0.0876303948375141,-0.0163437684480639
0.0859860690998493,-0.0169604253137105
0.0842326867787714,-0.0175066954206326
0.0824793044576938,-0.0180529655275545
0.0806330826265584,-0.0185243950562898
0.0787598858480652,-0.018974079310243
0.0768431511215775,-0.0193786194740624
0.0748772856646977,-0.0197322164441082
0.0728998518557501,-0.0200696503675431
0.0708637844985028,-0.0203251627892289
0.0688277171412552,-0.0205806752109148
0.0667507510040578,-0.020751112085622
0.0646671130965439,-0.020907670685484
0.0625698688566952,-0.0210110973938192
0.0604617023550601,-0.0210718733411587
0.0583523039475941,-0.0210968887844839
0.0562409761368571,-0.0210658963482657
0.0541333761107875,-0.0210147048369872
0.0520386419504692,-0.0208937993772809
0.0499460361292648,-0.0207676926964128
0.0478870001616154,-0.0205595482276839
0.0458279641939662,-0.020351403758955
0.0438170591846236,-0.0200686690848785
0.0418118255039861,-0.0197771453571956
0.0398600491673466,-0.0194263262657289
0.0379259090145446,-0.0190559449615115
0.0360451224891428,-0.0186403923590023
0.0341985520668188,-0.0181958710457644
0.0323999574264924,-0.0177192281561334
0.0306562046087862,-0.0172058666196884
0.0289507754193534,-0.016671876992351
0.0273253233124519,-0.0160948388698148
0.0257174805745376,-0.015510154326807
0.0242251081823915,-0.0148753297239044
0.0227327357902451,-0.0142405051210017
0.0213768114565541,-0.0135579696355572
0.0200294896419371,-0.0128724261646436
0.0187984889420515,-0.0121544262691618
0.0176064557522252,-0.0114255534891329
0.0165085334579729,-0.0106763056301547
0.0154853287386104,-0.00991088136059183
0.0145050715730744,-0.00913863058426296
0.0136632019021442,-0.00834438313794681
0.0128213322312141,-0.00755013569163077
0.0121508457774075,-0.00673775985795014
0.0114960252929949,-0.00592372692641385
0.0109546949913977,-0.0051032768994516
0.0104904053036076,-0.00427847075147353
0.0100820499628286,-0.0034532344921289
0.00982111456664701,-0.00262686463603745
0.00956017917046539,-0.00180049477994588
0.0094441416124843,-0.000980321414211619
0.00939712427403637,-0.00016309966687335
0.00936684889775754,0.000652534619250338
0.00953003748460488,0.00144982478687812
0.00969322607145224,0.00224711495450601
0.00995456352074204,0.00302989998292413
0.0103214062294231,0.0037970926913018
0.010688248938104,0.00456428539967936
0.0112267630525823,0.0052964977914879
0.0117877531309932,0.00602413040875608
0.0124028397597255,0.00673738828816068
0.0131461647152188,0.00741657019931364
0.0138894896707121,0.00809575211046671
0.0147524803772476,0.0087348561155365
0.0156645522510556,0.00935752208052173
0.0165952565293702,0.00997246142201951
0.017660556974428,0.01053158542831
0.0187258574194855,0.0110907094346005
0.0198644098621746,0.0116123096875949
0.0210668724119854,0.0121011716239521
0.0222693349617964,0.0125900335603093
0.0235786413403984,0.0130104482135642
0.0249000843476614,0.0134230877873667
0.0262472671485296,0.0138146791662914
0.0276669778916817,0.014146962289421
0.0290866886348335,0.0144792454125505
0.0305544603473535,0.014759459724287
0.0320509610220734,0.0150085493430765
0.0335474616967934,0.0152576389618661
0.0350959194701409,0.0154273113823547
0.0366449117921918,0.0155961667371972
0.0382135062224736,0.015716438384491
0.0397932434886218,0.0158090925799983
0.0413766280756632,0.0158801152543152
0.0429691482909949,0.0158969563683262
0.0445616685063264,0.0159137974823372
0.0461496825135377,0.0158610590313171
0.0477373733497652,0.0158033305541221
0.049312596648446,0.0157042208945587
0.0508788227266983,0.0155752484318598
0.0524334332719769,0.0154251334739047
0.0539626671731277,0.0152288281621119
0.0554894499729326,0.0150294986370805
0.0569667117753873,0.0147690692085271
0.0584439735778421,0.0145086397799737
0.05986972796198,0.014201140007875
0.0612809820336184,0.0138803890437504
0.0626513827979509,0.0135307584671217
0.0639830761947927,0.0131537652643577
0.0652941052900894,0.0127652451062379
0.066533347339263,0.0123366807165726
0.0677725893884364,0.0119081163269073
0.0689150046861045,0.011436450612365
0.0700505272704681,0.0109617166850532
0.0711129614898323,0.0104609739059246
0.0721349176805243,0.00994582682250528
0.0731126603816048,0.00941828513073005
0.0740095795249757,0.00886808573080888
0.0749064986683466,0.00831788633088764
0.0756737213281468,0.00774001089167387
0.0764349535578198,0.00716085714964857
0.077117024244576,0.00656954577531566
0.0777364150884826,0.00596860802870151
0.0783323735653705,0.00536533604729705
0.0788056290643419,0.00474984090637514
0.0792788845633132,0.00413434576545331
0.0796327594310595,0.00351318223706152
0.0799494696691605,0.00289025407131748
0.0802476021437815,0.00226741988373648
0.0803989781708794,0.00164532808376217
0.0805503541979773,0.00102323628378777
0.0806259269571097,0.000405539130571898
0.0806132745165052,-0.000207043222208095
0.0806006220759007,-0.000819625574988002
0.0804577734834255,-0.00141778456828931
0.0802847621438754,-0.00201260207923737
0.0800863919019626,-0.00260320521063447
0.0797565291392718,-0.00317195568521073
0.0794266663765809,-0.00374070615978706
0.0790319629461572,-0.00429471844116408
0.0785511023278537,-0.00482914731408981
0.0780702417095504,-0.00536357618701546
0.0774913296898972,-0.00586905564100034
0.0768698238813803,-0.00636195939059821
0.0762483180728632,-0.00685486314019615
0.0755028834436982,-0.00730160722937062
0.074752939896987,-0.00774667188593444
0.0739759872467442,-0.00817914808841522
0.0731099424069737,-0.00857010003461319
0.0722438975672033,-0.00896105198081112
0.0713349551160402,-0.00932675338963607
0.070367293606221,-0.00965789138719002
0.0693996320964018,-0.00998902938474402
0.068380469121584,-0.010281199182178
0.0673286093085622,-0.0105486291603768
0.0662767494955405,-0.0108160591385755
0.0651720248699459,-0.0110302824574594
0.0640541818646321,-0.011231302567507
0.0629363388593181,-0.0114323226775547
0.0617736557330841,-0.011569556180659
0.0606105518344644,-0.0117061911206414
0.0594347318657308,-0.0118134950461948
0.0582450186906618,-0.011888752763146
0.0570553055155931,-0.0119640104800972
0.0558548405428537,-0.011980288797841
0.0546539862872265,-0.0119944316893459
0.0534549451300209,-0.0119814137920272
0.0522581000565627,-0.0119354978643662
0.0510612549831043,-0.0118895819367051
0.0498814874682658,-0.0117901246769224
0.0487028213399088,-0.0116872143650538
0.0475410014532802,-0.0115554747478995
0.0463935553212887,-0.0113991370413181
0.0452522289561086,-0.0112357222768804
0.0441485637881109,-0.0110287551223571
0.0430448986201133,-0.0108217879678338
0.0419822755382341,-0.0105798148171209
0.0409340752648929,-0.0103255400309778
0.0399085402960492,-0.0100564003601338
0.0389269735330793,-0.00975842444264316
0.0379454067701092,-0.00946044852515244
0.0370346597880572,-0.00912614220085159
0.036130260402382,-0.00878857957222925
0.0352685888416017,-0.00843373314274815
0.0344504496999179,-0.00806127744660245
0.0336391692513877,-0.00768664041223711
0.0329150750029846,-0.00728427468578541
0.0321909807545815,-0.00688190895933377
0.0315340533401789,-0.00646313932638536
0.0309132094880042,-0.00603555713900204
0.0303039902659637,-0.00560590577361094
0.0297948103101018,-0.00515844747181911
0.0292856303542399,-0.00471098917002722
0.0288411454937227,-0.00425588594785148
0.028447972315402,-0.00379471930273665
0.0280561356147017,-0.00333346768520506
0.0277816152942015,-0.00286475716510366
0.0275070949737014,-0.00239604664500233
0.0272915593823095,-0.00192675532040556
0.0271439305744798,-0.00145679533858595
0.02699630176665,-0.000986835356766282
0.0269304620094968,-0.000520609283244746
0.0269163017172002,-5.67425277623122e-05
0.0269021414249035,0.000407124227720056
0.0269874428588079,0.00086075094620848
0.0271040243401865,0.00131115724156982
0.0272206058215652,0.00176156353693122
0.0274515668996801,0.00219348852448922
0.0276940197549491,0.00262355668550783
0.0279432668600033,0.00305209776336551
0.0283056428566454,0.00345521186535211
0.0286680188532873,0.00385832596733864
0.0290486169366509,0.00425602912232643
0.0295230545545616,0.00462586715102049
0.0299974921724725,0.00499570517971461
0.0304992279149412,0.0053551532182932
0.0310753116446973,0.00568630353072657
0.0316513953744533,0.00601745384315989
0.0322611131393695,0.00633241693680106
0.0329270042251296,0.00662034521792388
0.0335928953108898,0.00690827349904673
0.0342958566914934,0.00717351429623894
0.0350389026784446,0.00741422281317236
0.0357819486653957,0.00765493133010575
0.0365598812438099,0.00786771695346039
0.0373660770137002,0.00805788098913062
0.0381722727835906,0.00824804502480088
0.0390084256874254,0.00840534026745618
0.0398625975373465,0.00854286522733511
0.0407167693872674,0.00868039018721402
0.0415935631552414,0.00878051594133243
0.0424802193594896,0.00886433683205848
0.0433668755637379,0.00894815772278454
0.0442661330228841,0.0089928684575067
0.0451691892014432,0.00902578921495641
0.046072624018346,0.00905105720616127
0.0469780271775192,0.00903654247717018
0.0478834303366923,0.00902202774817909
0.0487833233268875,0.00898186442275254
0.0496787855285672,0.00892107677401149
0.0505742477302471,0.00886028912527044
0.0514491527986517,0.00875735713453512
0.0523229130716811,0.00865207818972003
0.0531856584528042,0.0085326502113738
0.0540270418605154,0.00838578199297128
0.0548684252682264,0.00823891377456878
0.0556758188126305,0.00806121738548
0.0564749880451664,0.00787606169925457
0.0572602196676551,0.00768140753752156
0.058007795705603,0.00746109111043122
0.058755371743551,0.00724077468334085
0.05945884215501,0.00699718521786328
0.0601464196940437,0.00674520962436788
0.0608225647706361,0.00648840914101498
0.0614530028478892,0.00621231874189235
0.0620628875533675,0.0059291513781075
0.0626419499057353,0.00563537122017083
0.0631883814880495,0.00533226580882865
0.0637130628482108,0.00502294459770999
0.0641921676094146,0.0047029572062249
0.0646598796447784,0.0043803036028798
