0.117583283832384,0.0881874628742882
0.126465383809564,0.0885206380112241
0.135347483786743,0.08885381314816
0.144229583763923,0.089186988285096
0.153189443927358,0.0894187169311713
0.16215737692107,0.0896399137055743
0.171125309914783,0.0898611104799773
0.180134700980044,0.0899911519377204
0.189153697345162,0.0901000738856229
0.19817269371028,0.0902089958335253
0.207203443033278,0.0902374241559104
0.216238812028333,0.0902342132810579
0.225274181023387,0.0902310024062054
0.234298189671412,0.0901582001229108
0.243315346825273,0.0900434268392898
0.252332503979133,0.0899286535556688
0.261321728382008,0.0897553050167874
0.270286155997331,0.0895299573690037
0.279250583612655,0.0893046097212201
0.288177192027393,0.0890316996084274
0.297054815357713,0.0886971845085532
0.305932438688034,0.0883626694086789
0.314768974025242,0.0879914810166759
0.323526327199533,0.0875496181922663
0.332283680373825,0.0871077553678568
0.341003310405673,0.0866399750108611
0.349608294917643,0.0860934279126892
0.358213279429613,0.0855468808145172
0.366785237903378,0.0849820403823008
0.375206690084511,0.0843338335508275
0.383628142265645,0.0836856267193541
0.392025520387834,0.0830263317284606
0.400232629067195,0.0822794014152568
0.408439737746557,0.081532471102053
0.41663593936243,0.0807812764434096
0.424598954418212,0.0799389126038747
0.432561969473994,0.0790965487643399
0.440524984529776,0.078254184924805
0.448219909591226,0.0773216468343364
0.455908538182794,0.0763869908749912
0.463597166774363,0.075452334915646
0.471019541981364,0.0744399675537357
0.478404094387254,0.0734165608469996
0.485788646793144,0.0723931541402636
0.492916950640764,0.0713044265035466
0.499970507642513,0.0701966449704157
0.507024064644262,0.0690888634372848
0.513837853186753,0.0679274616721326
0.520535002816222,0.0667399755521059
0.527232152445692,0.0655524894320793
0.53370926262745,0.0643218005742248
0.540021255623927,0.063058692463637
0.546333248620404,0.0617955843530493
0.552482414650185,0.0605044660628144
0.55838121664249,0.0591702790978432
0.564280018634795,0.0578360921328719
0.570084508515016,0.0564877382742384
0.575548382229466,0.0550882194815003
0.581012255943917,0.0536887006887622
0.586458115005286,0.0522868299638896
0.591467285731412,0.0508279466879695
0.596476456457539,0.0493690634120493
0.601485627183665,0.0479101801361291
0.606078526035071,0.046404542316616
0.610605002153146,0.0448914440733518
0.61513147827122,0.0433783458300875
0.619376738812831,0.0418384982284823
0.623393540072078,0.040276919472127
0.627410341331325,0.0387153407157717
0.63130064995251,0.037143784802943
0.634792842135841,0.0355408272998241
0.638285034319171,0.0339378697967053
0.641777226502502,0.0323349122935864
0.644769681001625,0.0307001745739631
0.647724798582008,0.029063062457934
0.65067991616239,0.0274259503419049
0.653283826575893,0.0257717387876997
0.655672338410967,0.0241070399911417
0.658060850246041,0.0224423411945837
0.660404323584619,0.0207761144601253
0.662198426265662,0.0190912502418615
0.663992528946704,0.0174063860235977
0.665786631627746,0.0157215218053339
0.66726167075901,0.0140304969795689
0.668455687464608,0.0123340460596457
0.669649704170206,0.0106375951397225
0.670843720875803,0.00894114421979932
0.671442561295541,0.00724169992729052
0.672033942654443,0.00554221812026921
0.672625324013344,0.0038427363132479
0.672931388235922,0.00214603723919202
0.672879509738135,0.000452829224315134
0.672827631240348,-0.00124037879056175
0.672775752742561,-0.00293358680543863
0.672442528288835,-0.0046196669161322
0.671710767861866,-0.00629565011172564
0.670979007434898,-0.00797163330731909
0.670247247007929,-0.00964761650291253
0.669257840319569,-0.0113128450752365
0.667855271100765,-0.0129608274925416
0.666452701881962,-0.0146088099098467
0.665050132663158,-0.0162567923271517
0.663414623845264,-0.0178911439089602
0.661354683324946,-0.0195006591866885
0.659294742804628,-0.0211101744644168
0.65723480228431,-0.0227196897421451
0.65496081848239,-0.0243128608779774
0.652241506664869,-0.0258720271890714
0.649522194847349,-0.0274311935001655
0.646802883029828,-0.0289903598112595
0.644055904382337,-0.0305468751286776
0.640681340677673,-0.0320432561979908
0.637306776973009,-0.0335396372673041
0.633932213268345,-0.0350360183366173
0.630557649563681,-0.0365323994059305
0.62670736503588,-0.0379730563686064
0.622706712148947,-0.0393960997603145
0.618706059262014,-0.0408191431520226
0.614705406375081,-0.0422421865437306
0.610421843237425,-0.0436255046671781
0.605828627661367,-0.0449653424778704
0.601235412085309,-0.0463051802885628
0.596642196509251,-0.0476450180992552
0.59194484528164,-0.0489675915363047
0.586817713288909,-0.0502189127595066
0.581690581296177,-0.0514702339827086
0.576563449303446,-0.0527215552059105
0.571316201753785,-0.0539495588155168
0.565713278486932,-0.0551085163402456
0.560110355220078,-0.0562674738649743
0.554507431953225,-0.0574264313897031
0.54876878798314,-0.0585547137673899
0.542727868794493,-0.0596146768941756
0.536686949605845,-0.0606746400209614
0.530646030417198,-0.0617346031477472
0.524458995842466,-0.0627560307614512
0.51802024636813,-0.0637110727393473
0.511581496893794,-0.0646661147172433
0.505142747419457,-0.0656211566951393
0.498561990544437,-0.0665324936739289
0.491788865177962,-0.0673846262400852
0.485015739811488,-0.0682367588062416
0.478242614445014,-0.0690888913723979
0.471196768070087,-0.069842672375305
0.464147548485701,-0.0705952368953847
0.457098328901315,-0.0713478014154645
0.449916195418439,-0.0720438567503831
0.442625696254652,-0.0726938397302118
0.435335197090865,-0.0733438227100404
0.428021265088602,-0.0739818315317518
0.420525141475337,-0.0745267406139687
0.413029017862072,-0.0750716496961856
0.405532894248806,-0.0756165587784024
0.397925038774731,-0.0760910775200052
0.390263887161108,-0.0765320200427123
0.382602735547485,-0.0769729625654194
0.374886371525893,-0.0773692415625225
0.367098783268726,-0.0777079044261114
0.359311195011559,-0.0780465672897003
0.351505335251539,-0.0783649753761976
0.343624673656,-0.0786004622866592
0.335744012060461,-0.0788359491971207
0.327863350464921,-0.0790714361075823
0.319925718239973,-0.0792078637166227
0.311985460538099,-0.0793397262030236
0.304045202836225,-0.0794715886894244
0.296086347754707,-0.0795301688855293
0.288120100742214,-0.0795596214495759
0.280153853729721,-0.0795890740136224
0.272191291727728,-0.0795628873799092
0.26423172022408,-0.0794915478412522
0.256272148720433,-0.0794202083025953
0.248327537486785,-0.0793100227434575
0.240406477641925,-0.0791386833594726
0.232485417797064,-0.0789673439754878
0.224580085300791,-0.0787737825133873
0.216728955180835,-0.0785036353868975
0.208877825060879,-0.0782334882604077
0.201032861105489,-0.0779573960605555
0.19328224947899,-0.0775903345861885
0.185531637852491,-0.0772232731118214
0.177781026225992,-0.0768562116374544
0.17015021681758,-0.0764022197111343
0.162530059461108,-0.0759404984814326
0.154909902104636,-0.0754787772517309
0.147413737330665,-0.0749454430334075
0.139953498315677,-0.0743913595822081
0.132493259300689,-0.0738372761310087
0.125152219412426,-0.0732264624503473
0.117880481551953,-0.0725826659782289
0.110608743691479,-0.0719388695061106
0.103443200670875,-0.0712524913048998
0.0963884725752836,-0.0705216788249412
0.0893337444796926,-0.0697908663449826
0.082358511235953,-0.0690328068603174
0.0755487156044133,-0.0682180433339023
0.0687389199728736,-0.0674032798074872
0.0619724178010285,-0.0665756931788929
0.055433610441001,-0.0656806655590215
0.0488948030809735,-0.06478563793915
0.0423559957209459,-0.0638906103192786
0.0361114270443903,-0.0629196857781584
0.0298683475033985,-0.0619483771243739
0.0236252679624067,-0.0609770684705894
0.0176499853888669,-0.0599453903555057
0.0117294876449691,-0.0589013620981319
0.00580898990107119,-0.0578573338407581
9.79481197494812e-05,-0.0567720220128226
-0.00547376618446685,-0.0556592488719623
-0.0110454804886832,-0.054546475731102
-0.0164798717292205,-0.0534100582479249
-0.0216813415609895,-0.0522335362595449
-0.0268828113927585,-0.0510570142711649
-0.0320291947240434,-0.0498722248437847
-0.0368407094727312,-0.0486371779929822
-0.041652224221419,-0.0474021311421797
-0.0464637389701068,-0.0461670842913772
-0.0508962600817521,-0.0448828086496543
-0.0552920425419725,-0.0435937608977613
-0.059687825002193,-0.0423047131458683
-0.063836027438568,-0.0409881526106128
-0.0677911816274196,-0.0396501392354629
-0.0717463358162712,-0.0383121258603129
-0.0756047501457622,-0.0369650546915114
-0.0791038640558908,-0.0355843420735802
-0.0826029779660194,-0.034203629455649
-0.0861020918761481,-0.0328229168377178
-0.089196547769818,-0.031410905337707
-0.0922264279978082,-0.0299938991358416
-0.0952563082257983,-0.0285768929339761
-0.0980321701116688,-0.0271442247355431
-0.100566531540102,-0.0256966663551497
-0.103100892968536,-0.0242491079747563
-0.105635254396969,-0.0228015495943629
-0.107673876168186,-0.0213310388861907
-0.109687871117657,-0.0198593879769541
-0.111701866067128,-0.0183877370677175
-0.113508646983974,-0.0169096078745272
-0.114994999905651,-0.0154214609064156
-0.116481352827327,-0.013933313938304
-0.117967705749004,-0.0124451669701923
-0.119010929899054,-0.0109496187573427
-0.119965162236919,-0.00945258418155784
-0.120919394574785,-0.007955549605773
-0.121719496960725,-0.00645822988536723
-0.122108743135305,-0.00496015006974841
-0.122497989309884,-0.00346207025412959
-0.122887235484463,-0.00196399043851077
-0.12309938350547,-0.000468314021433301
-0.122893836653003,0.00102169385969741
-0.122688289800536,0.00251170174082817
-0.12248274294807,0.00400170962195888
-0.122086884168531,0.00548609036166821
-0.121291573929127,0.00695866012405085
-0.120496263689722,0.00843122988643348
-0.119700953450318,0.00990379964881612
-0.118703676649128,0.0113671270252631
-0.117327395833483,0.0128131104347594
-0.115951115017838,0.0142590938442556
-0.114574834202194,0.0157050772537519
-0.112975885936385,0.017137025823198
-0.111001970020778,0.0185453399953172
-0.109028054105171,0.0199536541674365
-0.107054138189564,0.0213619683395558
-0.105080222273956,0.022770282511675
-0.102508240525864,0.0241296086066298
-0.0999261737206589,0.0254881086260437
-0.0973441069154543,0.0268466086454577
-0.0947620401102497,0.0282051086648717
-0.0918328905853585,0.0295279906401507
-0.0886667579663684,0.0308265531266564
-0.0855006253473783,0.032125115613162
-0.0823344927283882,0.0334236780996677
-0.0790544022477576,0.0347079961539088
-0.0753326179388473,0.0359371036441039
-0.0716108336299369,0.0371662111342991
-0.0678890493210266,0.0383953186244943
-0.0641672650121163,0.0396244261146894
-0.0600259825931239,0.0407908198095133
-0.0557900599353471,0.0419430650530656
-0.0515541372775703,0.0430953102966179
-0.0473182146197935,0.0442475555401702
-0.0428070101281435,0.0453510479289021
-0.0381005348166506,0.0464199575418783
-0.0333940595051576,0.0474888671548545
-0.0286875841936647,0.0485577767678307
-0.0238275216101554,0.0495946628161704
-0.0186873207968324,0.0505731389156138
-0.0135471199835094,0.0515516150150572
-0.00840691917018644,0.0525300911145006
-0.00321815642156574,0.0534966435399593
0.00231619912725272,0.0543783407005749
0.00785055467607118,0.0552600378611904
0.0133849102248896,0.0561417350218059
0.0189192657737081,0.0570234321824215
0.0247454980325211,0.0578209703185266
0.0306069600434753,0.0586083503931202
0.0364684220544295,0.0593957304677137
0.0424122240780031,0.060155185332484
0.0485399600849725,0.0608522598925086
0.0546676960919419,0.0615493344525333
0.0607954320989114,0.0622464090125579
0.0670925770883635,0.0628756797155635
0.0734536067542657,0.0634793813642943
0.079814636420168,0.0640830830130252
0.086204200735761,0.0646730589148017
0.0927646429624865,0.0651808390653181
0.099325085189212,0.0656886192158344
0.105885527415938,0.0661963993663507
0.112535474122641,0.0666512173346751
0.119255738609735,0.0670644264014421
0.125976003096829,0.0674776354682091
0.132723540131286,0.0678702368207733
0.139566382548008,0.0681908234086891
0.146409224964731,0.068511409996605
0.153252067381453,0.0688319965845209
0.160175826668649,0.0690697860592422
0.167110104928906,0.0692968121344624
0.174044383189163,0.0695238382096827
0.181011591534432,0.0696993700916008
0.188006024389749,0.0698323298337124
0.195000457245065,0.0699652895758241
0.2020009049301,0.0700787527926049
0.209023994754008,0.070118823568581
0.216047084577916,0.070158894344557
0.223070174401824,0.0701989651205331
0.230091476606587,0.070151186271841
0.237112708119808,0.0700999334026589
0.244133939633028,0.0700486805334768
0.251132693528752,0.069932710787149
0.258122445012426,0.0697908215680499
0.265112196496101,0.0696489323489509
0.27207364913313,0.0694652965709209
0.279002686042563,0.0692338409965778
0.285931722951996,0.0690023854222348
0.292841315230289,0.0687517771396656
0.299681224056189,0.0684325315647607
0.306521132882089,0.0681132859898558
0.313361041707989,0.0677940404149509
0.320084621108071,0.067389535570137
0.326807638007722,0.0669846184618245
0.333530654907374,0.066579701353512
0.340142294091511,0.0661102658098173
0.346721078701398,0.0656217984004028
0.353299863311285,0.0651333309909884
0.359784875313903,0.0646003238505834
0.366192926338104,0.0640307620981732
0.372600977362306,0.0634612003457629
0.378944725590853,0.0628660060664736
0.385155683754637,0.0622178787090851
0.391366641918421,0.0615697513516966
0.39755931472951,0.0609154142622064
0.403547394921247,0.0601915972246148
0.409535475112983,0.0594677801870232
0.415523555304719,0.0587439631494316
0.421304739695101,0.0579596113452491
0.427045876731477,0.0571635422553052
0.432787013767853,0.0563674731653613
0.4383680250542,0.0555307210076811
0.443839414508243,0.0546661172869126
0.449310803962287,0.0538015135661442
0.454679304283307,0.0529141322527067
0.459856219080667,0.0519843377427438
0.465033133878027,0.051054543232781
0.470198054101355,0.0501224347623383
0.475056404945753,0.0491311837641724
0.479914755790151,0.0481399327660065
0.484773106634548,0.0471486817678406
0.489385951991925,0.0461162108142664
0.493906096792534,0.0450681755942369
0.498426241593144,0.0440201403742074
0.502798876511548,0.0429506105356891
0.50696285331325,0.0418506757741514
0.511126830114953,0.0407507410126138
0.515251909566554,0.0396459269698775
0.519036071086991,0.0384983482028733
0.522820232607428,0.0373507694358692
0.526604394127865,0.036203190668865
0.530121410453267,0.0350271433976725
0.533502976652294,0.0338366617942828
0.53688454285132,0.0326461801908931
0.540172542938966,0.0314473762008571
0.543137711995104,0.0302198574910792
0.546102881051241,0.0289923387813013
0.549068050107379,0.0277648200715234
0.551696822739343,0.0265129030715965
0.554233925055835,0.0252543373715224
0.556771027372328,0.0239957716714483
0.559151222151219,0.0227283145677792
0.561236137201923,0.021444124990471
0.563321052252627,0.0201599354131627
0.565405967303331,0.0188757458358545
0.567166806630679,0.0175782413015021
0.568776850317188,0.0162745411858842
0.570386894003697,0.0149708410702664
0.571988330931133,0.0136669190682127
0.573117608783965,0.0123508245755264
0.574246886636797,0.0110347300828402
0.575376164489629,0.00971863559015391
0.576334430875214,0.00840067479712175
0.576979743514392,0.00707929864432123
0.57762505615357,0.0057579224915207
0.578270368792749,0.00443654633872017
0.578561060616025,0.00311671252177959
0.578691540325358,0.00179757550795223
0.578822020034691,0.000478438494124869
0.578952499744024,-0.000840698519702492
0.578776355812154,-0.00215360485005385
0.578364303006478,-0.00346171744200949
0.577952250200801,-0.00476983003396512
0.577540197395125,-0.00607794262592075
0.576891391225721,-0.007377291069934
0.5759431325216,-0.00866555436493539
0.57499487381748,-0.00995381765993677
0.57404661511336,-0.0112420809549382
0.572931075598541,-0.012521305928666
0.571456607589707,-0.0137811376974612
0.569982139580873,-0.0150409694662565
0.568507671572039,-0.0163008012350518
0.566929139901665,-0.0175531148335392
0.564918982760195,-0.0187742452720947
0.562908825618725,-0.0199953757106503
0.560898668477256,-0.0212165061492058
0.558888511335786,-0.0224376365877613
0.556504742275981,-0.0236242891423689
0.553955237229064,-0.0247956471470727
0.551405732182148,-0.0259670051517766
0.548856227135231,-0.0271383631564804
0.546208297833454,-0.0282984592146737
0.543143912696056,-0.0294109033668265
0.540079527558658,-0.0305233475189792
0.53701514242126,-0.031635791671132
0.533950757283862,-0.0327482358232847
0.530550926196979,-0.0338141721410645
0.527000111658326,-0.0348591753893626
0.523449297119674,-0.0359041786376608
0.519898482581021,-0.0369491818859589
0.516264815841358,-0.0379804891017119
0.512273433659175,-0.0389526635209564
0.508282051476991,-0.0399248379402009
0.504290669294808,-0.0408970123594454
0.500299287112624,-0.0418691867786899
0.495924937030982,-0.0427664849385204
0.49153931324739,-0.0436615789119609
0.487153689463798,-0.0445566728854014
0.482768065680205,-0.0454517668588419
0.478110400485593,-0.0462842662684115
0.473364337751112,-0.0470964261074924
0.468618275016632,-0.0479085859465734
0.463872212282152,-0.0487207457856544
0.458951584680705,-0.0494854937638127
0.453881110151189,-0.0502095432793493
0.448810635621673,-0.0509335927948858
0.443740161092157,-0.0516576423104224
0.438583581554261,-0.0523540671583594
0.433245236619594,-0.0529921770631659
0.427906891684928,-0.0536302869679723
0.422568546750262,-0.0542683968727788
0.417079074976592,-0.0548489077030908
0.411524200011772,-0.0554044913708675
0.405969325046952,-0.0559600750386441
0.400400593095734,-0.0565093322536214
0.394659604616112,-0.0569799451829617
0.388918616136489,-0.0574505581123019
0.383177627656867,-0.0579211710416422
0.377366740176131,-0.0583525793682441
0.371470751367503,-0.0587362564869703
0.365574762558876,-0.0591199336056964
0.359678773750249,-0.0595036107244226
0.353683402901562,-0.0598163708131376
0.347667310044076,-0.0601143440920935
0.341651217186591,-0.0604123173710494
0.335598008181131,-0.0606745358414758
0.329494757167669,-0.0608885477357308
0.323391506154208,-0.0611025596299859
0.317286839196716,-0.0613145240876998
0.311125151271137,-0.0614440369716562
0.304963463345558,-0.0615735498556126
0.298801775419979,-0.0617030627395689
0.292621595396804,-0.0617798815916225
0.286430206651125,-0.0618247607041094
0.280238817905445,-0.0618696398165963
0.274047166616172,-0.0618960901590316
0.26785458986039,-0.0618575790628982
0.261662013104608,-0.0618190679667649
0.255469436348826,-0.0617805568706315
0.249300645799339,-0.0616684935559065
0.243134520538048,-0.0615481885797082
0.236968395276758,-0.0614278836035098
0.230833182860715,-0.0612608997443978
0.224720587921185,-0.0610597631397366
0.218607992981654,-0.0608586265350754
0.21251588977111,-0.0606371557642125
0.206483426056925,-0.0603565040705489
0.200450962342741,-0.0600758523768853
0.194418498628556,-0.0597952006832216
0.18848498493549,-0.0594420058670648
0.182558466674342,-0.0590836824974348
0.176631948413194,-0.0587253591278048
0.170787806096761,-0.0583196098769619
0.164992439282182,-0.0578857793559735
0.159197072467604,-0.0574519488349851
0.1534519085449,-0.056994526913032
0.147812342772021,-0.0564874821864829
0.142172776999143,-0.0559804374599339
0.136536146913053,-0.0554722381028853
0.1310761244244,-0.0548945774806878
0.125616101935747,-0.0543169168584902
0.120156079447093,-0.0537392562362926
0.114840610700469,-0.0531132474540478
0.109584048240369,-0.0524675365836474
0.104327485780269,-0.0518218257132469
0.0991552113623394,-0.0511519036638162
0.0941254603892838,-0.050441042703586
0.0890957094162282,-0.0497301817433559
0.084074085703443,-0.0490173012736232
0.0792923756794524,-0.0482448056373782
0.0745106656554618,-0.0474723100011332
0.0697289556314711,-0.0466998143648881
0.0651331843233045,-0.0458871615705203
0.0606194322606764,-0.0450567950913095
0.0561056801980482,-0.0442264286120987
0.0516950250321276,-0.0433767050328063
0.0474716423892007,-0.0424918198425837
0.0432482597462738,-0.0416069346523612
0.039024877103347,-0.0407220494621386
0.0350921621018902,-0.0397898741981342
0.0311808968945017,-0.0388542091671265
0.0272696316871132,-0.0379185441361189
0.0235252137793447,-0.036959475036829
0.0199427124987271,-0.0359776935064328
0.0163602112181095,-0.0349959119760367
0.0128064839568287,-0.0340106747986533
0.00956767173418809,-0.0329876175589491
0.00632885951154751,-0.031964560319245
0.00309004728890693,-0.0309415030795409
9.2286380352089e-05,-0.0298940162172844
-0.00278126523103578,-0.0288339412210085
-0.00565481684242365,-0.0277738662247327
-0.00849760925880645,-0.0267112196176715
-0.0109852855562776,-0.0256188836627172
-0.0134729618537488,-0.0245265477077628
-0.0159606381512199,-0.0234342117528085
-0.0182502984218537,-0.0223286509285761
-0.0203415321159244,-0.0212098378157372
-0.0224327658099951,-0.0200910247028984
-0.0245239995040659,-0.0189722115900596
-0.0262430884242367,-0.0178344516453282
-0.027929487619803,-0.0166950273840187
-0.0296158868153693,-0.0155556031227092
-0.0311572880792585,-0.0144110605030692
-0.0324159913306328,-0.0132565387774475
-0.0336746945820071,-0.0121020170518257
-0.0349333978333815,-0.010947495326204
-0.0359802532953389,-0.00978880672663543
-0.0367901131094308,-0.00862545661517037
-0.0375999729235227,-0.00746210650370531
-0.0384098327376145,-0.00629875639224026
-0.0389468925546617,-0.00513430764156252
-0.0393058066194252,-0.00396914144986151
-0.0396647206841888,-0.00280397525816049
-0.0400236347489523,-0.00163880906645947
-0.0400502910217394,-0.000477429579917086
-0.0399589398362988,0.000682604988728361
-0.0398675886508582,0.00184263955737381
-0.0397762374654176,0.00300267412601926
-0.0392624490761063,0.00415099205239129
-0.0386860288456699,0.00529757283328782
-0.0381096086152336,0.00644415361418435
-0.0375331883847972,0.00759073439508089
-0.0367829250719875,0.00872941520195032
-0.0356911611053118,0.00985257714974898
-0.0345993971386361,0.0109757390975476
-0.0335076331719604,0.0120989010453463
-0.0324158692052848,0.013222062993145
-0.0309200342382533,0.0143191144097226
-0.0293255617798035,0.015409792002648
-0.0277310893213536,0.0165004695955733
-0.0261366168629037,0.0175911471884987
-0.0244108138690626,0.0186707036722129
-0.0223303668054919,0.0197202287895064
-0.0202499197419211,0.0207697539067999
-0.0181694726783503,0.0218192790240934
-0.0160890256147796,0.022868804141387
-0.0136624021411037,0.0238815163101494
-0.0111120505656704,0.0248810710363222
-0.00856169899023714,0.0258806257624949
-0.00601134741480388,0.0268801804886677
-0.00341073456763644,0.027873177618003
-0.00041095748077198,0.028814095719777
0.00258881960609248,0.029755013821551
0.00558859669295694,0.030695931923325
0.0085883737798214,0.031636850025099
0.0117929294857662,0.0325455009217502
0.0152132192164867,0.0334201583572642
0.0186335089472071,0.0342948157927783
0.0220537986779276,0.0351694732282924
0.025474088408648,0.0360441306638064
0.0292291173035038,0.0368556871440322
0.0330376846258098,0.0376571512111834
0.0368462519481159,0.0384586152783345
0.0406548192704219,0.0392600793454856
0.0445418503168964,0.0400440190693737
0.0486811361716507,0.0407716193842309
0.052820422026405,0.0414992196990882
0.0569597078811593,0.0422268200139454
0.061164203807394,0.0429372260775693
0.0655804177394695,0.0435918074426402
0.0699966316715449,0.044246388807711
0.0744128456036204,0.0449009701727819
0.0788867587170222,0.0455376148261468
0.0835498659817554,0.0461154454570097
0.0882129732464886,0.0466932760878727
0.0928760805112218,0.0472711067187356
0.09758918557231,0.047830398102893
0.102467870145188,0.0483282923927334
0.107346554718067,0.0488261866825738
0.112225239290945,0.0493240809724142
0.117144123621623,0.0498039681749777
0.122197476275073,0.0502236216110542
0.127250828928522,0.0506432750471307
0.132304181581972,0.0510629284832072
0.137445670983934,0.0514338545491382
0.142636122562167,0.0517777113377633
0.1478265741404,0.0521215681263885
0.153023118472607,0.0524611369180834
0.158323171601697,0.0527278576339804
0.163623224730787,0.0529945783498773
0.168923277859878,0.0532612990657743
0.174261637298384,0.0534914646293192
0.179643487274796,0.0536801278068801
0.185025337251208,0.0538687909844409
0.19040718722762,0.0540574541620018
0.195835728402655,0.0541783189958707
0.201270574490843,0.054290028728104
0.206705420579031,0.0544017384603374
0.212151495638092,0.0544801431444625
0.217611784843972,0.0545163887697596
0.223072074049851,0.0545526343950566
0.228532362370478,0.0545887565091894
0.233992112416284,0.0545497780686787
0.239451862462089,0.0545107996281679
0.244911612507894,0.0544718211876572
0.250356594746427,0.0543909080864558
0.255790065102108,0.0542773058464798
0.261223535457789,0.0541637036065038
0.266650736630756,0.0540411567132507
0.272032926659615,0.0538543894748575
0.277415116688475,0.0536676222364643
0.282797306717333,0.0534808549980712
0.28812426932187,0.0532419266926553
0.293430867543125,0.0529837646827141
0.298737465764382,0.0527256026727729
0.304010303087753,0.0524437743999771
0.309217296402454,0.0521157897239367
0.314424289717154,0.0517878050478964
0.319631283031855,0.051459820371856
0.324721820726117,0.0510674784658741
0.329805879217228,0.0506715559378023
0.334889937708339,0.0502756334097305
0.339892980291481,0.0498431255387936
0.344831233126276,0.0493813597700336
0.349769485961071,0.0489195940012735
0.354681811800036,0.0484480442356702
0.359451944350637,0.0479228353923372
0.364222076901238,0.0473976265490043
0.368992209451838,0.0468724177056714
0.373619845504203,0.0463015370766482
0.378200687081356,0.0457156582738466
0.382781528658509,0.0451297794710451
0.387288802117453,0.0445236493260639
0.391660265410661,0.0438801342621169
0.39603172870387,0.0432366191981697
0.400403191997079,0.0425931041342226
0.404555602718626,0.0418975038040901
0.408696469414458,0.0411991585910849
0.412837336110291,0.0405008133780796
0.416856089147085,0.0397773451136213
0.42074572788441,0.0390273135210757
0.424635366621734,0.0382772819285301
0.428519045378016,0.0375261893155461
0.432140166562543,0.0367283551193416
0.435761287747069,0.035930520923137
0.439382408931596,0.0351326867269326
0.442844779373443,0.034310441860013
0.446181566415797,0.0334688863746955
0.449518353458151,0.0326273308893779
0.452826394487822,0.0317819857233382
0.455858840533373,0.0309003079705869
0.458891286578923,0.0300186302178357
0.461923732624474,0.0291369524650843
0.464793253031734,0.0282370935244092
0.467502128628362,0.0273193079177914
0.47021100422499,0.0264015223111738
0.472919879821618,0.025483736704556
0.47532239433686,0.0245375068705519
0.477695566944834,0.0235885527744498
0.480068739552807,0.0226395986783477
0.482330631123048,0.0216822447745821
0.484357852458883,0.0207071772973855
0.486385073794718,0.0197321098201888
0.488412295130553,0.0187570423429923
0.490172121021901,0.0177662541151009
0.491833417144479,0.0167696731111443
0.493494713267058,0.0157730921071876
0.495156009389636,0.014776511103231
0.496467893396367,0.0137650964893575
0.497744563554135,0.0127521869402042
0.499021233711903,0.0117392773910507
0.500264323793102,0.0107254795239465
0.501151230699377,0.00970225928678048
0.502038137605653,0.00867903904961462
0.502925044511928,0.00765581881244861
0.503708380594551,0.00663146523774176
0.504202770989674,0.00560394983634064
0.504697161384797,0.00457643443493967
0.505191551779919,0.00354891903353856
0.505501664835953,0.00252231865914918
0.505578734222243,0.00149687546042623
0.505655803608533,0.000471432261703433
0.505732872994823,-0.000554010937019512
0.50574659789947,-0.00157808427531392
0.505384334289788,-0.00259402664822762
0.505022070680106,-0.00360996902114117
0.504659807070423,-0.00462591139405487
0.504297543460741,-0.00564185376696843
0.503568034096403,-0.00664345118256707
0.502772081109289,-0.00764245324908258
0.501976128122175,-0.00864145531559823
0.501180175135061,-0.00964045738211375
0.50015082423387,-0.0106261867892825
0.498930052277365,-0.0116010306387583
0.497709280320859,-0.0125758744882344
0.496488508364353,-0.0135507183377103
0.49515853164208,-0.0145172549848823
0.493504436201134,-0.0154591359336729
0.491850340760187,-0.0164010168824637
0.490196245319241,-0.0173428978312543
0.488542149878295,-0.018284778780045
0.486661701070384,-0.0192046108849735
0.48457112267533,-0.0201039744874017
0.482480544280277,-0.0210033380898297
0.480389965885223,-0.0219027016922578
0.478299387490169,-0.0228020652946858
0.475883345367419,-0.0236619662113506
0.473378244081985,-0.0245110686474097
0.470873142796551,-0.0253601710834688
0.468368041511117,-0.0262092735195279
0.465842819545358,-0.0270554057353937
0.462948691427258,-0.0278470799267072
0.460054563309159,-0.0286387541180208
0.457160435191059,-0.0294304283093343
0.45426630707296,-0.0302221025006479
0.451261268949584,-0.0309941445959051
0.448018683347232,-0.0317241385917723
0.444776097744881,-0.0324541325876394
0.441533512142529,-0.0331841265835067
0.438290926540177,-0.0339141205793738
0.434767546601438,-0.0345849097555207
0.431217181259656,-0.0352500091234515
0.427666815917874,-0.0359151084913824
0.424116450576093,-0.0365802078593132
0.420425274125409,-0.0372100600850754
0.416596821731607,-0.0378055500739289
0.412768369337804,-0.0384010400627825
0.408939916944002,-0.0389965300516361
0.405086713208609,-0.0395846206746768
0.401011709169646,-0.0401064045249081
0.396936705130682,-0.0406281883751394
0.392861701091719,-0.0411499722253707
0.388786697052756,-0.0416717560756021
0.384573007691464,-0.042143810192567
0.380298290896277,-0.0425939811141179
0.37602357410109,-0.0430441520356687
0.371748857305903,-0.0434943229572196
0.367330541588547,-0.0438820531374689
0.362898300790521,-0.0442637283115488
0.358466059992497,-0.0446454034856287
0.354016922067421,-0.0450180294339226
0.349453468522238,-0.0453294338589279
0.344890014977055,-0.0456408382839332
0.340326561431873,-0.0459522427089385
0.335726987129102,-0.0462388713704908
0.331059124109186,-0.0464786597879419
0.326391261089269,-0.046718448205393
0.321723398069354,-0.0469582366228441
0.317013073793454,-0.0471583891360018
0.312269808436452,-0.0473277924518571
0.30752654307945,-0.0474971957677124
0.302783073600768,-0.0476663073330195
0.297991720040101,-0.047766978313152
0.293200366479435,-0.0478676492932845
0.288409012918768,-0.0479683202734169
0.283607174807203,-0.0480383260165351
0.278792279518521,-0.0480701420999429
0.273977384229839,-0.0481019581833507
0.269162488941157,-0.0481337742667585
0.264348382329628,-0.0481047597944514
0.259534376717919,-0.0480679552204836
0.25472037110621,-0.0480311506465158
0.249914475083984,-0.0479722864124206
0.245125224667988,-0.047868142893003
0.240335974251993,-0.0477639993735854
0.235546723835997,-0.0476598558541678
0.23079779782362,-0.0475003026012783
0.226056399527295,-0.0473304055192752
0.22131500123097,-0.0471605084372722
0.216598870474199,-0.0469675110149273
0.211928094419153,-0.0467330489678346
0.207257318364105,-0.0464985869207418
0.202586542309059,-0.0462641248736491
0.197996795426206,-0.0459746119416381
0.193418848949762,-0.0456770818622526
0.188840902473317,-0.0453795517828671
0.184307334605733,-0.0450582635680198
0.179843772625085,-0.0446994976271328
0.175380210644437,-0.0443407316862459
0.170916648663788,-0.0439819657453588
0.166575933053964,-0.0435695554036943
0.162247750700623,-0.0431516720551402
0.157919568347283,-0.0427337887065861
0.153657809353511,-0.0422916738505022
0.149485234301388,-0.0418170243354117
0.145312659249265,-0.0413423748203212
0.141140084197143,-0.0408677253052308
0.137132997601908,-0.0403418267586903
0.133135300329345,-0.039813020494585
0.129137603056781,-0.0392842142304797
0.125230602568151,-0.0387313429516294
0.12142763674265,-0.0381508676542725
0.11762467091715,-0.0375703923569156
0.113821705091649,-0.0369899170595587
0.110218429983153,-0.0363638436457918
0.106629493900791,-0.0357344960057982
0.103040557818428,-0.0351051483658046
0.0995439804230341,-0.0344576063619413
0.0961857934434205,-0.0337828018918886
0.0928276064638065,-0.0331079974218358
0.0894694194841929,-0.032433192951783
0.0863247563249634,-0.031722089678972
0.0832127042544925,-0.0310054425587513
0.0801006521840212,-0.0302887954385305
0.0770772007756859,-0.0295592173475661
0.0742298189903345,-0.0288039424831378
0.0713824372049834,-0.0280486676187095
0.0685350554196319,-0.0272933927542811
0.0658811125524941,-0.0265141245895635
0.0633162313273126,-0.0257238096161712
0.0607513501021316,-0.0249334946427789
0.0581966945333954,-0.0241421164060782
0.0559263503951218,-0.0233211754793156
0.0536560062568479,-0.0225002345525528
0.0513856621185743,-0.0216792936257902
0.0492325935815629,-0.0208483162207146
0.0472671011057956,-0.0200012860045647
0.0453016086300281,-0.0191542557884147
0.0433361161542608,-0.0183072255722648
0.0416078917744406,-0.0174440449375551
0.0399653550420635,-0.0165750316966283
0.0383228183096861,-0.0157060184557012
0.036680281577309,-0.0148370052147743
0.0353326401611107,-0.0139529286681754
0.0340300468142082,-0.0130665510581128
0.0327274534673054,-0.01218017344805
0.0314249605044045,-0.0112937923657585
0.0304680258181388,-0.0103954586076823
0.0295110911318733,-0.00949712484960618
0.0285541564456077,-0.00859879109152995
0.0276436988227148,-0.00769958779056356
0.0270359605004043,-0.00679472089133006
0.0264282221780939,-0.00588985399209669
0.0258204838557834,-0.00498498709286318
0.0253112297061596,-0.00407986584891934
0.0250738662822142,-0.00317404242140599
0.0248365028582689,-0.00226821899389278
0.0245991394343236,-0.00136239556637943
0.0243617760103783,-0.000456572138866214
0.0244991626700631,0.000443950924694351
0.024651023899251,0.00134426926385371
0.0248028851284389,0.00224458760301319
0.0249547463576268,0.00314490594217254
0.0253609078911169,0.00403721846560541
0.0258982364016469,0.00492540162454337
0.026435564912177,0.00581358478348144
0.026972893422707,0.0067017679424194
0.027645318882284,0.00758332142587828
0.0285614656666811,0.00845291465929203
0.0294776124510782,0.00932250789270591
0.0303937592354752,0.0101921011261197
0.0313309188741834,0.0110602639000016
0.0326395717793648,0.0119031371022611
0.0339482246845464,0.0127460103045207
0.0352568775897278,0.0135888835067802
0.0365655304949093,0.0144317567090398
0.0379545781543681,0.0152674559574075
0.0396642708973711,0.0160745427289332
0.0413739636403739,0.0168816295004589
0.0430836563833769,0.0176887162719847
0.0447933491263796,0.0184958030435104
0.0466357131009067,0.0192879111046977
0.0487273074031199,0.0200518808208718
0.0508189017053334,0.0208158505370459
0.0529104960075466,0.0215798202532199
0.0550020903097601,0.022343789969394
0.0572713016736388,0.0230830837296717
0.059722206790382,0.0237971351681238
0.0621731119071248,0.0245111866065758
0.064624017023868,0.0252252380450279
0.0670749221406109,0.0259392894834799
0.069735465027599,0.0266181067914453
0.0725132867055025,0.0272772128793494
0.0752911083834064,0.0279363189672536
0.0780689300613099,0.0285954250551577
0.0808467517392138,0.0292545311430618
0.0839151408003682,0.029854968581172
0.0869861294147437,0.0304548811417966
0.0900571180291187,0.0310547937024211
0.0931281066434941,0.0316547062630458
0.0962892842190472,0.0322328111471497
0.0996247503946329,0.0327687730753853
0.102960216570218,0.0333047350036209
0.106295682745804,0.0338406969318565
0.109631148921389,0.0343766588600921
0.113128157310279,0.0348655927596569
0.116697443373083,0.0353334852456393
0.120266729435887,0.0358013777316217
0.123836015498691,0.0362692702176041
0.127412923483121,0.0367344827962603
0.131169212697383,0.0371366240005862
0.134925501911644,0.0375387652049122
0.138681791125906,0.0379409064092381
0.142456684383763,0.038335066154734
0.146358298328223,0.0386748605178951
0.150259912272683,0.0390146548810563
0.154161526217143,0.0393544492442174
0.158089088543033,0.0396804568248845
0.162111237982469,0.0399562087869216
0.166133387421906,0.0402319607489587
0.170155536861342,0.0405077127109958
0.174206506512502,0.0407637037701926
0.178323918466445,0.0409741379159847
0.182441330420389,0.0411845720617768
0.186558742374332,0.0413950062075689
0.190702584828853,0.0415804987423099
0.194887803207974,0.0417269461513164
0.199073021587096,0.041873393560323
0.203258239966218,0.0420198409693295
0.207474478377657,0.0421204947918335
0.21170186119207,0.0422046965946761
0.215929244006483,0.0422888983975188
0.220158204923871,0.0423680142430743
0.22440492953693,0.042389880720981
0.228651654149989,0.0424117471988878
0.232898378763048,0.0424336136767946
0.237143667797829,0.0424289397907133
0.241387034244358,0.0423887219062145
0.245630400690886,0.0423485040217158
0.249873767137415,0.0423082861372171
0.254097439565274,0.0422210211880631
0.258315341379757,0.0421199708137376
0.262533243194239,0.0420189204394121
0.26674179578265,0.0419060265944149
0.270912890771795,0.04174568197917
0.275083985760942,0.0415853373639252
0.279255080750087,0.0414249927486804
0.283383695059998,0.0412282473418647
0.287486939747747,0.0410097632447747
0.291590184435496,0.0407912791476847
0.295688796084016,0.040569821627335
0.299703704430546,0.0402946444355723
0.303718612777076,0.0400194672438096
0.307733521123607,0.039744290052047
0.31169662752772,0.0394428091733856
0.315603344963862,0.0391126954348576
0.319510062400004,0.0387825816963297
0.323416779836146,0.0384524679578018
0.327207598848423,0.0380742584190855
0.330986817599367,0.037691234976671
0.334766036350311,0.0373082115342565
0.33849571279238,0.0369080032615747
0.342128888984278,0.036474321772613
0.345762065176175,0.0360406402836513
0.349395241368073,0.0356069587946897
0.35290249911074,0.0351362169394163
0.356372027399418,0.034654370536762
0.359841555688095,0.0341725241341076
0.363276517479985,0.0336819341080179
0.366572921353284,0.0331562957438904
0.369869325226582,0.032630657379763
0.37316572909988,0.0321050190156355
0.376299966262348,0.0315438473265384
0.379416134247526,0.0309787163911491
0.382532302232705,0.0304135854557599
0.3855327826043,0.029826366446559
0.388456083696465,0.0292244117057793
0.391379384788631,0.0286224569649995
0.394241342909384,0.0280103005280328
0.396960109947506,0.0273743305735907
0.399678876985628,0.0267383606191488
0.40239764402375,0.0261023906647067
