0.689513264510808,0.689513264510808
0.75744863633067,0.670486605276295
0.823457266735063,0.650308126432601
0.887432833122403,0.629024009058098
0.949273454645825,0.60668188716846
1.00890006130324,0.58333808504531
1.06614604081098,0.559014258222423
1.12094708446594,0.53377694762087
1.17321669085584,0.507681336363339
1.22265601104791,0.480724841335243
1.2691835909358,0.452983398514892
1.31298544238497,0.424589471136804
1.35399824815944,0.395597432485252
1.39216930631892,0.366063776551858
1.42742177190037,0.336041664719167
1.45987420044027,0.3056074025757
1.48854542942686,0.274722909285036
1.51430695980382,0.243570313472913
1.53713969911588,0.212199494644403
1.55703022870779,0.180660342721091
1.573839208915,0.14900099875588
1.58679636580915,0.117289347930158
1.59677303692039,0.0856091491772829
1.60377486270954,0.0540098717750739
1.60780917406024,0.0225407332009208
1.60884059373512,-0.00874549500272741
1.60603595293492,-0.0397020984143802
1.60034591400364,-0.0703393062296077
1.59179986179442,-0.100611795877171
1.58042426804814,-0.130473836415625
1.56617994277135,-0.159867355393852
1.54837472937688,-0.188581372949521
1.52793527859456,-0.216720773243495
1.50491014661598,-0.244247612822733
1.47934986288557,-0.271124650926579
1.45097695772414,-0.297211555183218
1.41968957502703,-0.32238154025097
1.38610893338155,-0.346759273237825
1.3503004589102,-0.370313769150333
1.31233993230913,-0.393018941523253
1.27191461759042,-0.414661466266807
1.22921217844978,-0.435220063436553
1.18457753892856,-0.454775504644849
1.13810430470261,-0.473300843071969
1.08990292174267,-0.4907809859614
1.04000639111714,-0.507147338884882
0.988549294282581,-0.52239412043295
0.935584073289039,-0.536451522137987
0.88115496215394,-0.549216711328652
0.825548720094634,-0.560816085392535
0.768856028394272,-0.571214167412582
0.711197253439122,-0.580403055851324
0.652690611819667,-0.588374581910812
0.593456306866973,-0.595125951893172
0.533608749614689,-0.600642838813321
0.473271624854786,-0.604928635632001
0.41256567545587,-0.60798446882259
0.351611231901368,-0.609813811777336
0.290529765375786,-0.610313475843411
0.229465392220034,-0.609584446105223
0.168538183388888,-0.607655769699823
0.10786508927749,-0.604540751725391
0.0475625922101129,-0.60025260159089
-0.0122569224773718,-0.594813778281542
-0.0714811242797697,-0.588242534928771
-0.130000178391887,-0.580560366850036
-0.187704782681796,-0.5717887923299
-0.244500329367008,-0.561964080293142
-0.300280183191042,-0.551106940004064
-0.354806993625627,-0.539138148979011
-0.408076132763619,-0.526188005870214
-0.46000112342648,-0.512297061251041
-0.510518400043067,-0.497516783343667
-0.559540950253117,-0.481879201249817
-0.606988528934094,-0.465420083207523
-0.652776370444424,-0.448173111337548
-0.696887874674121,-0.430198490938455
-0.738958442093733,-0.411427352253004
-0.77904382395815,-0.391966937741032
-0.817207929840165,-0.371904087317807
-0.853365149760528,-0.351271162740766
-0.887576755864756,-0.330136994087229
-0.919772285653484,-0.308530926223913
-0.949420426872589,-0.286406032926663
-0.976795191546395,-0.263888378115308
-1.00195923972006,-0.241040422693037
-1.02511385205818,-0.217929335973878
-1.04598939799757,-0.194560159487512
-1.06394968220447,-0.170945242817492
-1.07979086168722,-0.147205069297358
-1.09350886590655,-0.123369177652119
-1.10494921489262,-0.0994667663377751
-1.11335762355672,-0.0755568848531636
-1.11961816394774,-0.0516949957183327
-1.12373597349184,-0.0279107678326515
-1.12571664402775,-0.00423381193585707
-1.12459533854501,0.0192065731931468
-1.12137277997819,0.0424306756499478
-1.11608028428662,0.0654123059405653
-1.10873483385842,0.0881242316223655
-1.09850797896273,0.110381765436238
-1.08619725126797,0.132250881469508
-1.07198099862021,0.153733072208985
-1.05587759263356,0.174804692899257
-1.03704450975781,0.195198701581514
-1.01638543000319,0.215078381032279
-0.994002378220475,0.23444209034546
-0.969876706714546,0.253251833580064
-0.943355838831059,0.27121063417215
-0.915228871138162,0.28853275780339
-0.885575460562524,0.305212809144646
-0.854444181309256,0.321235009737672
-0.821427868816128,0.336332592985314
-0.786931055576902,0.350623951480043
-0.751125638427526,0.364143884597483
-0.714078338621709,0.376876014790607
-0.675859724509247,0.388807271737668
-0.636397870602623,0.399803042063384
-0.595786437582356,0.409826306210661
-0.554257526843922,0.418981604577875
-0.511890763582586,0.427259482392787
-0.468769144271842,0.434655690521528
-0.424961142442086,0.441145032436202
-0.380557248110469,0.446729013801094
-0.335575003064735,0.451244996900899
-0.290196626853047,0.454826722051214
-0.24452025798355,0.45750073996512
-0.198629082501334,0.459262089242808
-0.152609453072997,0.460115751497775
-0.10654669846548,0.460066863195248
-0.0605255179193194,0.459121997937562
-0.0146576490276573,0.457188020505294
0.0309535557339945,0.454318273835835
0.0762364471421875,0.450588168777575
0.121110884056359,0.446011171369396
0.165496497585546,0.440600001416207
0.209321683491669,0.434378753386329
0.25250961009382,0.4273616181798
0.294902859064379,0.41948917090321
0.336404357255143,0.410790314972946
0.377011040667812,0.401359410221163
0.416674899639979,0.391233448264496
0.455331064200996,0.380433000985445
0.492919143634534,0.368981680076053
0.529338887875794,0.356883241043022
0.564288869411115,0.34406184485922
0.597990065280071,0.330692833921173
0.630395975451374,0.316801716011828
0.661462647209425,0.302414774036984
0.691145678191592,0.287558070127258
0.7190291722145,0.272158793181033
0.745362561039993,0.256351727489994
0.770224457283592,0.240193746714537
0.793588694148245,0.223709835430855
0.815234699233535,0.206893440835885
0.834815499546518,0.189744154501994
0.852920316246638,0.172397069095652
0.869532087386733,0.154867810964889
0.884085450494037,0.137134808933105
0.896732950320231,0.119269295115532
0.907838453089516,0.101324921789599
0.917437028734915,0.0833190471580452
0.924518051714443,0.0652816775014095
0.930076279516134,0.0472678441221772
0.934115021844901,0.0292920024384892
0.936169857383382,0.0114017442932472
0.936199216799945,-0.00634496972724859
0.934742420502014,-0.0239576298748361
0.931805047043762,-0.0414226264107224
0.926479645030026,-0.0585829407765827
0.919688446561945,-0.0755134561730562
0.911476650807856,-0.092205838331286
0.901435503164293,-0.108555978886203
0.889568339504539,-0.124506198360079
0.876401662164371,-0.14014361156266
0.861858723608075,-0.155433240027537
0.845274397548041,-0.170134190845951
0.827511131585721,-0.184453642784398
0.80854555251978,-0.198369496953876
0.787935799748673,-0.211680682316968
0.765981869448981,-0.224437069578069
0.742975021157371,-0.236729714331843
0.718850242589809,-0.248505307730415
0.693268716940462,-0.259527437426473
0.666718017523268,-0.269994143284025
0.639242402005938,-0.279896464292753
0.610883387267769,-0.289224250619298
0.581393084765659,-0.297728997047588
0.551151401940883,-0.305615782732172
0.520198170405791,-0.312868221886209
0.48859172702973,-0.319483728481473
0.456357313877467,-0.325421035533396
0.423459323881402,-0.330519049325804
0.390127514552521,-0.334966741081824
0.356406496616072,-0.338745422509153
0.322355682107567,-0.341855920377165
0.288032712376655,-0.344297442642796
0.253463901619368,-0.345879157256229
0.218784759084222,-0.34678835101065
0.184054600717239,-0.347032712614983
0.14933138215076,-0.346617117735104
0.114672509989833,-0.345546652036964
0.080166280135904,-0.343732714590817
0.0459016463233923,-0.341191481403419
0.0119139666498249,-0.338025478690263
-0.0217430609304186,-0.334244185372406
-0.0550165733329857,-0.329857957336501
-0.0878355049109879,-0.324856342651541
-0.120007731337887,-0.319125072362109
-0.151606858595466,-0.31284132958609
-0.182587034373492,-0.306018825805453
-0.212903512631453,-0.298671915076172
-0.242502861124711,-0.290809330981781
-0.271078568606796,-0.282301567552931
-0.298838502917594,-0.273340801963335
-0.325747683777005,-0.263943099133797
-0.351772094295634,-0.254124855705957
-0.376727275921179,-0.243845082172519
-0.40046425136674,-0.233101922607465
-0.42322234621869,-0.2220249592308
-0.444976363347277,-0.210628538462473
-0.465565886952502,-0.198893439975397
-0.484710242137704,-0.186794513246198
-0.502727237695116,-0.174448232711528
-0.519724238542552,-0.161894263502434
-0.535267720748229,-0.149079173201746
-0.549392824528033,-0.136057095594368
-0.562420890635959,-0.122897066445321
-0.574288785166814,-0.109604727371674
-0.584283232565204,-0.096156946552579
-0.593239593790851,-0.0826531240522465
-0.60115564714894,-0.0690954805286454
-0.607076803447046,-0.0554940706955001
-0.611932618686974,-0.0419008928551887
-0.615741841393633,-0.0283186418539559
-0.617641926231629,-0.0148071999110826
-0.618405635197958,-0.00137141565069251
-0.618131072802896,0.0119897124030981
-0.616078925308528,0.0251798319143621
-0.612831774264612,0.0382191271395993
-0.608577485995972,0.0511229705137001
-0.602690634794188,0.0637703198460197
-0.595593795853872,0.0761884721792392
-0.587560228073885,0.0884196235690139
-0.578001985032528,0.100310391989868
-0.567286445898739,0.111901595719312
-0.555696044440346,0.123255310681619
-0.542707059676413,0.134193529600399
-0.528660540599074,0.144773335207704
-0.513845393372811,0.155083245532637
-0.49769966866122,0.164881037808464
-0.480667949399129,0.174292761950512
-0.462956526286648,0.183401433268828
-0.444075048201406,0.191934999106605
-0.424391630639246,0.200024468598302
-0.404043075125648,0.207723416757223
-0.382953127243862,0.214959987570014
-0.360992600747718,0.221582184842031
-0.338508849469299,0.227793456582272
-0.315477291779516,0.233549878983263
-0.2918337795697,0.238742352929132
-0.267648251651487,0.243355168874374
-0.243078244794601,0.247502404030715
-0.218155627967888,0.251182972117691
-0.192855464702374,0.254285192463421
-0.167243195813332,0.256784921987385
-0.141431844847853,0.258800971129308
-0.115456926043134,0.260333583235542
-0.0893500567935379,0.261352895007356
-0.0631590037641726,0.261714956949732
-0.0369648301090741,0.261597700866551
-0.0108035726594029,0.261004489477546
0.015288906727989,0.259938828746386
0.0412191477791549,0.258260217924482
0.0669471193618032,0.25607665617972
0.0924527213705626,0.253444887946594
0.117702671192557,0.250370783882161
0.142601562662314,0.246786566657509
0.16705701994484,0.242675244006771
0.191111467933915,0.238152387630606
0.21474584059331,0.233236303308961
0.237883193886478,0.227898469503122
0.260326318945101,0.222052808325145
0.282222232880925,0.215854392139369
0.303543091464539,0.209311126173765
0.324236750832662,0.202418999187423
0.344021088189873,0.195084087344853
0.363146427619446,0.187464552564382
0.381596074722075,0.179569862520828
0.399203001677488,0.171360514358378
0.415796871622663,0.162821644317206
0.431675915856762,0.154075150119538
0.44682838759899,0.145126355362587
0.460734899100691,0.13587859175057
0.473819448679967,0.126464605729756
0.486110878718132,0.116900452082046
0.497269983797198,0.107148102381668
0.507407564846664,0.0972616360098192
0.51681945749788,0.0872883297072247
0.524956557869468,0.077190780078823
0.532098069075351,0.0670283721486607
0.53849209081935,0.0568235912046395
0.543508832834919,0.0465726091866208
0.547620650639854,0.0363196855956874
0.551031090396267,0.0260653087602934
0.552841840700603,0.0158574173500345
0.553955885668935,0.00569134746741951
0.554176443124702,-0.0044210885318663
0.553020263502897,-0.0144079450436751
0.551189115460697,-0.0243179498868094
0.548288273441487,-0.0340962275085668
0.544261701134614,-0.0436990544903836
0.539584897051518,-0.0531917223075518
0.533694572109971,-0.0624542644407793
0.526924563238483,-0.0715186562414297
0.519570631943182,-0.0804506097098806
0.510843234327994,-0.0890206356969762
0.501550929921154,-0.0974185124061023
0.491488198239135,-0.105581609677081
0.480374476938612,-0.113377480501696
0.468768431162471,-0.12098791444425
0.456265664476552,-0.128241392414018
0.443007217155904,-0.135153182150163
0.429259068213135,-0.141833288730991
0.41468139020858,-0.148088127565145
0.399518341225105,-0.154002074158179
0.383937183429402,-0.159665728883524
0.367629953524152,-0.16484812742358
0.350850351779105,-0.169672383592406
0.333690251758959,-0.174191336381204
0.316048357419352,-0.178289712563173
0.297968608215013,-0.181942171991235
0.279610725127322,-0.185279524250373
0.260958546929978,-0.188261057819846
0.241940442639246,-0.190703287675583
0.222737773945057,-0.192804996043956
0.203367747225082,-0.19456590008866
0.183819776770941,-0.195877659790238
0.164156287021873,-0.196742785841582
0.144436194198731,-0.197262688918958
0.124679154973456,-0.197438999437297
0.104929979197971,-0.197108409116134
0.0852377379507383,-0.196407242574615
0.0656205628224725,-0.195372739882169
0.0461083858170696,-0.193981742288207
0.0268114342158063,-0.192101719755079
0.00769709085287894,-0.189905897747277
-0.0112172367704419,-0.187397887489146
-0.029841478183358,-0.18450174857279
-0.0481051830387939,-0.181210831159864
-0.0660748072658892,-0.177637427524802
-0.0837357566737185,-0.173785076664629
-0.100860739429177,-0.169515083081153
-0.117574430688029,-0.164969253335434
-0.133890340930436,-0.16017327478208
-0.149701550838983,-0.155084115966923
-0.164878141337936,-0.149674776272534
-0.17960108778471,-0.144058485979025
-0.193849672214956,-0.138234073570213
-0.207255133251361,-0.132087933718016
-0.220134558177872,-0.125767409575017
-0.232540937754083,-0.119293718274121
-0.244027357583546,-0.112559500878711
-0.254925259050179,-0.105684063355684
-0.265299151102638,-0.0986863926629773
-0.274703559248276,-0.0914944895950538
-0.283439969827466,-0.0841939557559288
-0.291717225886669,-0.0768187535166296
-0.298809243165145,-0.0692940952659504
-0.305415074393696,-0.0617250276589076
-0.311284405240895,-0.0540891276790215
-0.316178078271757,-0.0463976273922103
-0.320574081948573,-0.0386858570334501
-0.323957060813025,-0.0309498729070663
-0.326647616496676,-0.0232201948524233
-0.328750547355804,-0.0154958684445806
-0.329722286569468,-0.00781910404719162
-0.330255245764216,-0.000170475372841918
-0.329821051742529,0.00740575849667896
-0.328664319389393,0.0149039046160957
-0.326985145926162,0.0223455883319643
-0.324179516896596,0.0296269304189933
-0.320964483520523,0.0368388552684643
-0.316875364398454,0.0438954353819622
-0.312087463793014,0.0508020662932692
-0.30684733609036,0.0576116552908307
-0.300545701462338,0.0641517054433917
-0.293909338515231,0.0705948339002644
-0.28647291818841,0.0768004975950698
-0.278457913612827,0.0828072591287666
-0.270000203626765,0.0886618300989156
-0.260702787522093,0.094184228021018
-0.251125695876812,0.0995868258937237
-0.240838319785835,0.104667718956454
-0.230094558038522,0.109512249428697
-0.219025844316554,0.114188486946401
-0.207253236720251,0.118447911884192
-0.19522088958389,0.12253157859131
-0.182791200847147,0.126344881163758
-0.16992264015688,0.129813009199194
-0.156800352640587,0.133063916833467
-0.143336792725921,0.136001351057438
-0.129555349199971,0.13859312387399
-0.115589522165257,0.140962761768397
-0.101375824502322,0.143005563927584
-0.0869538913866407,0.144703535978019
-0.0724078167500146,0.146161874342614
-0.0577229044223785,0.147314115415658
-0.0429227019295265,0.148091157863932
-0.0280741287212387,0.14863059718089
-0.0131816260375439,0.148899578015297
0.00171796848824033,0.148766552786669
0.0165919069737923,0.148397627758617
0.0314338332192148,0.147793565851695
0.0461621412070661,0.146780771175962
0.0607883884963602,0.14553088272247
0.0753096163204964,0.144055952533022
0.0896247853856652,0.14223116121141
0.103742288135952,0.140144997384602
0.117688036639223,0.137850375470019
0.131357180902568,0.135259328997314
0.144721215362882,0.132396211563303
0.157849288357686,0.129341465881526
0.170652826821177,0.126042019064008
0.183038945932188,0.122473838802099
0.195144965662096,0.118741682828382
0.206867872320777,0.114797442123498
0.218082839310924,0.11061024547112
0.228966788806681,0.106279702899612
0.239417243188455,0.101770085390816
0.249291696403461,0.0970558686237797
0.25882840695203,0.0922319079866236
0.267809310759809,0.0872392724303926
0.276223627108723,0.0821009382472355
0.284267976364872,0.0768739268395025
0.291621058678296,0.0714989385690621
0.298490157890739,0.0660401061717425
0.304949488647873,0.0605102864232354
0.3105794611846,0.0548689107459507
0.315871753223303,0.0491912307201724
0.320480315137279,0.0434464754875136
0.324469772005638,0.0376630257735198
0.328097709105731,0.0318569808310999
0.330828832669437,0.0260267069398568
0.333308471910378,0.0201940850133926
0.334889644308194,0.0143689462109455
0.336095043813749,0.00856000311476102
0.336656625690222,0.00277880837781706
0.336599408232332,-0.00295419268702499
0.336153651396373,-0.00865693331306973
0.334852255818652,-0.0142626485090947
0.333305489520596,-0.0198364833261862
0.330903758838453,-0.0252823448809981
0.328158175066264,-0.0306638384586321
0.324817733421934,-0.0359339769283822
0.32091434801615,-0.041076376808302
0.316661479667228,-0.0461394748797942
0.311669791798453,-0.0510031334632356
0.306485034299008,-0.0558122484899684
0.300516748249027,-0.0603731828338687
0.294324742191092,-0.0648517597752517
0.287570299468183,-0.0691232885262143
0.280449917266341,-0.0732392048697
0.272973853709366,-0.07720387097878
0.264982449996322,-0.080915779258841
0.256811808435383,-0.0845368324364942
0.248081789870064,-0.0878414400934169
0.239166052897265,-0.0910243097876281
0.229896983825569,-0.0939755711535963
0.220339771478744,-0.0967067648649484
0.210599929318287,-0.0992972883039326
0.200480352203237,-0.101546298845705
0.190220926218631,-0.10364509475659
0.179769504021296,-0.105537663471512
0.169092957295764,-0.107133669939469
0.158320320443678,-0.108586102178769
0.147381054672589,-0.109758498197568
0.136338307054627,-0.110693397426704
0.125232626179278,-0.111468428886118
0.114039843339158,-0.111933427229434
0.102821299186235,-0.112196491417125
0.0915839354492047,-0.112300947831249
0.0803553311103913,-0.112068737449571
0.0691572071342687,-0.111669307002341
0.0579903760376624,-0.111098198894411
0.0469323899586969,-0.110208208207336
0.0359487586195438,-0.109166729139965
0.0250588475038365,-0.107939705898773
0.0143595290026966,-0.106430965389621
0.00377461444984821,-0.104781946770117
-0.0066399890748282,-0.102934686605624
-0.016805932569421,-0.100851508032711
-0.0268196064073914,-0.098638444471774
-0.0365735137300218,-0.0962198341399841
-0.0460405483762733,-0.093609364554826
-0.0553330333834925,-0.0908883706652802
-0.0642434174997202,-0.0879498220925513
-0.0728821897821976,-0.0848789935669541
-0.0813092939190725,-0.0817050787658533
-0.0892260869999562,-0.078318036981837
-0.0969061556900963,-0.0748460017266755
-0.104250943370972,-0.0712543257809178
-0.111134425318171,-0.0675232333520951
-0.117798981955315,-0.0637296040847969
-0.123901972191696,-0.059793956903116
-0.129694185821955,-0.0557935688633322
-0.135137647471712,-0.0517205289506661
-0.139998313147932,-0.0475505668073813
-0.144689202868594,-0.0433542917692967
-0.148679385948566,-0.0390698041606788
-0.152440461682792,-0.0347653820340412
-0.155668129666599,-0.0304145483601094
-0.158481110664636,-0.0260429671750219
-0.160937088978729,-0.0216535245247283
-0.162777160327247,-0.0172556898297331
-0.164437689132602,-0.0128554087765503
-0.165346888460229,-0.00847241529232232
-0.166135684782828,-0.00409431010757796
-0.166173808798701,0.000238849189714162
-0.166037116074715,0.00455508701382376
-0.165278783772938,0.00881115292617423
-0.16423332083782,0.0130285884872283
-0.162694519437829,0.0171796506419191
-0.160767113842217,0.0212630812606242
-0.158468963565988,0.0252819885610246
-0.155690622854891,0.0291974417935177
-0.15266005580147,0.0330585544160109
-0.149069123125064,0.0367743162580882
-0.145337651677289,0.0404536243648552
-0.140971353974308,0.0439377453589015
-0.136540470671377,0.047400575111296
-0.131496710451257,0.0506417729328156
-0.126370211206162,0.0538479612886377
-0.120733072521298,0.0568380821484273
-0.114966742277051,0.0597643965748545
-0.108785590304557,0.0624858346526473
-0.102445452430867,0.0651157419565626
-0.0957904514578096,0.067564377443708
-0.0888997092988125,0.0698542232676867
-0.0818384319385264,0.0720292006308877
-0.0744824114584067,0.0739705427246928
-0.0670424619722238,0.0758420480105424
-0.0593169353810199,0.0774430282548786
-0.0515129901198078,0.0789533595228966
-0.0435380662120887,0.0802660460300879
-0.0354357218004568,0.0813927294950119
-0.0272663878724748,0.0824216245078538
-0.018950543047563,0.083165845849464
-0.0106005349404605,0.0838125516400915
-0.00218447186961532,0.0842697656668577
0.00626699985736643,0.0845358032799497
0.0147355756925203,0.0846965188094466
0.023209804125589,0.0845956988314711
0.0316674616052252,0.0843784168932015
0.0401029696816439,0.0840054672120612
0.0484723070470268,0.0834184611880005
0.0568031586489538,0.0827327110740114
0.0650310452693312,0.0818331827453152
0.073166812741632,0.0807947879109561
0.0812276007009361,0.0796433639921609
0.089096507118002,0.078267551643292
0.0968763764075844,0.0768042029508646
0.104483773497019,0.0751780877408566
0.111899188463013,0.0734023376151191
0.119215685135817,0.0715501782901093
0.126213471187727,0.0694900758876567
0.133081974961679,0.0673586925108466
0.139721641304386,0.0651011375092291
0.146086609799552,0.0627148252200593
0.152315656464078,0.0602662939270665
0.158139187579415,0.057656320418028
0.163809612714395,0.0549949043302633
0.16917049913694,0.0522294853188631
0.174232609203382,0.0493801379360129
0.179105605880513,0.0464776672773079
0.183522974695447,0.0434695641312387
0.187790440428445,0.0404310786001415
0.191607228379455,0.0373086744043714
0.195225807853558,0.0341579690719398
0.198461297237037,0.0309525643382639
0.201395551369813,0.0277166028738006
0.204036499721728,0.0244508890288864
0.206271710665894,0.0211598522820266
0.208309207996054,0.0178564758239023
0.2098193474087,0.014540449623666
0.21122758065667,0.011221978998761
0.21206504181858,0.00791193502388684
0.212822344681844,0.00460307447396674
0.212987549731277,0.00132608559927318
0.213098215181007,-0.00194796749628362
0.212600541480075,-0.00516553642688422
0.212073840446241,-0.00838041017559814
0.210927924555134,-0.0115131142712629
0.209758609243565,-0.0146419114496482
0.208003538929943,-0.0176685125794122
0.206207600130097,-0.0206861904782102
0.203870409508338,-0.0235856913789381
0.201472877170546,-0.0264691961458801
0.198580464286948,-0.0292215118128251
0.195609961088774,-0.0319491041147704
0.192186878686518,-0.0345334100064275
0.188694915047443,-0.0370918693395431
0.184770641190389,-0.0394881113276589
0.18078740491013,-0.0418582545685801
0.176401461466796,-0.0440501461049173
0.171966050027708,-0.0462162456343062
0.167160873087715,-0.0481895539615595
0.162316636181762,-0.0501388655861214
0.15715071792586,-0.0518905505224284
0.151907325158516,-0.053585787241331
0.146436869303751,-0.055115584949589
0.140861230109994,-0.0565536210939968
0.135128159945859,-0.0578543150302285
0.129274984727211,-0.059026780839476
0.123322202515993,-0.0600929029303566
0.117250393341736,-0.0609985375858615
0.111125798300875,-0.0618329995579772
0.10488219863801,-0.0624534887171704
0.0986147415645773,-0.0630171996051054
0.0922774929429235,-0.0633969815671006
0.0859196350933452,-0.0636766464601261
0.0795357094772853,-0.0638296773819858
0.0731466558765855,-0.0638289843773623
0.0667553103827054,-0.063759586249091
0.0603938341674317,-0.0634790371085203
0.0540504841732542,-0.0631384248492798
0.0477574785900641,-0.0626398688222633
0.0415202084139005,-0.0620301892580915
0.0353307452305534,-0.0613251935847181
0.0292550753492497,-0.0604561588000532
0.023220885601825,-0.0595328192452678
0.0173430458179883,-0.0584357631537946
0.0115415152023057,-0.0572707144136161
0.00586911215478587,-0.0559906110136549
0.000349403341669452,-0.0545986156496334
-0.00508693590606992,-0.0531455283625977
-0.0102758918202853,-0.0515413127824306
-0.0153971002613834,-0.0499003300950695
-0.0202656095489721,-0.0481298749502289
-0.0250068708566503,-0.0463045762971788
-0.0295497467661896,-0.044393774116142
-0.0338744042920189,-0.0424038627998987
-0.0380681563060936,-0.0403664952535578
-0.0419359893447353,-0.0382306161144583
-0.0457467361381092,-0.0360776857327745
-0.0491530119930157,-0.0338245703160355
-0.0524916606305668,-0.0315580608450369
-0.0554724876547303,-0.0292206822433509
-0.0583176450868177,-0.0268625621294567
-0.0608590879594407,-0.0244580093614477
-0.0631848967717433,-0.0220298126593965
-0.0652561279487278,-0.019573701921831
-0.0671052922593655,-0.0171026641323671
-0.0686778071631232,-0.0146130303221556
-0.0700328383232941,-0.0121178266945904
-0.0711018773833441,-0.00961529873217683
-0.0719599326612559,-0.00711585790539613
-0.0725250122103302,-0.00462070392854802
-0.0728844476692256,-0.00213682686037748
-0.0729421898097679,0.000330506245858996
-0.0728300015967049,0.0027815024041786
-0.0723812578848776,0.00520014242636372
-0.0718011681786721,0.00760057585407217
-0.0708580427441995,0.0099506868923041
-0.0698212581447402,0.0122837008322387
-0.0683999040360189,0.0145465131778805
-0.0669204896298147,0.0167960104560931
-0.0650383931917812,0.0189531599744942
-0.0631417537563179,0.0211062262607752
-0.0608204221987417,0.0231400518937626
-0.0584990906411652,0.0251738775267503
-0.0557906429623542,0.0270769920510959
-0.053057575522913,0.0289717936273886
-0.0500015180947323,0.030736870289851
-0.0468872516151407,0.032478568010422
-0.0435131195392426,0.0340966818422566
-0.0400543843012319,0.0356745610762001
-0.0363798628197561,0.0371306012842294
-0.0326150682215716,0.0385356707332832
-0.0286734823626162,0.0398215583217155
-0.0246390650992782,0.0410448646521715
-0.020464147105464,0.0421536021286452
-0.0161980145060041,0.0431879602563447
-0.0118283954649459,0.0441184052926023
-0.0073764711207858,0.044966205700683
-0.00282865068840053,0.0456915944491177
0.00176606759552399,0.0463571179418692
0.00644578936724977,0.0468777804634353
0.0111486357214423,0.0473590346082288
0.0159175966730174,0.0476737600823377
0.0206944327925234,0.0479673601163645
0.0255090901417086,0.0480825456629266
0.0303246773969197,0.0481639150098778
0.0351441838720728,0.0481027612197498
0.0399536930156442,0.0479777552166189
0.0447460522807054,0.0477432142154179
0.0495066411452327,0.0474164330250671
0.054240680373082,0.0470125692840475
0.0589108733808832,0.046490422471096
0.0635563916651951,0.0459225626607097
0.0680955383532727,0.0452124344805841
0.0726109922085266,0.0444743454449634
0.0769925942715644,0.0435982026363036
0.0813285408526387,0.0426843232319285
0.0855375111704728,0.0416654914383685
0.0896574468416292,0.0405864184458691
0.0936665809575746,0.0394323766768377
0.0975421303524555,0.0382035555759694
0.101325011260909,0.0369228596241279
0.104924901620398,0.0355568581009593
0.108458918912222,0.0341601482176912
0.111755927807102,0.0326712128548859
0.115013297605027,0.0311673443071501
0.117983791063496,0.0295709509474864
0.120926783891555,0.0279673232553776
0.123579122064346,0.0262872357741145
0.126182222049675,0.024596826377913
0.12850142983529,0.0228469040043229
0.130748425335098,0.0210853223719505
0.132722402818199,0.0192796597681287
0.134596300815428,0.0174624174399641
0.136200350833376,0.0156139522773967
0.137739167063897,0.0137608536926217
0.138950597911727,0.011884501595175
0.140137522606633,0.0100074774934301
0.140952172605359,0.00812024492703204
0.141766822604085,0.00623301236063375
0.142201160989486,0.00435134890398902
0.142618566673753,0.00246993340209412
0.142692939905597,0.000608009095562345
0.142708191096045,-0.0012505558808219
0.14245609708289,-0.00308227020421801
0.142068054002992,-0.00490033056574801
0.141494367595822,-0.00669136256702554
0.140713694789049,-0.00845225880712081
0.139826043610791,-0.0101925603023257
0.138667003946433,-0.0118806159411042
0.137474367085721,-0.0135605118640525
0.135952718057115,-0.0151605009469694
0.13443106902851,-0.0167604900298861
0.132607578164066,-0.0182702619053514
0.130742588142188,-0.0197676301387407
0.128665158380347,-0.0211881636634554
0.126481002277035,-0.0225700966544071
0.12416465835406,-0.0238947232638005
0.121688107056792,-0.0251498963869101
0.119149506018229,-0.0263729086588912
0.116412857399768,-0.0274932713693983
0.113657545156515,-0.0286019993056269
0.110694259630648,-0.029581078139587
0.10773097410478,-0.0305601569735472
0.104586760497487,-0.0314022194644914
0.101428117201088,-0.0322333543911983
0.0981439850166081,-0.032946669090937
0.0948223530280627,-0.0336247756101445
0.091423801560753,-0.0342106410408855
0.0879768344876415,-0.0347384469495185
0.0844730161166044,-0.0351743064830803
0.0809357532898188,-0.0355560758448354
0.0773590182211912,-0.0358431230836979
0.0737606068024599,-0.0360781532644328
0.0701409251349425,-0.036216453238641
0.0665103550089856,-0.0363052360283477
0.0628773497235034,-0.0362975076574986
0.059243184291496,-0.0362437999221278
0.0556268591636318,-0.0360864396654664
0.0520164091143525,-0.0358949450855734
0.0484473223334728,-0.035592375705211
0.0448868751456336,-0.0352666060046054
0.0413944062325064,-0.0348237123457977
0.0379093088786097,-0.0343681177733682
0.0345218130703514,-0.0337907495848963
0.0311424929242384,-0.0332048829025248
0.0278809366346599,-0.0325061143425099
0.0246366244029373,-0.0317941652277106
0.0215210191625082,-0.030983838482542
0.0184368571305393,-0.0301539148890296
0.0154879138850163,-0.0292397167516362
0.0125878346949832,-0.0283004391185431
0.00982742510780072,-0.0272894760068528
0.00712502141038449,-0.0262539738309698
0.00457421526095876,-0.0251543391682562
0.0020900048245152,-0.024031550051682
-0.00023451831724209,-0.0228532397621775
-0.0024839516215212,-0.0216536381988189
-0.00456769755820387,-0.0204070569743497
-0.00656553268342938,-0.0191410506300472
-0.00838848923913321,-0.0178355028460639
-0.0101469190262511,-0.0165187924696912
-0.0116903014082498,-0.0151648806871379
-0.0131955523870817,-0.0138062512056134
-0.0144504570993304,-0.0124166483471306
-0.0156954763799195,-0.0110262736613288
-0.0166558140559943,-0.00961367181872957
-0.0176161517320693,-0.00820106997613012
-0.0182824428332365,-0.00677873082970532
-0.0189282709724398,-0.0053557140556702
-0.0193736515367108,-0.00393522883933971
-0.0196876614268982,-0.00251640277225152
-0.0199117386682106,-0.00110289224191649
-0.0198966142948632,0.000296480097339075
-0.0198814899215157,0.00169585243659464
-0.0195621293405787,0.00306310589130333
-0.0192241707849895,0.0044283959169865
-0.0186951482218475,0.0057643723110821
-0.018044760328284,0.0070817284604284
-0.0173070683880082,0.00838122888299235
-0.0163576988036277,0.00963743625876939
-0.0154083292192473,0.0108936436345463
-0.014183397060195,0.0120783901550663
-0.0129506627984406,0.0132611133785817
-0.0115448851870313,0.0143885534119608
-0.0100471241359532,0.015486606947709
-0.00846687401159283,0.0165526016919723
-0.00672168729858424,0.0175544950044539
-0.0049765005855754,0.0185563883169355
-0.0030164469378888,0.0194568047359452
-0.00104475036637428,0.0203517224599476
0.00103968269472414,0.0211817458915896
0.00321133477172375,0.0219615636060045
0.00541374129719367,0.0227196051130825
0.0077571894667012,0.0233777796989045
0.0101006376362084,0.0240359542847265
0.0125523807507354,0.0245983888349073
0.0150321816525359,0.0251360184087051
0.0175777912186088,0.0255987213179893
0.0201609949488118,0.0260186212718476
0.0227813885712002,0.0263812675972268
0.0254422924292726,0.0266815486441066
0.0281198449110974,0.0269432269015928
0.0308326399604078,0.0271231890106086
0.0335496409134936,0.0272840961289318
0.0362882326014811,0.027347185685414
0.0390269767943235,0.027397366012169
0.0417668976649434,0.0273479429276507
0.0445053848291142,0.0272911938621933
0.0472237237672169,0.0271314910015647
0.0499412692027891,0.0269698459004648
0.0526158308982671,0.0267029903477583
0.0552903925937456,0.0264361347950518
0.05790192625037,0.0260695273766435
0.0605114985908206,0.0256998158643879
0.0630412405125465,0.0252386703433512
0.0655654228939566,0.0247711571861902
0.0679952613094597,0.0242205101284289
0.0704146128362157,0.0236606222468548
0.0727276186612313,0.0230260898476538
0.0750240321685541,0.0223799112273996
0.0772030408253363,0.0216669585191566
0.0793580208493764,0.0209403395098229
0.0813937230635445,0.0201584536996672
0.0833895089900881,0.0193580728691879
0.0852691344663213,0.0185138105453965
0.0870911352162476,0.0176477795470232
0.0888035595224141,0.0167481699534202
0.0904390687007063,0.0158249904951879
0.0919717264643828,0.0148767504050556
0.0934042614297227,0.0139041145338511
0.094768742937101,0.0129187972696289
0.0959828849454385,0.0119054650546527
0.097170667797686,0.0108886060725742
0.0981585483890904,0.00984500083523557
0.0991464289804946,0.00880139559789704
0.0999208317296632,0.00773953431728417
0.100677020545678,0.00667611543074681
0.101252946323069,0.00560581282428525
0.101760933222984,0.00453291583015534
0.102194993666117,0.003460749910741
0.102440497194654,0.00239044867142559
0.102686000723191,0.00132014743211003
0.102713571872073,0.000262629291908796
0.102698705019015,-0.000792399593662922
0.102583745043246,-0.0018366803023254
0.102313783123695,-0.00286431662755881
0.102043821204144,-0.00389195295279207
0.101539477130148,-0.00488259973376694
0.101022209459343,-0.00587120694838792
0.100387790934283,-0.00683495690363388
0.0996337683340677,-0.00777332907109129
0.0988703956595212,-0.00870916645683155
0.0978931980718965,-0.00958703644453781
0.0969160004842717,-0.0104649064322442
0.0958167633807665,-0.0113017155255874
0.0946323582450738,-0.0121098693465173
0.0934218871875389,-0.0129072623798612
0.0920458898699337,-0.0136363212512566
0.0906698925523286,-0.0143653801226519
0.0891877417283749,-0.0150405771783871
0.0876386391191103,-0.0156818031968706
0.0860759680571328,-0.0163145108114352
0.0843767930759427,-0.0168615199646501
0.0826776180947525,-0.0174085291178652
0.0809070684572976,-0.0178992541814235
0.0790821441189054,-0.0183471008522475
0.0772529145996697,-0.0187905777856997
0.0753318419827306,-0.0191408344269182
0.0734107693657917,-0.0194910910681367
0.0714365105943532,-0.0197683444379806
0.0694465285295552,-0.0200240160284525
0.067432991753833,-0.0202320337003498
0.0653957942218729,-0.0203921829116727
0.0633528146542568,-0.0205307744204848
0.0612900246580755,-0.0205955048618352
0.0592272346618938,-0.0206602353031856
0.0571603214439946,-0.0206372445402638
0.0550932047753093,-0.0206099253785412
0.0530383586671525,-0.0205129923499855
0.0509867417467935,-0.0203977393556195
0.0489567545273609,-0.0202286775833488
0.0469394516037352,-0.0200280607535994
0.0449466944433944,-0.0197889648974671
0.0429817244783949,-0.0195063086024004
0.0410381358037854,-0.0191996679613187
0.0391426498938815,-0.0188390683059792
0.0372600743717007,-0.0184674680377607
0.0354504851311139,-0.0180336780161013
0.0336408958905275,-0.017599887994442
0.0319317896627837,-0.0170986549506758
0.0302234032205059,-0.0165969387953298
0.0286112333633483,-0.0160433033040306
0.0270180109888452,-0.0154794435804316
0.0255128648490552,-0.0148771544288558
0.0240495368688512,-0.0142566191753988
0.0226516147703035,-0.0136131494998674
0.0213321717222184,-0.0129421613256674
0.020048395974415,-0.0122612443949232
0.0188833025801518,-0.011547289690502
0.0177194464419392,-0.0108330674892419
0.0167173297964518,-0.0100838769376658
0.0157152131509642,-0.00933468638608971
0.0148510936605551,-0.00856348358436152
0.0140249708882008,-0.00778621983693975
0.0132745602339907,-0.00700094417362832
0.0126362489455982,-0.00620380606725957
0.0120021802576176,-0.00540643510333386
0.0115553696355229,-0.0045987863730542
0.0111085590134283,-0.00379113764277465
0.0107853953607957,-0.00298266425792857
0.0105314273576504,-0.00217372937767698
0.0103296778417314,-0.00136698090015574
0.0102763904417352,-0.00056644857313737
0.0102231030417389,0.000234083753881117
0.010306084635731,0.00102196966469098
0.010458746940208,0.00180338887136889
0.0106240145721372,0.00258296380384416
0.0109763934308852,0.00333516265982074
0.0113287722896331,0.00408736151579722
0.0117698229424073,0.00482162788731407
0.0123130700635213,0.00553522662037295
0.0128563171846353,0.00624882535343193
0.0135554945477443,0.0069213823059091
0.0142787944400807,0.00758759006313756
0.0150447082910079,0.00823960332305065
0.0159349674555586,0.00885019777845107
0.0168252266201092,0.00946079223385139
0.0178131087151913,0.0100309430872158
0.0188548513539262,0.0105787803880052
0.0199011154796416,0.0111243026501633
0.0210772002771277,0.0116033556574947
0.0222532850746141,0.0120824086648262
0.0234777662343009,0.0125306773780011
0.0247682992405973,0.0129369313738887
0.0260588322468934,0.0133431853697762
0.0274317390169502,0.0136829605386949
0.0288161441906216,0.014013456049268
0.0302251818288085,0.014317874551525
0.0316837469886751,0.0145698610450432
0.0331423121485418,0.0148218475385615
0.0346434033887774,0.0150107975489627
0.0361560182330523,0.0151826661009939
0.0376765401800128,0.0153358923834392
0.0392219049028694,0.0154305478158633
0.0407672696257258,0.0155252032482873
0.0423249230139524,0.0155527003396309
0.0438837280173568,0.0155739037804773
0.0454404161593033,0.0155526314825442
0.0469956161112092,0.0155014980091613
0.0485455766769775,0.0154320441424377
0.05008063057668,0.0153104666149397
0.0516156844763828,0.0151888890874416
0.0531174854940568,0.0150047251585285
0.054616896556354,0.0148160630117931
0.0560832262763871,0.0145858113183237
0.057532397323477,0.0143339879055276
0.0589568928103406,0.0140593411404211
0.0603418020606765,0.0137480795785421
0.061718254532543,0.0134307755625205
0.0630259356173148,0.0130643336916571
0.0643336167020864,0.0126978918207937
0.0655660960425504,0.0122889724316627
0.0667837176078037,0.0118716606651512
0.0679483453751623,0.0114305285559565
0.06906373449164,0.0109672640164809
0.0701564750386964,0.0104958972698236
0.0711595806283519,0.00999246487777973
0.0721626862180075,0.00948903248573574
0.0730588600194793,0.0089554242831051
0.0739411457964882,0.00841789692413427
0.0747776583018664,0.00786975845477174
0.0755383422442626,0.00730543487095827
