0.255028646616366,0.191271484962275
0.274123068289579,0.190844888883513
0.293217489962792,0.19041829280475
0.312261628856446,0.189919779534065
0.331217060943414,0.189294392918322
0.350172493030382,0.188669006302578
0.368989583507514,0.187901650278247
0.387753816507234,0.187080050669382
0.4064973561779,0.18624197552669
0.42501905462263,0.185227275703995
0.443540753067361,0.1842125758813
0.461931460875033,0.183113168173889
0.48016017757528,0.181909005467485
0.498388894275527,0.180704842761081
0.516340494133138,0.179350790129163
0.534226612735431,0.177961319294624
0.552046014732369,0.17654102036051
0.56954115994058,0.174970890353343
0.587036305148789,0.173400760346176
0.604298285409645,0.171737174251077
0.621355493117819,0.169991512175405
0.638412700825993,0.168245850099734
0.655034540662969,0.166347248464474
0.671604863043836,0.164430549359077
0.688056884973052,0.16247716895988
0.704091952129123,0.160394503842654
0.720127019285195,0.158311838725428
0.735844980070641,0.15614189986332
0.751301221244009,0.15389993075278
0.766757462417376,0.15165796164224
0.781671023182007,0.14928284524579
0.796506825029091,0.146888650606123
0.811208125673185,0.144464987171393
0.825376422273564,0.14192454420917
0.839544718873942,0.139384101246947
0.85337711211763,0.136777946914022
0.866831647207074,0.134097873768583
0.880286182296519,0.131417800623145
0.893185329292002,0.128640805318446
0.90588905766745,0.125829707023749
0.91858584874018,0.123017530305551
0.930504239325879,0.120084349010704
0.942422629911578,0.117151167715857
0.954109813391418,0.114186119028874
0.965196359927789,0.111138284248714
0.97628290646416,0.108090449468554
0.986972295368063,0.104994428056268
0.997181584392207,0.101840156734126
1.00739087341635,0.098685885411983
1.01703169254028,0.095471446184348
1.02633506432063,0.0922212909058362
1.03563843610097,0.0889711356273244
1.04419451750339,0.0856527087155969
1.0525664410466,0.0823174573428708
1.06093836458981,0.0789822059701446
1.06835285513986,0.0755728211988057
1.07574487635681,0.0721616966419785
1.08313689757375,0.0687505720851514
1.08950233023115,0.0652738708174572
1.09586770127056,0.0617971656137117
1.10220925028857,0.0583192528178401
1.10753026026289,0.054789606590424
1.1128512702372,0.0512599603630079
1.11812394194422,0.0477284774717074
1.12238676555965,0.0441586243279792
1.12664958917509,0.0405887711842509
1.13083588326844,0.0370169833137403
1.13398230988646,0.0334189067718795
1.13712873650448,0.0298208302300188
1.1402751631225,0.026222753688158
1.14245643610692,0.0226127160359471
1.14443148707524,0.0190001226825449
1.14640653804356,0.0153875293291427
1.14770163314643,0.0117753836822149
1.1485030255827,0.00816356310620932
1.14930441801896,0.00455174253020375
1.14971385637514,0.000945254136209377
1.1493443477127,-0.00265063738562211
1.14897483905026,-0.00624652890745361
1.14849343591767,-0.00983937948862275
1.14688264256936,-0.0134015367868608
1.14527184922104,-0.0169636940850987
1.14366105587272,-0.0205258513833367
1.1415195500863,-0.0240659158668506
1.13860491115794,-0.0275737959016201
1.13569027222957,-0.0310816759363896
1.13277563330121,-0.0345895559711591
1.12893405368212,-0.0380445926662839
1.1247389833949,-0.0414794774491826
1.12054391310767,-0.0449143622320812
1.11629781047628,-0.0483455274484642
1.11085257973347,-0.051689292471007
1.10540734899066,-0.0550330574935498
1.09996211824785,-0.0583768225160926
1.09408235924056,-0.0616816713306209
1.08742238795487,-0.0649166445908892
1.08076241666918,-0.0681516178511574
1.07410244538349,-0.0713865911114257
1.06666188939139,-0.0745377217748212
1.05882915364466,-0.0776467284140074
1.05099641789792,-0.0807557350531935
1.04316368215118,-0.0838647416923797
1.03423753618571,-0.0868353364700064
1.0252815969087,-0.089802159792382
1.0163256576317,-0.0927689831147576
1.00706926103588,-0.0956915086719276
0.997045430175703,-0.0985008879659674
0.987021599315526,-0.101310267260007
0.976997768455349,-0.104119646554047
0.966414645048285,-0.106834174540491
0.955441632540355,-0.109482580617675
0.944468620032424,-0.11213098669486
0.933212189112983,-0.114724554588897
0.92140364956673,-0.117211295852187
0.909595110020477,-0.119698037115476
0.897716891383854,-0.122169498100023
0.885127035904296,-0.124484900656355
0.872537180424737,-0.126800303212687
0.859947324945178,-0.129115705769019
0.84674974304615,-0.131279897192855
0.833435674584508,-0.133415105073291
0.820121606122866,-0.135550312953727
0.806434189698296,-0.137580181772985
0.792486390199666,-0.139536584251745
0.778538590701036,-0.141492986730506
0.764230349288458,-0.143333866200284
0.749734062378246,-0.145114476370428
0.735237775468033,-0.146895086540571
0.720381746500636,-0.148544368067806
0.705389390643045,-0.15014388164291
0.690397034785453,-0.151743395218015
0.675053830683229,-0.153195584287498
0.659619163152943,-0.154609366996032
0.644184495622657,-0.156023149704567
0.62842328053336,-0.157277373129076
0.612609455154163,-0.158505889853421
0.596774981431817,-0.159722466189212
0.580642997453297,-0.16076700024382
0.564511013474776,-0.161811534298428
0.548307521938316,-0.162806001269238
0.531909269826371,-0.163664103716712
0.515511017714425,-0.164522206164186
0.499011761608397,-0.165291403939183
0.482399613088454,-0.165961232741939
0.465787464568512,-0.166631061544695
0.449067424744521,-0.167174275785025
0.432295641832204,-0.167656767536691
0.415523858919887,-0.168139259288357
0.398651547643666,-0.168446397822629
0.38177324251059,-0.168743081177455
0.364883162845479,-0.169000431484854
0.347949211885341,-0.169111228899728
0.331015260925204,-0.169222026314603
0.314078939120256,-0.169243930198178
0.297140043379602,-0.169169325768232
0.280201147638947,-0.169094721338285
0.263296009895079,-0.168882999803665
0.246402285598585,-0.168624919509423
0.229512503956179,-0.168359284883336
0.212713262312941,-0.167920170874158
0.195914020669704,-0.16748105686498
0.179162940291929,-0.166981787097951
0.16250698147986,-0.166363705879066
0.145851022667791,-0.165745624660181
0.129315704785381,-0.165016328299922
0.112851079869201,-0.16422186228078
0.0963864549530216,-0.163427396261637
0.080142605502653,-0.162472599271595
0.0639166763656165,-0.161504788239322
0.0477529051117285,-0.160499992846553
0.0318123585926222,-0.159362377228177
0.0158718120735159,-0.158224761609802
0.000100249989704771,-0.157002506635445
-0.0155094001126406,-0.155699154690157
-0.0311190502149859,-0.15439580274487
-0.0464272606774789,-0.152962912297498
-0.0616617843832954,-0.151498356233462
-0.0768557667898248,-0.150018658016868
-0.0916699537520786,-0.148397106414741
-0.106484140714333,-0.146775554812614
-0.121130139047429,-0.145098917035245
-0.13547944497372,-0.143325104734272
-0.14982875090001,-0.141551292433298
-0.163860859180365,-0.139685737910034
-0.177704370596245,-0.137765636022734
-0.191547882012125,-0.135845534135435
-0.204905086752264,-0.13380056155307
-0.21820369626205,-0.131740543264967
-0.231409444237474,-0.129659304006302
-0.244119597836739,-0.127464810172
-0.256829751436005,-0.125270316337698
-0.269308366529221,-0.123028710798003
-0.281387279442851,-0.120705776879495
-0.293466192356481,-0.118382842960988
-0.305161579064512,-0.115990451758247
-0.316574408204344,-0.113546888872735
-0.327987237344176,-0.111103325987224
-0.338851825956348,-0.108571480991233
-0.349566069440197,-0.106015426210376
-0.360280312924045,-0.10345937142952
-0.370257814242041,-0.100798280920693
-0.380230704393783,-0.0981365330079246
-0.390118368034026,-0.0954641010800189
-0.399308166452078,-0.0927041846069141
-0.408497964870131,-0.0899442681338092
-0.41750639289702,-0.0871645316409747
-0.425886092203061,-0.0843160881471141
-0.434265791509102,-0.0814676446532535
-0.442362753791458,-0.0785925411262589
-0.449908272857262,-0.0756654405377078
-0.457453791923065,-0.0727383399491567
-0.464600553470685,-0.069779368843589
-0.471267738986066,-0.0667820678372689
-0.477934924501447,-0.0637847668309489
-0.484218586295462,-0.060762159676846
-0.489964880462033,-0.0577040952515596
-0.495711174628603,-0.0546460308262731
-0.501102147093128,-0.051569329307014
-0.505910785740126,-0.0484620836075985
-0.510719424387125,-0.045354837908183
-0.515203443769011,-0.0422347870406183
-0.519061301395273,-0.0390900361400269
-0.522919159021534,-0.0359452852394355
-0.526472181192794,-0.032792472418441
-0.529326962760174,-0.0296211933722148
-0.532181744327554,-0.0264499143259887
-0.535036525894934,-0.0232786352797626
-0.536841779017681,-0.0200934101576196
-0.538644191881357,-0.0169081472942711
-0.540446604745033,-0.0137228844309227
-0.541520514540287,-0.0105376366936366
-0.542268198195672,-0.00735239572985236
-0.543015881851056,-0.00416715476606816
-0.543359344344838,-0.000987254868295294
-0.543054648159865,0.00218408076165123
-0.542749951974892,0.00535541639159776
-0.542358505696897,0.00852440342781127
-0.540934488183145,0.0116654355622059
-0.539510470669394,0.0148064676966005
-0.538086453155642,0.0179474998309952
-0.53630854401945,0.021073714345907
-0.533705679018948,0.0241653875455904
-0.531102814018446,0.0272570607452738
-0.528499949017944,0.0303487339449572
-0.525292113068163,0.0334055251710064
-0.521532295350862,0.0364304897225945
-0.517772477633561,0.0394554542741826
-0.51401265991626,0.0424804188257707
-0.509411405117091,0.045443134937668
-0.50452304945554,0.048384611694773
-0.499634693793989,0.0513260884518781
-0.494746338132439,0.0542675652089832
-0.488797667332559,0.0571123946091878
-0.48281428217327,0.059954059807579
-0.476830897013981,0.0627957250059702
-0.470654678377965,0.0656162579528927
-0.463615966716987,0.0683422719407485
-0.45657725505601,0.0710682859286043
-0.449538543395032,0.07379429991646
-0.442099240994416,0.0764684521396051
-0.434051865125761,0.0790638812171408
-0.426004489257105,0.0816593102946766
-0.417957113388449,0.0842547393722123
-0.409324716018585,0.0867617365846451
-0.400320759163202,0.0892125688557328
-0.391316802307819,0.0916634011268204
-0.382312845452435,0.0941142333979081
-0.372609189207302,0.0964430859149938
-0.362758139952675,0.0987462431645072
-0.352907090698047,0.101049400414021
-0.342685270432128,0.103278600408441
-0.332091731020065,0.105433654024431
-0.321498191608002,0.107588707640421
-0.310785185535917,0.109716667693168
-0.29949997501643,0.111714858843192
-0.288214764496944,0.113713049993216
-0.276929553977457,0.11571124114324
-0.26510438587542,0.11756996563464
-0.253180989501676,0.119403318561161
-0.241257593127932,0.121236671487681
-0.229045786462955,0.122985171464407
-0.216567159413159,0.12465517043959
-0.204088532363364,0.126325169414773
-0.191361281941113,0.127911625714515
-0.178405383787378,0.129421251573769
-0.165449485633644,0.130930877433022
-0.152269792193056,0.132354285092223
-0.138885505207622,0.133698872113924
-0.125501218222189,0.135043459135625
-0.111918731413569,0.136299472394863
-0.0981561255698073,0.137474992037219
-0.0843935197260452,0.138650511679574
-0.0704625891315101,0.139737521445636
-0.0563795971484113,0.140744573067522
-0.0422966051653125,0.141751624689407
-0.028037865121998,0.142647630045146
-0.0136903870918505,0.14348756637747
0.000657090938297007,0.144327502709795
0.0151783838604144,0.145031546822891
0.0297421579687414,0.145702378231344
0.0443059320770685,0.146373209639798
0.0590278310499165,0.146883291024167
0.0737593403879486,0.147383602493857
0.0885004938682156,0.14787004950124
0.103349883178265,0.148200896192299
0.118199272488315,0.148531742883358
0.133068319971169,0.148814841811011
0.147986818667821,0.148977828616344
0.162905317364473,0.149140815421676
0.177834576060538,0.149222155475946
0.192775165266069,0.149217519755469
0.2077157544716,0.149212884034992
0.22263932758749,0.149093163691638
0.23755524592024,0.148921671886717
0.25247116425299,0.148750180081796
0.267323983816511,0.148431574425145
0.282169192214714,0.148095223448581
0.2970005743759,0.147739515427959
0.311729800419745,0.147240786536087
0.326459026463589,0.146742057644214
0.341132608264368,0.146187915666149
0.355701040182001,0.14552906061775
0.370269472099634,0.144870205569352
0.384720574058833,0.144121179528275
0.399084208778174,0.143304932736845
0.413447843497515,0.142488685945415
0.427612935806593,0.141549007439165
0.441728317143869,0.140578424147954
0.455837562343189,0.139604661505363
0.469661888865837,0.138483272359828
0.483486215388485,0.137361883214293
0.49722994718223,0.136204939130961
0.510721797768284,0.134936875861629
0.524213648354339,0.133668812592297
0.537532724703759,0.132334846945404
0.55065200262922,0.130924670913051
0.56377128055468,0.129514494880697
0.576606948216495,0.128009819004997
0.58931223178837,0.126461698735164
0.602017515360244,0.124913578465331
0.614325969289936,0.123249163964289
0.626576500202749,0.121567774640802
0.638797445236191,0.119878719231539
0.650556488290099,0.118069979017544
0.662315531344007,0.11626123880355
0.673944152466987,0.11442250243778
0.685176803321357,0.112492695619433
0.696409454175727,0.110562888801086
0.707395581297423,0.108582707188567
0.718061946816879,0.106537185315611
0.728728312336336,0.104491663442654
0.739057510102491,0.102384999408475
0.749118488173226,0.10022969628678
0.759179466243961,0.0980743931650847
0.768808905764914,0.0958497867403445
0.778233917791622,0.0935923501070595
0.787658929818329,0.0913349134737746
0.796552479337001,0.0890021023742206
0.805313301482471,0.0866504672658926
0.814074123627941,0.0842988321575645
0.822186437168498,0.0818665249037528
0.830243717628336,0.0794273717319986
0.838300998088173,0.0769882185602444
0.845665661333888,0.0744742663209668
0.852981146004373,0.0719550030505824
0.860296630674858,0.0694357397801979
0.866889273012146,0.0668495923129153
0.873440354451876,0.0642595992390214
0.879991435891605,0.0616696061651274
0.885791724286244,0.0590210442789774
0.891558733422113,0.0563698863023713
0.897325742557982,0.0537187283257652
0.90229242270219,0.0510163929531974
0.907233909680869,0.048312446592372
0.912175396659548,0.0456085002315466
0.916425140068345,0.0428698613716083
0.920501439411214,0.0401225239008477
0.924577738754084,0.037375186430087
0.9281017611375,0.0346076219354768
0.931300842907649,0.0318281565613861
0.934499924677798,0.0290486911872954
0.937291975810517,0.0262596534542679
0.93960548846824,0.0234593616739366
0.941919001125963,0.0206590698936052
0.943960723491194,0.0178560009603441
0.945335973587462,0.0150461220141225
0.946711223683731,0.012236243067901
0.94808647378,0.00942636412167948
0.9486927874294,0.00661914863908414
0.949080742902634,0.00381268951166233
0.949468698375869,0.00100623038424051
0.949593028635932,-0.00179560897491337
0.948997269664314,-0.00458482949028296
0.948401510692696,-0.00737405000565255
0.947805751721078,-0.0101632705210221
0.946471602607378,-0.0129291405963278
0.944900617154169,-0.0156875210906715
0.943329631700961,-0.0184459015850153
0.941509702373782,-0.0211927191578931
0.938928003564233,-0.0239041541340463
0.936346304754684,-0.0266155891101995
0.933764605945135,-0.0293270240863528
0.930793059396721,-0.0320141600806777
0.927172799018092,-0.0346608621209208
0.923552538639464,-0.037307564161164
0.919932278260836,-0.0399542662014072
0.915802273842708,-0.0425605122013383
0.911171499620761,-0.0451270144047744
0.906540725398814,-0.0476935166082105
0.901909951176867,-0.0502600188116466
0.896660510983686,-0.0527663329298813
0.891053165218409,-0.05523782752988
0.885445819453131,-0.0577093221298787
0.879838473687854,-0.0601808167298773
0.873514204880276,-0.0625687599206575
0.866966725564015,-0.0649306897858051
0.860419246247755,-0.0672926196509527
0.853871766931494,-0.0696545495161003
0.846547831874757,-0.0719095532214186
0.839102569076057,-0.0741478488146675
0.831657306277357,-0.0763861444079164
0.824212043478657,-0.0786244400011653
0.815947596451358,-0.0807307454921479
0.807655317664107,-0.0828325666233077
0.799363038876856,-0.0849343877544676
0.791015808479078,-0.0870259114996367
0.781931996062414,-0.0889794070907717
0.772848183645749,-0.0909329026819067
0.763764371229084,-0.0928863982730418
0.754564484428849,-0.0948148326564623
0.744804669598308,-0.0966223749684267
0.735044854767766,-0.098429917280391
0.725285039937225,-0.100237459592355
0.715013592146135,-0.1019184597746
0.704684509073894,-0.103585205028435
0.694355426001653,-0.105251950282271
0.683699645028968,-0.106826572039317
0.672848516821261,-0.108346109051851
0.661997388613554,-0.109865646064385
0.650979377059073,-0.111331223739797
0.639655293706402,-0.112697837488241
0.628331210353731,-0.114064451236685
0.616974670633412,-0.115418968704637
0.605244379072013,-0.11663419125353
0.593514087510614,-0.117849413802424
0.581758354867251,-0.119053610531717
0.569684759376105,-0.120120049817274
0.557611163884958,-0.12118648910283
0.545517209976244,-0.122242549901896
0.533145594926357,-0.123157062253333
0.520773979876471,-0.124071574604771
0.508386610827583,-0.12497642852901
0.495763004860882,-0.125736450841153
0.483139398894181,-0.126496473153296
0.470504324519711,-0.127247777138918
0.457678539055866,-0.127854101840424
0.444852753592022,-0.12846042654193
0.432002771994863,-0.129042802061598
0.419023116042085,-0.129496826712885
0.406043460089306,-0.129950851364171
0.393035577451956,-0.130365404178864
0.379946420714911,-0.130666304326547
0.366857263977865,-0.13096720447423
0.353744788058169,-0.131213133331394
0.340590548877185,-0.131360611895353
0.327436309696202,-0.131508090459312
0.314272565819034,-0.131585837332497
0.301097611489911,-0.131581338150259
0.287922657160788,-0.131576838968022
0.274761493240672,-0.131481438797231
0.261609302806921,-0.131326888910075
0.248457112373169,-0.131172339022918
0.235354225202627,-0.13090572655845
0.222267530092517,-0.130602310768888
0.209180834982406,-0.130298894979327
0.196191047684244,-0.129863037028257
0.183212057978878,-0.129412422201552
0.170240032838616,-0.128955041671839
0.157410105979255,-0.128359620251976
0.144580179119893,-0.127764198832112
0.131788921113952,-0.127139844715502
0.119148731802623,-0.126402458420731
0.106508542491293,-0.12566507212596
0.0939512675218188,-0.124877545783047
0.081540833402037,-0.124001221686838
0.0691303992822552,-0.123124897590629
0.0568591600650279,-0.12217840135381
0.0447174623558251,-0.121166599529293
0.0325757646466224,-0.120154797704776
0.020641890047552,-0.119053850541927
0.00880806010634184,-0.11790998940831
-0.00302576983486833,-0.116766128274693
-0.0145784754344765,-0.115518230748243
-0.0260659398194163,-0.114246189241235
-0.0375534042043561,-0.112974147734226
-0.0486781926408103,-0.111585071348489
-0.0597831846895427,-0.110189606703906
-0.0708527936214003,-0.108784106136651
-0.0815407355766925,-0.107270351107897
-0.0922286775319847,-0.105756596079143
-0.102815993263026,-0.104217643368885
-0.113049521394531,-0.102590099167497
-0.123283049526035,-0.100962554966108
-0.133366464394532,-0.0993017598235029
-0.143108915890922,-0.0975654393554473
-0.152851367387312,-0.0958291188873917
-0.162390303795809,-0.0940528839095963
-0.171610817450508,-0.0922141980922123
-0.180831331105206,-0.0903755122748283
-0.189790688303498,-0.0884914732596631
-0.198460427450059,-0.0865571383224216
-0.20713016659662,-0.08462280338518
-0.215472109972687,-0.0826382311450004
-0.223554824765485,-0.0806139300674158
-0.231637539558282,-0.0785896289898312
-0.239377791337394,-0.0765192892115313
-0.246838144885614,-0.0744113215716293
-0.254298498433835,-0.0723033539317272
-0.261408425556195,-0.0701543828284334
-0.268222385849843,-0.0679707805896694
-0.275036346143492,-0.0657871783509055
-0.281493672501417,-0.0635675923891035
-0.287639763289347,-0.0613166033177585
-0.293785854077277,-0.0590656142464134
-0.299561429853166,-0.0567829233594649
-0.305002917416455,-0.0544716473880612
-0.310444404979744,-0.0521603714166575
-0.315616137232982,-0.0498300053827398
-0.320317679692326,-0.047466364924837
-0.325019222151671,-0.0451027244669343
-0.329567287912907,-0.0427304141673581
-0.333513804158577,-0.0403241225590685
-0.337460320404248,-0.0379178309507789
-0.341374637190165,-0.0355101603527167
-0.344554233529572,-0.0330710242583616
-0.347733829868979,-0.0306318881640065
-0.350913426208386,-0.0281927520696514
-0.35338041273463,-0.0257327890923504
-0.355750866548345,-0.0232700048298704
-0.358121320362059,-0.0208072205673904
-0.36011130733985,-0.0183385380160496
-0.361632976377863,-0.0158625952406194
-0.363154645415877,-0.0133866524651891
-0.364662863106336,-0.0109106872918524
-0.365333195512349,-0.0084333269515206
-0.366003527918362,-0.00595596661118879
-0.366673860324375,-0.00347860627085698
-0.366848471666623,-0.00100720919921785
-0.366669023210074,0.00145992871567399
-0.366489574753524,0.00392706663056583
-0.366172766629949,0.00639056800034753
-0.365083066897433,0.0088336073577931
-0.363993367164917,0.0112766467152387
-0.362903667432401,0.0137196860726843
-0.361642722009382,0.0161555365227687
-0.359588933590263,0.0185581033624208
-0.357535145171144,0.020960670202073
-0.355481356752025,0.0233632370417251
-0.353234445981037,0.0257544852943201
-0.350235581421629,0.0281016627579317
-0.347236716862222,0.0304488402215434
-0.344237852302814,0.032796017685155
-0.341026368588855,0.0351270711189294
-0.337107342506706,0.0374044678900204
-0.333188316424556,0.0396818646611115
-0.329269290342407,0.0419592614322025
-0.325120763955541,0.0442150780607387
-0.320311472359036,0.0464087622775687
-0.31550218076253,0.0486024464943987
-0.310692889166024,0.0507961307112287
-0.305645593391671,0.0529627565256079
-0.299981457324011,0.0550592545251936
-0.29431732125635,0.0571557525247794
-0.28865318518869,0.0592522505243651
-0.282745743292786,0.0613158967675135
-0.276268004896707,0.063302540162617
-0.269790266500629,0.0652891835577205
-0.263312528104551,0.067275826952824
-0.256589424009441,0.0692235759722378
-0.249344143320402,0.0710885516753293
-0.242098862631363,0.0729535273784208
-0.234853581942324,0.0748185030815122
-0.227378694802833,0.0766412609815044
-0.219458709462168,0.0783821785491358
-0.211538724121502,0.0801230961167671
-0.203618738780836,0.0818640136843985
-0.195199053495624,0.0834991301310522
-0.186692713868152,0.0851158993142155
-0.178186374240679,0.0867326684973787
-0.169482784637696,0.0883016170209653
-0.16043473324159,0.0897870553179797
-0.151386681845483,0.091272493614994
-0.142338630449377,0.0927579319120084
-0.132857116170056,0.0941226574239503
-0.123314262160751,0.0954703007590125
-0.113771408151446,0.0968179440940747
-0.104063706772065,0.0981127595803985
-0.0940959230878381,0.0993242277336498
-0.084128139403611,0.100535695886901
-0.0740702931814118,0.10171378482168
-0.0637428957164052,0.102791971954601
-0.0534154982513986,0.103870159087522
-0.0430522806215806,0.104932888337427
-0.0324077346124907,0.105874212752968
-0.0217631886034009,0.106815537168509
-0.011118642594311,0.107756861584049
-0.000207057301585736,0.108561751830369
0.0107112497888746,0.109363207814593
0.0216295568793349,0.110164663798818
0.0327363759249168,0.110849596037126
0.0438796514352182,0.111511993663084
0.0550229269455196,0.112174391289042
0.0663161581964986,0.112720855080174
0.0776374248139702,0.11324564415893
0.0889586914314419,0.113770433237687
0.100395578015675,0.114177623067452
0.111853344810848,0.114563575240832
0.123311111606021,0.114949527414212
0.134849632648471,0.115216641772551
0.146402228931167,0.115463043030916
0.157954825213864,0.115709444289282
0.169552581148799,0.115837428402509
0.181157926965235,0.11594551041165
0.192763272781672,0.11605359242079
0.204379354876782,0.116035648745601
0.215996338857112,0.116007118469091
0.227613322837443,0.115978588192581
0.239202205121983,0.115815690065398
0.250790771911403,0.115651283402879
0.262375574820544,0.115479430814888
0.273896065437583,0.115180351934266
0.285416556054623,0.114881273053644
0.296924039951499,0.114566060728887
0.30833763839753,0.114134393551765
0.319751236843561,0.113702726374644
0.331134837136077,0.113244150133638
0.342403426894735,0.112682406682641
0.353672016653393,0.112120663231643
0.364887263585843,0.11152166335331
0.375973211269467,0.110832356522555
0.387059158953092,0.1101430496918
0.398062348695981,0.109406725854531
0.4089289263708,0.108592789036109
0.419795504045617,0.107778852217686
0.430543744602586,0.10690868673253
0.441154426936424,0.105973159544929
0.451765109270263,0.105037632357328
0.462220338030685,0.10403917763472
0.47253922182593,0.102985530532929
0.482858105621173,0.101931883431139
0.492980473034548,0.100809519129527
0.502973481819089,0.0996419211295253
0.512966490603631,0.0984743231295237
0.522718062042392,0.0972330504136339
0.532352504903336,0.0959560358589441
0.541986947764279,0.0946790213042545
0.551328939220376,0.0933236532315308
0.560570112454971,0.0919412739623979
0.569811285689567,0.0905588946932648
0.578725386150076,0.0890993294635717
0.587539253127952,0.0876161101169646
0.596353120105826,0.0861328907703577
0.604807574688489,0.0845748079817818
0.61316488139219,0.0829964898738465
0.621522188095893,0.081418171765911
0.62948797502022,0.0797678043111661
0.637361330255586,0.0781004271338858
0.645234685490951,0.0764330499566057
0.652678193390239,0.0746959616730978
0.660034155672175,0.0729446755539432
0.667390117954112,0.0711933894347884
0.674326379966507,0.0693824317527334
0.681132358168144,0.0675529507597041
0.687938336369781,0.065723469766675
0.694345882865362,0.0638446649597085
0.700578934364611,0.0619442585618014
0.70681198586386,0.060043852163894
0.712672466235777,0.0581036196785163
0.71831201630025,0.0561397707905142
0.723951566364723,0.0541759219025123
0.729239954368245,0.0521801527322469
0.734252507448695,0.0501593104416718
0.739265060529145,0.0481384681510964
0.744052078876188,0.0461005879072577
0.748405415883393,0.044029945337688
0.752758752890597,0.0419593027681186
0.757028406249923,0.0398835727702299
0.760707861718183,0.0377719625312073
0.764387317186444,0.0356603522921844
0.768066772654703,0.0335487420531617
0.771124921902821,0.0314080986995934
0.774118788578941,0.0292644514757669
0.777112655255061,0.0271208042519401
0.779608723848875,0.024960835480633
0.781879355126975,0.0227934751865716
0.784149986405074,0.0206261148925104
0.786265279297404,0.0184558388336873
0.787777355567371,0.0162742401532056
0.789289431837339,0.0140926414727236
0.790801508107306,0.0119110427922419
0.791764187818907,0.00972686940404892
0.792514557542212,0.00754170104026781
0.793264927265517,0.00535653267648639
0.79383434727051,0.00317303261356074
0.793823654324137,0.000994881013965101
0.793812961377764,-0.00118327058563023
0.793802268431391,-0.00336142218522587
0.793172605100565,-0.00552477062247258
0.792341266389812,-0.00768329583478708
0.791509927679058,-0.00984182104710128
0.790678588968305,-0.0120003462594158
0.789254457280778,-0.0141353209084989
0.787549037453211,-0.016259120502567
0.785843617625644,-0.0183829200966348
0.784138197798076,-0.0205067196907029
0.781916670869675,-0.0226012464706405
0.779354117980113,-0.0246764307738743
0.77679156509055,-0.0267516150771078
0.774229012200987,-0.0288267993803415
0.771227431280879,-0.0308693606370917
0.767830341387869,-0.0328825326368702
0.76443325149486,-0.0348957046366485
0.76103616160185,-0.036908876636427
0.757276003572155,-0.0388883257920595
0.753072123772701,-0.0408265607551655
0.748868243973247,-0.0427647957182712
0.744664364173793,-0.0447030306813772
0.740173041215867,-0.0466087935772111
0.735195334812432,-0.0484596103889348
0.730217628408999,-0.0503104272006582
0.725239922005564,-0.0521612440123818
0.720046720482708,-0.0539830141161813
0.714333279469502,-0.0557346608475021
0.708619838456296,-0.0574863075788226
0.70290639744309,-0.0592379543101434
0.69704440626955,-0.0609660005053578
0.690637903473675,-0.062607538775074
0.684231400677801,-0.0642490770447899
0.677824897881926,-0.065890615314506
0.671335673353876,-0.0675168515070799
0.664319937349975,-0.069045692263078
0.657304201346075,-0.0705745330190758
0.650288465342174,-0.0721033737750738
0.64298403521807,-0.0735704772794517
0.635439021649862,-0.0749861320026292
0.627894008081654,-0.0764017867258066
0.620348994513445,-0.0778174414489841
0.612338491249369,-0.079118632729407
0.604306114484615,-0.0804144453382617
0.596273737719862,-0.0817102579471161
0.588079652234188,-0.0829601791044472
0.579603980390483,-0.0841301886365681
0.571128308546776,-0.0853001981686891
0.562652636703071,-0.08647020770081
0.55388414077958,-0.0875440908046924
0.545030366641687,-0.0885899793182284
0.536176592503793,-0.0896358678317645
0.527146029463595,-0.0906142295283123
0.517974874746804,-0.0915388904082841
0.508803720030015,-0.0924635512882558
0.499538234189037,-0.0933459540988026
0.490089302157536,-0.0941461774386634
0.480640370126033,-0.0949464007785243
0.471162444722124,-0.0957310978965101
0.461476173891332,-0.0964042240913635
0.451789903060542,-0.0970773502862167
0.44210363222975,-0.09775047648107
0.432243464303709,-0.0983094216422631
0.422364984203019,-0.0988563430084251
0.41248650410233,-0.0994032643745869
0.402483581124341,-0.0998459189004893
0.392456255142468,-0.100268126903753
0.382428929160594,-0.100690334907017
0.372316929591832,-0.101016087143847
0.36217926186344,-0.10131259954213
0.352041594135049,-0.101609111940413
0.341853815831301,-0.101817455442955
0.331644428346834,-0.101987777877321
0.321435040862365,-0.102158100311688
0.311204903723847,-0.102249720501455
0.300962581518709,-0.102295123434238
0.290720259313572,-0.102340526367022
0.280481007213326,-0.102309041977988
0.270243604532498,-0.10223124096106
0.260006201851669,-0.102153439944131
0.24979470147331,-0.102000023609731
0.239599204640241,-0.101799888912763
0.229403707807174,-0.101599754215796
0.219256237114326,-0.101325536063628
0.209139195288232,-0.101004379398882
0.199022153462137,-0.100683222734135
0.188974313750573,-0.100289961527052
0.178971430939408,-0.0998498578679701
0.168968548128244,-0.0994097542088879
0.159057740468498,-0.0988977692914671
0.149204045920649,-0.0983411972917848
0.139350351372799,-0.0977846252921024
0.129612050355103,-0.0971564903226921
0.119942057271742,-0.0964859931980496
0.110272064188383,-0.0958154960734072
0.100740948101711,-0.0950740614467797
0.0912882417566789,-0.094292575614151
0.081835535411648,-0.0935110897815225
0.0725458852884934,-0.0926593855624251
0.0633439863188771,-0.09176989226456
0.0541420873492594,-0.0908803989666948
0.0451223159675731,-0.0899237495035442
0.0362041355050545,-0.0889296402758583
0.0272859550425372,-0.0879355310481726
0.0185671794056948,-0.0868777210912944
0.00996364868245321,-0.0857830956511044
0.00136011795921044,-0.0846884702109143
-0.00702810826435017,-0.0835337432683641
-0.0152874498002165,-0.0823430386134426
-0.0235467913360816,-0.0811523339585213
-0.0315740276628706,-0.0799047509072555
-0.0394573968143732,-0.0786219125756395
-0.0473407659658769,-0.0773390742440234
-0.05499892783533,-0.0760077009703731
-0.062475210629001,-0.0746371305165957
-0.0699514934226708,-0.0732665600628185
-0.0772159095470204,-0.0718558078643064
-0.0842590055637565,-0.0704030810215655
-0.0913021015804936,-0.0689503541788245
-0.0981508074862485,-0.0674651979709367
-0.104736471447843,-0.0659361594728793
-0.111322135409437,-0.0644071209748221
-0.117731689926653,-0.0628523524869215
-0.123829287015736,-0.0612520063101832
-0.129926884104819,-0.0596516601334446
-0.135923682343506,-0.0580385150958202
-0.141503456153072,-0.0563724186839147
-0.147083229962637,-0.0547063222720095
-0.152647689259012,-0.0530385526044689
-0.157689866638686,-0.0513137186901372
-0.16273204401836,-0.0495888847758052
-0.167774221398034,-0.0478640508614734
-0.17233779769631,-0.0460947703127196
-0.176824956371216,-0.0443183930266177
-0.181312115046122,-0.0425420157405155
-0.185391336567499,-0.0407341375852591
-0.18929249942059,-0.0389125097561544
-0.193193662273681,-0.03709088192705
-0.196875374263491,-0.0352556340166259
-0.200160932706221,-0.0333957990827311
-0.203446491148951,-0.0315359641488362
-0.206721505173781,-0.0296756296377755
-0.209380061960102,-0.0277860883973252
-0.212038618746423,-0.0258965471568751
-0.214697175532744,-0.0240070059164248
-0.216925432408656,-0.0221031456422001
-0.21894853573179,-0.0201924585000623
-0.220971639054923,-0.0182817713579249
-0.222768014239625,-0.0163667465892373
-0.224119312505918,-0.0144432068763031
-0.225470610772211,-0.0125196671633685
-0.226821909038504,-0.0105961274504342
-0.227694697619976,-0.0086703278803821
-0.228340495566394,-0.00674345630192892
-0.228986293512813,-0.00481658472347547
-0.229618684320616,-0.00288984644009955
-0.229559608940246,-0.000969982780878307
-0.229500533559875,0.000949880878342659
-0.229441458179505,0.0028697445375639
-0.2291303892837,0.00478341778013235
-0.228370914535604,0.00668607558426676
-0.227611439787507,0.0085887333884009
-0.22685196503941,0.0104913911925353
-0.225573754562303,0.0123732692736019
-0.224073810891071,0.0142462650777962
-0.22257386721984,0.0161192608819902
-0.221073923548608,0.0179922566861845
-0.219167475273418,0.0198421575156948
-0.216893477364017,0.0216711765411262
-0.214619479454616,0.0235001955665574
-0.212345481545215,0.0253292145919888
-0.209808064110471,0.0271384919700714
-0.20678095610871,0.028911070100172
-0.203753848106949,0.0306836482302723
-0.200726740105188,0.0324562263603728
-0.197572848172867,0.0342168848514135
-0.193818719026825,0.0359211118143729
-0.190064589880784,0.0376253387773321
-0.186310460734743,0.0393295657402915
-0.182556331588701,0.0410337927032507
-0.178105338156982,0.0426581968216426
-0.173653647772407,0.0442825211070441
-0.169201957387831,0.045906845392446
-0.164750267003256,0.0475311696778475
-0.159764873087647,0.0490822509581118
-0.15465001767022,0.0506155655404035
-0.149535162252793,0.0521488801226953
-0.144420306835367,0.0536821947049869
-0.138925191974456,0.0551537221570193
-0.133187536133304,0.0565858399076063
-0.127449880292151,0.0580179576581934
-0.121712224450999,0.0594500754087803
-0.115733746527955,0.0608361748160522
-0.109417671684789,0.0621577633161412
-0.103101596841622,0.0634793518162304
-0.0967855219984559,0.0648009403163195
-0.0903601603542178,0.0660981962616679
-0.0835520838373953,0.0673102412712395
-0.0767440073205718,0.0685222862808112
-0.0699359308037493,0.0697343312903828
-0.0628515747847025,0.0708750508330961
-0.0556313794950414,0.0719807015440052
-0.0484111842053792,0.0730863522549145
-0.0411466893901615,0.0741787884126928
-0.0335531285973979,0.0751730641547735
-0.0259595678046354,0.0761673398968542
-0.0183660070118718,0.0771616156389349
-0.0105836285555813,0.0780902800750535
-0.00265700336931591,0.0789688209360919
0.00526962181694834,0.0798473617971302
0.0132004888809898,0.0807241715451713
0.0214067082874887,0.0814886098284899
0.0296129276939888,0.0822530481118087
0.0378191471004876,0.0830174863951273
0.0462040621372701,0.0836951147445162
0.0546399400623112,0.0843479854377959
0.0630758179873535,0.0850008561310758
0.0716161732135008,0.0855921967823419
0.0802451650088087,0.0861313365079853
0.0888741568041153,0.0866704762336286
0.0975505797302611,0.0871745443446782
0.106335628259367,0.0875982923112412
0.115120676788474,0.0880220402778042
0.123913534128301,0.0884381396891425
0.132815382433344,0.088747484890895
0.141717230738385,0.0890568300926475
0.150619079043428,0.0893661752944001
0.159595815989888,0.0895683481452489
0.168576567857672,0.0897647752842148
0.177557319725455,0.0899612024231807
0.186574309272825,0.0900635823130292
0.195598648744756,0.090146887024936
0.204622988216687,0.0902301917368427
0.213653310962167,0.0902329420634644
0.222686034648998,0.0902033678852732
0.231718758335828,0.090173793707082
0.240735803806802,0.0900778565549225
0.249742217137271,0.0899369155279731
0.258748630467742,0.0897959745010236
0.267723453592026,0.0895976110554174
0.276669651336204,0.0893472144400687
0.285615849080381,0.08909681782472
0.294519576186632,0.0887974711102019
0.303372090413536,0.0884390983097798
0.312224604640441,0.0880807255093577
0.321028776680747,0.0876818174273336
0.329754762151753,0.0872173493277114
0.338480747622758,0.0867528812280893
0.347157422492177,0.0862561593006417
0.355724744827767,0.0856879104056688
0.364292067163357,0.0851196615106957
0.372813352038367,0.0845269419428551
0.381190497258814,0.083857606630145
0.389567642479259,0.0831882713174351
0.39790650669836,0.082501933794295
0.406062840975931,0.0817345270105169
0.414219175253504,0.0809671202267388
0.422349308322207,0.0801898020914743
0.430255282885104,0.0793276896342811
0.438161257448,0.0784655771770879
0.446057148136078,0.0776001754382109
0.453682570836924,0.0766465491415794
0.461307993537771,0.0756929228449478
0.468933416238618,0.0747392965483162
0.476269940109354,0.0737037706860226
0.483585226370742,0.0726622242005908
0.490900512632131,0.0716206777151589
0.497937221597842,0.0705100927943132
0.504915695931674,0.0693850758722442
0.511894170265504,0.0682600589501755
0.518611066127811,0.0670781455720491
0.52522758389506,0.06587439875388
0.53184410166231,0.0646706519357107
0.538219105061784,0.0634207860293006
0.544444985896719,0.0621424439838674
0.550670866731653,0.0608641019384345
0.556714449003282,0.05955527664062
0.562521737456785,0.0582069392152091
0.56832902591029,0.056858601789798
0.574025101775001,0.055494043619116
0.579392379392472,0.0540815290734227
0.584759657009942,0.0526690145277296
0.590094775755298,0.0512524302280236
0.595002611645719,0.0497817726353502
0.599910447536142,0.0483111150426766
0.604818283426564,0.0468404574500032
0.609368071761078,0.0453302218565146
0.613872356208931,0.0438149563365999
0.618149899592906,0.0422776601687273
0.622313440911686,0.0407292873157508
0.626322708425439,0.039167636542686
0.630138489143473,0.0375893328957832
0.633875737801247,0.0360051044585348
0.637337468051031,0.034400089748799
0.640799198300815,0.032795075039063
