0.160279233032312,0.120209424774234
0.172329638684604,0.120306083731156
0.184380044336896,0.120402742688078
0.196431270453615,0.12048451310259
0.208489381108877,0.120441353366854
0.220547491764139,0.120398193631117
0.232598633225463,0.120325424723001
0.244624019939109,0.120143234729676
0.256649406652755,0.119961044736351
0.268651553940181,0.119734841606198
0.280604193299906,0.119414875438379
0.292556832659632,0.119094909270561
0.304461619954384,0.118716987087916
0.316301914314492,0.118260954305895
0.328142208674601,0.117804921523874
0.339901806771406,0.117277591683593
0.35159053698606,0.116687648392382
0.363279267200714,0.11609770510117
0.37484659069669,0.115423861963156
0.386345298630926,0.114702601061273
0.397844006565162,0.11398134015939
0.409173096043077,0.11316444662775
0.42044424806639,0.112314887363469
0.431715400089703,0.111465328099189
0.442760888629708,0.110509130878661
0.453767139190984,0.109534391633532
0.46477338975226,0.108559652388403
0.475495099484244,0.107470174155841
0.486199735525462,0.106373811083605
0.496892626908277,0.105273351598747
0.507260813168986,0.104059638401885
0.517628999429694,0.102845925205023
0.527950424812395,0.101617963427706
0.537948734368236,0.100291544520167
0.547947043924077,0.0989651256126284
0.557856999465979,0.0976150458308437
0.567449900352695,0.0961800599990573
0.577042801239411,0.094745074167271
0.586520733304082,0.0932829443612632
0.595673365775015,0.0917440117870812
0.604825998245947,0.0902050792128993
0.613835531366157,0.088636299695221
0.622517950871369,0.0869992924634787
0.63120037037658,0.0853622852317363
0.639709630030709,0.0836933408166214
0.647893782414863,0.0819644344043572
0.656077934799016,0.080235527992093
0.664054011578928,0.078472768514148
0.671705619204093,0.0766572192070102
0.679357226829258,0.0748416698998725
0.686813341357351,0.0729982066621217
0.693898983788438,0.0711018447155946
0.700984626219526,0.0692054827690674
0.707893348507191,0.0672870971097866
0.714389475924361,0.0653173500241837
0.720885603341531,0.0633476029385807
0.727226129161168,0.0613611049224942
0.733111592724956,0.059325618230621
0.738997056288744,0.0572901315387477
0.744747384532759,0.0552422499459936
0.749987820691614,0.0531475999594087
0.755228256850469,0.0510529499728239
0.760457758573633,0.0489574642170139
0.765020088148117,0.0468109834244681
0.7695824177226,0.0446645026319222
0.774144747297084,0.0425180218393764
0.778136683162322,0.0403363186078895
0.782005732869766,0.0381470270209922
0.78587478257721,0.0359577354340949
0.789299840900459,0.0337472413498872
0.792463435142657,0.0315242612317775
0.795627029384855,0.0293012811136678
0.798466229471736,0.0270673075476887
0.800885783593471,0.0248191125293012
0.803305337715206,0.0225709175109137
0.805724891836941,0.0203227224925262
0.807378132483452,0.018059230566982
0.809017392785922,0.015795459570233
0.810656653088393,0.013531688573484
0.811881905703294,0.0112654416993142
0.812737322298347,0.00899698310618736
0.813592738893401,0.00672852451306059
0.814389961520825,0.00446052065502293
0.814461825869756,0.00219818483913548
0.814533690218686,-6.41509767519597e-05
0.814605554567616,-0.0023264867926394
0.814152706919168,-0.00457707822169847
0.813378756135201,-0.00682048254725278
0.812604805351234,-0.0090638868728071
0.811830854567267,-0.0113072911983614
0.810538117443108,-0.0135309605010585
0.808862245445183,-0.0157400550647822
0.807186373447257,-0.017949149628506
0.805510501449331,-0.0201582441922297
0.803365437417229,-0.0223416058823705
0.800804364707477,-0.0245021515442507
0.798243291997725,-0.0266626972061309
0.795682219287973,-0.0288232428680111
0.792702826879284,-0.0309535812259408
0.789279024386755,-0.0330518282658774
0.785855221894225,-0.0351500753058141
0.782431419401696,-0.0372483223457507
0.77864045349896,-0.0393133366419583
0.774381653655671,-0.0413360062899195
0.770122853812382,-0.0433586759378806
0.765864053969093,-0.0453813455858417
0.761290699014755,-0.0473693355778055
0.7562299499194,-0.0493035904354421
0.751169200824045,-0.0512378452930788
0.746108451728689,-0.0531721001507154
0.740784420226963,-0.0550716984220869
0.734959998699346,-0.0569054289800118
0.729135577171729,-0.0587391595379367
0.723311155644113,-0.0605728900958616
0.717272484713735,-0.0623733792711344
0.710727360334404,-0.0640952908042986
0.704182235955073,-0.0658172023374627
0.697637111575742,-0.0675391138706269
0.69093307563491,-0.0692323272618065
0.683751792361585,-0.0708393536469538
0.67657050908826,-0.072446380032101
0.669389225814936,-0.0740534064172483
0.661835710721717,-0.0755827688767913
0.654099219858285,-0.0770739545447602
0.646362728994852,-0.0785651402127291
0.638579569856111,-0.0800451393765369
0.630330667929102,-0.0814134988106878
0.622081766002093,-0.0827818582448387
0.613832864075083,-0.0841502176789896
0.605344810974336,-0.0854525137299021
0.596628556318521,-0.08669177113228
0.587912301662706,-0.0879310285346579
0.579196047006892,-0.0891702859370358
0.570107220931427,-0.090290746806591
0.56099136295855,-0.0914025884007031
0.551875504985673,-0.0925144299948151
0.542513889244433,-0.0935353700654906
0.533061548559802,-0.0945227525578124
0.523609207875171,-0.0955101350501341
0.514000462967783,-0.0964299488307546
0.504252121989627,-0.0972894552456653
0.494503781011471,-0.098148961660576
0.48467232803811,-0.0989657956431063
0.474669363767232,-0.0996945700834767
0.464666399496355,-0.100423344523847
0.454637549599162,-0.101135960535134
0.444426553473823,-0.101734876500127
0.434215557348483,-0.10233379246512
0.423992461419584,-0.102923196004852
0.413618187481086,-0.103393748894644
0.403243913542588,-0.103864301784435
0.392866694035029,-0.10433177532783
0.382368553483045,-0.104672836020361
0.371870412931061,-0.105013896712892
0.361372272379077,-0.105354957405422
0.350792073224639,-0.105569348438587
0.340209636402013,-0.105780285298043
0.329627199579386,-0.105991222157498
0.319003772029426,-0.106083176559788
0.308376931103575,-0.106165223066383
0.297750090177723,-0.106247269572978
0.287118121292579,-0.106210077046276
0.276485810042784,-0.106164923608095
0.265853498792989,-0.106119770169913
0.255252096335451,-0.105954288835806
0.244652262569177,-0.105782700588247
0.234052428802903,-0.105611112340687
0.223520232797871,-0.105318564872141
0.212990418575178,-0.105021757970239
0.202460604352486,-0.104724951068336
0.192035403301542,-0.104307400789514
0.181612307924712,-0.103887420164694
0.171191141821927,-0.103465807816629
0.160910777140043,-0.102925109767852
0.150630412458158,-0.102384411719074
0.140358384053002,-0.101838184030182
0.130256278987523,-0.101179242362835
0.120154173922043,-0.100520300695489
0.11006910236785,-0.0998521282230789
0.10017988230924,-0.0990778198549812
0.0902906622506313,-0.0983035114868834
0.0804294570398937,-0.0975164722283486
0.0707875854268136,-0.0966297603956934
0.0611457138137335,-0.0957430485630381
0.0515403849337031,-0.0948421685628619
0.0421797118261718,-0.0938464318379563
0.0328190387186405,-0.0928506951130507
0.0235042947601848,-0.0918395661220547
0.0144568182988008,-0.0907388675980918
0.00540934183741682,-0.089638169074129
-0.00358197499603116,-0.088521046641256
-0.0122856293822173,-0.0873197971939362
-0.0209892837684034,-0.0861185477466164
-0.0296251548043411,-0.0848999050635998
-0.0379523020980172,-0.0836020437406861
-0.0462794493916934,-0.0823041824177725
-0.054547548598926,-0.0809929925473501
-0.0624661677613227,-0.0796029167779683
-0.0703847869237195,-0.0782128410085866
-0.078255889850858,-0.0768133170430421
-0.0857387607204426,-0.0753365964600368
-0.0932216315900273,-0.0738598758770316
-0.100670585663216,-0.0723772127067291
-0.107692327766513,-0.0708196974072382
-0.114714069869809,-0.0692621821077472
-0.121717064488933,-0.0677017823458215
-0.128246206464107,-0.0660684762601227
-0.134775348439282,-0.064435170174424
-0.141304490414457,-0.0628018640887252
-0.147359385969471,-0.0611048958423132
-0.153365314811061,-0.0594013543743709
-0.159371243652651,-0.0576978129064286
-0.164955565418592,-0.0559453049126482
-0.170417320018788,-0.0541785616542458
-0.175879074618984,-0.0524118183958433
-0.180978882788553,-0.0506090774871086
-0.185877838126303,-0.0487863606112243
-0.190776793464053,-0.04696364373534
-0.195371711773758,-0.045115510870632
-0.199676231179903,-0.0432431020967206
-0.203980750586049,-0.0413706933228092
-0.208149698872376,-0.0394890247872228
-0.211829459125476,-0.0375739437917562
-0.215509219378576,-0.0356588627962895
-0.219188979631677,-0.0337437818008229
-0.222280659482599,-0.0317972115819978
-0.225322950334492,-0.0298479967907365
-0.228365241186385,-0.0278987819994752
-0.231001023211552,-0.0259335401058326
-0.233396057795743,-0.023958806453018
-0.235791092379933,-0.0219840728002033
-0.237958112872555,-0.0200035604933842
-0.239669601161771,-0.0180115034483724
-0.241381089450988,-0.0160194464033606
-0.243092577740204,-0.0140273893583488
-0.244269777260835,-0.0120294087138949
-0.245263903536553,-0.0100293983569798
-0.246258029812272,-0.00802938800006474
-0.247140071780081,-0.00602975142917685
-0.247415791541626,-0.00403213686094837
-0.247691511303172,-0.0020345222927199
-0.247967231064717,-3.69077244914182e-05
-0.247836996634261,0.00195354182795765
-0.24739704986956,0.00393852501546785
-0.246957103104859,0.00592350820297806
-0.246517156340159,0.00790849139048827
-0.245329857032891,0.00986895975768988
-0.244126105907028,0.0118288884687672
-0.242922354781165,0.0137888171798444
-0.241718603655301,0.0157487458909217
-0.239844202928022,0.0176757069426924
-0.237834843117277,0.0195960337027634
-0.235825483306531,0.0215163604628344
-0.233816123495786,0.0234366872229053
-0.231266815241816,0.0253209420534729
-0.228470921049586,0.0271887234027422
-0.225675026857356,0.0290565047520116
-0.222879132665127,0.0309242861012809
-0.2196713016458,0.0327569539892783
-0.216113274951785,0.0345597712267585
-0.212555248257769,0.0363625884642387
-0.208997221563753,0.0381654057017189
-0.205149771608414,0.0399378574825116
-0.200858137194167,0.0416637067065969
-0.196566502779919,0.0433895559306823
-0.192274868365671,0.0451154051547677
-0.187816990165354,0.046820231571395
-0.182825283099416,0.0484575512154516
-0.177833576033477,0.0500948708595082
-0.172841868967539,0.0517321905035648
-0.167797010124237,0.0533615278726344
-0.162144313944292,0.0548995809044899
-0.156491617764347,0.0564376339363454
-0.150838921584402,0.0579756869682009
-0.145186225404457,0.0595137400000564
-0.138963190828222,0.0609509892021122
-0.13269281646566,0.0623798713859298
-0.126422442103097,0.0638087535697475
-0.120152067740535,0.0652376357535651
-0.113473427278008,0.0665824856562782
-0.106670280239816,0.0679017087152086
-0.0998671332016252,0.0692209317741391
-0.0929785560611361,0.0705197968496906
-0.0857221510107566,0.0717310085773652
-0.078465745960377,0.0729422203050398
-0.0712093409099974,0.0741534320327144
-0.0637004097006977,0.0752952724775011
-0.0560304718136667,0.0763928828914843
-0.0483605339266356,0.0774904933054675
-0.0406783817014407,0.0785842117800955
-0.0326364094388797,0.0795632782985229
-0.0245944371763187,0.0805423448169503
-0.0165524649137577,0.0815214113353778
-0.00836736986172582,0.0824472883225344
-1.08467032113825e-05,0.0833094565134599
0.00834567645530306,0.0841716247043854
0.0167589152050087,0.0850089635804746
0.0253763883949941,0.0857568913949561
0.0339938615849795,0.0865048192094377
0.0426113347749649,0.0872527470239192
0.0514477367255852,0.0878862586234891
0.0602886798820918,0.0885173969049662
0.0691296230385984,0.0891485351864433
0.078108102922983,0.0896915075705507
0.0871344018980204,0.0902038262296216
0.0961607008730578,0.0907161448886924
0.105259719079778,0.0911690134705641
0.114430201953298,0.0915634576183483
0.123600684826819,0.0919579017661324
0.132812832979449,0.0923059459766142
0.14208783708667,0.0925839915595968
0.15136284119389,0.0928620371425795
0.160657825623465,0.0931058425524296
0.170001043133602,0.0932669911862901
0.17934426064374,0.0934281398201507
0.188693454994517,0.0935673998182359
0.198068602072246,0.0936116146542051
0.207443749149975,0.0936558294901744
0.216818565446145,0.093690633056964
0.226189652235693,0.0936193261414392
0.235560739025242,0.0935480192259145
0.244930682166399,0.093473396123089
0.254262558814549,0.0932883932726876
0.263594435462699,0.0931033904222862
0.272926312110849,0.0929183875718848
0.282186092377799,0.0926235315779544
0.291444165329699,0.0923260741507493
0.3007022382816,0.0920286167235442
0.309860599011323,0.0916287191643429
0.319010824418854,0.091220463718205
0.328161049826385,0.0908122082720672
0.337188200507116,0.0903092364804617
0.346197328231812,0.0897923945095397
0.355206455956509,0.0892755525386178
0.364071661138918,0.0886708963720064
0.372907079175339,0.0880480656079671
0.38174249721176,0.0874252348439277
0.390416550202791,0.0867214403929068
0.399046350229636,0.0859954423529257
0.407676150256481,0.0852694443129446
0.416130691140867,0.0844693571797364
0.424523986233151,0.0836433789852282
0.432917281325436,0.0828174007907199
0.441123891130997,0.0819238649896491
0.449249458491002,0.081001001576596
0.457375025851007,0.0800781381635429
0.465314256142062,0.0790969475794049
0.473141477643703,0.0780806960390112
0.480968699145343,0.0770644444986175
0.488615769709727,0.07599902788715
0.496116535791791,0.074893683255428
0.503617301873855,0.0737883386237059
0.510948897303142,0.0726425135155032
0.518096570816533,0.0714526781332461
0.525244244329924,0.0702628427509889
0.532236389235081,0.0690403134579891
0.539001348724762,0.0677700271652967
0.545766308214444,0.0664997408726043
0.552422449756238,0.0652093761177461
0.558775772051822,0.0638631368964409
0.565129094347407,0.0625168976751356
0.571429245103566,0.0611620643479002
0.577347891954768,0.0597455686161633
0.583266538805969,0.0583290728844265
0.58918518565717,0.0569125771526896
0.594657029426538,0.0554330240095357
0.60011989213341,0.0539522033671729
0.605582754840282,0.05247138272481
0.610639465773018,0.0509409166713912
0.615617814304055,0.0494008720961204
0.620596162835091,0.0478608275208496
0.625280822200127,0.0462900830378626
0.629746891673127,0.0446964889223724
0.634212961146126,0.0431028948068822
0.638516024716956,0.0414949706690246
0.642453424694691,0.0398549006554763
0.646390824672427,0.0382148306419281
0.6503046932855,0.0365730580320983
0.653699464498757,0.0348937264742288
0.657094235712014,0.0332143949163593
0.660489006925271,0.0315350633584897
0.663438171280978,0.0298302062244091
0.666260476370634,0.0281180822455554
0.669082781460291,0.0264059582667016
0.671724409641708,0.0246861623972773
0.673946011338568,0.0229485313918764
0.676167613035429,0.0212109003864754
0.678389214732289,0.0194732693810745
0.680110224622473,0.0177216777498342
0.681723686507207,0.0159670867937072
0.683337148391941,0.0142124958375803
0.684738969894326,0.0124549992671934
0.685739921332918,0.0106919991451649
0.68674087277151,0.00892899902313641
0.687741824210102,0.00716599890110791
0.688177617121744,0.00540343516553838
0.688527394010525,0.00364093784713471
0.688877170899305,0.00187844052873105
0.689226947788085,0.00011594321032739
0.688912716547525,-0.00163601071978486
0.688576135275062,-0.00338760976709634
0.688239554002599,-0.00513920881440781
0.687857429494525,-0.00688936874384224
0.686840765596148,-0.00861947790244209
0.685824101697772,-0.0103495870610419
0.684807437799395,-0.0120796962196418
0.683679280593932,-0.0138045054400782
0.681992977727641,-0.0155027826868394
0.68030667486135,-0.0172010599336005
0.678620371995059,-0.0188993371803617
0.676752128244585,-0.020585885781168
0.67438190925906,-0.0222400750261512
0.672011690273534,-0.0238942642711344
0.669641471288009,-0.0255484535161177
0.667259394793747,-0.0272016600481005
0.664197451358374,-0.0287985213480092
0.661135507923001,-0.0303953826479179
0.658073564487627,-0.0319922439478266
0.655011621052254,-0.0335891052477353
0.651438792458718,-0.0351333606276046
0.647711855499323,-0.0366617474463261
0.643984918539927,-0.0381901342650476
0.640257981580531,-0.0397185210837691
0.636201944953299,-0.0412058903724995
0.631841355988725,-0.0426553016021628
0.627480767024152,-0.0441047128318261
0.623120178059579,-0.0455541240614894
0.61860131496931,-0.046980078965101
0.613655573635641,-0.0483427702416505
0.608709832301971,-0.0497054615181999
0.603764090968302,-0.0510681527947493
0.598705272400808,-0.0524111111593678
0.593224592276131,-0.0536804511954035
0.587743912151453,-0.0549497912314391
0.582263232026776,-0.0562191312674747
0.576707110921342,-0.0574730726009038
0.570731032175873,-0.0586412939086745
0.564754953430404,-0.0598095152164451
0.558778874684935,-0.0609777365242157
0.552760587139513,-0.0621358835110108
0.546331543001596,-0.0631959918480384
0.539902498863679,-0.0642561001850661
0.533473454725762,-0.0653162085220937
0.527031453495736,-0.0663727122129093
0.520222248316945,-0.0673270602416463
0.513413043138155,-0.0682814082703834
0.506603837959365,-0.0692357562991204
0.499616797602312,-0.0701323992609708
0.492493970671948,-0.0709849813493103
0.485371143741584,-0.0718375634376498
0.478220554510994,-0.0726796158374504
0.47082007985537,-0.0734268916634603
0.463419605199745,-0.0741741674894701
0.456019130544121,-0.07492144331548
0.448466338354842,-0.0756001724491392
0.440825214797316,-0.0762391502621272
0.43318409123979,-0.0768781280751152
0.425510322384673,-0.077499349435684
0.417672420710476,-0.0780312955619154
0.409834519036278,-0.0785632416881469
0.40199661736208,-0.0790951878143783
0.394014390169943,-0.0795294719208409
0.386021157352639,-0.079956308753959
0.378027924535334,-0.080383145587077
0.369950890351087,-0.0807363406003078
0.361836626491708,-0.0810568194284623
0.353722362632328,-0.0813772982566167
0.345568682649059,-0.0816489578547541
0.337367912378483,-0.0818622933118879
0.329167142107907,-0.0820756287690216
0.320955121564022,-0.0822657596994955
0.312702954900538,-0.082373086268072
0.304450788237053,-0.0824804128366486
0.296197399526675,-0.0825803737699083
0.287927903560492,-0.0825832515446797
0.279658407594308,-0.0825861293194512
0.271388911628125,-0.0825890070942226
0.26313375603312,-0.0824960391638904
0.254879811153438,-0.0823949792628326
0.246625866273756,-0.0822939193617749
0.238409140235227,-0.0821131512072053
0.230203295835317,-0.081909078823301
0.221997451435408,-0.0817050064393968
0.213841541560091,-0.0814376233401102
0.205715541351215,-0.081132318534454
0.19758954114234,-0.0808270137287978
0.189519576559058,-0.0804716456900559
0.181504478483468,-0.0800672589291337
0.173489380407878,-0.0796628721682114
0.1655288067825,-0.079221120591456
0.157655278331707,-0.0787197182175815
0.149781749880915,-0.078218315843707
0.141953652838168,-0.0776918477837967
0.134251554835286,-0.0770958627859358
0.126549456832403,-0.0764998777880749
0.118876477114113,-0.0758905637548103
0.111375354265276,-0.0752025814095412
0.10387423141644,-0.0745145990642721
0.0963755432671438,-0.073825673857643
0.0891043491052305,-0.0730486493653592
0.0818331549433167,-0.0722716248730753
0.0745619607814035,-0.0714946003807914
0.0675162903376583,-0.0706426136465468
0.0605024573000539,-0.0697800444185321
0.0534886242624494,-0.0689174751905174
0.0466851805081118,-0.0679942591585426
0.0399548921994803,-0.0670499553415558
0.0332246038908487,-0.0661056515245689
0.0266835231210129,-0.0651137755183792
0.0202645846686507,-0.0640911894386187
0.0138456462162886,-0.0630686033588582
0.0075682282378737,-0.0620149048814832
0.00148781167282337,-0.0609178968663976
-0.00459260489222695,-0.059820888851312
-0.0105904395192514,-0.0587079882903424
-0.0163093008384501,-0.0575414004921752
-0.0220281621576488,-0.056374812694008
-0.0277321817953438,-0.0552057251905581
-0.033068139813087,-0.0539746470308909
-0.0384040978308302,-0.0527435688712237
-0.0437400558485735,-0.0515124907115564
-0.0487283199189497,-0.0502303926512347
-0.0536547995588964,-0.0489392284696118
-0.0585812791988432,-0.047648064287989
-0.063266860352108,-0.0463263539721087
-0.0677581102688407,-0.0449800022891394
-0.0722493601855734,-0.0436336506061701
-0.0766239276613817,-0.0422746501781845
-0.0806627102066447,-0.0408792496035003
-0.0847014927519078,-0.0394838490288162
-0.0887402752971708,-0.038088448454132
-0.092329144638999,-0.0366519140111776
-0.0959003699428853,-0.0352137664403424
-0.0994715952467717,-0.0337756188695072
-0.102713376009818,-0.0323126835025872
-0.105790419466608,-0.0308373531063108
-0.108867462923398,-0.0293620227100343
-0.111847448318545,-0.027880910796126
-0.114404973171782,-0.0263746339136359
-0.116962498025018,-0.0248683570311458
-0.119520022878255,-0.0233620801486557
-0.121703515436837,-0.0218392033596022
-0.123731998676661,-0.0203094471105539
-0.125760481916486,-0.0187796908615055
-0.127667229106397,-0.0172463074592258
-0.129159846726141,-0.0157005849724292
-0.130652464345885,-0.0141548624856325
-0.132145081965629,-0.0126091399988359
-0.133213922519853,-0.0110570069163049
-0.134139502895168,-0.00950270669645912
-0.135065083270483,-0.00794840647661337
-0.135990663645797,-0.00639410625676762
-0.136367769188464,-0.00483973607892033
-0.136697683442059,-0.00328535988182096
-0.137027597695654,-0.00173098368472159
-0.137301558633293,-0.000177457935552384
-0.137037476446394,0.0013678899665353
-0.136773394259496,0.00291323786862298
-0.136509312072598,0.00445858577071066
-0.136087658574218,0.00599912143270676
-0.135234790047937,0.00752648775425742
-0.134381921521657,0.00905385407580807
-0.133529052995377,0.0105812203973587
-0.132402805452933,0.0120957747862503
-0.130930090287089,0.013594091938203
-0.129457375121246,0.0150924090901558
-0.127984659955403,0.0165907262421086
-0.126457972836794,0.018085554584329
-0.124340457029232,0.0195421910736592
-0.122222941221671,0.0209988275629895
-0.12010542541411,0.0224554640523198
-0.117987909606549,0.0239121005416501
-0.115416919030755,0.0253306348366296
-0.112675095037603,0.0267348152391198
-0.10993327104445,0.02813899564161
-0.107191447051298,0.0295431760441002
-0.104228506747584,0.0309242244713
-0.100887490482381,0.032265720665664
-0.0975464742171781,0.0336072168600281
-0.0942054579519753,0.0349487130543922
-0.0908577660540498,0.0362893609803668
-0.0869454159908075,0.0375582581536579
-0.0830330659275652,0.0388271553269491
-0.0791207158643229,0.0400960525002402
-0.0752083658010806,0.0413649496735314
-0.0709572608476926,0.0425822570760026
-0.0665059136615755,0.0437690691227005
-0.0620545664754583,0.0449558811693983
-0.0576032192893412,0.0461426932160961
-0.0530289571175054,0.0473072716610013
-0.048076525365783,0.048403444518092
-0.0431240936140606,0.0494996173751826
-0.0381716618623382,0.0505957902322733
-0.0332192301106158,0.051691963089364
-0.0278704977353788,0.0527033342495429
-0.0224583763072378,0.0537011412139246
-0.0170462548790967,0.0546989481783063
-0.0116341334509557,0.0556967551426881
-0.00603870158590772,0.0566484981583323
-0.000243815400324475,0.0575501204402547
0.00555107078525877,0.0584517427221772
0.011345956970842,0.0593533650040997
0.0173996027701844,0.060178832912537
0.0235073270574448,0.0609883852253888
0.0296150513447053,0.0617979375382406
0.0357716046115621,0.0625906804888277
0.0421577784336769,0.0633043766289214
0.0485439522557916,0.0640180727690152
0.0549301260779064,0.0647317689091089
0.0614434726051205,0.0653935868474507
0.0680725349639121,0.066008200244128
0.0747015973227037,0.0666228136408053
0.0813306596814953,0.0672374270374826
0.0881328506949402,0.0677670898674557
0.0949604985828362,0.0682842615479107
0.101788146470732,0.0688014332283657
0.108698518393073,0.0692686050242939
0.115683472996114,0.0696906977153681
0.122668427599154,0.0701127904064424
0.129675909348156,0.0705175247179384
0.136786052574054,0.0708431528307581
0.143896195799952,0.0711687809435778
0.151006339025849,0.0714944090563974
0.158193866331951,0.0717388054147467
0.165396794673736,0.0719670349704932
0.172599723015521,0.0721952645262396
0.179831693248286,0.0723764945993735
0.187094123632977,0.072508429969835
0.194356554017668,0.0726403653402965
0.201625859448805,0.0727484891463469
0.208915652992691,0.0727856528475866
0.216205446536576,0.0728228165488264
0.223495192022369,0.0728586182697605
0.230781653197691,0.0728013416775658
0.238068114373012,0.0727440650853711
0.245354575548333,0.0726867884931763
0.252614790254037,0.0725566440736817
0.259867497874798,0.072405657804709
0.267120205495559,0.0722546715357364
0.274338623153379,0.0720538941082408
0.281527920199263,0.0718108317413384
0.288717217245146,0.071567769374436
0.295875085170646,0.0712940539898773
0.302972011507132,0.0709609018924468
0.310068937843619,0.0706277497950163
0.317148958004292,0.0702822634493374
0.324124900180755,0.0698608448698608
0.331100842357217,0.0694394262903842
0.338076784533681,0.0690180077109076
0.344912917592355,0.0685157298870167
0.351740004358636,0.0680082200984343
0.358567091124916,0.0675007103098519
0.365263942798203,0.0669313620822635
0.371914730424964,0.0663401416490662
0.378565518051726,0.0657489212158689
0.385109130425636,0.0651149797472413
0.391556757143147,0.0644427775186083
0.398004383860657,0.0637705752899755
0.404379651470695,0.0630737615376154
0.410598554930933,0.0623237636026809
0.416817458391173,0.0615737656677463
0.423009738608682,0.0608159515248973
0.428975528880133,0.0599916431338846
0.434941319151584,0.0591673347428721
0.440907109423035,0.0583430263518594
0.446623631764572,0.0574551397994819
0.452310600516615,0.0565597153224205
0.457997569268657,0.0556642908453591
0.463493676710766,0.0547264512246409
0.46887672893716,0.0537634873227503
0.474259781163554,0.0528005234208596
0.47952506859269,0.051814724197671
0.484582809133911,0.0507886803514678
0.489640549675131,0.0497626365052647
0.494665157172457,0.0487309873032075
0.499377784833038,0.0476465582234623
0.50409041249362,0.0465621291437169
0.508803040154201,0.0454777000639718
0.513208932962142,0.0443482045340974
0.51755200356245,0.0432094789677182
0.521895074162759,0.0420707534013389
0.526058985670752,0.0409093621717336
0.530008848651585,0.0397208913685049
0.533958711632417,0.0385324205652763
0.537875330396868,0.0373403688764961
0.541416098959095,0.0361078326552144
0.544956867521324,0.0348752964339324
0.548497636083552,0.0336427602126507
0.551739429866991,0.0323831978800598
0.554857255201684,0.0311124293008814
0.557975080536376,0.0298416607217029
0.560944171892142,0.0285599012925871
0.563614702738752,0.0272560794283974
0.566285233585362,0.025952257564208
0.568955764431972,0.0246484357000183
0.571265425886586,0.0233237136500699
0.57346555462495,0.0219926478808504
0.575665683363313,0.020661582111631
0.57776917173723,0.0193264157922916
0.579490367436299,0.0179750284013258
0.581211563135368,0.0166236410103598
0.582932758834437,0.015272253619394
0.584345358012593,0.0139123631619903
0.585581654974203,0.0125476148745118
0.586817951935813,0.011182866587033
0.588017775385024,0.00981765994577882
0.588740694261168,0.00844646016053318
0.589463613137311,0.00707526037528774
0.590186532013455,0.00570406059004211
0.590833272032834,0.00433307413784905
0.591016816007576,0.00296338483069383
0.591200359982319,0.00159369552353881
0.591383903957061,0.000224006216383586
0.591453878444161,-0.00114357694606659
0.591100259845614,-0.00250330458012759
0.590746641247067,-0.00386303221418839
0.59039302264852,-0.00522275984824938
0.589889704587517,-0.00657734617541893
0.589004509481795,-0.00791881724452823
0.588119314376073,-0.00926028831363733
0.58723411927035,-0.0106017593827466
0.586152622477474,-0.0119331785159261
0.584709440617742,-0.013246076997697
0.583266258758011,-0.0145589754794677
0.581823076898279,-0.0158718739612387
0.580379895038548,-0.0171847724430094
0.578425365797294,-0.0184620556396559
0.576403671891728,-0.0197346608253136
0.574381977986162,-0.0210072660109714
0.572360284080596,-0.0222798711966291
0.570106330798198,-0.0235316054905314
0.567526319110302,-0.0247540400860534
0.564946307422406,-0.0259764746815756
0.56236629573451,-0.0271989092770977
0.559786284046614,-0.0284213438726199
0.55670018857527,-0.0295873623121748
0.553586387317048,-0.0307502922236151
0.550472586058827,-0.0319132221350552
0.547358784800605,-0.0330761520464955
0.544001596032527,-0.0342061633396954
0.540380941862046,-0.0353005404419448
0.536760287691566,-0.036394917544194
0.533139633521085,-0.0374892946464435
0.529518979350605,-0.0385836717486927
0.525431460262244,-0.0396022991201557
0.52133511861924,-0.0406194950151604
0.517238776976235,-0.0416366909101653
0.513142435333232,-0.0426538868051701
0.508834097571831,-0.0436301149449166
0.504298579170565,-0.044562440956059
0.499763060769299,-0.0454947669672014
0.495227542368034,-0.0464270929783438
0.490692023966767,-0.0473594189894862
0.485763427562949,-0.0482014682027659
0.480828428275523,-0.0490420468890122
0.475893428988098,-0.0498826255752584
0.470958429700673,-0.0507232042615047
0.46586428687511,-0.0515205986006167
0.460601313104936,-0.052272179869312
0.455338339334763,-0.0530237611380071
0.450075365564589,-0.0537753424067023
0.44460860797785,-0.0544616527005253
0.439081964245,-0.0551287817502054
0.433555320512151,-0.0557959107998853
0.428014657538133,-0.056457736445139
0.422256358714661,-0.0570372316051989
0.416498059891188,-0.0576167267652588
0.410739761067716,-0.0581962219253187
0.404912295581223,-0.0587442817503894
0.398955333814621,-0.0592334872261634
0.392998372048018,-0.0597226927019374
0.387041410281416,-0.0602118981777114
0.380983361808147,-0.0606447369500823
0.374867409683077,-0.0610452882132965
0.368751457558007,-0.0614458394765107
0.36260823696591,-0.0618270936507691
0.356370212823635,-0.0621412581518408
0.35013218868136,-0.0624554226529125
0.343894164539085,-0.0627695871539842
0.337581246247436,-0.0630128881023026
0.331250869228014,-0.0632396699034407
0.324920492208594,-0.0634664517045787
0.318565220245979,-0.0636581804507456
0.312172376690917,-0.063797006923337
0.305779533135855,-0.0639358333959284
0.299386689580793,-0.0640746598685198
0.292962039190917,-0.0641278968928943
0.28653694073645,-0.0641799282141101
0.280111842281982,-0.0642319595353259
0.273684663068973,-0.064226352193802
0.267256486897732,-0.0641931283181607
0.260828310726493,-0.0641599044425194
0.254409327068606,-0.0640956913800998
0.248006264609245,-0.0639778058370663
0.241603202149882,-0.0638599202940328
0.23520310467425,-0.0637373478410192
0.228852989177372,-0.063535766173623
0.222502873680494,-0.0633341845062269
0.216152758183616,-0.0631326028388308
0.209862295594737,-0.0628698461746355
0.203592147787845,-0.0625862563815155
0.197321999980952,-0.0623026665883955
0.191101332325059,-0.0619818560959725
0.184937521718296,-0.0616182757435889
0.178773711111535,-0.0612546953912053
0.172634335809777,-0.0608767096231342
0.166602847773221,-0.0604351207650941
0.160571359736664,-0.059993531907054
0.154539871700108,-0.059551943049014
0.148650770397305,-0.0590419181645248
0.142776787073083,-0.0585246270526649
0.136902803748861,-0.058007335940805
0.131142571780641,-0.0574443529900939
0.125451067485172,-0.0568537633904741
0.119759563189705,-0.0562631737908543
0.114134840778368,-0.0556498072549256
0.108650223691607,-0.0549886557531211
0.103165606604846,-0.0543275042513165
0.0976860937239827,-0.0536648570591751
0.0924311823235924,-0.0529363946803559
0.0871762709232029,-0.0522079323015369
0.0819213595228126,-0.0514794699227178
0.0768478040144784,-0.0507049736507799
0.0718442007263817,-0.0499127212806343
0.0668405974382856,-0.0491204689104888
0.0619526464596978,-0.048302697079596
0.0572237031192173,-0.047449839142802
0.0524947597787361,-0.0465969812060078
0.0477812627316349,-0.0457411602323549
0.0433497059077445,-0.0448312551329618
0.0389181490838547,-0.0439213500335688
0.0344865922599643,-0.0430114449341756
0.0302707475755769,-0.0420656171250332
0.0261551109810859,-0.0411031015850277
0.0220394743865955,-0.0401405860450222
0.0180282366727008,-0.0391630235595542
0.0142454289873689,-0.0381525375967259
0.0104626213020365,-0.0371420516338975
0.00667981361670467,-0.0361315656710693
0.00323239779257882,-0.035079604039875
-0.000195323861079531,-0.0340252069623343
-0.00362304551473837,-0.0329708098847935
-0.00688343508149075,-0.0318989077535484
-0.00993466487505405,-0.0308051248633275
-0.0129858946686169,-0.0297113419731067
-0.0160371244621802,-0.0286175590828859
-0.0187206601434926,-0.0274918498814597
-0.021382533835005,-0.0263642598029548
-0.024044407526517,-0.02523666972445
-0.0265285008175718,-0.0240965899257171
-0.0287902191275805,-0.0229408874751522
-0.0310519374375895,-0.0217851850245871
-0.0333136557475982,-0.0206294825740221
-0.0351761537667575,-0.0194521330629683
-0.0370150553384034,-0.0182735040735455
-0.0388539569100495,-0.0170948750841226
-0.0405999268326644,-0.0159126727231964
-0.0419947705999304,-0.0147169689963655
-0.0433896143671962,-0.0135212652695348
-0.0447844581344622,-0.0123255615427039
-0.0459662091218046,-0.0111249708738338
-0.0469118352982015,-0.0099189650601352
-0.0478574614745982,-0.00871295924643679
-0.0488030876509951,-0.0075069534327382
-0.0494146571023441,-0.00629832963059866
-0.0499085196811468,-0.00508878336467161
-0.0504023822599493,-0.00387923709874473
-0.0508940625357397,-0.00266970767198203
-0.0509068502037399,-0.00146387349344212
-0.05091963787174,-0.000258039314902035
-0.0509324255397402,0.000947794863637877
-0.0509452132077404,0.00215362904217796
-0.050560543999982,0.00334989867878053
-0.0500661393634711,0.00454352760346122
-0.0495717347269602,0.00573715652814174
-0.0490773300904493,0.00693078545282243
-0.0483013828986585,0.00811280529847512
-0.0473066773600462,0.00928580489873837
-0.0463119718214341,0.0104588044990014
-0.0453172662828219,0.0116318040992647
-0.0441551123308588,0.0127949584652401
-0.0426705788859717,0.0139391583271157
-0.0411860454410848,0.0150833581889911
-0.0397015119961978,0.0162275580508667
-0.0381570027163119,0.01736710042457
-0.0361766233185966,0.018472794834032
-0.0341962439208816,0.0195784892434939
-0.0322158645231663,0.0206841836529559
-0.0302354851254513,0.0217898780624178
-0.0279878964970261,0.0228692536055758
-0.0255112382131037,0.0239260668531821
-0.0230345799291809,0.0249828801007886
-0.0205579216452585,0.026039693348395
-0.0180812633613357,0.0270965065960015
-0.0151535011354251,0.0280984461926284
-0.0122049247270379,0.0290978538890029
-0.00925634831865112,0.0300972615853774
-0.00630777191026393,0.0310966692817519
-0.00319349972363571,0.0320716905293807
0.000198868846015619,0.0330057826521826
0.00359123741566646,0.0339398747749845
0.00698360598531778,0.0348739668977864
0.0103759745549686,0.0358080590205883
0.0140824430830029,0.0366870501140998
0.0178719880328043,0.037551467514661
0.0216615329826063,0.0384158849152222
0.0254510779324078,0.0392803023157834
0.0294369177368744,0.0401039656778999
0.0335773126060395,0.0408955408680705
0.0377177074752053,0.0416871160582412
0.0418581023443705,0.0424786912484118
0.0461031283373479,0.0432446635010808
0.0505623890735453,0.0439582131232591
0.0550216498097433,0.0446717627454376
0.0594809105459406,0.045385312367616
0.0639677481409106,0.046090870215048
0.0687119331337707,0.0467218487765455
0.0734561181266316,0.047352827338043
0.0782003031194918,0.0479838058995405
0.0829444881123526,0.048614784461038
0.0878910925416206,0.0491760760271209
0.0928691700011055,0.0497265323643776
0.0978472474605896,0.0502769887016343
0.10286370886876,0.0508116099889574
0.108029358341034,0.0512846847047178
0.113195007813309,0.0517577594204783
0.118360657285583,0.0522308341362388
0.12361266420069,0.0526606907934278
0.128937107555019,0.0530542962350833
0.134261550909348,0.0534479016767389
0.139585994263676,0.0538415071183944
0.145024733022229,0.0541634976559616
0.150478611653013,0.0544760018934881
0.155932490283797,0.0547885061310146
0.161407979229703,0.0550832525658315
0.166959101271269,0.0553158491623216
0.172510223312835,0.0555484457588117
0.178061345354402,0.0557810423553018
0.183664038986116,0.0559532326208083
0.189281966961019,0.0561075787443325
0.19489989493592,0.0562619248678567
0.200530590029895,0.0563909995903873
0.20618820523749,0.0564667882910487
0.211845820445085,0.0565425769917102
0.21750343565268,0.0566183656923716
0.223172054149816,0.0566257643412291
0.228842296127811,0.0566230723767598
0.234512538105806,0.0566203804122906
0.240176881358027,0.0565851753211834
0.24583311735458,0.0565052839299508
0.251489353351131,0.0564253925387181
0.25714380203786,0.0563421089110622
0.262760212901605,0.0561866311473663
0.268376623765351,0.0560311533836704
0.273993034629097,0.0558756756199745
0.279565836947877,0.0556704055161685
0.285117024168818,0.0554404552423644
0.29066821138976,0.0552105049685603
0.296193062874551,0.0549592084422701
0.301654158439775,0.0546562349873824
0.307115254004997,0.0543532615324948
0.312576349570221,0.0540502880776071
0.317932803809444,0.0536821387631604
0.323279667471119,0.0533080159566019
0.328626531132793,0.0529338931500434
0.333897697685217,0.0525218811941914
0.339106774279691,0.0520787909619087
0.344315850874165,0.0516357007296259
0.349495571057035,0.0511804437118853
0.354543977250362,0.050670763518726
0.359592383443688,0.0501610833255666
0.364640789637015,0.0496514031324072
0.369540179069082,0.0490895558238791
0.374405977100492,0.0485159489893842
0.379271775131902,0.0479423421548894
0.384045475563282,0.0473411649259593
0.388706330396099,0.0467062061689367
0.393367185228917,0.046071247411914
0.398018720720239,0.0454338859918638
0.402452859910032,0.0447404766143133
0.406886999099824,0.0440470672367628
0.411321138289617,0.0433536578592123
0.415599540769335,0.0426254982302256
0.419787584550444,0.0418771764474689
0.423975628331552,0.0411288546647122
0.428104359116294,0.0403690476190571
0.432028267625539,0.0395695791530456
0.435952176134784,0.038770110687034
0.439876084644029,0.0379706422210224
0.44359520862203,0.0371364464433586
0.447268241823663,0.036294434602902
0.450915165017789,0.0354485186917361
0.454355509661727,0.0345717143456782
0.457795854305665,0.0336949099996203
0.46113753024261,0.0328050136433259
0.464336122816036,0.0318961320492904
0.467534715389462,0.0309872504552551
0.470557261875938,0.0300577500039745
0.473505813859377,0.0291195831737844
0.476454365842816,0.0281814163435942
