0.0843484576089378,0.0632613432067034
0.0907707416100878,0.0637787350557345
0.0971930256112377,0.0642961269047656
0.103615309612388,0.0648135187537968
0.110138028884582,0.0652739735990975
0.116719610282095,0.0657010593598721
0.123301191679609,0.0661281451206466
0.129916322553756,0.0665312827073445
0.136626456751014,0.066866605342872
0.143336590948272,0.0672019279783995
0.15004672514553,0.067537250613927
0.156843768015222,0.0677898600738581
0.163651391682154,0.0680323995221827
0.170459015349086,0.0682749389705073
0.177301165699439,0.0684687397750227
0.184174937966364,0.0686179023700237
0.191048710233289,0.0687670649650247
0.19792774197374,0.0689019650150183
0.204836014928668,0.068957569269453
0.211744287883596,0.0690131735238877
0.218652560838523,0.0690687777783225
0.225563135163207,0.0690513258203659
0.232474347533342,0.0690136193231989
0.239385559903477,0.068975912826032
0.246285050487951,0.0688999091203672
0.253167909894931,0.0687695683289993
0.260050769301912,0.0686392275376315
0.266931091381464,0.0685049458696342
0.273756169676979,0.0682848617407264
0.280581247972495,0.0680647776118185
0.28740632626801,0.0678446934829107
0.294162419946442,0.0675546803360991
0.300902128811263,0.0672480580672419
0.307641837676084,0.0669414357983847
0.31431679138091,0.0665862832056377
0.320943337537294,0.0661948518977301
0.327569883693678,0.0658034205898224
0.334149254903857,0.0653841585153526
0.340635561988957,0.0649099934436613
0.347121869074056,0.0644358283719701
0.353591401327384,0.0639535765193068
0.359910874960774,0.0633989846748663
0.366230348594164,0.0628443928304258
0.372549822227554,0.0622898009859854
0.378704193590282,0.0616686175875894
0.384830823404662,0.0610362450468133
0.390957453219041,0.0604038725060371
0.39695093743748,0.0597257924671532
0.402859917199413,0.0590187029273653
0.408768896961347,0.0583116133875775
0.414589232719232,0.0575783106820897
0.420256898093357,0.0567998613915634
0.425924563467482,0.0560214121010371
0.4315595056882,0.0552345703296445
0.436960988221079,0.0543878533396613
0.442362470753958,0.0535411363496781
0.447763953286837,0.0526944193596948
0.452926125822937,0.0517943080460003
0.45803716231175,0.0508827873691412
0.463148198800563,0.049971266692282
0.468095884116254,0.0490279891646487
0.472895742513325,0.0480559728327245
0.477695600910395,0.0470839565008002
0.48242081640097,0.0460992966507592
0.486890321976227,0.045071322933416
0.491359827551484,0.0440433492160728
0.495829333126741,0.0430153754987295
0.499970747520929,0.0419392055734703
0.504086307528272,0.0408592376692472
0.508201867535616,0.0397792697650241
0.512122078192102,0.0386746309008567
0.515860881365269,0.0375470818159236
0.519599684538436,0.0364195327309905
0.523295337085303,0.0352873522818289
0.526642044241212,0.0341177194631445
0.52998875139712,0.03294808664446
0.533335458553028,0.0317784538257755
0.536397708065026,0.0305832566464961
0.539338973805963,0.0293771865910058
0.5422802395469,0.0281711165355155
0.545095777370769,0.0269558382034945
0.547608155062684,0.0257183565104921
0.550120532754598,0.0244808748174897
0.552632910446513,0.0232433931244873
0.554833739894307,0.0219881122696341
0.556895008955435,0.0207248581459305
0.558956278016563,0.0194616040222269
0.560977084973762,0.0181966699272568
0.562579117877374,0.0169143484918162
0.564181150780986,0.0156320270563755
0.565783183684598,0.0143497056209349
0.567159490384793,0.013061398375369
0.568296670875528,0.0117667499781595
0.569433851366263,0.01047210158095
0.570571031856998,0.00917745318374055
0.571273506516236,0.00787785249046271
0.571918418346775,0.00657759602459202
0.572563330177314,0.00527733955872133
0.573208242007852,0.00397708309285063
0.57338351896621,0.00267876927178034
0.573511205811324,0.00138065230722884
0.573638892656438,8.25353426773515e-05
0.573766579501551,-0.00121558162187414
0.573414014129938,-0.00250406137688872
0.573026913096235,-0.00379184810561322
0.572639812062532,-0.00507963483433772
0.572252711028828,-0.00636742156306223
0.57137802919244,-0.00763762028293421
0.570481884086939,-0.00890704478002081
0.569585738981437,-0.0101764692771074
0.568689593875936,-0.011445893774194
0.567269068323223,-0.0126874333682127
0.565839343550879,-0.0139284837766618
0.564409618778534,-0.0151695341851108
0.562979894006189,-0.0164105845935599
0.56129213208111,-0.0176330761562649
0.559310083920866,-0.0188344017249059
0.557328035760621,-0.020035727293547
0.555345987600377,-0.021237052862188
0.553363939440133,-0.0224383784308291
0.550875395606741,-0.0235928467658236
0.548361096353468,-0.0247449323998573
0.545846797100194,-0.025897018033891
0.54333249784692,-0.0270491036679248
0.540596707803899,-0.0281758061511954
0.537574443954543,-0.0292696783401496
0.534552180105187,-0.0303635505291037
0.531529916255832,-0.0314574227180579
0.528507652406476,-0.032551294907012
0.52504227178058,-0.0335835761557139
0.521538600678872,-0.0346105352263064
0.518034929577164,-0.0356374942968989
0.514531258475456,-0.0366644533674915
0.510860074803083,-0.0376634652956287
0.506905681300844,-0.0386152276028651
0.502951287798605,-0.0395669899101014
0.498996894296366,-0.0405187522173378
0.495042500794127,-0.0414705145245742
0.490746801188189,-0.0423543619197532
0.486377620190916,-0.0432235875950852
0.482008439193643,-0.0440928132704172
0.47763925819637,-0.0449620389457492
0.473167096349483,-0.0458068555342272
0.468422124755813,-0.0465870092574366
0.463677153162142,-0.0473671629806459
0.458932181568472,-0.0481473167038552
0.454187209974801,-0.0489274704270646
0.449219936163191,-0.0496451808867606
0.444168438072273,-0.0503392332880005
0.439116939981355,-0.0510332856892402
0.434065441890438,-0.05172733809048
0.428772566567819,-0.052341049660236
0.423476526409259,-0.0529537078350666
0.418180486250699,-0.0535663660098971
0.412831310406994,-0.0541580337499692
0.407321776353446,-0.0546863544468544
0.401812242299897,-0.0552146751437397
0.396302708246349,-0.0557429958406249
0.390700455709117,-0.0562270024792227
0.385009374977876,-0.0566685543923924
0.379318294246634,-0.057110106305562
0.373627213515393,-0.0575516582187317
0.367825121957609,-0.0579274376641519
0.361990345775729,-0.0582838518958248
0.356155569593849,-0.0586402661274977
0.350284833433976,-0.0589691990057747
0.344341568147934,-0.0592427036369012
0.338398302861891,-0.0595162082680278
0.332455037575848,-0.0597897128991543
0.326440768808779,-0.0599886456692067
0.320417758461626,-0.0601783975387426
0.314394748114473,-0.0603681494082785
0.308348876834307,-0.0605200772561154
0.302274985286621,-0.0606256448260887
0.296201093738936,-0.0607312123960621
0.290127022293669,-0.0608360977292831
0.284031243947061,-0.0608586626343751
0.277935465600453,-0.060881227539467
0.271839687253845,-0.060903792444559
0.265747985153762,-0.0608720722084114
0.259658323312252,-0.0608131809647978
0.253568661470742,-0.0607542897211842
0.247489807107923,-0.0606691795155814
0.24143343506119,-0.0605295271722817
0.235377063014457,-0.060389874828982
0.229320690967725,-0.0602502224856824
0.223323360838069,-0.0600322307416399
0.217327060158912,-0.0598128730776006
0.211330759479756,-0.0595935154135612
0.205389616446671,-0.0593241555304256
0.199479354755127,-0.0590268006961694
0.193569093063584,-0.0587294458619132
0.187695078005297,-0.0584073668944693
0.181896189340951,-0.0580340435823027
0.176097300676606,-0.0576607202701361
0.170299751428775,-0.0572866704263462
0.164637152590283,-0.0568394202458115
0.158974553751791,-0.0563921700652768
0.153311954913299,-0.0559449198847421
0.147760691734494,-0.0554479837768055
0.142258472032772,-0.0549291609647456
0.136756252331051,-0.0544103381526859
0.13132382905663,-0.0538653323066409
0.126005974043749,-0.0532773479758577
0.120688119030868,-0.0526893636450746
0.115378301562273,-0.0520988099728868
0.110268235820708,-0.0514444021725443
0.105158170079143,-0.0507899943722018
0.100048104337577,-0.0501355865718593
0.0950984037232262,-0.0494370497357677
0.0902178295519141,-0.0487194907885159
0.085337255380602,-0.0480019318412641
0.080546388962449,-0.0472629755838359
0.0759157754046151,-0.0464857954267096
0.0712851618467812,-0.0457086152695832
0.0666597208096148,-0.0449303632306913
0.0623014782607999,-0.0440967406663147
0.0579432357119849,-0.0432631181019382
0.05358499316317,-0.0424294955375617
0.0494044118443254,-0.0415639268148963
0.0453403181160059,-0.0406774118733726
0.0412762243876865,-0.0397908969318488
0.0372710002195066,-0.0388952222410034
0.0335184225411892,-0.0379602372765861
0.0297658448628719,-0.0370252523121687
0.0260132671845545,-0.0360902673477513
0.0225139684036957,-0.0351213376777749
0.0190886366771034,-0.0341424948650008
0.015663304950511,-0.0331636520522267
0.0123631234065314,-0.0321705189157104
0.00928643389393866,-0.0311518662520495
0.00620974438134588,-0.0301332135883886
0.0031330548687531,-0.0291145609247277
0.000352411018730263,-0.0280676051081171
-0.00235512090915517,-0.0270136594984566
-0.00506265283704061,-0.0259597138887961
-0.00767691858355429,-0.0248984790726267
-0.0100036697431097,-0.0238147735905863
-0.0123304209026651,-0.022731068108546
-0.0146571720622205,-0.0216473626265056
-0.0167154096226769,-0.0205470600234811
-0.0186518333434963,-0.0194392279730066
-0.0205882570643156,-0.0183313959225321
-0.0224706973648846,-0.0172210862475084
-0.0239947304906722,-0.0160943271068759
-0.0255187636164597,-0.0149675679662435
-0.0270427967422473,-0.013840808825611
-0.0284298416455683,-0.0127099231086874
-0.0295209345066035,-0.0115701222554184
-0.0306120273676387,-0.0104303214021494
-0.0317031202286739,-0.0092905205488803
-0.0325750328330896,-0.00814754277606972
-0.0332294453034249,-0.00700141243634044
-0.0338838577737601,-0.00585528209661116
-0.0345382702440954,-0.00470915175688188
-0.0348917366058755,-0.00356326151982169
-0.0351083671324744,-0.0024174804539663
-0.0353249976590733,-0.00127169938811092
-0.0355416281856723,-0.00012591832225554
-0.035349656311208,0.00101302488551722
-0.0350982127561019,0.00215097284972043
-0.0348467692009957,0.00328892081392363
-0.0345953256458896,0.00442686877812684
-0.0340963824831244,0.00555647532721335
-0.0333502015806539,0.00667774928685093
-0.0326040206781834,0.00779902324648851
-0.0318578397757129,0.00892029720612609
-0.0310496990700774,0.0100383644693013
-0.0298178843416004,0.0111345047101031
-0.0285860696131235,0.0122306449509048
-0.0273542548846465,0.0133267851917066
-0.0261224401561695,0.0144229254325084
-0.0245336907784438,0.0154939368428705
-0.0228290561936476,0.0165567897297464
-0.0211244216088513,0.0176196426166224
-0.019419787024055,0.0186824955034983
-0.0175355974218027,0.0197290992216955
-0.0153612026741721,0.020749440279982
-0.0131868079265416,0.0217697813382686
-0.011012413178911,0.0227901223965552
-0.00883801843128042,0.0238104634548418
-0.00631844927396345,0.0247918635355211
-0.00368252538171876,0.0257601370141112
-0.00104660148947407,0.0267284104927014
0.00158932240277062,0.0276966839712915
0.00427470602015195,0.028658143185335
0.00734617212230363,0.0295664102681894
0.0104176382244553,0.0304746773510438
0.013489104326607,0.0313829444338982
0.0165605704287587,0.0322912115167527
0.0198266231503141,0.0331672256517362
0.0233041336721053,0.0340081904219238
0.0267816441938965,0.0348491551921113
0.0302591547156878,0.0356901199622989
0.033736665237479,0.0365310847324864
0.0375138495873987,0.0373130285783499
0.0413460494697683,0.0380841370850125
0.045178249352138,0.0388552455916751
0.0490104492345076,0.0396263540983377
0.0530565135798497,0.0403476820518513
0.0571939814188684,0.0410477343038682
0.0613314492578871,0.0417477865558851
0.0654689170969058,0.042447838807902
0.0697592773080674,0.0431059476875691
0.0741715989466199,0.0437305985634805
0.0785839205851724,0.0443552494393919
0.0829962422237249,0.0449799003153033
0.0875086121856709,0.0455719395091077
0.0921637951894753,0.0461174274628328
0.0968189781932797,0.046662915416558
0.101474161197084,0.0472084033702831
0.106182376205943,0.0477331956808988
0.111035702255204,0.0482013586730441
0.115889028304464,0.0486695216651893
0.120742354353724,0.0491376846573346
0.125693171862861,0.0495596343454536
0.130703865803032,0.0499532011607036
0.135714559743204,0.0503467679759537
0.140725253683376,0.0507403347912037
0.1458620173297,0.0510598234788514
0.151002495261033,0.0513771296653481
0.156142973192366,0.0516944358518448
0.161316348202709,0.0519866921217998
0.166558596218157,0.0522265041297795
0.171800844233604,0.0524663161377593
0.177043092249052,0.0527061281457391
0.182333959387336,0.0528943835451337
0.187648223250372,0.0530578286289588
0.192962487113409,0.0532212737127839
0.198285810251523,0.0533692173855103
0.203643803717054,0.0534578363337249
0.209001797182586,0.0535464552819394
0.214359790648117,0.053635074230154
0.219730876870967,0.0536683695457434
0.225106582053393,0.0536821473818197
0.230482287235819,0.053695925217896
0.235855781410962,0.0536894968496757
0.241223335811039,0.0536287853909421
0.246590890211116,0.0535680739322084
0.251958444611193,0.0535073624734748
0.257299179649794,0.0533879024167428
0.262633348063123,0.0532540579747338
0.267967516476452,0.0531202135327248
0.273278715016476,0.0529580098113811
0.278555002580342,0.0527527039748636
0.283831290144208,0.0525473981383462
0.289107577708075,0.0523420923018287
0.29430259359489,0.0520673385565991
0.299496820316482,0.0517919104574448
0.304691047038074,0.0515164823582905
0.309823592337578,0.0512010768083342
0.314912185496269,0.0508571846494853
0.32000077865496,0.0505132924906363
0.325066551366847,0.0501575993787034
0.330026545596546,0.0497472058958128
0.334986539826246,0.0493368124129222
0.339946534055945,0.0489264189300315
0.3447901727805,0.0484665265358532
0.349599166845292,0.0479918959224724
0.354408160910084,0.0475172653090916
0.359154415947387,0.0470202008701728
0.363790896693333,0.0464838840328753
0.368427377439279,0.0459475671955778
0.373063858185225,0.0454112503582803
0.37751566372717,0.0448186102836252
0.381959128556714,0.044223426413625
0.386402593386258,0.0436282425436249
0.390728231444649,0.043002149483256
0.394957426217981,0.0423507567067994
0.399186620991313,0.0416993639303429
0.403394722956911,0.0410431930345109
0.4073889635302,0.0403385764658618
0.41138320410349,0.0396339598972127
0.415377444676779,0.0389293433285637
0.419212512835914,0.0381935230979117
0.422953958262793,0.0374393493597839
0.426695403689672,0.0366851756216561
0.430391206453576,0.0359232574681357
0.433863414107583,0.035123400831233
0.437335621761589,0.0343235441943302
0.440807829415596,0.0335236875574275
0.444074890610188,0.0326938543945531
0.447257915681424,0.0318517416581412
0.450440940752661,0.0310096289217293
0.453582561420378,0.0301623561388478
0.456457187091282,0.0292818089582308
0.459331812762186,0.0284012617776139
0.462206438433091,0.0275207145969969
0.46490139360798,0.026621317189353
0.46745466862496,0.0257070553315013
0.470007943641939,0.0247927934736496
0.472561218658918,0.0238785316157979
0.474787324269929,0.0229358676642724
0.477008098238638,0.0219927408644447
0.479228872207348,0.021049614064617
0.48130570350817,0.0200964723246869
0.483174384166931,0.019128848317316
0.485043064825692,0.0181612243099452
0.486911745484453,0.0171936003025743
0.48854936413549,0.0162137615571358
0.490047509153892,0.0152265497523756
0.491545654172293,0.0142393379476153
0.493043799190694,0.013252126142855
0.494225963198742,0.0122533342549622
0.495347203882362,0.0112523096469424
0.496468444565982,0.0102512850389226
0.497569443523306,0.0092498344786103
0.498309686055838,0.00824079242022549
0.49904992858837,0.00723175036184068
0.499790171120902,0.00622270830345587
0.50042220231819,0.00521310010702198
0.500758516941261,0.00420194478612072
0.501094831564332,0.00319078946521946
0.501431146187403,0.0021796341443182
0.501739151349865,0.00116879349332468
0.501650979265227,0.000162356495919498
0.501562807180589,-0.000844080501485689
0.501474635095951,-0.00185051749889088
0.501386463011313,-0.00285695449629606
0.500933872192466,-0.00385318594297081
0.500424642584666,-0.00484783121972695
0.499915412976865,-0.00584247649648309
0.499406183369064,-0.00683712177323924
0.498621534558694,-0.007819349025691
0.497697690481719,-0.00879530028072643
0.496773846404745,-0.00977125153576185
0.49585000232777,-0.0107472027907973
0.494726512022219,-0.0117104814833815
0.493371532919155,-0.0126590664035656
0.492016553816091,-0.0136076513237496
0.490661574713027,-0.0145562362439337
0.489306595609963,-0.0155048211641178
0.487635288500953,-0.0164268841107206
0.485838004141263,-0.0173383847130113
0.484040719781573,-0.018249885315302
0.482243435421883,-0.0191613859175927
0.480446151062193,-0.0200728865198835
0.478239875202949,-0.0209408337167414
0.476019768558329,-0.0218073080766246
0.473799661913709,-0.0226737824365078
0.47157955526909,-0.0235402567963909
0.469271762250777,-0.0243952271997035
0.466651988327665,-0.0252092674718164
0.464032214404554,-0.0260233077439293
0.461412440481442,-0.0268373480160422
0.45879266655833,-0.0276513882881551
0.455999324948728,-0.0284378814290795
0.453011438773139,-0.0291934981736561
0.45002355259755,-0.0299491149182326
0.447035666421962,-0.0307047316628092
0.444047780246373,-0.0314603484073858
0.440773248394323,-0.0321613717947753
0.437450877899207,-0.032853284030863
0.434128507404091,-0.0335451962669508
0.430806136908975,-0.0342371085030386
0.427410116461111,-0.034912258717647
0.423783970112042,-0.0355350344886192
0.420157823762972,-0.0361578102595914
0.416531677413903,-0.0367805860305637
0.412905531064834,-0.0374033618015359
0.409109335548826,-0.0379797438570013
0.405212375241615,-0.0385286347277673
0.401315414934403,-0.0390775255985334
0.397418454627192,-0.0396264164692995
0.393518572529395,-0.0401743514462558
0.389403392137057,-0.0406518493740809
0.38528821174472,-0.0411293473019061
0.381173031352382,-0.0416068452297312
0.377031029739715,-0.042073752388074
0.372744522574983,-0.0424835993167901
0.36845801541025,-0.0428934462455062
0.364171508245517,-0.0433032931742223
0.359841609273988,-0.0436922570421617
0.355410323269894,-0.044032426639492
0.350979037265799,-0.0443725962368223
0.346547751261705,-0.0447127658341526
0.342064367952282,-0.0450213774064561
0.33751544678182,-0.0452902893158724
0.332966525611359,-0.0455592012252886
0.328417604440897,-0.0458281131347048
0.323817445286421,-0.0460560869167324
0.319181092170094,-0.046255142445056
0.314544739053766,-0.0464541979733795
0.309908385937439,-0.0466532535017031
0.305212848846137,-0.0467843942100417
0.300517239852549,-0.0469154524090396
0.295821630858962,-0.0470465106080375
0.291111721467679,-0.047149466503479
0.286381364008317,-0.0472122390537719
0.281651006548955,-0.0472750116040649
0.276920649089593,-0.0473377841543579
0.272181803455599,-0.047344329355095
0.267441148490433,-0.0473388891878623
0.262700493525266,-0.0473334490206295
0.257963088292645,-0.0473121320255859
0.253236142499309,-0.0472397146048481
0.248509196705973,-0.0471672971841103
0.243782250912637,-0.0470948797633725
0.239082469564087,-0.0469742808065134
0.234392415258132,-0.0468364290083809
0.229702360952177,-0.0466985772102483
0.225026368152834,-0.04654555257862
0.220395992769795,-0.0463433052369891
0.215765617386757,-0.0461410578953583
0.211135242003718,-0.0459388105537274
0.206565094653475,-0.0456902311935866
0.202016672771991,-0.0454249389379057
0.197468250890507,-0.0451596466822248
0.192944070684409,-0.0448799996785116
0.188499161408987,-0.0445534122625558
0.184054252133565,-0.0442268248466
0.179609342858143,-0.0439002374306442
0.175257170904062,-0.0435295082918122
0.170936764155555,-0.043143659340576
0.166616357407048,-0.0427578103893397
0.16233296660505,-0.0423573819935957
0.158157416307583,-0.0419144785350806
0.153981866010117,-0.0414715750765654
0.14980631571265,-0.0410286716180503
0.145756653908728,-0.0405439445914931
0.141745404337949,-0.0400464559804474
0.13773415476717,-0.0395489673694017
0.133773884301272,-0.0390370276655935
0.129946754467852,-0.0384873464668164
0.126119624634432,-0.0379376652680393
0.122292494801012,-0.0373879840692622
0.118616202407759,-0.0368015948902569
0.11499246424776,-0.0362024160500571
0.11136872608776,-0.0356032372098573
0.107790459207203,-0.0349945202917285
0.104387090397213,-0.0343491166683397
0.100983721587223,-0.033703713044951
0.0975803527772326,-0.0330583094215622
0.0943353985204611,-0.0323842190405462
0.091168091736026,-0.0316960677404162
0.0880007849515909,-0.0310079164402863
0.0848680415964592,-0.0303143814836632
0.0819552477357567,-0.029586586832684
0.0790424538750542,-0.0288587921817048
0.0761296600143516,-0.0281309975307256
0.0733505141557756,-0.0273854451202055
0.0707100068380013,-0.0266214718591566
0.0680694995202269,-0.0258574985981076
0.0654289922024526,-0.0250935253370586
0.0630293447739611,-0.024302560552439
0.0606735857466205,-0.023506677494305
0.05831782671928,-0.022710794436171
0.056021442933247,-0.0219093844427623
0.0539612255987996,-0.0210859909312542
0.0519010082643521,-0.0202625974197461
0.0498407909299047,-0.019439203908238
0.0479548048225972,-0.0186027188828969
0.0462079886792439,-0.0177557768026514
0.0444611725358906,-0.016908834722406
0.0427143563925373,-0.0160618926421606
0.0412008150300489,-0.015201458254978
0.0397842118303754,-0.0143354170917787
0.0383676086307019,-0.0134693759285794
0.0369510054310284,-0.0126033347653801
0.0358228486324144,-0.0117254252662745
0.0347428466285824,-0.0108455344032904
0.0336628446247503,-0.00996564354030619
0.0325853783734552,-0.00908568890658273
0.0318462561201728,-0.00819722537990705
0.0311071338668905,-0.00730876185323138
0.0303680116136081,-0.0064202983265557
0.0296859204907006,-0.00553132014844798
0.0293078928885307,-0.0046395980877387
0.0289298652863608,-0.00374787602702943
0.0285518376841909,-0.00285615396632015
0.028173810082021,-0.00196443190561088
0.0281391225309139,-0.00107530899627744
0.0281402958859526,-0.000186457561021252
0.0281414692409913,0.000702393874234932
0.02814264259603,0.00159124530949112
0.0283897426635589,0.00247403759384142
0.0287675721047829,0.00335360896333044
0.0291454015460069,0.00423318033281946
0.0295232309872309,0.00511275170230847
0.0300497494619716,0.00598610000394081
0.0307989191037689,0.0068501297076363
0.0315480887455663,0.00771415941133179
0.0322972583873636,0.00857818911502729
0.0331039927095121,0.00943874054145099
0.0342423688403727,0.0102792529064471
0.0353807449712333,0.0111197652714432
0.036519121102094,0.0119602776364393
0.0376574972329546,0.0128007900014354
0.0389079815444211,0.0136322148793414
0.0404483509145508,0.0144401416796409
0.0419887202846804,0.0152480684799403
0.0435290896548101,0.0160559952802398
0.0450694590249397,0.0168639220805392
0.0467673526406949,0.0176554554824147
0.0486920598042959,0.0184233846140838
0.0506167669678968,0.0191913137457529
0.0525414741314978,0.0199592428774221
0.0544661812950988,0.0207271720090912
0.056587298633944,0.021469732366573
0.0588751654894615,0.0221907549863636
0.061163032344979,0.0229117776061542
0.0634508992004965,0.0236328002259448
0.065738766056014,0.0243538228457354
0.0682528321836079,0.0250392658936747
0.0708773977790337,0.0257073281440582
0.0735019633744594,0.0263753903944417
0.0761265289698852,0.0270434526448252
0.0787510945653109,0.0277115148952087
0.0816413618241904,0.0283290780258151
0.0845735548976573,0.0289386727579362
0.0875057479711241,0.0295482674900573
0.0904379410445909,0.0301578622221785
0.093385605380647,0.0307639165971702
0.0965960097833569,0.0313098470060158
0.0998064141860667,0.0318557774148614
0.103016818588777,0.032401707823707
0.106227222991486,0.0329476382325525
0.109498651360335,0.0334766948219812
0.112955610155973,0.0339544501421527
0.116412568951612,0.0344322054623242
0.119869527747251,0.0349099607824957
0.12332648654289,0.0353877161026672
0.126869597008657,0.0358366690431967
0.13052262042058,0.0362488756920052
0.134175643832504,0.0366610823408137
0.137828667244427,0.0370732889896222
0.141553245704086,0.0374563550621683
0.145357741117201,0.037806875197697
0.149162236530316,0.0381573953332256
0.152966731943432,0.0385079154687542
0.156835198114435,0.0388263398845414
0.160766270236611,0.0391133533380499
0.164697342358787,0.0394003667915583
0.168628414480963,0.0396873802450668
0.172613940655536,0.0399394542019809
0.176646156184633,0.0401615707457812
0.18067837171373,0.0403836872895814
0.184710587242827,0.0406058038333817
0.188784556726538,0.0407916748209207
0.192889848147171,0.0409503560239851
0.196995139567805,0.0411090372270495
0.201100430988438,0.0412677184301139
0.20524786691938,0.0413712651376115
0.209400202449565,0.041468402067636
0.21355253797975,0.0415655389976606
0.217710234397356,0.041649079469938
0.22188690177094,0.0416845051841319
0.226063569144524,0.0417199308983258
0.230240236518108,0.0417553566125197
0.234417837765367,0.0417572576762949
0.238596219307391,0.0417311473398971
0.242774600849414,0.0417050370034993
0.246952982391438,0.0416789266671016
0.251113665962701,0.0416003953602116
0.255271687923794,0.0415139804269968
0.259429709884887,0.041427565493782
0.263575998108503,0.041324584723635
0.267692381280716,0.0411793836288954
0.271808764452929,0.0410341825341559
0.275925147625142,0.0408889814394163
0.279998070072791,0.0407037144751608
0.284051859178632,0.0405008087351158
0.288105648284473,0.0402979029950708
0.292150566668834,0.040088978038262
0.296121339286732,0.0398297415660394
0.300092111904629,0.0395705050938168
0.304062884522527,0.0393112686215941
0.307980278261493,0.0390236644508513
0.311848277300238,0.0387098099355447
0.315716276338982,0.0383959554202381
0.319584275377727,0.0380821009049315
0.323337668265369,0.0377187911911819
0.327083686959605,0.0373522993428366
0.330829705653841,0.0369858074944913
0.334525188158411,0.0366011646875654
0.338130714913882,0.036184212696137
0.341736241669353,0.0357672607047086
0.345341768424825,0.0353503087132802
0.348824005849207,0.0348958914128918
0.352271443333783,0.0344308990652942
0.355718880818359,0.0339659067176966
0.359131076017253,0.0334917692310745
0.36240233234076,0.0329810590425262
0.365673588664265,0.0324703488539779
0.368944844987772,0.0319596386654295
0.372106453837461,0.0314245315891789
0.375183978153716,0.0308707154551786
0.378261502469971,0.0303168993211784
0.381339026786227,0.0297630831871782
0.384221897186496,0.0291720534941627
0.387090546465883,0.028578305034774
0.38995919574527,0.0279845565753853
0.392761499913402,0.0273799140362367
0.395407407179546,0.0267495906248698
0.398053314445691,0.0261192672135027
0.400699221711835,0.0254889438021358
0.403186125097337,0.024836336375731
0.405592495435297,0.0241724424345875
0.407998865773258,0.0235085484934438
0.410405236111219,0.0228446545523002
0.412580335877289,0.0221534259802397
0.414731065335872,0.0214593170012385
0.416881794794455,0.0207652080222373
0.418993769475403,0.0200672986221423
0.420878220978044,0.0193470775500694
0.422762672480685,0.0186268564779966
0.424647123983327,0.0179066354059237
0.426425208284091,0.0171779514714913
0.428034393306571,0.0164358294535185
0.429643578329051,0.0156937074355459
0.431252763351531,0.0149515854175731
0.432679013331002,0.0141981409739558
0.433996569968393,0.0134379691572583
0.435314126605784,0.0126777973405609
0.436631683243176,0.0119176255238634
0.43775508261641,0.0111487796356486
0.438765761929002,0.0103748979231408
0.439776441241594,0.00960101621063323
0.440787120554186,0.00882713449812551
0.441599103894155,0.00804771139688898
0.442298389298091,0.0072651452874461
0.442997674702028,0.00648257917800334
0.443696960105964,0.00570001306856047
0.444194305723792,0.0049150925724746
0.44457976873959,0.00412886765337774
0.444965231755387,0.00334264273428099
0.445350694771185,0.00255641781518413
0.445519834382326,0.00177126460311359
0.445571919277577,0.000986691302225781
0.445624004172828,0.000202118001338084
0.445676089068079,-0.000582455299549725
0.445669906941924,-0.00136572614479797
0.445371473109922,-0.00214246422291261
0.44507303927792,-0.00291920230102714
0.444774605445918,-0.00369594037914178
0.444476171613916,-0.00447267845725631
0.44394145448718,-0.00523983131401125
0.443297364311941,-0.00600254727275399
0.442653274136701,-0.00676526323149683
0.442009183961462,-0.00752797919023957
0.441297182420577,-0.00828667441242768
0.440315101081675,-0.00902937938458504
0.439333019742773,-0.0097720843567425
0.438350938403871,-0.0105147893288999
0.437368857064968,-0.0112574943010573
0.436138368729831,-0.0119804592836234
0.434810448747194,-0.0126956817318139
0.433482528764557,-0.0134109041800043
0.43215460878192,-0.0141261266281948
0.430826688799283,-0.0148413490763852
0.42924582847985,-0.0155307117983975
0.427569101953985,-0.0162102734982418
0.42589237542812,-0.0168898351980861
0.424215648902255,-0.0175693968979304
0.42253892237639,-0.0182489585977747
0.420621075014909,-0.0188976582922577
0.418614968464183,-0.0195350613455162
0.416608861913457,-0.0201724643987748
0.414602755362731,-0.0208098674520333
0.412596648812005,-0.0214472705052918
0.410363813768215,-0.0220491163330545
0.408050873539336,-0.0226383994780633
0.405737933310457,-0.0232276826230721
0.403424993081578,-0.0238169657680809
0.401112052852699,-0.0244062489130898
0.398596425575078,-0.0249571329869128
0.39601171939935,-0.0254949300601491
0.393427013223622,-0.0260327271333854
0.390842307047894,-0.0265705242066218
0.38822983356247,-0.0271019969102738
0.385408341332683,-0.0275858628488538
0.382586849102897,-0.0280697287874336
0.37976535687311,-0.0285535947260136
0.376943864643324,-0.0290374606645935
0.374019302451571,-0.0294931342939478
0.370986912560593,-0.0299193142494744
0.367954522669614,-0.030345494205001
0.364922132778636,-0.0307716741605275
0.361889742887657,-0.0311978541160541
0.358699513517109,-0.0315716686424909
0.355483626268035,-0.0319369708130701
0.352267739018962,-0.0323022729836492
0.349051851769889,-0.0326675751542285
0.345802398492457,-0.0330192412440464
0.342441596349776,-0.03332567224966
0.339080794207095,-0.0336321032552737
0.335719992064414,-0.0339385342608873
0.332329665731011,-0.0342299966269319
0.328858359389248,-0.0344804024719413
0.325387053047485,-0.0347308083169506
0.321915746705721,-0.03498121416196
0.318417802937628,-0.0352142891721881
0.31485850542092,-0.0354074462238542
0.311299207904212,-0.0356006032755203
0.307739910387503,-0.0357937603271864
0.30415856958834,-0.0359672667070351
0.300534109178573,-0.0361023337428973
0.296909648768806,-0.0362374007787596
0.293285188359038,-0.0363724678146218
0.289645294797061,-0.036486272854471
0.285979550616117,-0.036564463928367
0.282313806435173,-0.0366426550022629
0.278648062254229,-0.0367208460761589
0.274970292548441,-0.0367637954100241
0.271285672996827,-0.0367866707355568
0.267601053445211,-0.0368095460610895
0.263916433893596,-0.0368324213866222
0.260233449057282,-0.0368056712841558
0.256550645105946,-0.0367734300148442
0.25286784115461,-0.0367411887455326
0.249188683644291,-0.0367000117921148
0.245528162701275,-0.0366131655196413
0.24186764175826,-0.0365263192471678
0.238207120815244,-0.0364394729746943
0.234564534956516,-0.0363298644163927
0.230946025147799,-0.0361896997746517
0.227327515339082,-0.0360495351329108
0.223709005530364,-0.0359093704911699
0.220136707501614,-0.0357300255187781
0.216579259838394,-0.0355380897690531
0.213021812175173,-0.035346154019328
0.20947128851835,-0.0351498461681533
0.205993715727737,-0.0349074741498448
0.202516142937124,-0.0346651021315363
0.199038570146511,-0.0344227301132279
0.195601846069796,-0.0341600137685561
0.192222332430127,-0.0338688042917483
0.188842818790458,-0.0335775948149404
0.185463305150789,-0.0332863853381326
0.182170226811467,-0.0329600541790071
0.178906506988321,-0.0326217936290622
0.175642787165174,-0.0322835330791172
0.172387810292365,-0.0319423139597771
0.169257098819011,-0.0315590440688397
0.166126387345657,-0.0311757741779023
0.162995675872303,-0.0307925042869649
0.159922407079763,-0.0303928061170989
0.156940895051081,-0.0299668660363601
0.153959383022399,-0.0295409259556213
0.150977870993716,-0.0291149858748824
0.1481121437192,-0.0286607910936804
0.145295033365521,-0.028194732431559
0.142477923011842,-0.0277286737694377
0.139665066628867,-0.0272617262109368
0.137028566632247,-0.0267579277749227
0.134392066635628,-0.0262541293389085
0.131755566639008,-0.0257503309028943
0.129171059062317,-0.0252372408745666
0.126730821724439,-0.0246983682370839
0.124290584386561,-0.0241594955996011
0.121850347048683,-0.0236206229621185
0.119515862586959,-0.0230656404414523
0.117284510916337,-0.0224949471687247
0.115053159245715,-0.021924253895997
0.112821807575093,-0.0213535606232695
0.110755062759404,-0.0207616218445472
0.108743882427425,-0.0201625114594408
0.106732702095446,-0.0195634010743343
0.104721521763467,-0.0189642906892278
0.102943020439873,-0.0183400993051316
0.10116710946734,-0.017715628701209
0.0993911984948072,-0.0170911580972863
0.0976320770514881,-0.0164652117036774
0.0961057616861201,-0.0158188017935289
0.0945794463207524,-0.0151723918833806
0.0930531309553844,-0.0145259819732322
0.0915642843747004,-0.013876977448702
0.090295408574568,-0.0132127405285755
0.0890265327744357,-0.0125485036084491
0.0877576569743033,-0.0118842666883227
0.0865477749169597,-0.011216975130351
0.0855424745723409,-0.010539090532972
0.0845371742277222,-0.00986120593559301
0.0835318738831034,-0.00918332133821396
0.0826108124562073,-0.00850251522531209
0.0818843582954356,-0.00781495987863283
0.081157904134664,-0.00712740453195366
0.0804314499738924,-0.0064398491852744
0.0797246266828267,-0.00575194862339756
0.0792909178177877,-0.00505924525594039
0.0788572089527488,-0.00436654188848331
0.0784235000877098,-0.00367383852102614
0.0779897912226709,-0.00298113515356906
0.0778006172459106,-0.00228831132456908
0.0776608143094849,-0.00159546317465641
0.0775210113730591,-0.000902615024743645
0.0773812084366334,-0.000209766874830978
0.0774162506916141,0.00048021676396531
0.0775693319408406,0.00116826655483308
0.0777224131900671,0.00185631634570096
0.0778754944392935,0.00254436613656873
0.0781426827288954,0.00322849397842539
0.0786110317260284,0.00390570776804292
0.0790793807231615,0.00458292155766055
0.0795477297202944,0.00526013534727808
0.0800160787174275,0.00593734913689571
0.080608869944068,0.00660783156386063
0.0814111833524671,0.00726698046044159
0.0822134967608661,0.00792612935702245
0.0830158101692652,0.00858527825360341
0.0838181235776642,0.00924442715018427
0.0847443921519971,0.00989419038687687
0.085870090317902,0.0105288531773389
0.086995788483807,0.0111635159678011
0.0881214866497119,0.0117981787582631
0.0892471848156169,0.0124328415487253
0.0904948690871628,0.0130554657123947
0.0919301846493793,0.0136595728238873
0.0933655002115957,0.0142636799353798
0.0948008157738123,0.0148677870468725
0.0962361313360286,0.015471894158365
0.0977916022887498,0.016061090658285
0.0995238367322942,0.0166283517981612
0.101256071175839,0.0171956129380376
0.102988305619383,0.0177628740779139
0.104720540062928,0.0183301352177902
0.106529030571336,0.0188857034692017
0.108541856514433,0.0194099395052477
0.11055468245753,0.0199341755412936
0.112567508400628,0.0204584115773395
0.114580334343725,0.0209826476133854
0.11662886908894,0.0215001896720517
0.118898844816653,0.0219762203710566
0.121168820544366,0.0224522510700615
0.12343879627208,0.0229282817690664
0.125708771999793,0.0234043124680714
0.127980125695601,0.0238800287058348
0.130481355795689,0.0243032856596781
0.132982585895776,0.0247265426135213
0.135483815995864,0.0251497995673646
0.137985046095952,0.0255730565212079
0.14048627619604,0.0259963134750512
0.143152452254607,0.0263739624169905
0.145842612306724,0.0267449797186437
0.14853277235884,0.0271159970202968
0.151222932410957,0.0274870143219499
0.153992361297057,0.0278313904619938
0.156832981442833,0.0281518402017256
0.159673601588608,0.0284722899414574
0.162514221734384,0.0287927396811892
0.165377957931333,0.0291036803672933
0.168346551034856,0.0293714869583753
0.171315144138379,0.0296392935494572
0.174283737241903,0.0299071001405392
0.177252330345425,0.0301749067316211
0.180308349786422,0.030397418581549
0.183381717653571,0.0306109423794241
0.18645508552072,0.0308244661772991
0.189528453387869,0.0310379899751742
0.192639748720104,0.0312257700772768
0.195790803195289,0.0313865632115469
0.198941857670473,0.031547356345817
0.202092912145657,0.0317081494800871
0.205274316270098,0.0318399546923926
0.208478459804499,0.0319500407660073
0.2116826033389,0.0320601268396219
0.2148867468733,0.0321702129132366
0.218112576904109,0.0322468418187711
0.221349822647736,0.0323058589618837
0.224587068391363,0.0323648761049963
0.227824314134989,0.0324238932481089
0.231071255485746,0.0324451634768338
0.23432162822545,0.032453074630345
0.237572000965156,0.0324609857838561
0.24082237370486,0.0324688969373673
0.244067424497213,0.0324357262299418
0.247311323350558,0.0323936633266801
0.250555222203904,0.0323516004234184
0.25379815814463,0.03230767956464
0.257016881966337,0.0322170410295504
0.260235605788043,0.0321264024944608
0.26345432960975,0.0320357639593712
0.266661996408771,0.0319329721472989
0.269837262842997,0.0317945676193188
0.273012529277223,0.0316561630913388
0.27618779571145,0.0315177585633587
0.279334216183236,0.0313573831019757
0.282448188906061,0.0311722933557781
0.285562161628886,0.0309872036095805
0.288676134351711,0.0308021138633829
0.291736258714994,0.0305859729715977
0.294771827130347,0.0303556721254386
0.2978073955457,0.0301253712792795
0.300842963961053,0.0298950704331203
0.303790625381936,0.0296245048638213
0.306731225891041,0.0293507051302827
0.309671826400145,0.0290769053967442
0.312594160961062,0.0287962477002847
0.315423719169048,0.0284807570577431
0.318253277377034,0.0281652664152015
0.321082835585019,0.0278497757726599
0.323861448766666,0.0275182883514434
0.32656469949089,0.0271631370588257
0.329267950215114,0.0268079857662079
0.331971200939337,0.0264528344735901
0.334616654473924,0.0260817341814216
0.337208325521212,0.0256962939006014
0.339761968060025,0.0253014231212524
0.342276702518387,0.0248972802850412
0.344751663775745,0.0244840266620434
