0.0271762612123129,0.0203821959092347
0.0294137048581882,0.0212183176592768
0.0316511485040635,0.022054439409319
0.0338885921499388,0.0228905611593611
0.0361260357958141,0.0237266829094033
0.0384898645810197,0.0245456352380894
0.0411060588046446,0.0253303037216109
0.0437222530282694,0.0261149722051324
0.0463384472518943,0.0268996406886539
0.0489546414755192,0.0276843091721753
0.0518065572342311,0.028430329422507
0.0547759562257397,0.0291570874557683
0.0577453552172483,0.0298838454890295
0.0607147542087569,0.0306106035222908
0.0636845004077255,0.0313372934082244
0.066978731302336,0.032000295823654
0.0702729621969465,0.0326632982390835
0.0735671930915571,0.0333263006545131
0.0768614239861676,0.0339893030699426
0.0802445802632101,0.034631674568609
0.0838044515505908,0.0352330477317117
0.0873643228379714,0.0358344208948143
0.090924194125352,0.0364357940579169
0.0946172668146346,0.0370009039534329
0.0983896757980101,0.0375444150277584
0.102162084781386,0.0380879261020839
0.105934493764761,0.0386314371764094
0.109881950945273,0.0391193572361839
0.113844903222509,0.0396023564332387
0.117807855499745,0.0400853556302934
0.121806132695099,0.0405551277470864
0.125936787908727,0.040975332171556
0.130067443122355,0.0413955365960256
0.134198098335982,0.0418157410204951
0.138401165620372,0.0422034174648891
0.142675895708262,0.042558902505006
0.146950625796151,0.042914387545123
0.151225355884041,0.04326987258524
0.155595159837887,0.0435726764858331
0.159989545812029,0.0438618593053018
0.164383931786171,0.0441510421247705
0.168786518717613,0.0444343844434514
0.173275690270847,0.044656063527796
0.177764861824082,0.0448777426121406
0.182254033377316,0.0450994216964851
0.186769561055988,0.0452952452452972
0.191328369088658,0.0454486104770372
0.195887177121328,0.0456019757087771
0.200445985153998,0.0457553409405171
0.20503408348763,0.0458635503741235
0.209636579564419,0.0459495633275924
0.214239075641209,0.0460355762810612
0.218843688977891,0.0461141707943747
0.223465031513304,0.0461341496601544
0.228086374048717,0.0461541285259342
0.23270771658413,0.0461741073917139
0.237326474430206,0.046157637527387
0.241943153508119,0.0461118533239485
0.246559832586033,0.0460660691205099
0.251176511663946,0.0460202849170714
0.255765375717502,0.0459095968059797
0.260354132092689,0.045798657436903
0.264942888467876,0.0456877180678264
0.269509552260247,0.045548848284901
0.27404787404442,0.0453741472899874
0.278586195828593,0.0451994462950738
0.283124517612766,0.0450247453001602
0.287595512795715,0.0447922184533905
0.292061554886196,0.0445554374665614
0.296527596976677,0.0443186564797323
0.300953764015126,0.0440561390184635
0.305325960868581,0.0437587876895051
0.309698157722036,0.0434614363605468
0.314070354575492,0.0431640850315884
0.318337185083746,0.0428127620554827
0.32259464518392,0.0424566392891062
0.326852105284093,0.0421005165227298
0.33105389208353,0.0417210097457344
0.335176144129287,0.0413080966231484
0.339298396175045,0.0408951835005624
0.343420648220803,0.0404822703779764
0.347404374534729,0.0400206710293128
0.351371486567066,0.039553232428556
0.355338598599402,0.0390857938277993
0.359240653079684,0.0385989394641203
0.363033840205886,0.0380795947488991
0.366827027332089,0.0375602500336779
0.370620214458291,0.0370409053184567
0.374249498784276,0.0364796131921882
0.377851032231687,0.0359112188229503
0.381452565679097,0.0353428244537125
0.384983284015107,0.0347588208647094
0.388374277878689,0.0341440189057882
0.391765271742271,0.033529216946867
0.395156265605853,0.0329144149879458
0.398376397030493,0.0322671734264383
0.401538543298529,0.0316089229185072
0.404700689566565,0.0309506724105762
0.407824578394806,0.0302861762854786
0.410742878306632,0.029588117285487
0.413661178218459,0.0288900582854954
0.416579478130286,0.0281919992855037
0.419351780877319,0.0274735254628085
0.42201266378157,0.0267394717736186
0.424673546685821,0.0260054180844288
0.427334429590072,0.0252713643952389
0.429726363902148,0.0245054402113349
0.432112088602423,0.0237387801864345
0.434497813302699,0.0229721201615342
0.436812484183384,0.0221984496313938
0.438906095952444,0.0214029683658235
0.440999707721503,0.0206074871002531
0.443093319490563,0.0198120058346828
0.445033165247429,0.0190041983945957
0.446824711931409,0.0181845030201921
0.44861625861539,0.0173648076457885
0.45040780529937,0.0165451122713849
0.451958996089928,0.0157102944392929
0.453440349150689,0.01487108263084
0.454921702211451,0.0140318708223871
0.456389714083952,0.0131920428890056
0.457542999529055,0.0123376802085065
0.458696284974158,0.0114833175280074
0.459849570419261,0.0106289548475084
0.460989945038064,0.0097742096987484
0.461798632047765,0.00890963868911328
0.462607319057466,0.00804506767947817
0.463416006067168,0.00718049666984306
0.464212781798445,0.00631576795859841
0.464673862899701,0.0054465947552025
0.465134944000957,0.00457742155180659
0.465596025102214,0.00370824834841068
0.466046285735878,0.00283910530224088
0.466159071581325,0.00197090281648674
0.466271857426771,0.0011027003307326
0.466384643272217,0.000234497844978453
0.46648705504714,-0.000633502133747959
0.466227573587973,-0.00149443777615337
0.465968092128805,-0.00235537341855877
0.465708610669637,-0.00321630906096418
0.465449129210469,-0.00407724470336958
0.465020105082261,-0.00493183716601664
0.464367622539436,-0.00577806927371316
0.463715139996611,-0.00662430138140967
0.463062657453786,-0.00747053348910619
0.462410174910961,-0.00831676559680271
0.461436523474158,-0.00914483962896229
0.46039938123213,-0.00996932405185769
0.459362238990102,-0.0107938084747531
0.458325096748074,-0.0116182928976485
0.457198984012852,-0.0124359792885101
0.455788769766635,-0.0132319581322597
0.454378555520418,-0.0140279369760092
0.452968341274201,-0.0148239158197588
0.451558127027984,-0.0156198946635083
0.449910480925221,-0.0163925949722717
0.448130445833046,-0.0171523154654086
0.446350410740871,-0.0179120359585455
0.444570375648695,-0.0186717564516824
0.44279034055652,-0.0194314769448193
0.440741213417831,-0.0201582555486851
0.438599290010882,-0.0208736741572132
0.436457366603934,-0.0215890927657413
0.434315443196985,-0.0223045113742694
0.432173519790036,-0.0230199299827974
0.429745455893837,-0.0236923917186091
0.42726495943157,-0.0243569820096188
0.424784462969303,-0.0250215723006284
0.422303966507036,-0.025686162591638
0.419823470044769,-0.0263507528826476
0.417047386707027,-0.0269616173761219
0.414254660145021,-0.0275694568012614
0.411461933583014,-0.0281772962264008
0.408669207021007,-0.0287851356515403
0.405863560203929,-0.0293901617057035
0.402803082215981,-0.0299396985596915
0.399742604228032,-0.0304892354136796
0.396682126240084,-0.0310387722676676
0.393621648252135,-0.0315883091216557
0.390398976284897,-0.0320956601840612
0.387112986924227,-0.0325865427291112
0.383826997563556,-0.0330774252741613
0.380541008202886,-0.0335683078192113
0.37717723289573,-0.0340350235119253
0.373691894785187,-0.0344639715814147
0.370206556674644,-0.034892919650904
0.366721218564101,-0.0353218677203933
0.363225360076871,-0.0357468581753288
0.359568044940701,-0.0361111109587262
0.355910729804531,-0.0364753637421236
0.352253414668361,-0.0368396165255209
0.348596099532191,-0.0372038693089183
0.344839122362245,-0.0375220341427701
0.341045684053431,-0.0378233378002561
0.337252245744617,-0.0381246414577421
0.333458807435804,-0.0384259451152281
0.32957082274402,-0.0386720610492733
0.325673728934182,-0.0389128598947938
0.321776635124343,-0.0391536587403142
0.317872147538136,-0.0393887895030461
0.313894770783301,-0.0395680432928287
0.309917394028466,-0.0397472970826113
0.305940017273631,-0.0399265508723939
0.301947219669777,-0.0400888799306617
0.297913163563015,-0.0402059268463243
0.293879107456254,-0.0403229737619868
0.289845051349493,-0.0404400206776493
0.285796310593977,-0.0405294595676349
0.281729769702102,-0.0405854331272725
0.277663228810227,-0.0406414066869102
0.273596687918352,-0.0406973802465478
0.269522468829092,-0.0407052745877143
0.265446409158329,-0.0407016436039012
0.261370349487567,-0.0406980126200881
0.257296257314632,-0.0406848303604993
0.253232400948881,-0.0406219580754204
0.249168544583131,-0.0405590857903415
0.24510468821738,-0.0404962135052625
0.241058185358927,-0.0404031348395763
0.237027971787324,-0.0402817022284911
0.23299775821572,-0.040160269617406
0.228967544644116,-0.0400388370063208
0.224984598852139,-0.0398676365934203
0.22100869070035,-0.0396890263151768
0.217032782548561,-0.0395104160369334
0.213077363647529,-0.0393164987905011
0.209175779105057,-0.0390823633426471
0.205274194562585,-0.0388482278947931
0.201372610020113,-0.038614092446939
0.197535080618244,-0.0383431867035749
0.193727563931255,-0.0380550524226606
0.189920047244266,-0.0377669181417463
0.186122283593153,-0.0374742831467801
0.18242789015095,-0.0371339461072694
0.178733496708747,-0.0367936090677588
0.175039103266544,-0.0364532720282481
0.171409510236273,-0.0360882282530564
0.167846962709865,-0.0356976217461912
0.164284415183457,-0.035307015239326
0.16072186765705,-0.0349164087324608
0.157291165101351,-0.0344835652849889
0.153878660736781,-0.0340448919911925
0.150466156372212,-0.0336062186973961
0.147098064623548,-0.0331554446709642
0.143852561817792,-0.0326712698643268
0.140607059012035,-0.0321870950576895
0.137361556206279,-0.0317029202510521
0.134235520414255,-0.0311908426152302
0.131172921281311,-0.0306639486530679
0.128110322148367,-0.0301370546909056
0.125055806780538,-0.0296085385237706
0.122193317062554,-0.0290414877184273
0.11933082734457,-0.0284744369130839
0.116468337626586,-0.0279073861077406
0.113680768847928,-0.027327445323819
0.111035015422697,-0.026723105528297
0.108389261997466,-0.026118765732775
0.105743508572236,-0.0255144259372529
0.103247421156002,-0.0248881025642961
0.100831583911617,-0.0242499917061324
0.0984157466672326,-0.0236118808479688
0.0959999094228479,-0.0229737699898052
0.0938151767242719,-0.0223068757874016
0.0916410199259664,-0.0216386643898859
0.0894668631276609,-0.0209704529923702
0.0873601348877965,-0.0202952285169341
0.0854438100937064,-0.0196002006491019
0.0835274852996164,-0.0189051727812697
0.0816111605055263,-0.0182101449134375
0.0798045354748542,-0.0175058237202449
0.0781613783061943,-0.0167876541833521
0.0765182211375344,-0.0160694846464593
0.0748750639688745,-0.0153513151095665
0.0733842689002997,-0.0146230055657397
0.0720224059128583,-0.0138861153302843
0.070660542925417,-0.0131492250948289
0.0692986799379756,-0.0124123348593734
0.0681328888689084,-0.0116657417204209
0.067058643835917,-0.0109146182929856
0.0659843988029256,-0.0101634948655504
0.0649101537699342,-0.00941237143811515
0.0640858889058706,-0.00865306574465637
0.0633158402432416,-0.00789198546489811
0.0625457915806126,-0.00713090518513984
0.0617757429179837,-0.00636982490538158
0.061212271253727,-0.00560545206481096
0.060761532037174,-0.00483928241993727
0.060310792820621,-0.00407311277506358
0.059860053604068,-0.00330694313018989
0.0595605612809634,-0.0025409079998511
0.0594301748197354,-0.00177502326728801
0.0592997883585073,-0.00100913853472492
0.0591694018972793,-0.000243253802161835
0.0591338815111871,0.000520968198322216
0.0593225839588443,0.00128126021121066
0.0595112864065016,0.0020415522240991
0.0596999888541589,0.00280184423698754
0.0599308449767456,0.00356064802453446
0.0604637157566834,0.00430878925733776
0.0609965865366212,0.00505693049014107
0.0615294573165589,0.00580507172294437
0.0620623280964967,0.00655321295574767
0.0626620296864719,0.0072976898262906
0.0635601357743038,0.00802580504896993
0.0644582418621358,0.00875392027164925
0.0653563479499678,0.00948203549432858
0.0662544540377997,0.0102101507170079
0.0672386701158644,0.0109316978127778
0.0684904390207199,0.0116328370451092
0.0697422079255754,0.0123339762774407
0.0709939768304309,0.0130351155097722
0.0722457457352864,0.0137362547421037
0.0736004661034865,0.0144271961282898
0.0751909125265051,0.0150947876954312
0.0767813589495238,0.0157623792625725
0.0783718053725424,0.0164299708297139
0.0799622517955611,0.0170975623968552
0.0816705659768557,0.0177505206799105
0.0835843974778931,0.0183779639844136
0.0854982289789304,0.0190054072889167
0.0874120604799678,0.0196328505934198
0.0893258919810052,0.0202602938979229
0.0913409907054185,0.0208722558542025
0.0935593311728399,0.0214531469852715
0.0957776716402613,0.0220340381163405
0.0979960121076827,0.0226149292474095
0.100214352575104,0.0231958203784785
0.102516770752431,0.0237610574886878
0.105014776391229,0.0242898791184425
0.107512782030026,0.0248187007481971
0.110010787668823,0.0253475223779517
0.11250879330762,0.0258763440077064
0.115074584149803,0.0263898615895443
0.117824846654408,0.0268617305073674
0.120575109159012,0.0273335994251906
0.123325371663616,0.0278054683430137
0.126075634168221,0.0282773372608369
0.128874857449939,0.0287358716612343
0.131831886144127,0.029151427597104
0.134788914838315,0.0295669835329736
0.137745943532503,0.0299825394688432
0.140702972226691,0.0303980954047129
0.143822571416007,0.0307601265312942
0.146945008382148,0.0311212233464972
0.150067445348289,0.0314823201617003
0.15318988231443,0.0318434169769033
0.156415605944733,0.0321631795249713
0.159679746055429,0.0324675681903039
0.162943886166124,0.0327719568556366
0.16620802627682,0.0330763455209692
0.169527846424347,0.0333529463993723
0.172909221116468,0.0335988277476342
0.176290595808588,0.0338447090958962
0.179671970500708,0.0340905904441581
0.183072878545402,0.0343238890079534
0.186542640909058,0.0345128337388959
0.190012403272714,0.0347017784698384
0.19348216563637,0.0348907232007809
0.196975505242878,0.0350588359017404
0.200507364246078,0.0351929142064044
0.204039223249278,0.0353269925110683
0.207571082252478,0.0354610708157322
0.211124947133769,0.0355653635838211
0.214697680671445,0.0356441171276814
0.218270414209122,0.0357228706715417
0.221843147746798,0.0358016242154021
0.225429566589729,0.0358417295081905
0.229021932847499,0.0358650388890396
0.232614299105269,0.0358883482698886
0.236206665363039,0.0359116576507376
0.239797886222079,0.03588849531285
0.243388914015894,0.0358574998313468
0.24697994180971,0.0358265043498437
0.250567876939719,0.0357878591003086
0.254137525069914,0.0357039805776811
0.257707173200108,0.0356201020550537
0.261276821330303,0.0355362235324262
0.2648287289005,0.0354297523601691
0.268357458000998,0.0352937633460323
0.271886187101495,0.0351577743318955
0.275414916201993,0.0350217853177586
0.278900277482318,0.0348489132611545
0.282368977858668,0.0346618716007654
0.285837678235018,0.0344748299403762
0.289305488979277,0.0342872258807768
0.29269580406088,0.0340506313452823
0.296086119142483,0.0338140368097879
0.299476434224085,0.0335774422742934
0.302835421729448,0.0333252770507148
0.306129558685944,0.0330408792771068
0.309423695642441,0.0327564815034988
0.312717832598937,0.0324720837298908
0.31593930790227,0.0321582547162141
0.31911992869472,0.0318278777867485
0.322300549487171,0.0314975008572829
0.325481170279621,0.0311671239278173
0.328537662452412,0.0307948279479828
0.331588234097114,0.0304205325669157
0.334638805741817,0.0300462371858486
0.337649935569924,0.0296606852740913
0.340553801422786,0.0292445206691691
0.343457667275648,0.0288283560642469
0.34636153312851,0.0284121914593246
0.34917755863182,0.0279746896922673
0.351918578767695,0.0275189684885371
0.354659598903569,0.0270632472848068
0.357400619039444,0.0266075260810765
0.359998165915704,0.0261220079153995
0.362562051368331,0.0256294988431122
0.365125936820959,0.0251369897708249
0.367674500635303,0.0246417558273441
0.37004811596855,0.0241154082348092
0.372421731301797,0.0235890606422742
0.374795346635045,0.0230627130497393
0.377096787091372,0.0225254225232556
0.37926482541136,0.0219679059731345
0.381432863731348,0.0214103894230135
0.383600902051335,0.0208528728728925
0.385657932010348,0.0202811507870223
0.387605719676035,0.0196954491658313
0.389553507341722,0.0191097475446403
0.391501295007409,0.0185240459234494
0.393297697202673,0.0179222188445871
0.395015042458508,0.0173119706845811
0.396732387714343,0.0167017225245752
0.398449732970177,0.0160914743645693
0.399973417234509,0.0154643824668794
0.401451633196576,0.0148333359464733
0.402929849158643,0.0142022894260671
0.40440806512071,0.013571242905661
0.405641968314673,0.0129234694032613
0.406866427642963,0.012275049322411
0.408090886971253,0.0116266292415608
0.409315346299543,0.0109782091607106
0.410302334138405,0.0103177829082989
0.411259402470496,0.0096558439743767
0.412216470802586,0.0089939050404545
0.413173539134677,0.00833196610653231
0.413909331361445,0.0076626767243264
0.4145943705015,0.00699170140346675
0.415279409641555,0.00632072608260709
0.41596444878161,0.00564975076174743
0.416446509051789,0.00497541831687524
0.416856788227932,0.00429989866451402
0.417267067404075,0.00362437901215279
0.417677346580219,0.00294885935979157
0.4178940810442,0.00227342103424593
0.41801290874329,0.00159802384878273
0.41813173644238,0.000922626663319531
0.41825056414147,0.00024722947785633
0.418332199944316,-0.000427495382787938
0.418144970165683,-0.0010973599103585
0.417957740387049,-0.00176722443792906
0.417770510608415,-0.00243708896549962
0.417583280829781,-0.00310695349307018
0.417221009761692,-0.00377043713350238
0.416731446095535,-0.00442928049903516
0.416241882429378,-0.00508812386456794
0.415752318763221,-0.00574696723010073
0.415251973438146,-0.00640521551680315
0.414466326841867,-0.00704771699236546
0.413680680245589,-0.00769021846792776
0.412895033649311,-0.00833271994349006
0.412109387053033,-0.00897522141905236
0.41117260500746,-0.0096062936329089
0.410080930606523,-0.0102256524779036
0.408989256205586,-0.0108450113228983
0.407897581804649,-0.011464370167893
0.406805907403711,-0.0120837290128877
0.405605779938815,-0.0126923858437148
0.40420277644416,-0.0132810231189343
0.402799772949504,-0.0138696603941538
0.401396769454848,-0.0144582976693733
0.399993765960192,-0.0150469349445927
0.398531127290341,-0.0156281260117921
0.396834134750275,-0.0161800550258122
0.395137142210209,-0.0167319840398324
0.393440149670143,-0.0172839130538525
0.391743157130078,-0.0178358420678727
0.390030471471746,-0.0183853515974002
0.388059800850963,-0.0188950863284836
0.386089130230179,-0.0194048210595669
0.384118459609396,-0.0199145557906503
0.382147788988613,-0.0204242905217336
0.380177118367829,-0.020934025252817
0.377984212990024,-0.0214020753027191
0.375769819748381,-0.0218660948635773
0.373555426506737,-0.0223301144244355
0.371341033265094,-0.0227941339852936
0.369111837055802,-0.0232547900470358
0.366684160664912,-0.0236703478601543
0.364256484274021,-0.0240859056732727
0.361828807883131,-0.0245014634863912
0.35940113149224,-0.0249170212995096
0.356930577765314,-0.0253207780914808
0.354313994223576,-0.0256843434655136
0.351697410681838,-0.0260479088395464
0.349080827140101,-0.0264114742135792
0.346464243598363,-0.0267750395876119
0.343784959781028,-0.0271174682597821
0.341005326191891,-0.0274260683213378
0.338225692602754,-0.0277346683828935
0.335446059013616,-0.0280432684444492
0.332666425424479,-0.028351868506005
0.329818102408398,-0.0286317958463665
0.32691176283519,-0.0288875055939894
0.324005423261982,-0.0291432153416123
0.321099083688774,-0.0293989250892351
0.318150641910451,-0.029632390014372
0.315149668599496,-0.0298380997515056
0.312148695288542,-0.0300438094886392
0.309147721977587,-0.0302495192257729
0.306121064575688,-0.0304374771893928
0.30304621763456,-0.0305921285513503
0.299971370693432,-0.0307467799133077
0.296896523752305,-0.0309014312752651
0.293808440980887,-0.031043120930413
0.290680747051623,-0.0311460198030266
0.287553053122359,-0.0312489186756403
0.284425359193095,-0.0313518175482539
0.28129290680385,-0.0314469760303568
0.278134159605706,-0.0314993618317766
0.274975412407562,-0.0315517476331963
0.271816665209418,-0.0316041334346161
0.268654651232159,-0.031641605580508
0.265485180808988,-0.0316450372045647
0.262315710385816,-0.0316484688286214
0.259146239962645,-0.0316519004526781
0.255980472384649,-0.0316331327564875
0.252819121256356,-0.0315878875337826
0.249657770128063,-0.0315426423110776
0.24649641899977,-0.0314973970883726
0.243351293541536,-0.0314229282766968
0.240216652881535,-0.0313295755956423
0.237082012221533,-0.0312362229145877
0.233947371561531,-0.0311428702335332
0.23084652682398,-0.0310139647440181
0.227756420426514,-0.0308737626802253
0.224666314029048,-0.0307335606164325
0.221576207631581,-0.0305933585526397
0.218546430179915,-0.0304088199646254
0.215518032360055,-0.0302232674673145
0.212489634540195,-0.0300377149700036
0.209476686212495,-0.0298435168241402
0.206526947415471,-0.0296139461636502
0.203577208618447,-0.0293843755031603
0.200627469821424,-0.0291548048426703
0.197717161468298,-0.0289076129349019
0.194862394806608,-0.0286355997524463
0.192007628144917,-0.0283635865699906
0.189152861483227,-0.028091573387535
0.186368407501471,-0.0277937452633664
0.183624553352341,-0.0274810111177835
0.180880699203212,-0.0271682769722006
0.178136845054082,-0.0268555428266177
0.175498614691851,-0.0265104064881489
0.172881109720114,-0.0261589122248214
0.170263604748376,-0.0258074179614939
0.167651444345026,-0.0254545371782789
0.165174632301445,-0.0250665435142908
0.162697820257865,-0.0246785498503028
0.160221008214285,-0.0242905561863147
0.157781170689102,-0.023894390937551
0.155458414266332,-0.0234723500805181
0.153135657843561,-0.0230503092234853
0.15081290142079,-0.0226282683664524
0.148564645269511,-0.0221921848036823
0.146410430930281,-0.0217383751109642
0.144256216591051,-0.0212845654182461
0.142102002251821,-0.020830755725528
0.140048659962922,-0.020360794700053
0.1380769192163,-0.0198777678782697
0.136105178469679,-0.0193947410564864
0.134133437723057,-0.0189117142347032
0.132289955001515,-0.0184113578383338
0.130511496364224,-0.0179022157171164
0.128733037726932,-0.017393073595899
0.12695457908964,-0.0168839314746817
0.125333141127942,-0.0163570678496778
0.123757458514234,-0.0158250402322917
0.122181775900525,-0.0152930126149055
0.120606093286816,-0.0147609849975194
0.119221813301047,-0.0142112925789012
0.117862372815555,-0.0136593076900081
0.116502932330062,-0.013107322801115
0.11514349184457,-0.0125553379122219
0.113968651465778,-0.0119899069212172
0.112838118276963,-0.011421248635216
0.111707585088147,-0.0108525903492149
0.110577051899331,-0.0102839320632137
0.109617509327182,-0.00970597126448929
0.108721934092971,-0.00912453040945156
0.10782635885876,-0.00854308955441382
0.106930783624549,-0.00796164869937608
0.10619055038549,-0.00737446389875801
0.105534309230188,-0.00678417339605468
0.104878068074885,-0.00619388289335136
0.104221826919583,-0.00560359239064803
0.103710052149916,-0.00501045938420536
0.103307096990657,-0.00441518525581147
0.102904141831398,-0.00381991112741757
0.102501186672138,-0.00322463699902368
0.102129049468738,-0.00262929816675474
0.101991819604162,-0.0020334661345095
0.101854589739586,-0.00143763410226426
0.10171735987501,-0.000841802070019027
0.101580130010434,-0.000245970037773789
0.101618191870866,0.000347100518512312
0.101745919281479,0.000938758519464292
0.101873646692093,0.00153041652041627
0.102001374102706,0.00212207452136825
0.102183392328569,0.00271190718827138
0.102573149907094,0.00329475536411538
0.10296290748562,0.00387760353995939
0.103352665064146,0.0044604517158034
0.103742422642671,0.00504329989164741
0.104343291774122,0.00561495525343268
0.105013484049063,0.00618293520738596
0.105683676324004,0.00675091516133924
0.106353868598945,0.00731889511529252
0.107024060873886,0.00788687506924581
0.107833477256516,0.00844444327227175
0.108798295198916,0.0089903899080211
0.109763113141315,0.00953633654377045
0.110727931083715,0.0100822831795198
0.111692749026115,0.0106282298152691
0.112711689177375,0.0111688038906084
0.113957967933966,0.0116868106979739
0.115204246690556,0.0122048175053395
0.116450525447147,0.0127228243127051
0.117696804203738,0.0132408311200706
0.118943082960328,0.0137588379274362
0.120431262439829,0.0142463614514468
0.121942773032056,0.0147309448894929
0.123454283624283,0.015215528327539
0.124965794216511,0.0157001117655852
0.126477304808738,0.0161846952036313
0.128144733241079,0.0166448944129601
0.129903035319267,0.0170908817542751
0.131661337397455,0.01753686909559
0.133419639475643,0.017982856436905
0.135177941553831,0.01842884377822
0.137009365038934,0.0188607534084792
0.138993222402997,0.0192633156807805
0.140977079767061,0.0196658779530818
0.142960937131125,0.020068440225383
0.144944794495189,0.0204710024976844
0.146931992006301,0.020872775116877
0.149117205281974,0.0212277342988821
0.151302418557646,0.0215826934808872
0.153487631833319,0.0219376526628923
0.155672845108991,0.0222926118448974
0.157858058384664,0.0226475710269025
0.160167476645941,0.0229662646014578
0.162527875090778,0.0232700728852524
0.164888273535614,0.023573881169047
0.16724867198045,0.0238776894528416
0.169609070425286,0.0241814977366362
0.172023731498201,0.0244656623204209
0.174519314417915,0.0247205322581644
0.17701489733763,0.024975402195908
0.179510480257345,0.0252302721336516
0.182013979576291,0.0254815391809426
0.184609974599539,0.0256907098305877
0.187205969622787,0.0258998804802329
0.189801964646035,0.026109051129878
0.192397959669283,0.0263182217795232
0.195054707567676,0.0264918835796587
0.197731033647024,0.0266541023216756
0.200407359726371,0.0268163210636925
0.203083685805718,0.0269785398057093
0.205785985123598,0.0271200146367865
0.208522195527256,0.0272344058778703
0.211258405930914,0.0273487971189541
0.213994616334572,0.0274631883600379
0.216735059317372,0.0275724243395823
0.219509344227944,0.0276404410098593
0.222283629138515,0.0277084576801363
0.225057914049086,0.0277764743504133
0.227834724191093,0.0278382906925718
0.230627166069391,0.0278617256441322
0.233419607947689,0.0278851605956926
0.236212049825987,0.027908595547253
0.239004562062651,0.027924607765106
0.241797425273929,0.0279035925306949
0.244590288485206,0.0278825772962837
0.247383151696483,0.0278615620618725
0.250172678500756,0.0278319647659648
0.252948423334253,0.0277669168429075
0.255724168167751,0.0277018689198503
0.258499913001249,0.027636820996793
0.261268100141764,0.0275622253685432
0.26400992571036,0.0274543269165764
0.266751751278956,0.0273464284646095
0.269493576847552,0.0272385300126426
0.272218308527537,0.0271164708958073
0.274910112111496,0.0269671339755872
0.277601915695455,0.0268177970553671
0.280293719279415,0.026668460135147
0.282955151392382,0.0265005664232361
0.28558102189572,0.0263109447751873
0.288206892399057,0.0261213231271385
0.290832762902394,0.0259317014790897
0.293411535962911,0.0257195380144369
0.295956141517246,0.025491021270029
0.298500747071581,0.025262504525621
0.301045352625916,0.0250339877812131
0.303522819309731,0.0247794060684234
0.305971301757436,0.0245135719590421
0.308419784205141,0.0242477378496609
0.310868266652846,0.0239819037402796
0.313227330214322,0.0236873254167815
0.315565328695283,0.0233859756022676
0.317903327176243,0.0230846257877538
0.320241325657203,0.0227832759732399
0.322465264375798,0.0224511226764568
0.324679312971693,0.0221162984095355
0.326893361567587,0.0217814741426142
0.32910316779004,0.0214456787068459
0.331180714693331,0.0210796063206285
0.333258261596623,0.020713533934411
0.335335808499914,0.0203474615481935
0.337392075972868,0.0199772507715524
0.339319714788956,0.0195820244943406
0.341247353605045,0.0191867982171288
0.343174992421133,0.018791571939917
0.345075791308917,0.0183919258441814
0.346840646564613,0.0179698934672142
0.348605501820309,0.017547861090247
0.350370357076006,0.0171258287132798
0.352102734474869,0.0166992948599044
0.353694662521218,0.0162532945297193
0.355286590567567,0.0158072941995341
0.356878518613917,0.015361293869349
0.358432125914648,0.0149108666055298
0.359842218027199,0.0144438600136389
0.361252310139751,0.0139768534217478
0.362662402252301,0.0135098468298568
0.364027119931779,0.0130385619512388
0.365243034311957,0.0125532466343938
0.366458948692135,0.0120679313175488
0.367674863072313,0.0115826160007038
0.368877100305803,0.0110962848157321
0.369887251351484,0.0105956864564575
0.370897402397165,0.0100950880971829
0.371907553442846,0.00959448973790825
0.372917704488527,0.00909389137863357
0.373737724498196,0.00858276629780402
0.374536446360834,0.00807046203198642
0.375335168223473,0.0075581577661689
0.376133890086112,0.0070458535003513
0.376774839175557,0.00652762831164532
0.377358042523745,0.00600723603115154
0.377941245871934,0.00548684375065783
0.378524449220122,0.00496645147016405
0.378978805174463,0.00444350196791994
0.379333902254158,0.00391858248440117
0.379688999333854,0.00339366300088248
0.38004409641355,0.00286874351736372
0.380395301003568,0.00234381667152946
0.38051112546612,0.00181844462405808
0.380626949928671,0.00129307257658678
0.380742774391222,0.000767700529115397
0.380858598853773,0.000242328481644092
0.380862869819151,-0.000281220699983328
0.380740168579792,-0.000802695062792673
0.380617467340433,-0.00132416942560209
0.380494766101074,-0.00184564378841144
0.380372064861715,-0.00236711815122086
0.380032688284451,-0.0028810964153905
0.379674237259355,-0.00339441478008192
0.37931578623426,-0.00390773314477326
0.378957335209165,-0.00442105150946467
0.378505287816888,-0.00492927155319082
0.377894215988063,-0.00542882932034317
0.377283144159238,-0.00592838708749544
0.376672072330413,-0.00642794485464779
0.376061000501588,-0.00692750262180006
0.375449928672763,-0.00742706038895241
0.374585181207486,-0.00790711620068444
0.373708635626739,-0.00838626500248383
0.372832090045991,-0.00886541380428316
0.371955544465244,-0.00934456260608255
0.371078998884497,-0.00982371140788188
0.370065690041461,-0.0102888819996271
0.36893616731859,-0.0107421746791584
0.367806644595719,-0.0111954673586897
0.366677121872847,-0.0116487600382209
0.365547599149976,-0.0121020527177522
0.364388218692208,-0.0125514630390724
0.363021111221301,-0.0129738629164354
0.361654003750395,-0.0133962627937984
0.360286896279489,-0.0138186626711615
0.358919788808582,-0.0142410625485245
0.357552681337676,-0.0146634624258875
0.356029153097794,-0.0150605433760143
0.354441960588566,-0.0154473193582417
0.352854768079339,-0.0158340953404691
0.351267575570111,-0.0162208713226965
0.349680383060884,-0.0166076473049238
0.348039684854492,-0.01698371453163
0.346252527963774,-0.0173304691743021
0.344465371073057,-0.0176772238169741
0.342678214182339,-0.0180239784596462
0.340891057291621,-0.0183707331023182
0.339103900400904,-0.0187174877449903
0.33717072784826,-0.0190281382703234
0.335206458513781,-0.0193310997447328
0.333242189179302,-0.0196340612191422
0.331277919844823,-0.0199370226935516
0.329313650510345,-0.020239984167961
0.327291255620429,-0.0205250425717616
0.32517453415958,-0.0207810477433478
0.323057812698731,-0.0210370529149341
0.320941091237883,-0.0212930580865203
0.318824369777034,-0.0215490632581065
0.316707648316185,-0.0218050684296927
0.314482292729987,-0.0220190991627799
0.312249771233938,-0.022230361106213
0.310017249737889,-0.0224416230496461
0.30778472824184,-0.0226528849930792
0.305508221825378,-0.0228424194870464
0.303191498302581,-0.0230120877373704
0.300874774779783,-0.0231817559876943
0.298558051256986,-0.0233514242380183
0.296234337959117,-0.0235165470514218
0.293852062188346,-0.0236435868043898
0.291469786417574,-0.0237706265573579
0.289087510646803,-0.023897666310326
0.286705234876032,-0.0240247060632941
0.284290752326571,-0.0241218255834394
0.281861859820884,-0.0242055581936619
0.279432967315198,-0.0242892908038844
0.277004074809511,-0.024373023414107
0.274567799125626,-0.0244452288685609
0.272112072349932,-0.0244870658612093
0.269656345574238,-0.0245289028538578
0.267200618798544,-0.0245707398465063
0.264743016150189,-0.024604027671383
0.262278473167576,-0.0246056853738183
0.259813930184963,-0.0246073430762536
0.25734938720235,-0.0246090007786889
0.254885973426986,-0.0246046521262048
0.252428937918874,-0.0245663768965172
0.249971902410764,-0.0245281016668297
0.247514866902652,-0.0244898264371421
0.245059908572087,-0.0244480804964919
0.242626464847071,-0.0243703862675094
0.240193021122055,-0.0242926920385269
0.237759577397038,-0.0242149978095443
0.235327132631304,-0.0241363212739859
0.232932585797345,-0.024020378567249
0.230538038963385,-0.0239044358605121
0.228143492129426,-0.0237884931537753
0.225751558588929,-0.0236707513792176
0.223410560638812,-0.0235179440512008
0.221069562688696,-0.023365136723184
0.218728564738579,-0.0232123293951673
0.216392459016601,-0.0230569568558523
0.214119482566607,-0.0228684828508749
0.211846506116614,-0.0226800088458976
0.20957352966662,-0.0224915348409202
0.207308336246259,-0.0222998055708457
0.205117250592764,-0.0220770806039437
0.202926164939269,-0.0218543556370418
0.200735079285774,-0.0216316306701399
0.198555265070703,-0.0214050419368924
0.196459569653517,-0.0211496178972664
0.194363874236332,-0.0208941938576405
0.192268178819146,-0.0206387698180146
0.190185845416205,-0.0203795329020758
0.188198558193808,-0.0200931743767889
0.186211270971411,-0.0198068158515022
0.184223983749014,-0.0195204573262154
0.182252151385177,-0.0192303879434982
0.180385274446825,-0.0189151177723681
0.178518397508473,-0.0185998476012379
0.176651520570121,-0.0182845774301078
0.174802190424586,-0.0179657412304301
0.173066802532609,-0.0176237485865409
0.171331414640632,-0.0172817559426518
0.169596026748656,-0.0169397632987627
0.167880534756143,-0.0165943518985535
0.166288756064308,-0.0162276825688233
0.164696977372473,-0.0158610132390933
0.163105198680637,-0.0154943439093631
0.161519365458335,-0.0151268170174699
0.160082779394115,-0.0147377630258231
0.158646193329896,-0.0143487090341762
0.157209607265676,-0.0139596550425293
0.155773021201456,-0.0135706010508825
0.154490138997125,-0.0131631381914043
0.153217402600263,-0.0127544601846365
0.1519446662034,-0.0123457821778687
0.150671929806538,-0.011937104171101
0.149542695231266,-0.0115143836744465
0.148441233357562,-0.0110889454570234
0.147339771483858,-0.0106635072396002
0.146238309610154,-0.010238069022177
0.145271415406945,-0.00980221296563566
0.144352389683292,-0.0093626510701139
0.143433363959639,-0.00892308917459208
0.142514338235985,-0.00848352727907031
0.14167509113425,-0.00803934789393264
0.140948859995398,-0.00758862728230488
0.140222628856546,-0.00713790667067706
0.139496397717694,-0.00668718605904931
0.13878788636016,-0.00623577138891537
0.138258569800129,-0.00577733791469909
0.137729253240098,-0.00531890444048273
0.137199936680066,-0.00486047096626644
0.136670620120035,-0.00440203749205009
0.136294129556306,-0.00394034704630008
0.135964279654964,-0.00347766261187411
0.135634429753623,-0.0030149781774482
0.135304579852281,-0.00255229374302223
0.135068208587335,-0.0020893015142476
0.134949677113518,-0.00162592127786856
0.134831145639702,-0.00116254104148959
0.134712614165885,-0.000699160805110552
0.134594082692069,-0.00023578056873158
0.134620026782097,0.000225377979761231
0.134723036285436,0.000685351446911195
0.134826045788775,0.00114532491406122
0.134929055292114,0.00160529838121119
0.135032064795453,0.00206527184836122
0.135323781962101,0.00251869292421117
0.135645730354808,0.0029710642980028
0.135967678747514,0.00342343567179435
0.136289627140221,0.00387580704558597
0.136626940073813,0.00432734208560988
0.137163179397119,0.00476804902095889
0.137699418720425,0.00520875595630784
0.138235658043732,0.00564946289165685
0.138771897367038,0.00609016982700579
0.139371103845808,0.00652608333335154
0.140131043809397,0.00694976086457278
0.140890983772985,0.00737343839579408
0.141650923736574,0.00779711592701532
0.142410863700162,0.00822079345823661
0.143170803663751,0.00864447098945785
0.144098692369717,0.00905119098866707
0.145087709283527,0.00945173896463455
0.146076726197337,0.00985228694060209
0.147065743111147,0.0102528349165696
0.148054760024957,0.0106533828925371
0.149083505212383,0.011048781107173
0.150287468260824,0.0114214667777403
0.151491431309265,0.0117941524483076
0.152695394357706,0.0121668381188749
0.153899357406147,0.0125395237894422
0.155103320454588,0.0129122094600095
0.156433492114897,0.0132644305586589
0.157835739343749,0.0136049646920999
0.1592379865726,0.0139454988255408
0.160640233801451,0.0142860329589817
0.162042481030302,0.0146265670924226
0.163460165675416,0.0149640124205668
0.165037483175404,0.015269517506945
0.166614800675392,0.0155750225933232
0.16819211817538,0.0158805276797014
0.169769435675368,0.0161860327660796
0.171346753175356,0.0164915378524577
0.173048720633318,0.0167662983535571
0.174777268539448,0.0170345028568146
0.176505816445578,0.0173027073600722
0.178234364351708,0.0175709118633297
0.179962912257839,0.0178391163665873
0.181764772706234,0.018084926710921
0.183624165989885,0.0183131629892595
0.185483559273536,0.018541399267598
0.187342952557188,0.0187696355459365
0.189202345840839,0.018997871824275
0.191094125071445,0.0192136227146207
0.193062797654865,0.0193997297799681
0.195031470238286,0.0195858368453156
0.197000142821706,0.0197719439106631
0.198968815405126,0.0199580509760105
0.200940103904917,0.0201428567880085
0.202989465526347,0.0202888261478317
0.205038827147777,0.0204347955076548
0.207088188769207,0.020580764867478
0.209137550390637,0.0207267342273011
0.211222457078419,0.0208489013666902
0.213327821001807,0.0209573696251551
0.215433184925195,0.0210658378836199
0.217538548848584,0.0211743061420848
0.219653234116791,0.0212737493714838
0.2217979294803,0.0213441364949601
0.22394262484381,0.0214145236184364
0.22608732020732,0.0214849107419126
0.22823201557083,0.0215552978653889
0.230395646426753,0.0215934984498917
0.232562903320815,0.0216255354968799
0.234730160214876,0.0216575725438681
0.236897417108937,0.0216896095908564
0.239067372782736,0.0217115181474986
0.241241009279598,0.0217162614361034
0.243414705874723,0.0217124697349324
0.245587638155962,0.0217001575361953
